ra
2.567141599999999801e+00
5.966965199999999747e+00
5.784419100000000036e+00
4.810691099999999665e+00
3.060976199999999814e+00
2.199212699999999909e+00
1.388640099999999933e+00
2.585048099999999849e+00
2.491147400000000012e+00
2.713606600000000313e+00
2.475507900000000205e+00
2.611442700000000450e+00
5.550195300000000387e+00
2.930266599999999944e+00
3.349008099999999821e+00
2.410318000000000183e+00
5.691519300000000392e+00
4.561800900000000603e+00
2.893602500000000077e+00
2.529619499999999910e+00
2.687104700000000346e+00
2.699695199999999851e+00
2.799964500000000189e+00
3.318452000000000179e+00
2.633006400000000191e+00
2.667434899999999942e+00
2.512985599999999931e+00
3.298956599999999906e+00
3.299871399999999788e+00
2.224657000000000107e+00
2.779839500000000019e+00
4.614418999999999826e+00
2.970110500000000098e+00
5.961610799999999877e+00
5.817340299999999687e+00
5.808513600000000388e+00
1.616050999999999904e+00
6.043341400000000085e+00
5.918505000000001459e+00
1.070068100000000078e+00
3.021304100000000048e+00
2.535905200000000193e+00
4.523170000000000357e+00
2.752486999999999906e+00
6.214502700000001489e+00
4.814879799999999932e+00
2.625985700000000200e+00
5.725702799999999648e+00
2.768090400000000173e+00
2.420284300000000055e+00
4.952322200000000230e+00
2.520944899999999933e+00
2.556673400000000207e+00
2.399301799999999485e+00
6.929205000000000503e-01
1.024474999999999969e-01
2.692888799999999971e+00
2.707291199999999787e+00
2.559308899999999998e+00
1.536254500000000078e+00
5.352978900000000095e+00
2.640518000000000143e+00
2.605445600000000361e+00
2.535111099999999951e+00
5.748284700000000136e+00
6.098484700000000203e+00
2.429010400000000125e+00
2.334828400000000137e+00
2.383131800000000133e+00
2.710421100000000028e+00
4.587242500000000334e+00
2.858786299999999780e+00
8.192768099999998554e-01
4.192932899999999741e+00
6.084722599999998316e+00
5.590817400000000603e+00
2.740717800000000093e+00
1.505124699999999649e+00
2.910775300000000065e+00
4.433315400000000572e+00
4.778806999999999583e+00
4.356982200000000027e+00
4.863873500000000405e+00
5.893800899999999565e+00
8.598009100000000293e-01
5.788191699999999607e+00
2.456223000000000045e+00
2.366985899999999976e+00
2.576472499999999943e+00
4.699355799999999306e+00
2.814680800000000094e+00
2.787113000000000174e+00
5.878613999999999784e+00
3.142943700000000007e+00
2.927973800000000182e+00
2.528518399999999833e+00
2.815852200000000138e+00
5.242837000000000192e-02
4.582930300000000123e+00
4.443500099999999620e+00
3.383851599999999848e+00
2.656606800000000046e+00
2.860492600000000163e+00
5.919290700000000294e-02
2.756723299999999544e+00
2.752374600000000004e+00
5.600587799999999561e+00
3.244658900000000123e+00
2.350713499999999900e+00
1.813030499999999934e-01
6.039115599999999695e+00
4.420841799999999822e+00
2.666075800000000218e+00
4.767938599999999916e+00
2.777721800000000130e+00
2.547915800000000175e+00
2.644642000000000159e+00
2.638176000000000077e+00
3.016375700000000215e-01
5.919427800000000239e+00
5.729529400000000550e+00
5.309473500000000179e+00
5.545221400000000855e+00
2.520105200000000156e+00
2.937065699999999779e+00
2.621128600000000031e+00
2.699296799999999497e+00
2.355388600000000388e+00
5.647623900000000141e+00
2.526868900000000195e+00
3.020603899999999786e+00
6.234589700000001677e+00
5.893940699999999921e+00
2.134143200000000018e+00
2.628805200000000397e+00
5.970085799999999665e+00
2.701387700000000169e+00
3.524939300000000220e+00
2.735446000000000044e+00
4.736375100000000060e+00
2.804375100000000121e+00
5.796976299999999860e+00
3.183048900000000181e+00
5.667649499999999563e+00
2.490639299999999778e+00
2.883080599999999993e+00
2.690871399999999802e+00
4.700736400000000259e+00
2.637107499999999938e+00
5.868372500000000436e+00
4.074526799999999227e+00
5.876993399999999923e+00
4.475126300000000334e+00
5.011422300000000440e+00
1.501066500000000081e+00
1.929013700000000053e+00
1.788676399999999944e+00
2.677287699999999937e+00
5.971082400000000234e+00
4.710747099999999854e+00
9.459926100000000115e-01
3.137086800000000064e+00
2.537736300000000167e+00
2.623162699999999958e+00
6.154072099999999601e+00
5.885527899999999590e+00
4.657043400000000055e+00
4.531642899999999585e+00
2.697807399999999856e+00
1.517873799999999995e-01
2.896669800000000183e+00
2.707390700000000372e+00
2.607680999999999916e+00
4.827753600000000311e+00
5.961484400000001571e+00
4.449555799999999728e+00
2.607887700000000031e+00
2.711446099999999859e+00
5.123557500000000431e+00
2.389720200000000183e+00
3.675967899999999844e+00
4.410915200000000147e-01
4.713252500000000289e+00
2.652512499999999829e+00
5.183136300000000141e+00
1.167755099999999935e+00
2.798400700000000185e+00
2.845115700000000469e+00
2.935339400000000154e+00
1.502761299999999967e+00
1.684758599999999662e+00
4.228114800000000173e+00
1.158225700000000025e+00
4.813385900000000106e+00
4.831494900000000037e+00
1.433454299999999959e+00
2.718189100000000025e+00
2.081654900000000197e+00
5.832116300000000031e+00
2.546417799999999954e+00
5.756107499999999710e+00
1.801084300000000082e+00
5.620836999999999861e+00
3.162110300000000151e+00
6.195018400000000369e+00
6.063161000000000023e+00
1.706487199999999982e+00
2.531110799999999550e+00
2.702742100000000036e+00
5.693853900000000579e+00
5.970967400000001923e+00
2.885471100000000177e+00
1.598701899999999954e-01
2.561554999999999804e+00
4.514475599999999034e+00
2.522909799999999869e+00
5.626883099999999693e+00
6.263427200000001527e+00
2.530269700000000177e-01
2.746919500000000181e+00
2.815836299999999959e+00
2.919822700000000104e+00
3.823700399999999888e+00
5.968780799999998443e+00
4.960353800000000257e-01
2.738626700000000191e+00
5.751456000000000124e+00
2.736087700000000122e+00
6.022463100000000402e+00
2.711014099999999871e+00
2.872937600000000202e+00
2.916649899999999906e+00
6.029526899999999578e+00
6.000709900000000374e+00
5.787872199999999800e+00
2.721045399999999947e+00
2.703507000000000104e+00
2.598417500000000047e+00
2.452332300000000131e+00
4.909381699999999960e+00
2.577227800000000180e+00
3.951437499999999936e+00
5.674960800000000027e+00
6.579140999999999462e-01
5.934848400000001689e+00
2.540918500000000080e+00
5.911298000000000386e+00
5.850618700000001837e+00
2.683032299999999815e+00
1.905912100000000109e+00
2.970336999999999783e+00
2.421220299999999881e+00
6.147501899999999964e+00
6.010249700000000139e+00
2.922754199999999969e+00
3.268518199999999929e+00
2.619883399999999973e+00
3.101721500000000020e+00
2.546667400000000026e+00
4.751597400000000249e-02
2.693197300000000016e+00
2.548036100000000026e+00
1.010708299999999893e+00
3.853238699999999906e+00
2.727557799999999588e+00
4.594042400000000193e+00
4.322742599999999769e+00
2.583674999999999944e+00
3.144485500000000044e+00
2.978752899999999926e+00
2.983354700000000026e+00
3.462683400000000855e+00
2.974742099999999834e+00
6.052456799999999859e+00
6.035607599999999628e+00
4.183097700000000252e+00
2.533588299999999904e+00
3.643704300000000007e+00
2.638375400000000148e+00
3.035952400000000218e+00
6.172436000000000034e-01
5.856219799999999864e+00
5.945539799999999708e+00
4.526379599999999392e+00
3.066738700000000151e+00
2.595231699999999808e+00
4.762702400000000225e+00
4.595137300000000202e+00
2.716549000000000103e+00
2.543757499999999894e+00
5.887135699999999972e+00
2.090291500000000191e+00
2.023934700000000128e-02
6.069788400000000195e+00
2.650203100000000145e+00
2.645825700000000058e+00
6.211515300000000295e+00
5.803203099999999504e-01
2.902586900000000192e+00
2.731885700000000305e+00
2.674781799999999876e+00
5.707574799999999726e+00
2.742735999999999841e+00
2.646168400000000087e+00
6.097432399999999753e+00
3.888481300000000029e+00
2.538355699999999882e+00
2.323637699999999917e+00
5.520096400000000791e+00
5.335014900000000893e+00
5.703448199999999746e-01
5.057585900000000301e+00
2.664350699999999961e+00
5.865194500000000311e+00
4.660196900000000753e+00
2.538543399999999561e+00
2.455372300000000063e+00
2.708424599999999849e+00
2.584951100000000057e+00
4.708490900000001034e+00
5.790312700000000312e+00
1.236645000000000216e+00
2.529706500000000080e+00
4.756411499999999570e+00
2.949787199999999832e+00
5.899700499999999792e+00
4.680936199999999658e+00
2.472300100000000000e+00
2.640752800000000011e+00
4.204241599999999579e+00
3.209827799999999787e+00
5.400742400000000387e+00
2.271680299999999875e+00
3.941175400000000106e+00
1.593521600000000094e+00
5.343993799999999794e+00
4.000220200000000226e+00
2.562512499999999971e+00
2.446511600000000008e+00
2.904309899999999889e+00
2.730655200000000171e+00
2.554209000000000174e+00
6.143302300000000216e+00
5.975516400000000061e+00
2.599604100000000084e+00
2.215509600000000301e+00
2.566216299999999784e+00
4.533020400000000727e+00
5.488564499999999846e+00
4.707074500000000050e+00
4.912296300000000393e+00
2.835375600000000329e+00
2.756271200000000476e+00
2.904952799999999780e+00
3.140672499999999978e+00
5.934335199999999588e+00
5.920779200000000131e+00
2.833477399999999591e+00
1.352802899999999919e+00
4.050396000000000107e+00
4.450566099999999636e+00
2.629881300000000088e+00
2.723223099999999786e+00
5.857330799999999726e+00
6.079671599999998399e+00
2.577333700000000505e+00
2.830795000000000172e+00
2.695401400000000169e+00
1.926670300000000058e+00
3.519517099999999843e+00
4.832180200000000703e+00
2.882224100000000178e+00
2.942372200000000770e+00
2.636157400000000095e+00
2.701008100000000134e+00
2.848027000000000086e+00
5.501040200000000269e+00
3.022634200000000160e+00
2.568935600000000097e+00
3.562462800000000041e+00
5.983628500000000017e+00
4.161768000000000356e+00
4.648810799999999688e+00
2.591306000000000331e+00
4.913033300000000381e+00
4.837493099999999657e+00
2.496191599999999955e+00
3.094188899999999798e+00
5.691917199999999788e+00
2.033081399999999983e-01
4.769630599999999276e+00
5.849813000000000152e+00
2.905565399999999743e-01
2.752848399999999973e+00
2.650937400000000110e+00
6.929979099999999947e-01
5.859095299999999895e+00
2.341764500000000027e+00
5.710537799999999997e+00
4.685499000000000080e+00
1.747158599999999895e+00
6.071457499999998397e+00
2.654028299999999785e+00
3.003365000000000062e+00
2.466238900000000012e+00
2.709877599999999997e+00
2.191631199999999779e+00
1.639723400000000053e+00
4.403493300000000055e+00
2.889089300000000193e+00
1.316961000000000048e+00
5.330476100000000272e+00
4.506153000000000297e+00
6.084932099999999622e+00
5.957822900000001809e+00
2.920463799999999832e+00
2.844274799999999992e+00
4.670678799999999908e-02
2.792376700000000156e+00
4.301722700000000010e+00
2.144758799999999965e+00
4.808153400000001021e+00
2.592389799999999855e+00
2.806770900000000069e+00
5.952791699999999686e+00
2.294123799999999935e+00
2.639316799999999574e+00
2.605522399999999905e+00
6.144066600000000378e+00
5.422149500000000621e+00
2.830158299999999905e+00
2.781425299999999545e+00
3.030680700000000005e+00
2.529166800000000048e+00
6.017072500000000268e+00
2.447331800000000168e+00
1.376208000000000098e+00
2.460076599999999836e+00
5.651721499999999843e+00
7.535316699999999868e-01
6.206619100000000167e+00
2.539964100000000169e+00
5.991695500000001395e+00
5.674686699999999639e+00
2.200282099999999907e+00
2.297908300000000015e+00
2.745209899999999870e+00
4.757044999999999746e+00
2.803727900000000162e+00
2.508904700000000432e+00
5.818282499999999580e+00
2.208257899999999996e+00
2.646516300000000044e+00
5.805712000000001538e+00
3.012494600000000133e+00
2.797407100000000035e+00
2.823219599999999829e+00
2.763232799999999934e+00
2.634363500000000080e+00
4.612634400000000134e+00
4.799368299999999365e+00
2.668264100000000028e+00
2.083497300000000330e+00
2.934151599999999860e+00
5.903521999999999714e+00
8.106500500000000109e-01
5.256534200000000823e+00
1.781545200000000051e+00
5.814726799999999862e+00
2.391822700000000079e+00
2.535798600000000125e+00
3.098075500000000204e+00
2.686179000000000094e+00
4.451787300000000336e+00
4.777978100000000339e+00
2.722541200000000217e+00
5.915035400000001609e+00
2.547004300000000221e+00
2.543975300000000050e+00
2.728806000000000065e+00
6.222931500000001392e+00
2.789218799999999998e+00
3.141077600000000025e+00
4.661572200000000166e+00
2.517534100000000219e+00
5.764756499999999839e+00
2.743039299999999514e+00
2.840696700000000074e+00
2.695648200000000383e+00
2.627080400000000093e+00
3.309358500000000092e+00
4.339682800000000285e+00
4.614076599999999750e+00
2.970137300000000202e+00
2.624617700000000386e+00
2.579634600000000333e+00
2.838916400000000007e+00
2.794956600000000346e+00
2.580814199999999836e+00
2.469182599999999894e+00
6.164593599999998119e+00
2.671177199999999807e+00
2.515840799999999877e+00
6.138492400000001403e+00
2.651973700000000100e+00
6.264963200000000398e+00
6.088201100000000032e+00
2.790436800000000162e+00
6.261551200000000428e+00
2.683333000000000190e+00
2.738213500000000078e+00
9.502284700000002138e-01
8.500273699999998378e-01
2.729272299999999873e+00
2.536409299999999867e+00
2.669635500000000050e+00
3.470686699999999902e+00
5.688977600000000301e+00
5.878924999999999734e+00
5.799565499999999929e+00
5.680471999999999966e+00
4.083863000000000021e+00
3.682543799999999923e+00
3.046738200000000063e+00
5.102564400000000333e+00
3.784083199999999980e+00
2.522305699999999984e+00
5.813422199999999762e+00
2.600360100000000063e+00
6.203869499999999704e+00
2.647320399999999907e+00
5.260471900000000645e+00
4.801743499999999720e+00
2.316636400000000151e+00
5.803274299999998220e+00
2.521863000000000188e+00
8.512532200000000326e-01
5.846624299999998442e+00
1.316229200000000210e+00
4.508262399999999559e+00
2.729169300000000131e+00
2.691733300000000106e+00
2.618972999999999995e+00
6.176027900000000237e+00
2.611346000000000167e+00
2.445460399999999923e-01
6.156470300000001394e+00
2.331724900000000211e+00
4.725104200000000532e+00
2.647158700000000309e+00
5.472027299999999705e+00
2.921683100000000088e+00
2.556975599999999904e+00
6.069670000000000343e+00
5.776519000000000403e+00
2.371217399999999920e+00
5.542548599999999936e+00
2.463619299999999956e+00
6.134438600000000186e+00
5.857944800000000285e+00
2.744519200000000492e+00
5.718090000000000117e+00
5.836202499999999738e+00
2.892461700000000135e+00
2.782744600000000013e+00
2.228706999999999994e+00
6.051258100000000084e+00
1.431565899999999968e-02
2.609693699999999783e+00
2.659480499999999914e+00
2.509195399999999854e+00
2.428746999999999989e+00
4.414122900000000627e+00
3.001948299999999126e+00
4.386126599999999875e+00
2.673150300000000090e+00
2.562401700000000559e+00
2.724490100000000137e+00
2.723497899999999916e+00
2.778848899999999844e+00
3.538018000000000107e+00
3.163851000000000191e+00
2.920582000000000011e+00
2.723458000000000379e+00
3.009137599999999857e+00
6.060877500000000140e+00
2.505725600000000330e+00
6.093022900000000242e+00
2.629212700000000069e+00
3.484407299999999097e+00
1.515128999999999948e+00
4.498607299999999753e+00
6.043470100000000400e+00
2.435287600000000108e+00
1.045721799999999924e+00
2.682629599999999837e+00
1.825389700000000157e-02
2.593689700000000098e+00
4.542372700000000263e-01
5.620580200000000026e+00
2.414327199999999785e+00
5.476058900000000840e+00
4.513010200000000083e+00
2.837523599999999924e+00
2.535375700000000343e+00
4.679963500000000387e+00
1.343273100000000220e+00
2.627102500000000340e+00
3.450430999999999138e+00
2.654002100000000031e+00
2.837425200000000203e+00
5.053479499999999902e+00
1.629976099999999872e-01
5.731248899999999757e+00
5.771407599999998084e+00
6.023482800000000026e+00
1.271544699999999972e+00
2.631618899999999872e+00
4.758450299999999800e+00
5.731174299999999278e+00
2.297753300000000110e+00
1.051894499999999955e+00
3.412892700000000890e+00
6.002488099999998106e+00
6.101483299999999943e+00
2.615751100000000218e+00
5.626229000000000369e+00
4.804238599999999693e+00
3.251868399999999770e-01
2.444383000000000195e+00
2.690512599999999921e+00
2.523467899999999986e+00
2.836571300000000129e+00
3.806559800000000049e+00
4.603460600000000014e+00
4.764080700000000057e+00
3.105521299999999929e+00
4.811013299999999937e+00
2.528563700000000303e+00
2.932209700000000030e+00
4.023351100000000180e+00
2.932299899999999848e+00
2.666521299999999872e+00
6.215826899999999711e+00
2.723687599999999875e+00
2.652430799999999866e+00
2.416883299999999846e+00
5.993022500000000363e+00
5.931133200000001438e+00
2.701429000000000080e+00
3.167452100000000215e+00
2.690267599999999870e+00
5.915327800000000025e+00
1.999086700000000105e+00
5.681274299999999222e+00
5.832149099999999642e+00
2.714250600000000180e+00
2.602859899999999893e+00
3.039791800000000155e+00
5.714060199999999590e+00
5.945590499999999778e+00
4.428084499999999757e+00
2.678494699999999895e+00
6.039314800000001426e+00
6.090424999999999756e+00
3.551935400000000076e+00
1.027046700000000014e-02
2.506584500000000215e+00
4.626716300000000004e+00
4.769555600000000339e+00
2.479532600000000198e+00
4.722409200000000418e+00
6.066060700000000416e+00
2.901699799999999829e+00
4.536264900000000821e+00
4.449766499999999958e+00
4.504157099999999581e+00
3.386564100000000188e+00
2.580426600000000015e+00
2.760943500000000217e+00
1.239226600000000067e+00
2.560325600000000090e+00
6.025768000000000235e+00
3.182811000000000057e+00
2.486415600000000392e+00
2.875299800000000072e+00
6.045234299999999728e+00
3.171729600000000815e+00
5.807755099999999615e+00
2.694440000000000168e+00
2.670841100000000079e+00
6.019287799999999855e+00
4.147927499999999768e+00
2.289923700000000117e+00
2.858770699999999998e+00
5.805714000000000041e+00
2.694098400000000115e+00
1.740318399999999599e+00
2.722589000000000148e+00
2.653023700000000318e+00
1.755876800000000015e+00
2.766112800000000149e+00
4.804683400000000049e+00
4.911949500000000413e+00
2.915567200000000803e+00
2.880855599999999850e+00
2.412665200000000176e+00
5.731753799999999899e+00
3.232597800000000188e+00
1.053673899999999941e+00
5.710008700000000381e+00
2.732086399999999582e+00
2.661972800000000028e+00
2.734365200000000051e+00
5.714928500000000078e+00
2.864982400000000151e+00
5.861480300000000199e+00
5.975633000000000195e+00
5.836293300000000350e+00
2.498775000000000190e+00
6.134588800000000397e+00
9.786877100000002105e-01
5.862133799999999617e+00
2.784692199999999840e+00
3.071322700000000072e+00
4.281637100000000196e+00
3.029250499999999846e+00
9.441762400000000000e-01
5.909922199999999570e+00
3.627784399999999909e+00
2.508912700000000218e+00
2.637823299999999538e+00
5.989312499999999595e+00
2.777797600000000422e+00
2.747248100000000193e+00
2.667342699999999844e+00
2.520496300000000023e+00
6.007121200000000272e+00
6.073161999999999949e+00
4.857076000000000171e+00
2.801096400000000042e+00
2.741580799999999929e+00
5.905130200000000329e+00
4.727614799999999562e+00
6.044566000000001438e+00
2.754632899999999829e+00
5.684974099999999808e+00
2.875785299999999989e+00
2.705678400000000039e+00
5.904588000000000392e+00
4.354884300000000152e+00
6.034401899999999763e+00
2.572395399999999999e+00
6.148735600000000190e+00
5.855163100000000398e+00
2.985704099999999972e+00
4.022102699999999587e+00
2.664911600000000380e+00
2.681740099999999849e+00
3.953475399999999862e+00
3.687394199999999955e+00
5.838248799999999683e+00
2.353212200000000198e+00
2.651710500000000081e+00
4.648513700000000526e+00
2.559955700000000167e+00
2.737003200000000191e+00
5.720793799999999152e+00
2.668594699999999875e+00
2.646902299999999819e+00
2.808143900000000137e+00
2.551132200000000072e+00
2.870387200000000139e+00
5.890275700000000114e+00
2.464450999999999947e+00
2.589047199999999993e+00
5.741586500000000370e+00
2.723261799999999955e+00
2.821194499999999827e+00
2.599011200000000077e+00
2.581981400000000204e-01
3.794221900000000147e+00
4.435469400000000562e+00
4.148394699999999879e+00
1.426783600000000041e+00
2.701839600000000008e+00
2.491558400000000173e+00
2.656508899999999951e+00
2.559039299999999795e+00
1.634903599999999901e+00
2.815985400000000194e+00
5.991600000000000037e+00
2.821418899999999841e+00
2.761137800000000198e+00
2.557856199999999802e+00
2.716039400000000104e+00
2.515221200000000490e+00
2.730282799999999899e+00
2.725671399999999966e+00
4.557152300000000267e+00
2.762990400000000069e+00
2.723615399999999909e+00
2.635984300000000058e+00
2.615905300000000100e+00
4.155260000000000176e+00
2.712103500000000000e+00
1.689292299999999969e+00
5.578313299999999864e-02
3.900245099999999798e+00
2.551740600000000470e+00
2.627693100000000115e+00
2.832496200000000464e+00
1.824789100000000053e+00
5.955951899999999632e+00
2.711205000000000087e+00
9.299159600000002079e-01
5.858221300000000298e+00
2.458704200000000117e+00
5.726682000000000272e+00
5.657986000000000182e+00
2.624132200000000026e+00
2.737734800000000135e+00
4.168985400000000396e+00
2.289974500000000024e+00
3.972014499999999781e+00
2.656277799999999800e+00
5.814803200000000061e+00
2.710964999999999847e+00
2.644477300000000142e+00
2.567496799999999801e+00
2.547345099999999807e+00
2.571400700000000317e+00
5.598976099999999789e+00
5.680438900000000402e+00
2.736283100000000079e+00
4.753922099999999595e+00
4.825133900000000864e+00
2.619453800000000054e+00
6.082558699999999874e+00
6.526819099999999763e-01
5.874716499999999897e+00
5.735155900000000528e+00
5.594283599999999801e+00
2.681024100000000132e+00
1.848967000000000027e+00
4.849185600000000207e+00
4.893563799999999908e+00
6.032750599999998187e+00
2.779117499999999907e+00
2.482843799999999934e+00
4.624991800000000097e+00
2.213862999999999914e+00
5.898731800000000192e+00
5.866043300000000293e+00
5.807386400000000393e+00
2.552919300000000113e+00
2.499515199999999826e+00
2.534430099999999797e+00
2.706045200000000150e+00
2.589915600000000317e+00
4.437105599999999761e+00
3.244545899999999872e+00
1.195865500000000026e+00
5.474109599999999354e+00
3.657934200000000580e+00
2.429951200000000089e+00
2.663618399999999831e+00
2.748464000000000462e-01
2.982220600000000221e+00
2.419651700000000183e+00
2.925525400000000165e+00
4.642078299999999658e+00
3.227322700000000211e+00
4.668740500000000182e+00
6.046487400000000179e+00
5.974256900000000314e+00
5.854651699999999792e+00
2.767314299999999783e+00
2.555857899999999905e+00
5.306726799999999855e+00
5.781842900000000007e+00
1.808194300000000032e+00
5.295993599999999191e+00
2.557259600000000077e+00
2.843402499999999833e+00
2.579160200000000458e+00
4.336601800000000395e+00
2.575616099999999964e+00
2.507608900000000141e+00
6.096518599999999566e+00
2.232802700000000140e+00
5.708284099999999306e+00
4.806727099999998920e+00
5.294867799999999569e+00
1.093711099999999936e+00
5.735953599999999319e+00
3.060826699999999789e+00
2.550847000000000087e+00
2.297622000000000053e+00
2.718872399999999967e+00
2.561420100000000311e+00
2.579029700000000425e+00
2.574363899999999816e+00
4.890915299999999633e+00
5.561819100000000127e+00
2.522139500000000201e+00
4.793902600000000014e+00
4.837199299999999091e+00
3.065941700000000214e+00
2.689804399999999873e+00
4.736554599999998755e-02
1.179349600000000109e+00
5.920677299999999726e-02
2.602275800000000139e+00
5.907244600000000290e+00
2.620262200000000430e+00
2.475150699999999926e+00
2.600738900000000076e+00
2.628343600000000002e+00
5.720416600000000074e+00
4.899975200000000086e+00
2.858702200000000193e+00
2.783486799999999928e+00
2.607912100000000066e+00
4.534593799999999675e+00
4.663687200000000033e+00
2.889685899999999918e+00
5.867249400000000392e+00
2.716918700000000353e+00
5.848852400000000173e+00
5.770547699999999836e+00
5.501855400000000174e+00
2.629161199999999976e+00
3.012380400000000069e+00
1.387383500000000103e+00
2.705365399999999809e+00
3.899374200000000013e+00
2.695119500000000112e+00
2.550961099999999870e+00
3.683021100000000159e-01
2.497338600000000408e+00
1.646611800000000292e+00
3.477993600000000018e+00
2.866227400000000092e+00
2.807653900000000036e+00
2.593655699999999786e+00
6.001728299999999905e+00
4.400271100000000324e+00
2.479771299999999901e+00
2.462041300000000099e+00
2.721234299999999884e+00
4.647061400000000120e+00
4.061282499999999906e+00
2.714455399999999852e+00
3.308057199999999920e+00
2.931914499999999979e+00
6.001513200000001547e+00
2.519936400000000187e+00
7.140396500000000257e-01
2.552465200000000323e+00
1.748369899999999921e+00
4.142269600000000551e+00
2.740692999999999824e+00
1.992102199999999934e+00
4.754188200000000641e+00
5.760751100000000235e+00
5.731508900000000573e+00
6.042620700000001399e+00
6.067156200000000332e+00
6.228067399999999587e+00
2.674102899999999838e+00
6.006743300000000119e+00
5.411374400000000584e+00
2.581081399999999970e+00
3.243495700000000870e+00
2.707973799999999542e+00
2.801515200000000316e+00
4.106611299999999964e+00
2.734253400000000056e+00
4.373592300000000321e+00
2.456392800000000154e+00
2.651453200000000177e+00
2.783473499999999934e+00
2.845257099999999983e+00
2.625802300000000145e+00
5.737263200000000118e+00
2.980434999999999945e+00
4.219313200000000208e+00
2.626467499999999955e+00
2.511319900000000160e+00
2.635296499999999931e+00
3.469761800000000118e+00
1.518799000000000010e+00
2.600211999999999968e+00
2.645882299999999798e+00
2.533206799999999870e+00
2.742169399999999868e+00
7.285735999999998214e-01
2.686379099999999909e+00
6.077172700000000205e+00
5.944811900000000371e+00
2.442112100000000119e+00
2.346197800000000111e+00
5.766172400000000309e+00
1.717016799999999899e+00
4.152101700000000228e+00
2.814038000000000039e+00
2.438296499999999867e+00
3.377184999999999770e-01
5.732903699999999603e+00
3.159819900000000015e+00
5.972160200000000252e+00
2.791856700000000302e+00
2.699212699999999909e+00
5.736279599999999590e+00
2.574716399999999794e+00
4.412621099999999963e+00
2.472533400000000103e+00
2.661312399999999911e+00
2.629351000000000216e+00
5.952108299999999907e+00
3.170152999999999999e+00
2.736806100000000352e+00
2.559726299999999899e+00
1.284637999999999947e+00
5.655127900000000096e+00
2.686394500000000019e+00
5.837837400000001509e+00
5.962101599999999557e+00
2.646771600000000113e+00
4.406763099999999156e+00
2.729016300000000061e+00
2.594207799999999953e+00
2.785307799999999556e+00
2.635229799999999845e+00
3.055064600000000130e+00
5.402877600000000058e+00
4.469820600000000255e+00
2.508164100000000118e+00
4.628738099999999633e+00
4.765711300000000428e+00
2.538597100000000051e+00
5.829335500000000003e+00
2.532443100000000058e+00
4.946696299999999269e+00
2.703252200000000105e+00
2.652197899999999997e+00
2.656492200000000192e+00
2.413303299999999929e+00
1.073260399999999892e+00
2.755141599999999968e+00
5.571553400000000877e+00
5.162574099999999611e+00
2.663076499999999847e+00
2.658200799999999919e+00
2.630850300000000086e+00
2.021930799999999806e+00
5.979814199999999857e+00
5.869156400000001383e+00
2.746831100000000081e+00
4.865276399999999946e+00
2.689722499999999794e+00
2.989214699999999780e+00
2.287482600000000144e+00
2.847470899999999805e+00
2.770222099999999799e+00
2.705829000000000040e+00
5.979360800000000253e+00
4.734330800000000394e+00
5.757011900000000182e+00
5.968689900000000215e+00
5.751520099999999580e+00
5.738828400000000940e+00
1.796175000000000077e+00
6.187363900000000250e+00
5.566730599999999640e+00
2.948195000000000121e+00
2.820851400000000009e+00
2.521377900000000061e+00
5.700173999999999630e+00
2.746024600000000149e+00
4.800176500000000068e+00
1.325124900000000050e+00
2.188336300000000012e-01
4.747370500000000604e+00
2.812533700000000358e+00
1.867985699999999971e+00
4.803208000000000588e+00
2.664787099999999853e+00
2.519554100000000130e+00
2.527727000000000057e+00
2.149603599999999837e+00
2.587196399999999841e+00
2.634323000000000192e+00
2.545941299999999519e+00
4.650192500000000173e+00
3.150064799999999110e+00
6.222773200000001559e+00
3.851925400000000277e-01
3.201609599999999833e+00
2.896130900000000175e+00
5.627163099999999751e+00
8.647509799999998359e-01
2.636656200000000005e+00
6.032809999999999562e+00
2.971093799999999785e+00
5.625399999999999956e+00
5.738534800000000047e+00
2.886735900000000132e+00
6.170036299999999585e+00
2.552116100000000110e+00
2.654721299999999840e+00
2.417564100000000049e-01
4.820818599999999066e+00
5.435055000000000192e+00
2.838050299999999915e+00
2.718582299999999563e+00
6.053021099999999599e+00
2.759064400000000195e+00
5.831449299999998281e+00
1.166768599999999934e-01
2.696273899999999557e+00
2.613443399999999528e+00
2.793086800000000203e+00
3.648367299999999869e+00
4.300365099999999607e+00
2.873571000000000097e+00
2.561866900000000058e+00
2.473037199999999824e+00
2.630867799999999868e+00
3.037226599999999888e+00
2.528434299999999801e+00
2.559431200000000128e+00
5.239399400000000817e+00
4.209978900000000301e+00
5.890625499999999626e+00
2.479787700000000150e+00
2.710788200000000092e+00
2.432471200000000167e+00
2.157087699999999941e+00
5.914441499999999685e+00
2.483528900000000039e+00
4.786841299999999855e+00
2.830045999999999840e+00
2.661412400000000122e+00
2.875007899999999950e+00
2.724839300000000186e+00
2.983321199999999784e+00
2.634688800000000164e+00
3.678059999999999885e+00
3.366776600000000119e+00
6.109575099999999814e+00
3.593468700000000737e+00
4.831750200000000106e+00
2.537378499999999981e+00
2.524594200000000122e+00
2.343031600000000214e+00
2.671829799999999810e+00
2.465385799999999517e+00
2.375983100000000015e+00
2.422222999999999793e+00
2.748236299999999854e+00
2.709242000000000150e+00
2.837674700000000438e+00
3.824618399999999863e+00
2.672120399999999840e+00
5.838431400000000160e+00
2.858603799999999584e+00
2.756665000000000365e+00
2.820048700000000075e+00
2.822536299999999887e+00
4.981231900000000046e+00
4.655905100000000019e+00
4.873180200000000184e+00
2.598034900000000036e+00
2.511162500000000186e+00
5.210112400000000754e+00
2.961455200000000954e+00
2.805379600000000195e+00
2.490770299999999882e+00
6.070289299999999777e+00
1.131777199999999928e+00
4.770187100000000235e+00
2.389594699999999960e+00
4.764511999999999914e-02
2.600911899999999832e+00
5.517347099999999394e+00
7.065012299999999801e-01
1.098485699999999898e+00
3.146502200000000027e+00
2.614759600000000184e+00
4.627173700000000167e+00
2.805233900000000169e+00
2.641702800000000018e+00
4.655718099999999637e+00
4.468201900000000393e+00
2.533849000000000018e+00
2.570290400000000197e+00
2.678667200000000026e+00
2.801345400000000208e+00
2.343595399999999884e+00
1.584000700000000039e+00
5.792909500000000378e+00
2.506745899999999860e+00
4.418299700000000385e+00
2.562817799999999924e+00
2.863672799999999796e+00
2.619922299999999815e+00
5.646350499999999606e+00
5.353933900000000357e+00
9.306988600000000444e-02
1.084972599999999954e+00
4.602670900000000564e+00
2.727848700000000015e+00
2.564996499999999902e+00
5.411751100000000037e+00
2.959266400000000186e+00
2.626059700000000330e+00
4.735450499999999785e+00
5.353899099999999578e+00
5.954518400000000433e+00
2.734660900000000172e+00
5.719834699999999827e+00
2.458885700000000174e+00
2.645410000000000039e+00
2.788352999999999859e+00
2.716525400000000090e+00
3.331370499999999790e+00
2.848508200000000379e+00
3.222239699999999818e+00
3.931061099999999975e+00
3.636128199999999921e+00
4.526729200000000120e+00
2.607750799999999813e+00
2.743516099999999902e+00
3.043450600000000783e+00
2.632437400000000149e+00
2.525239799999999590e+00
5.769560799999999823e+00
5.980733400000000088e+00
1.585831399999999558e+00
2.709076899999999899e+00
2.412005000000000177e+00
2.561457599999999779e+00
2.896157000000000092e+00
2.483710100000000143e+00
5.005796499999999760e+00
2.820306899999999839e+00
2.573988700000000129e+00
5.800976400000001476e+00
4.564014900000000097e+00
2.843755100000000091e+00
2.808738700000000144e+00
1.406041199999999991e-01
1.588055899999999632e+00
2.995967400000000058e+00
1.120426899999999559e+00
3.103139799999999893e-01
2.910840700000000947e+00
2.678292100000000175e+00
2.571088899999999899e+00
2.556143800000000077e+00
4.185136499999999593e+00
2.578649200000000086e+00
2.880324700000000515e+00
2.447016399999999869e+00
2.511105999999999838e+00
4.819476800000000338e+00
2.688299700000000403e+00
4.587101699999999838e+00
2.619724499999999789e+00
2.704151799999999550e+00
2.471871800000000174e+00
2.759669500000000220e+00
2.594552000000000191e+00
2.480099500000000123e+00
2.445614200000000515e+00
4.679996199999999718e+00
3.126273499999999927e+00
2.944991799999999937e+00
2.727787900000000043e+00
2.508507999999999960e+00
2.635087099999999793e+00
5.733707099999999279e+00
3.273652900000000088e+00
2.422492699999999832e+00
5.988980799999998439e+00
5.603013099999999191e+00
4.449682400000000149e-01
5.291602799999999718e+00
5.268550000000000288e+00
5.785904300000000333e+00
5.682196199999999919e+00
4.287179700000000260e+00
4.206652700000000245e+00
2.588322600000000140e+00
5.851316400000001750e+00
5.847859699999999883e+00
5.758487299999999642e+00
2.672472899999999818e+00
2.456077800000000089e+00
2.746769599999999922e+00
4.057430000000000092e+00
6.111097200000001450e+00
2.439580900000000163e+00
4.636987799999999993e+00
2.785934199999999805e+00
2.713953200000000177e+00
5.847658299999999976e+00
5.655858199999999947e+00
2.759829700000000052e+00
2.128133899999999912e+00
2.465943300000000171e+00
3.115749699999999844e+00
2.015757699999999875e-01
2.703057499999999891e+00
2.681615000000000304e+00
4.863458500000000129e+00
2.540032699999999810e+00
6.145452900000000440e+00
1.350097399999999892e+00
2.760802500000000048e+00
2.857484299999999866e+00
2.536986000000000185e+00
2.312701000000000118e+00
2.838035500000000155e+00
2.622519800000000068e+00
2.962005299999999952e+00
2.841866399999999793e+00
2.680939899999999820e+00
2.616156099999999984e+00
5.940734599999999865e+00
3.010800999999999839e+00
2.576635899999999868e+00
2.675013600000000213e+00
4.481660200000000316e+00
2.529551699999999848e+00
2.800602600000000386e+00
4.366247300000000386e+00
6.196052900000001529e+00
5.887320800000000354e+00
6.026441499999999785e+00
2.490929099999999785e+00
2.378975200000000179e+00
2.734997400000000134e+00
2.606534400000000140e+00
5.463065400000000515e+00
3.971013000000000320e-02
4.441730200000000295e+00
5.822306799999999782e+00
2.561576599999999981e+00
2.718448500000000045e+00
2.076482900000000131e-01
6.753865200000000457e-02
2.479880800000000107e+00
2.786939799999999856e+00
2.640760200000000335e+00
5.924481700000000295e+00
3.861781200000000691e+00
2.771596199999999843e+00
2.752768800000000127e+00
8.888617699999999955e-01
4.751505700000000054e+00
2.581104700000000030e+00
3.038591300000000217e+00
4.133271900000000443e+00
2.948211700000000768e+00
2.700977500000000031e+00
2.491788999999999810e+00
2.848173099999999902e+00
4.830060700000000651e+00
5.846665400000000012e+00
4.898920400000000619e+00
2.828720899999999983e+00
5.875561099999999648e+00
5.681471299999999225e+00
2.219969400000000093e+00
2.790183700000000488e+00
7.541555599999998361e-01
9.621955700000000000e-01
6.179736799999999697e+00
5.969288599999999612e+00
1.066996699999999798e+00
4.507122700000000037e+00
2.782583200000000367e+00
4.626484300000000438e+00
2.636264600000000069e+00
2.546971000000000096e+00
4.519767500000000382e+00
1.940685500000000063e+00
5.947175999999999796e+00
2.624411299999999780e+00
2.797019999999999840e+00
6.157304500000000402e+00
1.336725399999999953e+00
3.933283400000000096e+00
5.599841099999999017e+00
2.464272200000000357e+00
2.352488300000000088e+00
2.566817900000000208e+00
5.899424599999999685e+00
5.768506600000000262e+00
2.902600000000000069e+00
2.533585500000000046e+00
2.779512400000000216e+00
6.243262900000000393e+00
6.034404799999999902e+00
2.990703499999999959e+00
5.713408400000000498e+00
1.373778199999999838e+00
5.932556299999999894e+00
5.694899000000000377e+00
4.842484900000000536e+00
4.117238500000000023e+00
8.915740800000000466e-01
2.797894700000000068e+00
2.761155899999999885e+00
1.117311799999999994e-01
2.766041400000000205e+00
4.956114099999999745e-01
2.809670000000000112e+00
2.597979200000000155e+00
2.671910599999999913e+00
5.970235899999999596e+00
2.583943800000000124e+00
3.207465899999999870e+00
5.807746800000000320e+00
6.024347799999998365e+00
2.805245700000000397e+00
2.906460500000000113e+00
2.807408800000000149e+00
4.515854900000000782e+00
2.070080100000000201e+00
2.646846800000000055e+00
4.546404100000000170e+00
1.198580900000000005e-01
3.016233900000000023e+00
2.762146799999999569e+00
2.765367499999999978e+00
5.872300300000000028e+00
2.645725999999999800e+00
2.594299700000000097e+00
2.529529800000000161e+00
2.663110599999999994e+00
5.634399500000000671e+00
2.946200700000000783e+00
5.916431700000000404e+00
6.075704799999999572e+00
2.626844699999999921e+00
2.588110200000000471e+00
5.937724000000000224e+00
2.726583900000000060e+00
4.206575099999999345e+00
2.611587500000000173e+00
1.668655400000000011e+00
6.004371900000001538e+00
2.493822499999999831e+00
5.684866900000000278e+00
4.838535399999999598e+00
5.889573099999999783e+00
2.639727600000000063e+00
4.965151200000000209e+00
3.277718099999999968e-01
2.891795999999999811e+00
5.897087499999999594e+00
4.984341599999999595e+00
5.744985699999999973e+00
2.267035100000000192e+00
2.247487599999999919e+00
2.796341700000000152e+00
4.293731600000000093e+00
3.817765899999999935e+00
5.845127599999999646e+00
4.828952499999999759e+00
6.632336400000000964e-02
3.856827200000001010e+00
2.887257400000000196e+00
2.680937500000000195e+00
2.830491100000000149e+00
2.403366000000000113e+00
2.572448299999999577e+00
6.249516900000001485e+00
5.559522799999999876e+00
2.640304299999999937e+00
4.878956800000000094e+00
2.687210499999999946e+00
1.316265500000000310e+00
5.906979799999998448e+00
2.975671000000000177e+00
6.246493100000000354e+00
5.381126599999999982e+00
1.960257799999999939e+00
6.260412800000000111e+00
5.783859699999999826e+00
2.851759599999999839e+00
2.467927500000000052e+00
3.783253999999999895e+00
2.186462600000000034e+00
4.722572900000000296e+00
2.540676799999999513e+00
2.569387299999999819e+00
2.703224899999999931e+00
2.599927600000000005e+00
2.429386200000000162e+00
4.245532400000000095e+00
3.909267400000000059e+00
2.395685200000000403e+00
1.526522299999999666e+00
4.768125700000000577e+00
1.842428399999999966e+00
2.864952800000000188e+00
2.634979899999999819e+00
6.238472799999998486e+00
2.778912899999999908e+00
5.882819699999999763e+00
5.528713200000000327e+00
5.264759699999999931e+00
5.581358299999999772e+00
2.397282800000000158e+00
2.393196500000000171e+00
5.575768599999999076e+00
2.506375100000000078e+00
4.575508300000000195e-01
1.771391799999999961e+00
2.662137200000000092e+00
2.579430900000000193e+00
2.411710900000000102e+00
2.805985399999999963e+00
2.750683500000000059e+00
5.895338500000000259e+00
1.100782200000000044e+00
4.633127200000000556e+00
2.731221600000000027e+00
2.778007800000000138e+00
6.072354100000000088e+00
5.851097700000000401e+00
2.765723899999999791e+00
1.641432800000000025e+00
2.598341899999999871e+00
4.026813899999999724e-01
5.824301000000000172e+00
6.047854300000000016e+00
5.778283100000000339e+00
1.258979499999999918e+00
5.957920599999999567e+00
5.709668799999999322e+00
2.627150499999999944e+00
2.688003900000000002e+00
2.552167600000000203e+00
2.504669499999999882e+00
2.720934300000000139e+00
1.008611900000000033e-01
6.093292599999999837e+00
3.026044699999999921e+00
4.033472500000000238e+00
5.986994300000000102e+00
4.666242400000000679e+00
4.654016999999999626e+00
4.653069900000000203e+00
4.347089500000000245e-02
2.592507700000000082e+00
2.552757199999999838e+00
2.633411700000000355e+00
2.666123999999999938e+00
2.447176499999999866e+00
3.053615600000000097e+00
3.993336000000000219e+00
3.247354299999999139e+00
5.897194700000000012e+00
2.727653100000000386e+00
8.600124799999997460e-01
2.880746200000000368e+00
4.886979000000000184e+00
2.637501400000000107e+00
2.587309999999999999e+00
2.618102100000000210e+00
5.899606999999999601e+00
2.438831700000000158e+00
2.686687800000000070e+00
5.562289599999999945e-01
2.736307800000000068e+00
2.604103499999999904e+00
2.999236100000000071e+00
3.855241500000000099e-01
4.864605400000000301e+00
3.484826700000000166e+00
1.449327899999999669e+00
2.724538599999999811e+00
4.415327500000000072e+00
2.817079000000000111e+00
2.554594200000000370e+00
2.734806299999999801e+00
6.005240299999999642e+00
5.928388200000001440e+00
5.723218900000000886e+00
5.340679399999999966e+00
1.705686500000000105e+00
4.720500399999999708e+00
3.468850499999999837e+00
1.508704400000000057e+00
6.178023999999999738e+00
5.256643399999999744e+00
2.748081200000000113e+00
2.588903199999999849e+00
2.345082899999999970e+00
3.565455899999999900e+00
2.736976700000000484e+00
2.644683700000000304e+00
5.805116899999999802e+00
5.804901499999999714e+00
2.740779400000000088e+00
4.680228200000000172e+00
2.928501499999999869e+00
4.764668099999999740e+00
2.412693500000000046e+00
2.666441900000000143e+00
2.518121900000000135e+00
2.845269000000000048e+00
2.859668600000000005e+00
1.210446299999999864e+00
2.582606399999999969e+00
2.532120799999999949e+00
5.796441400000001742e+00
4.774343000000000004e+00
4.651516599999999890e+00
2.636899999999999800e+00
2.143349300000000124e+00
2.642644400000000005e+00
3.112696899999999101e+00
4.117479400000000567e+00
4.356985400000001007e+00
2.732635600000000053e+00
2.703057300000000218e+00
6.958370400000000178e-01
6.088954000000000200e+00
4.856818099999999916e+00
2.506528600000000218e+00
5.798938999999999844e+00
3.006529500000000077e+00
2.657374900000000206e+00
2.548582500000000195e+00
5.969795900000000266e+00
2.535690999999999917e+00
2.498516099999999796e+00
2.791960399999999787e+00
2.596782000000000146e+00
4.654800599999999733e+00
2.938728400000000018e+00
2.479772200000000204e+00
2.693709300000000084e+00
5.655459800000000037e+00
4.101221800000000250e+00
4.004442899999999916e+00
4.631607099999999200e+00
2.846387700000000187e+00
4.727338099999998988e+00
2.861916799999999927e+00
2.810551300000000197e+00
2.715869699999999831e+00
6.404187399999999863e-01
6.030031600000000047e+00
5.949790799999999713e+00
2.571874900000000075e+00
4.575294200000000089e+00
2.734620099999999887e+00
4.845356299999999727e+00
2.919798899999999975e+00
2.582892900000000047e+00
4.890113099999999768e+00
4.577040700000000406e+00
2.908659899999999965e+00
6.032963200000000192e+00
2.795819799999999855e+00
2.585289500000000018e+00
5.922075800000000001e+00
2.787653399999999948e+00
1.374697599999999964e+00
2.622335200000000199e+00
3.399318599999999968e+00
2.780039499999999997e+00
2.849788200000000327e+00
2.723802800000000079e+00
5.651606000000000130e+00
2.559203600000000023e+00
3.363275499999999862e+00
2.303671800000000047e+00
3.527942400000000145e+00
6.124043300000000301e+00
5.941843200000000103e+00
2.739639599999999842e+00
1.276094099999999898e+00
2.604708899999999883e+00
2.581289400000000178e+00
2.805427299999999846e+00
3.154319600000000001e+00
2.681195900000000076e+00
1.438523399999999786e+00
6.005001100000000314e+00
5.569906200000000140e+00
5.484366600000000425e+00
1.185373699999999975e+00
5.819365200000000016e+00
2.269798799999999783e+00
2.697186199999999978e+00
9.096967999999999721e-01
2.689961100000000105e+00
2.671991300000000180e+00
5.990370500000000042e+00
2.759274599999999911e+00
5.986379200000000012e+00
5.152522400000000502e+00
4.391818299999999731e+00
5.729850900000000635e+00
2.464116699999999938e+00
5.773582900000001850e+00
2.479642000000000124e+00
2.639383899999999894e+00
2.653115600000000462e+00
2.856299200000000038e+00
2.758033999999999875e+00
4.283664099999999308e+00
2.451535700000000428e+00
2.382442300000000124e+00
2.714366000000000057e+00
2.786387099999999784e+00
2.699878599999999906e+00
4.891355299999999851e+00
1.885017699999999907e+00
5.810971499999999956e+00
2.552804399999999863e+00
2.834819599999999884e+00
2.846699100000000371e+00
5.670606099999999650e+00
5.156496700000000821e+00
2.845397900000000035e+00
5.879137899999999917e+00
5.864914399999999972e+00
5.365778599999999621e+00
3.318681100000000050e+00
2.619678299999999904e+00
2.825888200000000072e+00
5.724072099999999885e+00
4.645173900000000522e+00
2.699298000000000197e+00
2.614646099999999862e+00
3.259539600000000092e+00
2.575434099999999837e+00
2.618491300000000077e+00
5.815456799999999760e+00
4.594409999999999883e+00
2.680396299999999954e+00
2.525951200000000174e+00
5.519599999999999618e+00
2.688890300000000178e+00
5.472147399999999884e+00
2.586776700000000151e+00
2.777292000000000094e+00
1.384247700000000025e-01
2.015784099999999857e+00
4.568521999999999750e+00
2.690136400000000094e+00
2.425913899999999845e+00
2.648866899999999802e+00
2.571266200000000168e+00
2.603409299999999593e+00
5.774244500000000002e+00
2.934310799999999109e+00
2.617019500000000054e+00
1.730486899999999606e+00
4.725593700000000119e+00
6.264466099999998150e+00
5.996207700000000251e+00
4.469298000000000215e+00
6.008476599999999834e+00
5.820369099999999740e+00
2.691937400000000036e+00
2.501331400000000205e+00
6.157875699999999786e-02
2.677471899999999572e+00
3.377302699999999991e+00
2.640830900000000092e+00
2.401565800000000195e+00
5.897448900000001437e+00
2.889588400000000057e+00
2.854018599999999850e+00
3.023793499999999912e-01
4.733778900000000789e+00
2.756823699999999988e+00
5.086332500000000145e+00
3.416278399999999937e+00
1.502246699999999935e+00
5.781535700000000055e+00
5.951867599999999925e+00
2.333209000000000088e+00
2.418171800000000093e+00
4.677046599999999721e+00
2.777873000000000037e+00
2.450235000000000163e+00
2.988054099999999824e+00
1.741032300000000088e+00
4.931792299999999685e+00
2.645491100000000095e+00
4.601913999999999838e+00
2.689435000000000020e+00
6.087610699999999930e+00
2.843675800000000198e+00
2.685241500000000059e+00
2.659587800000000168e+00
2.739542600000000050e+00
5.851722000000001422e+00
5.546000299999999328e+00
1.165217699999999912e+00
2.796544299999999872e+00
2.570250500000000216e+00
6.227918599999999749e+00
2.601892100000000152e+00
4.726483900000000737e+00
2.624231600000000331e+00
2.696415700000000193e+00
5.084378799999999643e+00
2.607559199999999855e+00
5.005021900000000024e+00
2.558879700000000312e+00
4.855435499999999571e+00
2.561162899999999798e+00
4.475439800000000190e+00
2.327179000000000109e+00
1.166274199999999928e+00
6.255169600000000329e+00
2.767234399999999539e+00
2.594231300000000129e+00
2.803419499999999953e+00
2.638174300000000194e+00
3.358753200000000216e+00
2.799175400000000202e+00
2.706242500000000106e+00
2.555669299999999922e+00
2.524826700000000201e+00
4.875583500000000292e+00
4.383638200000000928e+00
3.357088099999999908e+00
4.650737999999999595e+00
3.014351000000000003e+00
4.789540500000000200e+00
2.555090100000000142e+00
5.605526000000000231e+00
5.877225599999998273e+00
1.289287000000000072e+00
5.902947099999999558e+00
2.429864300000000199e+00
5.146080000000000432e+00
3.907937599999999900e+00
4.777289299999999628e+00
2.961484099999999842e+00
4.363604200000000155e+00
4.885020900000000665e+00
2.851212200000000418e+00
2.790531800000000118e+00
2.611771300000000018e+00
5.558513400000000715e+00
4.600428099999999354e+00
6.924304799999999593e-01
2.668288299999999946e+00
2.762930799999999909e+00
2.577420000000000044e+00
2.645440799999999815e+00
4.643940599999999641e+00
6.238804199999999689e+00
2.623849599999999782e+00
6.141134499999999719e+00
1.680014399999999908e+00
4.535563099999999181e+00
2.701803799999999534e+00
3.275179800000000085e+00
2.675378100000000092e+00
2.348375700000000066e+00
2.435303100000000054e+00
2.329750199999999882e+00
5.771635200000000410e+00
5.750464900000000767e+00
4.656906399999999557e+00
3.254573199999999833e+00
5.943450599999998474e+00
1.643376299999999901e+00
2.768057300000000165e+00
2.644152000000000058e+00
2.892829199999999990e+00
2.558617799999999942e+00
4.945826099999999670e+00
6.889484000000000163e-01
6.012744299999999598e+00
3.034405000000000019e+00
5.496010500000000576e+00
3.804017400000000215e+00
4.390694400000000108e+00
1.280999500000000069e+00
2.594600300000000193e+00
2.551273500000000194e+00
6.140876600000000352e+00
3.381570899999999824e+00
4.512547699999999828e+00
4.689519899999999630e+00
2.817009300000000049e+00
2.630053000000000196e+00
2.663104899999999997e+00
9.336971800000000155e-01
2.433086600000000210e+00
2.657110200000000422e+00
3.024089000000000027e+00
2.800707899999999917e+00
5.720898700000000225e+00
2.742661600000000366e+00
4.825833399999999607e+00
2.876873699999999978e+00
5.727211200000000169e+00
5.874369200000000291e+00
2.891244700000000112e+00
6.233037900000000242e+00
2.648833700000000402e+00
2.542548099999999867e+00
6.302108600000000393e-01
2.537831000000000170e+00
4.809494899999999795e+00
2.709849100000000011e+00
2.538890199999999986e+00
2.485844600000000071e+00
2.762802199999999875e+00
4.228654099999999971e+00
5.990078999999999709e+00
6.181916000000000189e+00
5.608762500000000095e+00
2.426028899999999933e+00
5.905462700000000176e+00
2.760335599999999889e+00
2.715166099999999805e+00
2.708775800000000178e+00
5.617243199999999881e+00
2.787492999999999999e+00
2.622275600000000040e+00
5.897145700000000268e+00
2.802122400000000013e+00
6.004673200000000044e+00
4.646283999999999637e+00
2.580925000000000136e+00
3.538885899999999030e+00
3.313944600000001017e+00
2.910745700000000102e+00
2.772973100000000191e+00
2.562029700000000076e+00
2.879611600000000049e+00
6.271583799999998377e+00
5.761918099999999932e+00
5.727983799999999626e+00
2.770863600000000204e+00
2.721653499999999948e+00
5.648179500000000131e-01
2.363153899999999918e+00
2.576576499999999825e+00
2.565287399999999884e+00
2.991517299999999935e+00
5.712062400000000650e+00
5.100344399999999778e-01
5.692534200000000766e+00
4.671099700000000077e+00
2.460226899999999883e+00
4.511027400000000576e+00
2.646980699999999853e+00
4.631765200000000249e+00
2.846167100000000172e+00
7.967595299999999936e-01
2.351390799999999892e+00
3.990802700000000147e+00
2.383058300000000074e+00
2.957612999999999825e+00
2.667120199999999830e+00
2.738620299999999563e+00
4.038155000000000605e+00
2.521060799999999436e+00
2.498163900000000215e+00
2.838105500000000170e+00
2.672927000000000053e+00
2.902131999999999934e+00
5.513486900000000190e+00
2.954366799999999849e+00
2.657265300000000163e+00
5.533581500000000375e+00
2.664532400000000134e+00
5.494573500000000443e+00
4.608787200000000084e+00
5.842780300000000260e+00
4.122069799999999340e+00
5.940442000000000000e+00
5.854095899999999908e+00
2.641055999999999848e+00
2.421483799999999853e+00
2.779494300000000084e+00
2.608908599999999911e+00
2.608836300000000108e+00
3.724532599999999860e+00
2.802758499999999930e+00
5.403126000000000317e+00
2.601574499999999901e+00
4.322499099999999039e+00
2.739650800000000164e+00
5.491383199999999576e+00
3.426405100000000203e+00
2.833321499999999826e+00
2.734514700000000076e+00
3.255722299999999958e+00
2.856536100000000022e+00
2.692070399999999974e+00
1.574144899999999903e-01
5.634232199999999580e+00
4.799140900000000265e+00
2.716235199999999850e+00
2.941147600000000750e+00
2.568810399999999827e+00
2.620510599999999801e+00
2.599412599999999962e+00
2.806702399999999820e+00
4.447423800000000149e+00
2.764626499999999876e+00
5.754475000000000229e+00
2.647425099999999976e+00
2.819155400000000200e-01
2.809081500000000009e+00
2.794124500000000122e+00
5.885309499999999971e+00
2.656201700000000443e+00
2.741324399999999883e+00
2.598168600000000161e+00
4.014730000000000132e+00
5.466257200000000260e+00
2.659341799999999978e+00
2.526361599999999985e+00
2.680821299999999852e+00
1.551772200000000046e+00
5.860889499999999863e+00
2.825338900000000208e+00
3.285155099999999884e+00
5.710597700000000110e+00
3.440307300000000179e+00
2.560322499999999835e+00
2.585916500000000173e+00
4.576550300000000071e+00
2.789041099999999940e+00
3.819742300000000146e+00
2.762415900000000146e+00
5.538400700000000398e+00
3.084435399999999827e+00
7.256354799999999994e-01
6.080568500000000043e+00
4.369232700000000413e+00
1.052634499999999945e-01
3.267053799999999786e+00
5.827685800000000249e+00
5.224459799999999987e+00
2.416078300000000123e+00
5.829664099999999571e+00
1.241723600000000038e+00
5.536086199999999680e-02
5.920998899999999843e+00
2.843865200000000204e+00
1.949997900000000062e+00
2.738321899999999864e+00
5.897247799999999707e+00
2.455318199999999784e+00
2.527857700000000207e+00
5.441340599999999306e+00
2.692617400000000050e+00
2.727578200000000397e+00
3.589466499999999893e+00
6.129381600000000319e+00
2.591651100000000429e+00
2.681736100000000178e+00
3.522982900000000139e+00
2.401421599999999934e+00
2.738755200000000389e+00
5.937304799999999716e+00
2.449859800000000032e+00
5.768518000000000256e+00
2.576616299999999526e+00
2.940039000000000069e+00
5.218551200000000279e+00
2.668720800000000004e+00
2.622095299999999796e+00
2.765932299999999788e+00
2.564893899999999949e+00
1.130660100000000057e+00
2.982478099999999799e+00
5.899822999999999595e+00
2.101121700000000203e+00
4.388660900000000531e+00
2.764576100000000203e+00
4.401503800000000410e+00
5.373819499999999749e+00
3.218264000000000014e+00
5.973091400000000384e+00
1.526120300000000096e+00
1.166300499999999962e+00
2.656224799999999941e+00
4.774165900000000740e+00
2.866347900000000060e+00
2.781470800000000132e+00
1.030768199999999996e-01
2.490098800000000168e+00
5.198333299999999824e+00
1.209835499999999953e-01
4.669130000000000003e+00
2.395506999999999831e+00
4.907804299999999564e+00
2.856129300000000093e+00
5.815460599999999758e+00
3.723583699999999830e+00
2.467352200000000106e+00
2.374715199999999804e+00
2.428876200000000374e+00
4.857402800000000020e+00
4.368341899999999889e+00
2.686478800000000167e+00
2.388486599999999793e+00
2.670233699999999821e+00
4.168076999999999366e+00
1.450964300000000096e+00
4.586783699999999797e+00
3.311128899999999931e-01
2.630916299999999541e+00
3.707828499999999972e-01
6.016268499999999797e+00
5.628884700000000407e+00
2.750002400000000069e-01
2.533115800000000029e+00
2.680199700000000185e+00
5.570679799999999737e+00
3.173075100000000148e+00
2.700788000000000189e+00
2.743746300000000193e+00
4.603069000000000521e+00
4.620364700000000546e+00
2.649849199999999794e+00
2.724165999999999865e+00
2.707550700000000088e+00
3.618434800000000173e+00
5.725143199999999766e+00
2.567340399999999967e+00
4.152796799999999955e+00
2.840840200000000149e+00
5.505300800000000550e+00
2.418715900000000030e+00
9.250764200000000104e-01
4.307219899999999768e+00
2.610317000000000220e+00
5.930956500000001519e+00
2.681097499999999911e+00
4.604595299999999725e+00
4.820731600000000228e+00
2.842093999999999898e+00
5.218717099999999220e+00
8.531192899999997525e-01
5.698711400000000538e+00
4.087113000000000440e+00
4.362996400000000996e+00
4.271678400000000764e+00
5.582193900000000930e+00
2.782552799999999937e+00
2.804681800000000003e+00
2.686847000000000207e+00
4.471977299999999822e+00
1.839291800000000032e+00
4.762152900000000244e+00
2.959133299999999966e+00
4.031924800000000197e-02
3.193377599999999816e+00
4.297002799999999567e+00
6.942425700000000033e-01
3.756243099999999835e+00
1.259289199999999997e+00
2.634490099999999835e+00
4.373253500000000571e+00
5.957494800000000090e+00
4.832599799999999668e+00
2.524019599999999919e+00
2.632406899999999883e+00
2.928304900000000099e+00
2.600922100000000015e+00
3.577032899999999654e-02
4.617540400000000211e+00
2.539057800000000142e+00
2.724926299999999912e+00
1.547837700000000094e+00
2.820693900000000198e+00
5.743042099999999373e+00
5.903544499999999751e+00
6.176389900000000210e+00
5.493407399999999718e+00
5.789234699999999734e+00
2.522036299999999898e+00
2.573939600000000105e+00
5.516567700000000407e+00
2.692847899999999850e+00
4.360513799999999662e+00
2.109334099999999879e+00
5.673975300000000388e+00
5.627505900000000061e+00
2.662035700000000560e+00
4.702131099999999009e+00
3.059095000000000120e+00
5.586282399999999981e+00
2.707252399999999781e+00
1.110079000000000038e+00
2.717995600000000067e+00
2.475687699999999936e+00
1.274617799999999912e+00
2.720906600000000175e+00
2.857600199999999813e+00
9.608807400000000110e-01
5.799430499999999711e+00
5.231548400000000321e+00
4.043973699999999560e+00
2.963543000000000038e+00
2.820739000000000107e+00
2.644762500000000127e+00
4.132257800000000536e+00
2.489213799999999921e+00
2.739701300000000117e+00
4.622159899999999766e+00
5.567630900000000160e+00
2.688625200000000159e+00
2.570629400000000064e+00
2.877906400000000087e+00
2.030192700000000183e+00
2.745031099999999835e+00
5.985287300000000421e+00
5.632738400000000922e+00
5.912665399999999849e+00
2.740650800000000054e+00
2.672749500000000111e+00
2.743221300000000085e+00
5.633490599999999127e+00
1.395964200000000099e+00
3.218755400000000044e+00
2.673069100000000198e+00
2.775712899999999816e+00
4.755903199999999664e+00
2.945739600000000014e+00
2.558652899999999786e+00
2.807624899999999979e+00
2.236225300000000082e+00
2.967866799999999916e+00
5.896260500000000349e+00
5.695381299999999314e+00
4.334803099999999354e+00
2.661576800000000187e+00
2.618273600000000201e+00
2.771430300000000013e+00
2.628848099999999910e+00
2.758208400000000005e+00
2.906741600000000147e+00
8.443330599999997466e-01
2.931716699999999953e+00
2.831936799999999810e+00
3.343173199999999845e+00
3.215454499999999882e+00
5.924089500000000008e+00
4.747715000000000352e+00
2.499763200000000296e+00
3.417427599999999899e+00
2.742754600000000043e+00
2.586439400000000166e+00
5.975850900000000188e+00
5.948684499999999709e+00
5.748140300000000202e+00
5.951773700000000389e+00
5.901689799999999764e+00
3.034332099999999866e+00
6.061471100000000334e+00
3.168674300000000166e+00
2.679934900000000120e+00
2.576195399999999580e+00
2.380555100000000035e+00
2.737426899999999996e+00
2.667265399999999786e+00
2.509488499999999789e+00
5.272715900000000566e+00
3.816588600000000220e+00
3.320825300000000091e+00
1.458874299999999957e+00
5.604951699999999981e+00
7.029812600000000522e-01
5.008739900000000134e+00
2.537621000000000127e+00
2.870510799999999474e+00
2.663554600000000327e+00
2.735459999999999781e+00
3.523546200000000184e+00
2.452914100000000097e+00
2.600383100000000169e+00
1.262451999999999908e+00
2.619640500000000038e+00
4.616654099999999872e+00
2.475622399999999779e+00
4.824952500000000200e+00
2.726844900000000127e+00
2.569659300000000091e+00
2.485153899999999805e+00
2.715341000000000005e+00
5.597787199999999963e+00
5.857084799999999980e+00
2.645407399999999853e+00
5.498606999999999800e+00
3.555648399999999043e+00
2.670865100000000325e+00
5.446182699999999599e+00
5.875080800000000103e+00
5.844693399999999706e+00
3.013681800000000077e+00
4.785344900000000123e+00
2.498181100000000043e+00
1.649813999999999670e+00
2.564896800000000088e+00
2.389175600000000177e+00
3.164217400000000069e+00
2.703346900000000108e+00
2.691944799999999471e+00
1.319939500000000043e+00
2.613455300000000037e+00
4.754665300000000094e+00
2.962097200000000097e+00
2.636674999999999880e+00
2.765517299999999956e+00
4.477002999999999844e+00
5.792820400000000092e+00
2.256025999999999865e+00
5.744320000000000093e+00
6.143935800000000391e+00
2.545746400000000076e+00
5.806586900000001883e+00
5.990352599999999583e+00
4.312449800000000444e+00
5.763203099999999246e+00
2.522463500000000192e+00
4.954748999999999626e+00
4.547311399999999892e+00
6.105041200000001389e+00
1.728667599999999638e+00
2.696300799999999942e+00
2.942404499999999867e+00
2.715425799999999779e+00
3.191914199999999813e+00
5.659184699999999957e+00
2.930395900000000164e+00
2.059574899999999875e+00
2.598006100000000096e+00
1.046689999999999898e+00
6.114552800000000232e+00
2.959178699999999829e+00
2.429246800000000039e+00
2.615280499999999897e+00
4.244449999999999612e+00
2.751165100000000141e+00
5.997546999999999962e+00
2.480154999999999887e+00
2.654245500000000035e+00
2.594037600000000054e+00
5.781770700000000041e+00
4.233122800000000296e+00
1.297051499999999913e-01
2.739879999999999871e+00
6.059072500000000083e+00
2.511902399999999869e+00
2.542981800000000181e+00
1.376436999999999911e+00
2.634965499999999849e+00
2.706880200000000514e+00
5.342278900000000164e+00
2.981239899999999832e+00
2.745097100000000179e+00
4.338980199999999954e+00
1.646125899999999920e+00
2.583623600000000131e+00
2.731746400000000019e+00
2.591197399999999984e+00
1.220383399999999785e+00
5.264205200000000140e+00
4.615908300000000075e+00
4.988725800000000099e+00
3.355587900000000179e+00
4.636365799999999204e+00
2.922596599999999878e+00
2.586738400000000215e+00
2.645873499999999989e+00
2.619939200000000135e+00
6.111815499999999624e+00
2.534384600000000098e+00
6.006706600000000229e+00
2.652054800000000157e+00
6.156873499999999666e+00
5.956583700000000370e+00
2.476781299999999852e+00
2.667524600000000135e+00
2.799101799999999418e+00
4.409664199999999923e+00
3.374484100000000097e+00
1.167526700000000028e+00
2.741517200000000098e+00
3.686859000000000108e+00
4.058629400000000054e+00
2.873481099999999788e+00
5.899478199999999894e+00
2.530443299999999507e+00
2.660912100000000002e+00
2.612046299999999821e+00
2.709131499999999804e+00
2.704462899999999781e+00
3.815455299999999994e+00
2.756399599999999950e+00
4.645540600000000353e+00
4.763056999999999874e+00
2.564032399999999878e+00
5.923434400000001432e+00
2.563044399999999889e+00
5.441712800000000350e-01
2.617490100000000375e+00
2.362379600000000135e+00
4.463326000000000349e+00
2.244827299999999859e+00
4.474746299999999621e+00
2.577978499999999951e+00
3.624322999999999961e+00
2.710903800000000086e+00
2.517166099999999851e+00
1.238287200000000032e+00
3.136671499999999835e+00
2.504696599999999940e+00
2.639034000000000102e+00
2.988282499999999953e+00
2.759755499999999806e+00
6.111103900000001588e+00
2.584009800000000023e+00
2.732746399999999909e+00
2.961583200000000193e+00
2.580011100000000113e+00
2.822287900000000072e+00
8.299788499999999347e-02
6.009925599999998092e+00
5.298928799999999661e+00
5.908619500000000108e-02
2.562779100000000199e+00
4.773422100000000334e+00
2.349494200000000088e+00
2.566907299999999559e+00
5.331523599999999696e+00
4.678145099999999168e+00
5.983787600000000317e+00
2.456823599999999885e+00
4.865194400000000030e+00
2.805748700000000095e+00
2.670865800000000068e+00
2.680730699999999800e+00
2.730382599999999993e+00
2.722247000000000305e+00
5.782047699999999679e+00
2.474552699999999827e+00
2.625924100000000205e+00
1.879316599999999893e+00
3.358530699999999758e-01
1.914656299999999978e-01
3.638945000000000096e+00
2.049028199999999966e+00
2.493225500000000316e+00
2.629136100000000198e+00
5.065637399999999957e+00
3.408788599999999835e+00
4.549951300000000032e+00
2.776421299999999981e+00
2.632617499999999833e+00
6.106602500000000155e+00
2.989007700000000156e+00
6.094199200000000261e+00
3.360484200000000587e+00
2.764169400000000110e+00
2.759823599999999821e+00
2.561868700000000221e+00
4.748329700000000209e+00
6.114001899999999878e+00
2.781294700000000120e+00
5.836139199999999860e+00
3.057561900000000055e+00
6.034881200000001833e+00
2.625261699999999809e+00
3.089819200000000876e+00
6.020569200000001508e+00
5.268681200000000509e+00
5.830611300000000163e+00
3.932145799999999802e+00
2.528839299999999568e+00
2.558330300000000168e+00
5.946652799999999850e+00
6.038637800000000055e+00
5.796421400000001611e+00
2.730198500000000195e+00
2.671543399999999568e+00
2.701179900000000078e+00
6.110946499999999837e+00
1.415416000000000007e+00
2.805144299999999813e+00
2.660038199999999797e+00
6.112561099999999747e+00
5.855493100000000339e+00
2.447475199999999962e+00
4.653613699999999964e-01
4.719017799999999596e+00
4.866236200000000345e+00
2.848054299999999817e+00
5.824093000000000409e+00
1.471141599999999938e+00
2.730803600000000220e+00
2.698424000000000156e+00
4.308133299999999721e+00
2.543698799999999594e+00
2.483670500000000114e+00
5.791192099999998177e+00
5.782027799999999829e+00
5.768721900000000069e+00
4.544311699999999732e+00
5.817540300000000109e+00
5.495952700000000135e+00
4.610835900000000542e+00
2.829203600000000041e+00
2.762970999999999844e+00
2.649952100000000144e+00
5.199835700000000394e+00
2.489042400000000210e+00
5.856365599999998395e+00
2.692737199999999831e+00
3.636610500000000190e+00
3.301485000000000003e+00
5.802346000000000004e+00
6.240791099999998259e+00
3.713572699999999838e+00
6.017552399999999579e+00
2.858553600000000028e+00
4.484037999999999968e+00
2.624806099999999809e+00
5.795079299999998490e+00
4.400854800000000289e+00
3.093474399999999735e-01
4.490943599999999591e+00
4.218734900000000287e+00
2.334908700000000170e+00
5.766623000000000054e+00
5.699877099999999253e+00
4.625158400000000114e+00
3.790279700000000140e+00
4.186312899999999892e+00
2.970534300000000183e+00
2.830879899999999783e+00
5.309395099999999701e+00
3.682833099999999860e+00
2.568526200000000426e+00
2.799654400000000098e+00
3.484408999999999867e+00
5.978383200000001452e+00
1.683340799999999637e+00
4.883706400000000336e+00
2.827154499999999793e+00
2.556293500000000218e+00
5.915824699999999936e+00
2.491628099999999790e+00
2.473345800000000150e+00
6.248062599999999911e+00
2.862967400000000051e+00
2.466067400000000021e+00
2.870244299999999971e+00
2.614380199999999821e+00
2.752327999999999886e+00
3.786937399999999787e+00
2.687157500000000088e+00
5.751335500000000600e+00
2.658243099999999970e+00
2.537820400000000198e+00
1.880698999999999899e+00
5.864587700000000403e+00
2.595600300000000082e+00
1.549307999999999907e+00
4.172435100000000396e+00
4.943882599999999350e+00
2.725347900000000045e+00
2.734061500000000144e+00
4.816959800000000236e+00
2.488558200000000387e+00
2.863726499999999842e+00
2.732128799999999469e+00
4.607164400000000271e+00
5.655739200000000189e+00
5.059621900000000672e+00
4.621328000000000102e+00
6.058842600000000189e+00
3.329156600000000021e-01
2.607799899999999838e+00
6.002601499999999923e+00
2.590667700000000462e+00
2.621209799999999923e+00
2.909707399999999833e+00
2.656375300000000106e+00
5.630660299999999729e+00
5.900472899999999576e+00
2.690089899999999812e+00
2.635807900000000092e+00
2.951663100000000206e+00
2.711675000000000058e+00
4.789025399999999877e+00
4.840628099999999101e+00
2.002012699999999867e+00
5.624207000000000178e+00
5.750416999999999668e+00
4.227982700000000094e+00
6.079368799999998352e+00
8.718445900000000304e-01
2.739330499999999891e+00
2.645403799999999528e+00
8.373831600000000153e-01
4.550785699999999601e+00
2.653603599999999840e+00
2.775861100000000192e+00
1.359407899999999891e+00
2.674563299999999977e+00
2.435922700000000329e+00
2.545404099999999836e+00
2.314263799999999982e+00
6.062384099999998277e+00
4.764481599999999872e+00
6.102280799999999950e+00
5.991532499999999928e+00
1.240904500000000077e+00
1.194514399999999865e+00
2.695661799999999886e+00
3.238331600000000865e+00
2.728314199999999801e+00
5.340668400000000204e+00
2.725031299999999934e+00
2.627703100000000180e+00
5.488384099999999322e+00
5.206812099999999610e+00
1.007473199999999958e+00
5.420481200000000221e+00
2.716443500000000011e+00
5.397777299999999556e+00
2.827403299999999842e+00
4.923923599999999290e+00
3.857791000000000192e+00
5.932598400000001604e+00
2.740955500000000100e+00
2.940891300000000097e+00
2.856760799999999545e+00
1.712450000000000028e+00
2.750679199999999991e+00
2.437029700000000076e+00
3.973391799999999918e+00
2.740603800000000145e+00
5.748431000000000068e+00
4.531733900000000759e+00
2.694736199999999915e+00
2.734547699999999804e+00
2.969129999999999825e+00
3.094159199999999998e+00
2.779897200000000179e+00
2.353681700000000099e+00
2.513708700000000462e+00
4.215207799999999949e+00
1.035396299999999936e+00
2.769635599999999975e+00
2.639800700000000333e+00
2.289808600000000194e+00
2.582867900000000105e+00
4.635683300000000173e+00
2.697681999999999913e+00
2.540472199999999958e+00
5.995093900000001419e+00
2.896627099999999899e+00
2.582454499999999875e+00
2.634724799999999867e+00
2.554596899999999948e+00
2.667847399999999869e+00
2.485782799999999959e+00
2.333900499999999933e+00
4.824231799999999737e+00
2.921094300000000032e+00
5.796907599999998162e+00
4.942984799999999623e+00
2.744964099999999796e+00
6.096945900000000362e-01
2.783283000000000396e+00
5.808684700000001477e+00
2.606755099999999992e+00
2.858933000000000391e+00
2.805502499999999788e+00
2.508920300000000214e+00
2.499210700000000340e+00
5.755661599999999822e+00
2.640898700000000154e+00
5.756287599999999394e+00
2.589778200000000474e+00
2.657899800000000035e+00
3.021295299999999795e+00
2.519383299999999881e+00
6.171607400000000077e+00
4.148297099999999737e+00
5.849685400000000257e+00
3.139357999999999871e-01
3.894083900000000042e+00
5.911486400000000252e+00
5.888557300000000438e+00
4.792529400000000273e+00
3.033630500000000119e+00
2.647951700000000130e+00
5.941246300000000424e+00
4.698706700000000680e+00
2.205621400000000065e+00
2.786374799999999929e+00
2.767574100000000037e+00
5.404577200000000303e+00
5.712660299999999580e+00
5.931398599999999632e+00
2.793060300000000051e+00
5.838511399999999796e+00
1.227521400000000096e+00
2.716689800000000155e+00
3.874058499999999849e+00
3.000814800000000115e+00
2.823706200000000166e+00
5.431815400000000515e+00
2.841014299999999437e+00
2.674918499999999977e+00
4.680511300000000041e+00
6.118081299999998279e+00
8.584447400000000394e-01
4.258560100000000403e+00
4.672317800000000076e+00
5.931423099999999948e+00
2.510099900000000162e+00
5.857269600000000409e+00
2.619588499999999875e+00
5.595943100000000392e+00
1.474548199999999865e-01
4.801847799999999111e+00
4.853063900000000430e+00
2.009843299999999999e+00
2.481803499999999829e+00
2.549337299999999917e+00
5.703031900000000043e+00
2.386886000000000063e+00
2.835960699999999779e+00
5.872484700000000224e+00
4.658646300000000018e+00
5.200302199999999875e-01
4.750767999999999880e+00
4.392755200000000748e+00
2.796266999999999836e+00
4.932572600000000307e+00
2.878585199999999844e+00
2.833809000000000022e+00
4.820550099999999283e+00
3.196004700000000032e+00
2.650881200000000160e+00
2.575849700000000464e+00
2.266869999999999941e+00
4.816138099999998978e+00
2.563021599999999900e+00
3.980415099999999873e-01
5.912856299999999621e+00
2.723802000000000056e+00
5.880008700000000310e+00
5.805064299999999733e+00
4.977191099999998869e+00
2.712897100000000172e+00
2.706319900000000001e+00
2.780616800000000222e+00
2.619781500000000207e+00
9.837962900000000177e-01
2.624283800000000166e+00
2.752009700000000336e+00
4.602910700000000688e+00
2.326632200000000150e+00
2.450797600000000021e+00
5.783348300000000108e+00
2.985389899999999971e-02
3.379795099999999941e+00
4.522444899999999990e+00
4.522284599999999877e+00
2.910002600000000772e+00
1.446176499999999976e+00
4.702677900000000299e+00
2.647971800000000098e+00
3.219972600000000185e+00
5.876910299999999587e+00
2.797416000000000125e+00
3.251368100000000094e+00
2.662124700000000121e+00
1.331066099999999967e-02
5.650284100000000365e+00
2.885487400000000147e+00
2.649033200000000310e+00
2.644569600000000076e+00
2.583353600000000139e+00
2.533554099999999920e+00
2.459982999999999809e+00
2.955954900000000052e+00
2.511979999999999880e+00
1.534445700000000024e+00
5.621217999999999826e+00
3.339408400000000832e+00
5.951075099999999729e+00
2.826711899999999833e+00
2.080336700000000150e+00
3.291544899999999885e+00
5.740824800000000394e+00
4.347286600000000334e+00
2.644862900000000128e+00
2.396624599999999994e+00
2.554741499999999998e+00
2.554306700000000152e+00
2.745857399999999782e+00
2.885712499999999903e+00
2.782281700000000413e+00
3.989934600000000220e+00
2.532853799999999822e+00
5.918381700000000301e+00
5.839076900000000236e+00
6.052287900000001386e+00
5.801986299999998486e+00
5.985174299999999725e+00
2.581660799999999867e+00
2.565373899999999985e+00
2.406118900000000060e+00
2.673051699999999808e+00
2.664990600000000320e+00
4.499607700000000321e+00
5.709925300000000092e+00
2.726790700000000456e+00
2.779700099999999896e+00
3.526309900000000219e+00
6.441751100000000507e-01
2.669525399999999937e+00
2.704621099999999778e+00
2.527941000000000216e+00
2.716803699999999822e+00
2.751931900000000208e+00
2.776385900000000184e+00
2.484391299999999525e+00
2.675372000000000305e+00
2.824740700000000437e+00
2.631662099999999782e+00
2.634367999999999821e+00
2.828174100000000024e+00
2.578980200000000167e+00
3.024114700000000155e+00
5.113169899999999934e+00
5.537747699999999718e+00
2.648322400000000076e+00
2.605461600000000377e+00
4.239725900000000713e+00
2.998048100000000105e+00
2.627825500000000147e+00
5.774745399999999584e+00
2.819992800000000077e+00
4.633825700000000936e+00
2.797857800000000061e+00
6.001184499999999922e+00
2.419748799999999811e+00
1.383815000000000184e-01
4.725332299999999819e+00
2.803012200000000398e+00
2.411826500000000095e+00
2.720424500000000023e+00
3.243592800000000054e+00
2.821535299999999857e+00
5.985221499999999750e+00
4.336656400000000744e+00
3.872971199999999836e+00
5.773937700000000284e+00
1.434698199999999924e+00
2.509658799999999967e+00
2.950541700000000045e+00
2.682660100000000103e+00
1.938683600000000062e+00
3.153352899999999792e+00
2.445495900000000056e+00
4.459178600000000436e+00
2.591560700000000494e+00
2.900277600000000788e+00
2.473377000000000159e+00
4.802993400000000079e+00
2.668506999999999962e+00
2.729434700000000102e+00
2.668885899999999811e+00
2.921409999999999840e+00
2.571160100000000170e+00
1.204344899999999940e+00
4.702039000000000080e+00
2.502957400000000110e+00
1.164388800000000002e+00
1.575872200000000056e+00
3.014231999999999800e+00
2.714880400000000193e+00
2.721149800000000063e+00
2.651643200000000089e+00
5.995881500000000308e+00
5.841572099999999601e+00
6.086623700000001413e+00
4.660420600000000135e+00
2.555696699999999932e+00
2.865561399999999814e+00
1.604167099999999957e+00
2.592610599999999987e+00
2.231047600000000131e-01
4.663488799999999657e+00
3.474666099999999869e+00
5.517491800000000168e+00
2.899564300000000205e+00
2.330099800000000165e+00
4.753148799999999952e+00
5.875456599999999696e+00
2.978661500000000739e+00
2.866899200000000203e+00
5.796371599999999624e+00
2.693964499999999873e+00
2.683707000000000065e+00
2.587565800000000138e+00
3.454231200000000612e+00
4.754764700000000843e+00
5.935505899999999890e+00
5.876193700000001741e+00
3.256725300000000156e-01
2.546094800000000102e+00
2.477106500000000100e+00
5.460988300000000351e+00
5.719790299999999661e+00
5.946868699999999563e+00
2.854401300000000141e+00
5.823101900000000164e+00
1.267638699999999785e+00
2.610139300000000162e+00
2.756703799999999482e+00
5.588959000000000010e+00
2.885495399999999933e+00
2.601961100000000027e+00
2.736575600000000108e+00
3.532748200000000782e+00
2.958274100000000129e+00
5.918552299999999988e+00
4.700360299999999825e+00
4.812067900000000620e+00
2.635239599999999793e+00
1.470026099999999891e+00
2.895370600000000127e+00
6.010489299999999702e+00
5.879343099999999822e+00
4.420682199999999895e+00
2.638628399999999985e+00
5.906859400000000093e+00
5.064671599999999607e+00
2.684677199999999875e+00
2.350727299999999520e+00
2.333835499999999952e-01
6.158724000000000309e+00
5.967875199999999936e+00
1.402501400000000009e+00
5.338343000000000060e+00
4.838782400000000372e+00
4.620539499999999578e+00
4.431125599999999665e+00
5.963580199999999998e+00
2.541009100000000132e+00
2.623850299999999525e+00
6.063824999999999577e+00
2.685941999999999830e+00
2.551564899999999803e+00
5.570355700000000354e+00
2.840489100000000100e+00
4.779266299999999745e+00
2.714977700000000382e+00
5.035942200000000035e+00
4.614033799999999630e+00
4.453150299999999895e+00
2.663670200000000321e+00
5.940702799999999506e-01
2.491659199999999963e+00
3.153593400000000102e+00
5.835168399999999700e+00
3.044674600000000009e+00
5.717983499999999886e+00
2.820421099999999903e+00
2.536521899999999885e+00
4.707330200000000353e+00
3.127741400000000116e+00
2.551082699999999814e+00
2.361335299999999915e+00
5.663403700000000818e+00
4.146375299999999875e+00
7.858531600000000505e-01
5.685702500000000548e+00
2.297455400000000036e+00
2.642846000000000029e+00
2.698908700000000493e+00
4.646526999999999852e+00
2.701173900000000128e+00
2.262815400000000032e+00
1.424708600000000047e-01
3.784960299999999389e+00
2.715231600000000078e+00
2.517407700000000137e+00
3.635570899999999828e+00
2.746542300000000214e+00
2.563483100000000015e+00
2.415280699999999836e+00
2.579373799999999939e+00
2.687018800000000152e+00
5.857601299999999789e+00
4.775511999999999979e+00
3.206667899999999793e+00
2.757808799999999838e+00
4.305309699999999573e+00
2.615128900000000201e+00
2.489756900000000162e+00
2.637911299999999848e+00
3.280843799999999089e+00
1.044805800000000007e+00
2.596889000000000003e+00
4.841526899999999856e+00
6.209980800000000301e+00
5.484420100000000353e+00
2.136306999999999956e+00
1.329315600000000042e-01
2.796056699999999839e+00
5.627056900000000361e+00
1.414463299999999979e+00
2.768110899999999930e+00
5.702162300000000350e+00
2.901353200000000854e+00
2.107572600000000129e+00
2.827381799999999945e+00
3.391700700000000790e+00
2.679661600000000199e+00
1.703743199999999902e+00
2.641823000000000032e+00
6.056577700000000064e+00
3.387992999999999810e+00
5.951035000000000075e+00
2.809911000000000048e+00
2.705974499999999949e+00
5.852357900000000335e+00
3.178014599999999801e-01
5.763417800000000035e+00
1.196858499999999825e+00
4.944505200000000045e+00
5.856064199999999609e+00
5.632295200000000612e+00
1.886934899999999971e+00
2.870444700000000182e+00
4.669677599999999984e+00
2.796853000000000034e+00
5.210422000000000331e+00
2.532430900000000040e+00
2.735372400000000148e+00
2.777456899999999784e+00
3.995827199999999912e+00
2.805523399999999778e+00
2.656811100000000092e+00
2.730385000000000062e+00
4.664750700000000805e+00
2.371461899999999901e+00
2.822816599999999898e+00
4.569390000000000285e+00
2.697891100000000097e+00
2.971887399999999957e+00
5.666456700000000346e+00
9.910245800000000438e-01
2.464079499999999978e+00
2.844809800000000166e+00
2.821283700000000394e+00
2.367837800000000215e+00
2.973404200000000053e+00
2.827509699999999793e+00
3.158931200000000050e+00
2.425519400000000214e+00
2.612571200000000538e+00
4.954951799999999906e+00
2.721326200000000028e+00
2.607768899999999945e+00
1.672676800000000075e+00
2.594268700000000205e+00
1.605350399999999622e+00
