mass_2_source
5.069606889686603779e+01
3.643142923001849454e+01
3.936265166715674724e+01
4.366860712666572653e+01
3.691505745919721448e+01
4.245316501295109646e+01
4.933396756260253113e+01
3.392476712859846089e+01
3.552209375410315317e+01
5.153491184212798260e+01
4.388704785915666662e+01
3.978792399988239481e+01
4.514433435751016077e+01
5.084267932316116401e+01
4.394528080250660906e+01
4.618296091449708030e+01
6.110596098150006839e+01
4.379549785773371440e+01
4.358952918539339549e+01
5.705085275262741362e+01
5.935760399340003346e+01
4.434232722718547848e+01
4.281634890270540694e+01
6.344083605375046631e+01
4.570206642359337934e+01
3.769051989563581628e+01
4.075381634038288325e+01
4.343170590892168548e+01
4.936262034267110010e+01
4.998701658587126673e+01
4.749961460481386410e+01
4.340603941215832151e+01
2.975466837892656002e+01
3.917230028529918684e+01
5.468052677682928220e+01
4.331324671311912766e+01
6.199014898934207451e+01
5.091364209904962479e+01
4.270192533175984551e+01
6.056614108274568054e+01
4.855413198615040926e+01
4.930928160502442381e+01
6.470990577003736632e+01
4.489517128499227283e+01
4.966089408326356391e+01
3.184856773040975142e+01
2.410493751062168855e+01
4.175105215182480123e+01
3.858463994640666783e+01
4.616830341188835263e+01
5.029062760844329460e+01
5.248842154514391467e+01
4.536497154664899512e+01
5.185795586892147924e+01
6.135462258531995161e+01
5.795641512669773476e+01
4.974261928903565888e+01
4.693320117943681424e+01
4.727642353210287496e+01
3.577901128804624165e+01
5.572281176591195617e+01
5.748144041513948821e+01
5.192016434642935252e+01
5.832012977250702335e+01
5.445407319968431636e+01
3.723017058381187638e+01
5.605830763196282618e+01
3.990302011462107856e+01
5.129307880517364282e+01
3.939011901407709360e+01
6.347114812694459118e+01
4.848813289505226010e+01
5.546727227904419522e+01
5.744623832973609012e+01
4.428300249246137810e+01
5.062380147957464516e+01
4.328834219831418295e+01
5.731885288404816947e+01
4.986716257785329987e+01
4.347737469126474252e+01
4.644637209382128873e+01
4.273371699189172546e+01
4.589670639329442992e+01
4.399156039531656148e+01
5.896906560734757363e+01
4.954796037454098467e+01
4.880435112224787275e+01
6.030307688336385041e+01
4.793039009439596043e+01
5.216702881316971485e+01
4.763339892509822704e+01
4.499239775121464646e+01
4.230403554161070190e+01
3.880562455655054066e+01
4.280428888618547489e+01
4.331879070096599804e+01
6.183692024516295760e+01
6.321412977175992864e+01
6.060953841322861990e+01
6.418646143734633824e+01
5.363558553325945155e+01
4.548885475623882257e+01
4.803451906588391296e+01
3.613047617124385624e+01
4.260158308346924372e+01
3.567603711909519859e+01
4.808845013328646445e+01
6.277933056424743086e+01
5.366487447827525159e+01
4.403393026642455510e+01
4.251103392472471398e+01
5.277893167812216291e+01
3.735288485851632601e+01
6.682762433537462243e+01
2.831613507708375366e+01
5.407532295371659359e+01
4.312822396503868561e+01
4.690366772952800289e+01
5.112315270737322948e+01
4.612845974226824808e+01
3.972053299564306172e+01
5.879231101254833902e+01
4.072787346933755970e+01
5.408685182780959622e+01
4.174070344047810721e+01
5.033394727026320226e+01
5.091378964202866086e+01
6.207525212282972404e+01
4.027064932066831204e+01
5.543413708550021113e+01
3.379616059423768348e+01
6.300335219450850133e+01
4.531556838155349709e+01
4.923422589484567879e+01
4.399633431921849791e+01
4.658588973455560733e+01
3.925328202486005580e+01
6.304072878993065387e+01
4.918124826516407211e+01
4.950335735642975266e+01
4.178253614928829052e+01
5.198453313824202837e+01
4.888195489248374059e+01
4.561892103281849131e+01
3.302162282188790243e+01
4.089589147878024988e+01
4.917185912405805226e+01
6.490758869581632950e+01
4.023788223815262199e+01
5.322636992838614134e+01
5.282941516406125260e+01
4.989966749109771627e+01
4.950380288260997474e+01
6.548110652505538098e+01
6.283930217149270447e+01
7.597108185861206664e+01
5.290486435639597573e+01
3.994227259249445439e+01
5.258165459389719842e+01
4.566849289856481420e+01
6.366158706203636086e+01
4.438127433685650658e+01
6.426172015413067129e+01
5.124269817138873151e+01
5.096611642086267580e+01
4.746513951046292590e+01
6.226683674966002258e+01
5.916114550465127309e+01
4.834541664860683596e+01
4.288530172866619949e+01
3.579867781133294358e+01
3.701536125751363215e+01
3.059086612346829881e+01
7.135937556887608935e+01
5.424724965901440754e+01
5.862072289294053462e+01
5.013259896086513123e+01
4.678400070898456420e+01
4.598657148066293132e+01
5.046138604987919507e+01
5.200905325692981052e+01
4.529417850824509628e+01
5.707850709038473269e+01
4.100895790533409269e+01
5.537927708826997275e+01
4.626132984861355624e+01
5.097798374167629021e+01
5.239432464334620931e+01
5.114123854162520644e+01
4.953074383863767594e+01
6.878601986888800468e+01
4.745880534439151432e+01
3.116346410969172709e+01
4.288549618820459841e+01
3.555424702632115697e+01
4.826400671330891612e+01
3.233007412557383731e+01
4.829539955098771031e+01
3.209672580433139899e+01
3.469872646757546875e+01
3.731453441068422450e+01
4.595166793852377651e+01
2.537990505643836414e+01
3.013543414100707452e+01
3.474081451769325213e+01
3.493374428162677248e+01
4.329371689482181296e+01
2.656233578292960473e+01
3.276184396714096891e+01
2.938413843449600193e+01
3.850933632001143536e+01
2.532508707058773467e+01
3.671450687779915967e+01
2.918603721096042136e+01
3.797534262129371285e+01
2.419934696097400462e+01
3.700667360532533223e+01
3.345167695893498916e+01
3.343515029171800279e+01
2.246670114747891489e+01
3.147730721612680682e+01
3.680752079934043763e+01
3.073982312990736077e+01
3.662761942991233610e+01
2.494307211863741713e+01
4.133279986881248647e+01
3.194388966090443915e+01
4.028811215389601585e+01
3.067769324011373300e+01
2.724610071001285050e+01
3.947962091960989284e+01
3.116784476048423613e+01
2.977994308571846815e+01
3.007089979310292449e+01
2.867092681942176569e+01
3.068853322598373623e+01
3.451618064061766944e+01
3.974249239817932278e+01
2.975117082353825282e+01
5.021750761196460644e+01
3.467266932605709684e+01
3.392998119683345948e+01
2.232850467166340991e+01
2.455599039326034472e+01
2.550288181620901895e+01
2.969018218346991489e+01
2.234680966042953543e+01
3.451840379470002063e+01
2.628570648834619305e+01
4.710244288270126134e+01
4.080251909375316188e+01
4.342272974689925746e+01
2.867829067993605463e+01
2.732459614475964926e+01
2.732162506939445024e+01
3.142527438765277026e+01
3.020659468201564479e+01
3.427229299440061538e+01
3.536724911387673842e+01
3.639809159943369821e+01
1.619692160000824188e+01
3.273820853299552169e+01
4.410122579804443887e+01
3.945336707366367079e+01
2.901917060276310778e+01
5.308048134656663564e+01
3.770447395454261397e+01
3.031882005069298458e+01
3.425839618774369200e+01
4.222506534716834636e+01
3.388255341936314835e+01
4.401127344880757875e+01
4.534949151917088983e+01
2.657751768293776706e+01
3.391604393351256164e+01
3.738295749585124383e+01
3.632907515527587350e+01
4.615435206720788841e+01
3.850763717753903137e+01
4.505799691987849798e+01
4.155907219853117596e+01
2.582952001392909125e+01
2.652443350206234740e+01
5.497467737819189892e+01
4.456434266654327558e+01
4.159076208095889626e+01
4.513621873418499320e+01
4.733540998432055602e+01
3.155956423665552890e+01
4.233298234431682516e+01
2.342162907921482073e+01
2.803762533751935848e+01
2.504568669169023565e+01
2.206829282588959629e+01
3.041475807090421313e+01
3.328117970770760081e+01
3.854330471983797679e+01
4.509877718599981478e+01
3.713577453978725629e+01
3.472317946886373363e+01
3.540276593750655110e+01
3.374326750693000321e+01
3.435899064424268801e+01
3.209929675074836553e+01
3.335633546949799211e+01
4.288449706661285887e+01
3.349279112299470285e+01
3.252796066415227472e+01
3.443365364946747320e+01
4.673985027805473180e+01
3.550383849511788981e+01
3.507744351238810054e+01
5.022149667102670634e+01
3.462065693557905632e+01
5.379775148735866708e+01
2.699673440239790878e+01
2.821888618171580632e+01
2.555812329566936469e+01
2.488091562387516120e+01
4.654214248530843179e+01
4.030408951093890835e+01
4.921832339518758204e+01
3.224463006976530721e+01
4.008386872339978879e+01
3.554335996310620516e+01
2.893235493592068508e+01
3.863120979380566666e+01
3.857324166904606955e+01
2.430143618714429365e+01
2.836366312138688528e+01
3.211852381223292952e+01
3.678486393398156196e+01
4.262191127080838982e+01
3.081809901013987485e+01
3.535801115854103926e+01
3.907436661801859401e+01
4.005973053518701477e+01
3.425002837483881990e+01
3.641291163972192635e+01
3.976000396943280890e+01
3.340280184060768676e+01
3.661268698690152945e+01
3.374854384686135944e+01
2.316089116732562303e+01
2.801266414110713754e+01
4.976674631570136853e+01
3.364753444237803848e+01
3.784338875035920324e+01
2.821765952374476427e+01
3.348649011268688724e+01
4.995469328116028862e+01
3.339309218468657292e+01
3.397816688344811098e+01
4.011893794842930561e+01
2.994716414977145291e+01
2.689128505647719436e+01
2.789055190711718879e+01
4.430994819348879332e+01
4.683291820347943712e+01
4.004305911186125400e+01
3.111902512849227520e+01
3.320349901760300781e+01
3.204656064935279147e+01
3.539557316627576711e+01
2.958749194743830202e+01
2.501475489609156710e+01
4.558592570351211037e+01
4.177953949514727583e+01
4.431560654398749222e+01
3.175027328613323618e+01
5.832012325655502849e+01
2.556797680183321475e+01
4.062524527504979943e+01
3.657594037542750698e+01
3.510555813112497248e+01
3.258747548103747960e+01
2.564659204411780991e+01
2.646001682303926827e+01
3.776410145008539132e+01
2.811123727597742672e+01
3.023492026381563136e+01
3.932839858015593393e+01
4.181428340063415305e+01
3.319918794598492440e+01
4.645252328658796159e+01
4.385187860985340080e+01
3.020160785403833614e+01
3.205695939203182832e+01
2.586449657822126369e+01
2.844347445700892152e+01
4.053530777184246858e+01
2.629374446139715360e+01
2.713427196142293241e+01
2.834150443867597957e+01
3.505416210086528395e+01
5.040803813233160469e+01
4.023241222858573707e+01
4.035783972463188007e+01
3.802575570381524273e+01
4.195088945915630774e+01
4.862213536283719151e+01
3.275534218531247177e+01
4.640696279928933876e+01
2.415464591276927209e+01
3.254683904964105778e+01
3.409017237145965851e+01
3.809391502242026206e+01
4.974319504333873709e+01
5.374667806233618705e+01
4.644520206304602539e+01
4.476640189618605348e+01
3.329476699576105858e+01
3.528931003695434754e+01
3.756407989995093288e+01
4.348732943670944451e+01
2.665925915964012560e+01
2.520500874740102049e+01
3.043345687697865287e+01
3.646713211200249560e+01
4.755303871063192389e+01
4.202662518300410710e+01
4.373504561027830562e+01
3.287549320987144341e+01
4.310621572857191097e+01
3.955658076589195105e+01
4.130344860942219753e+01
3.030320603547891167e+01
3.184270466110571363e+01
3.902420656134851384e+01
5.754650705600590754e+01
3.555797698674090412e+01
3.672774607159871607e+01
4.131677669833223376e+01
5.074317971495758428e+01
3.268506487324121679e+01
3.062845845219239038e+01
2.684542838039727286e+01
3.412397897622192033e+01
5.736896915071095293e+01
5.877767392679639613e+01
3.180562223955026724e+01
3.731490235689864221e+01
3.690792976298598660e+01
4.286406574756367149e+01
4.793366435901157274e+01
4.921016813400568424e+01
2.338240259952596034e+01
2.867336129886560414e+01
4.320721627272698129e+01
5.122106740479662079e+01
3.744966626083866856e+01
3.225302741394268224e+01
2.916885160567985125e+01
3.817259952363308884e+01
3.827692766700147331e+01
3.458511864631390154e+01
3.796364678380078317e+01
3.337727370737054144e+01
3.417108512887657668e+01
3.030163361469345773e+01
4.483832962838825864e+01
3.385361468052048650e+01
3.914501543920327720e+01
4.107889130133499833e+01
3.994020067814410169e+01
3.758232401404631418e+01
3.203517034782380080e+01
4.182540751324616224e+01
2.541354152967590352e+01
3.696847475681639139e+01
2.950722593709656394e+01
2.851189412572525228e+01
4.350404092718797955e+01
3.916295950216836275e+01
3.738255339031375968e+01
2.776650707444141020e+01
3.912280739554186226e+01
2.137271349291952660e+01
2.009636618719249057e+01
3.620265663500502740e+01
3.146216106044365191e+01
3.288041179659419555e+01
3.533925974847317519e+01
3.538901849462820337e+01
3.255385445165421032e+01
3.085867016575196686e+01
4.596218319163487820e+01
2.524005923913727045e+01
2.565791545932819417e+01
2.483306043132582275e+01
2.995296530132708668e+01
4.390197010753701079e+01
4.724615473282489120e+01
5.438349670318287821e+01
2.691457499888155169e+01
3.717929331091090006e+01
3.411683211939610061e+01
3.292948032263674207e+01
2.766720647000990496e+01
4.199958273731170522e+01
2.761934598505216698e+01
4.322732900132531597e+01
4.187554596329292877e+01
3.814843036865352843e+01
3.579455590764998618e+01
3.800890211059977730e+01
3.845768670414780388e+01
3.708774190836048490e+01
3.883128235647139803e+01
4.085150515093498313e+01
2.960161054853737284e+01
3.598975630597156083e+01
3.296363245944857567e+01
3.318906135913045574e+01
3.421252688172309320e+01
3.089884770760120247e+01
4.473187210955068593e+01
3.496036707597309601e+01
2.757109791664951004e+01
2.563715695301893049e+01
3.435769771476177681e+01
4.242238349949717247e+01
3.626065143585861961e+01
3.677650830374044943e+01
5.062213180798573831e+01
3.602891916398147032e+01
4.021979268564519572e+01
4.422183862045310576e+01
3.395595906400050268e+01
3.199681137666791031e+01
2.872781961129021511e+01
4.343079404254861231e+01
4.964894340439619214e+01
3.578836478534335441e+01
3.910396572572190621e+01
4.232577841645910866e+01
4.156930019862745951e+01
3.856966384832555406e+01
4.248875984892465141e+01
3.314550772763812603e+01
4.072727716812419629e+01
1.969512315940153258e+01
1.873228275488334660e+01
3.378730383689149619e+01
3.495186158051987491e+01
3.261010163292031905e+01
4.035948214241339826e+01
3.993755347850127180e+01
3.424613115501693983e+01
4.144836947460919419e+01
3.745243488658674380e+01
3.418823998987164714e+01
2.975966636061056292e+01
2.691197639066865577e+01
2.568961732667513687e+01
4.179558360674127471e+01
4.666546492314228800e+01
3.725056970404958889e+01
3.727930399302760378e+01
2.882505326070605634e+01
3.377162568952053334e+01
2.921742190456336274e+01
4.505201787742507236e+01
3.612318754209638172e+01
3.858169927258406062e+01
3.809388037764398405e+01
2.814499877347264345e+01
4.380917419424699233e+01
3.100685158787191398e+01
3.299390456090094403e+01
3.044532385083632064e+01
3.430724833266111773e+01
3.075461970039131998e+01
2.791149245224171338e+01
3.075258204834447540e+01
3.289063741635310123e+01
3.500918258509274494e+01
4.629848386423863360e+01
3.868487105655866287e+01
3.264051934183813586e+01
3.761661341757382360e+01
2.856070464144549348e+01
4.146025726291596669e+01
4.172063047005063652e+01
3.536070464508132716e+01
3.293484599561026016e+01
2.657206527356820303e+01
2.898287844687202508e+01
2.307708305558668727e+01
3.987248949723897340e+01
4.708901680431223724e+01
4.673265892308769054e+01
3.774873662242944050e+01
2.405500565544877034e+01
3.018605081595306672e+01
3.532592402167343693e+01
5.025494600563434489e+01
3.371807818780632715e+01
3.511625123879378663e+01
3.950600925471219682e+01
2.841721183331389255e+01
2.885455181170709693e+01
3.852326569120159405e+01
3.324597508675133639e+01
3.429407362766895773e+01
3.364964982200199017e+01
3.262677776037996580e+01
3.727529362297769921e+01
3.654435486533941457e+01
4.067235915611657049e+01
3.115036506572818453e+01
5.037128940676342381e+01
3.964251612863061069e+01
3.797931031567676285e+01
3.716890276507169943e+01
3.100257838492678175e+01
4.189075408190758054e+01
3.968193717054055014e+01
3.474733732757780302e+01
5.117293579717569685e+01
2.940740108531429442e+01
3.668020509835424292e+01
4.652469462645852616e+01
1.978894817965789343e+01
3.288634830783552587e+01
2.802999342856335119e+01
3.089537954315053980e+01
3.940560094233653388e+01
2.822227400242828921e+01
4.055889102877066676e+01
4.009509024758720841e+01
3.347740819367554366e+01
4.180437688924575212e+01
3.795994984427530738e+01
3.444640053934188018e+01
4.267304940340724073e+01
3.594777273257632544e+01
4.919444131650987373e+01
3.874290870181526714e+01
3.672561033434313060e+01
3.523186072496805110e+01
3.119100077791384962e+01
3.019795107218616081e+01
3.468065457168485466e+01
3.051149085940265238e+01
4.120865578910989768e+01
2.119319731984636945e+01
3.139020130909180040e+01
3.345889195576904740e+01
4.459328700506963372e+01
3.474953202472481451e+01
3.818010372375071881e+01
2.854328507555999650e+01
5.449391292473332271e+01
2.304472567103270464e+01
2.952515201043777182e+01
3.249638572673139691e+01
3.442145884743715811e+01
2.688659240103428516e+01
3.850303206760170838e+01
4.502862630745041628e+01
3.264050414131865097e+01
2.751061689510060404e+01
3.926132746253948369e+01
5.248065039313798508e+01
3.826708482792439980e+01
3.166898551438418608e+01
4.102276672474378216e+01
2.877915821694911003e+01
2.756409363237074217e+01
4.296893535823862464e+01
5.750768207890675399e+01
3.315007556884487627e+01
3.315268098157982735e+01
2.546903832743093332e+01
3.538916388453682771e+01
5.332730352241276961e+01
4.111155288669652919e+01
3.356784428717829627e+01
2.508383480505582241e+01
5.660884975024252697e+01
3.459437929133934375e+01
2.850476276215195881e+01
3.149661492894473014e+01
3.068753425160153370e+01
3.151292263310068620e+01
3.895933239046262742e+01
2.780413787652051383e+01
1.688778317122617167e+01
5.034578106627008509e+01
3.896150405004240724e+01
3.739490921359481490e+01
2.738505305916461907e+01
2.499071894247730796e+01
5.037340466864937838e+01
4.026522872791664298e+01
4.946622613854793116e+01
4.429280691420157012e+01
4.788873174181900794e+01
4.486077293661745813e+01
5.388636413142678805e+01
4.089544178863537383e+01
4.067533595304205818e+01
4.123179879972109063e+01
2.943982280536505414e+01
3.012861976938862085e+01
3.659666188804396825e+01
4.079438841579710129e+01
2.776020508794634978e+01
4.448647339074837959e+01
4.211038234673023339e+01
3.703902333133317626e+01
3.298477558034220891e+01
4.456581881917463761e+01
3.479579553490949451e+01
3.775361574272610454e+01
3.237799530523463432e+01
4.300697161833797111e+01
3.990254346392357832e+01
3.551031772420858346e+01
3.534021238033928825e+01
3.799236472335214643e+01
3.453802020088364344e+01
4.011753221407729342e+01
3.390285722006092328e+01
5.178635573094113909e+01
3.878538856495346465e+01
4.395577996042688795e+01
4.757613399886752603e+01
4.973892172034567949e+01
4.517317426245506340e+01
3.681645676897780106e+01
4.906077217485239572e+01
4.113530476924464097e+01
2.360892994767074171e+01
2.417148422897947313e+01
3.028388042887044662e+01
4.432473869619123974e+01
3.611516761493214744e+01
5.390160523676567550e+01
4.058598585803491687e+01
3.215094584640539210e+01
3.754457493725361417e+01
4.656801019628308325e+01
4.062453140975244281e+01
3.947242376159251620e+01
3.997968844994066728e+01
4.101301296091850901e+01
2.892867875336024852e+01
4.559433983801785217e+01
5.534860325543112225e+01
3.082782485731083000e+01
4.442208052002131780e+01
4.191048652423918952e+01
3.179936520547348522e+01
3.292786673021191746e+01
6.094688933912687645e+01
4.679153791816133889e+01
2.423144011351040206e+01
3.992312056511251228e+01
3.490095953275248064e+01
3.354386355272721687e+01
3.048426221547358139e+01
3.505665175536146450e+01
3.340438150804300221e+01
3.683774041372657848e+01
4.137377820577169274e+01
4.328435344798499074e+01
2.837011797351637554e+01
3.644176220998800630e+01
6.038397452332564086e+01
4.521909241836272741e+01
3.685228283606978295e+01
2.826391538701788519e+01
4.844261952368555058e+01
3.876130679966839665e+01
3.868651742378646929e+01
3.645301596292603818e+01
3.858640403693227228e+01
3.740106015023103936e+01
3.854105106436358597e+01
3.892782625499003046e+01
4.730050467092466704e+01
4.299456109773066004e+01
3.409715147727894902e+01
4.218199135639074626e+01
4.040933267332631829e+01
2.200994311576200602e+01
3.722486330555098277e+01
4.290007968388476201e+01
3.189305903715131763e+01
3.404998161862910422e+01
3.044005024578031282e+01
3.065771359318324940e+01
3.144852108837465821e+01
4.154618079936948050e+01
3.275638737864226613e+01
2.374501454807924006e+01
3.140818729333729209e+01
4.426545454699003557e+01
3.382859758961701147e+01
5.404864751739471274e+01
4.443081228816700445e+01
4.729071974183460725e+01
5.198277871061269195e+01
2.962827593922608926e+01
4.761795342622787786e+01
3.750639814056494004e+01
3.164103364950796404e+01
4.072507369997300231e+01
2.337738002504188728e+01
4.066251568283436768e+01
3.327024708538694853e+01
3.320818238240237719e+01
3.228530791691316892e+01
3.272473090288622899e+01
5.196624361991389662e+01
4.653109258158556116e+01
3.438685168937704617e+01
4.309349925456553621e+01
3.576142286407174709e+01
3.769861433051126909e+01
2.298942823172156480e+01
2.424111703355002589e+01
2.370328169689953413e+01
2.459613914621951736e+01
3.973765386713252212e+01
2.009999789491276800e+01
1.990840113258689570e+01
2.186065141608974827e+01
2.114814607780331102e+01
5.469509234860789348e+01
4.198485798550701986e+01
3.132100464227992376e+01
4.423305228737622485e+01
5.173582933305095821e+01
4.063293478249153878e+01
3.885836627033035029e+01
4.346900461292723605e+01
4.003417873906357016e+01
3.417894400436227187e+01
3.751360946805070284e+01
3.348068186582713679e+01
2.982798214480098054e+01
3.964652928291972245e+01
5.855798496484433002e+01
3.957731615393397107e+01
5.391341382495339474e+01
3.951563403862940049e+01
3.495054700654065272e+01
5.474407290089895639e+01
3.489055358384272409e+01
3.645360887510028647e+01
3.206744327521368376e+01
3.961813545948718485e+01
3.908742659157604749e+01
2.798887093805812398e+01
3.995103450381357391e+01
3.732162771400309254e+01
3.424808099649295912e+01
3.627338321849972402e+01
3.431470773507460592e+01
6.537388915362865305e+01
3.537386308435169013e+01
6.633093812022933378e+01
3.844701280255809195e+01
3.297405576810750460e+01
3.798385089790470204e+01
4.445280058278802926e+01
3.746217470155021090e+01
4.258259089284175047e+01
3.210569260257562263e+01
3.794808060077892975e+01
2.690102147932057264e+01
3.645478608245002761e+01
3.309802171081717148e+01
3.469821082521010425e+01
3.422532878191361760e+01
3.651735946439350045e+01
2.162953520927287343e+01
5.109668381647267665e+01
3.786559642593628894e+01
3.746955921102498621e+01
4.486274319175160485e+01
3.164897136076514883e+01
3.202334190686170956e+01
4.661936297435723020e+01
3.673014812263524931e+01
3.587788350052686326e+01
3.994077629070566360e+01
3.090518579790084175e+01
2.910785352436281315e+01
5.005957021114281247e+01
4.422224080000241031e+01
3.826232979190692163e+01
3.995104752053907049e+01
3.598694898552977151e+01
3.004289695934020088e+01
4.065757691049807931e+01
4.618563033835719978e+01
3.548542035386514470e+01
3.770871581855973886e+01
4.181105633429761070e+01
4.749263455215923813e+01
2.887848679473749769e+01
2.741160604888444041e+01
5.033515017783674494e+01
4.059578110560651254e+01
2.788208681804906419e+01
3.831589775197858216e+01
3.871136519751288319e+01
3.190383854220727500e+01
2.917848774108786714e+01
3.376635665828020194e+01
2.440257204038001859e+01
2.313476281947099267e+01
3.845146973099749488e+01
4.548927373712087530e+01
3.142005977338974532e+01
3.358133761493955660e+01
4.280478867452220726e+01
4.188101956582701746e+01
3.943618995496801460e+01
3.248830901180517827e+01
4.557463838302793135e+01
3.488019313764005602e+01
2.949399472963775537e+01
3.452058203536729764e+01
3.259385603895771055e+01
3.576025273582549602e+01
4.886047952951314954e+01
3.155107194330115306e+01
2.212963173311437259e+01
3.882015557912972525e+01
4.059706174694778014e+01
3.696374674701412744e+01
4.906702449926442000e+01
4.723426975780940751e+01
3.945398193118417396e+01
4.653506084840937973e+01
3.655191877214253537e+01
5.282813000184489738e+01
4.723071277702700854e+01
4.024796130903824576e+01
3.954940762963016709e+01
3.556386644174833833e+01
3.635403581217290281e+01
2.991958836156548074e+01
2.466195896710133795e+01
2.893459474316462732e+01
2.631255040573205051e+01
4.643478775158081362e+01
4.142431099422414320e+01
4.338100350698598362e+01
5.271351803908338240e+01
6.584515929375544374e+01
5.275402053394591206e+01
3.712397815072996821e+01
4.099415864206729054e+01
3.094578969922346090e+01
5.046508702695767568e+01
4.779235633606042200e+01
4.112086465453235462e+01
4.876863627682045177e+01
4.096833256689987479e+01
2.073135219523436845e+01
4.784528582096032068e+01
2.987511220839349591e+01
4.699452450952137639e+01
5.174743369753403499e+01
4.056675364500271286e+01
4.860147807489008187e+01
4.135442793129456618e+01
3.018219197939605891e+01
4.376881583409650744e+01
5.323542359582970107e+01
5.792403604470017342e+01
4.179804672882799110e+01
4.132786776587894906e+01
3.142939593136167176e+01
2.758007496394170133e+01
4.807087220240129710e+01
2.981985909030266058e+01
2.218064903997026605e+01
5.444314314550484113e+01
4.749348248511812898e+01
3.816641020787085381e+01
3.166750390793082204e+01
3.206528496407370454e+01
3.106832915950083773e+01
5.997831367545941816e+01
4.045366240408585412e+01
3.994214230098086915e+01
4.465721977006295873e+01
3.144146546554445720e+01
2.516213167228194791e+01
3.991931374305112001e+01
4.089013557334220650e+01
3.560455943597052197e+01
2.659916401728731472e+01
2.818369438655950887e+01
3.766685411144086970e+01
4.053437579119584200e+01
5.033449087236714803e+01
5.566671808003640365e+01
4.049930926334446468e+01
3.006841440197922566e+01
4.251536046139639069e+01
5.284142206532651898e+01
3.442953297354159758e+01
2.983298983096752721e+01
4.084256142809658030e+01
2.469706994724045046e+01
2.727016364847450092e+01
3.366964328611740598e+01
2.652430864345234696e+01
4.586992564830570274e+01
2.617768072993698070e+01
2.923381210102536087e+01
2.522630860322240665e+01
3.450315199780926179e+01
4.054673699272789378e+01
3.826865688892554118e+01
2.641890927926202437e+01
3.655782902808685009e+01
3.793164226536695338e+01
2.239404975142684862e+01
3.974888900639837175e+01
2.130296010487404956e+01
4.382827613475882345e+01
4.920630989688846313e+01
4.786023570694261764e+01
4.035465008849712376e+01
2.002972249958176221e+01
3.343906717023464381e+01
5.750750696770509762e+01
5.080119788780925916e+01
5.388546011742292308e+01
4.257551933935292965e+01
3.131196131244826120e+01
4.187431399756390960e+01
3.852630199214694073e+01
4.423736180112994987e+01
5.080766988443961196e+01
4.615033248873152871e+01
3.676544798057289398e+01
3.097106141041616567e+01
3.800727617937100433e+01
3.609911099295882053e+01
4.840634314856476550e+01
2.306760585467968028e+01
3.719854040495420122e+01
4.624501750530296817e+01
4.895115396323667056e+01
5.146731721110342761e+01
3.937690540093615965e+01
5.593444033702751739e+01
3.707175556729343668e+01
4.128743548482868420e+01
3.769709769237989860e+01
2.261661795376726047e+01
4.161560308087678806e+01
3.348720253806809666e+01
3.109049866934591932e+01
2.126300734274142101e+01
4.401478703836183115e+01
3.480797401240716482e+01
3.490190212320867147e+01
5.658864985812916615e+01
2.237212700417155631e+01
4.060990974862941272e+01
3.949559179053250801e+01
4.491285177243112514e+01
5.482115805600446379e+01
2.892067912185326506e+01
3.083481588026910813e+01
3.869081238611298801e+01
3.730108672195685671e+01
4.672129767180917526e+01
4.144536720873542635e+01
4.258777704166780609e+01
4.232360116450730914e+01
4.778390715081456364e+01
3.678373878441758649e+01
2.917200806618830100e+01
4.156779838975429442e+01
5.875009902835306974e+01
4.725438697654134756e+01
4.582645369524342271e+01
4.093316372747397480e+01
3.048896681937146980e+01
3.397866827541220403e+01
4.008405359930611667e+01
4.598630539873051504e+01
3.436719503005447507e+01
4.531324923143299088e+01
3.614516149008122170e+01
4.578724377926081246e+01
3.087845943900948242e+01
2.772138793359648190e+01
3.708303940821463129e+01
6.284044669476656964e+01
3.924704040120898441e+01
3.676479472321894093e+01
2.727223539453123280e+01
3.390559551336951216e+01
4.576077185112015400e+01
3.348326758647193202e+01
3.479253392756093177e+01
3.491031685332526280e+01
2.609043033948192658e+01
5.843602115822769605e+01
3.828932984643569881e+01
5.936454064290865773e+01
4.109001440272482597e+01
3.141743429721270786e+01
2.967719926907130912e+01
4.347182690624597257e+01
2.068100416884523440e+01
3.752019246643402539e+01
4.559084308555195264e+01
3.862118980626227227e+01
4.111118982965522406e+01
5.321718403558997323e+01
4.113360183510157242e+01
4.636687438602359634e+01
4.006224888415707142e+01
3.734639105216191979e+01
3.548258694965663551e+01
4.748448382163261527e+01
3.770842402338259802e+01
4.038897604126896823e+01
4.491021826026315722e+01
3.387055480820612985e+01
2.918358345555957811e+01
3.696241492948332308e+01
2.423194587695738988e+01
3.658732790436732785e+01
3.698194932477342434e+01
5.099395760981688852e+01
4.567873021280050239e+01
4.063401515276525799e+01
3.933942116419562751e+01
3.093208808396709486e+01
3.882412673497837829e+01
4.213509111099548932e+01
3.941944567143644917e+01
3.644526654306434921e+01
3.040836072976581761e+01
5.046381080477648595e+01
4.893380531102870634e+01
3.524784953190529535e+01
5.246726459564084166e+01
4.317829657632069029e+01
3.642068963269309734e+01
4.193222278679969151e+01
6.069915143340721642e+01
4.983680656945151100e+01
5.322794299482444558e+01
4.690548382544110240e+01
4.156316013655879971e+01
4.642853040078832549e+01
3.054997445271374801e+01
2.832461300097626378e+01
4.524161527476230305e+01
3.561373361168494966e+01
4.280653201188810897e+01
3.877876960064106981e+01
4.047354260843106033e+01
2.446117842557139710e+01
3.678963368469776185e+01
3.772263497716554070e+01
4.006799693977965404e+01
4.703277222445898076e+01
5.575223225548903372e+01
4.122970373010904410e+01
3.173197819204170855e+01
4.705900840434807009e+01
3.459819736131289147e+01
3.772640475567380491e+01
3.391548011715306643e+01
4.369660717271881367e+01
5.082020292365526615e+01
6.761630764920975878e+01
3.580652114495536864e+01
4.020930734745659407e+01
4.254286471829296090e+01
6.129060664655317936e+01
4.441623494184479881e+01
3.138572798052212676e+01
4.601369192462522051e+01
3.603097470574129346e+01
2.632033739790987070e+01
2.731978068959248773e+01
5.048124579078304208e+01
4.666959100292788776e+01
3.906156704347419861e+01
2.910799018026602170e+01
3.499015496271608328e+01
5.566011888464702650e+01
4.812151701148690108e+01
6.399213652001888875e+01
2.576958113589311594e+01
3.250763283343519561e+01
4.521597045960876926e+01
3.455179107750842604e+01
4.376646172359939158e+01
3.255364052136358310e+01
2.877775849272551767e+01
4.104122401173461299e+01
5.265015285990798333e+01
2.436353839587970072e+01
4.885369350878625028e+01
5.120041786540387818e+01
2.425710639134935320e+01
3.444204342449532419e+01
5.829403231353170156e+01
5.174804122213805613e+01
3.839773992781960743e+01
4.462245939488150270e+01
3.553892083995745566e+01
3.439362336501241657e+01
4.620652114127754118e+01
3.737777602519366127e+01
4.508100012035531989e+01
5.510137213111702437e+01
5.945121239274836000e+01
4.407059760976476070e+01
4.321936477625780526e+01
4.489493187499138571e+01
3.683860677266549999e+01
2.752336142777803119e+01
2.620489021661592233e+01
2.412986696621196714e+01
4.489583016221471468e+01
2.473261873859665627e+01
2.765046692120391114e+01
5.338056779774088767e+01
4.735811078396375962e+01
3.477528402358881010e+01
4.750269521938592021e+01
2.637787344705265014e+01
2.518032932680747038e+01
4.039261039666299524e+01
2.231206891200409359e+01
2.142221511786227595e+01
4.780443478781395328e+01
2.758043034951591821e+01
2.788564837210349623e+01
3.455932428280057422e+01
4.433744269054335518e+01
3.429568602214330753e+01
3.436128738667449056e+01
2.068802618830659767e+01
4.765847467996744768e+01
4.607985875801423958e+01
5.007494882360400368e+01
4.277860830419560756e+01
2.877900829675264660e+01
3.224921477437995065e+01
4.489676599990266226e+01
4.013120688095253286e+01
4.248325788416078552e+01
3.579105489462119039e+01
4.100045206340459458e+01
3.598762304859600647e+01
4.114937385547349891e+01
4.867579161742902727e+01
2.931426711175819122e+01
4.062366835064608495e+01
3.532193878771258966e+01
4.319283290989937285e+01
3.726616550479180745e+01
3.547748078080368117e+01
2.231349614940654291e+01
2.452497993470418081e+01
4.019959874225782670e+01
5.885068658965956701e+01
4.439927756389054281e+01
2.907310621812844431e+01
3.999881057136256857e+01
4.056166306459145687e+01
3.738551027098852586e+01
2.314859836609404198e+01
2.485342416353442374e+01
2.544752298524016254e+01
3.220442129667107878e+01
4.598022445550243731e+01
3.908282699820625083e+01
4.586719060312699270e+01
4.908238262740179181e+01
4.686924548039301897e+01
4.551921653640273036e+01
3.829994540537472147e+01
4.946860472831041022e+01
2.412740380291551290e+01
3.790815390350421410e+01
3.611275356501796097e+01
1.603556729248780499e+01
4.311642951155585735e+01
4.494916764305277468e+01
3.944784791592996243e+01
4.423534195902266219e+01
3.857340545592608549e+01
3.476186035738312086e+01
4.465515296564015557e+01
4.004536473089807203e+01
2.935315448954774808e+01
1.880382669936882678e+01
4.731155201482239647e+01
3.136129852349902691e+01
4.224785293639687467e+01
5.356096918765427262e+01
4.779825055397000000e+01
3.594740856848164867e+01
2.926710030227988568e+01
4.764081141049995693e+01
4.374846493854774820e+01
3.309448409769984778e+01
4.037339925612715774e+01
7.371791556102489551e+01
3.890578622698458844e+01
2.762031134744228567e+01
3.836005528111051888e+01
2.790558523158948745e+01
3.511739635594983611e+01
3.236924393507994324e+01
3.658941455756674088e+01
3.871478003106152244e+01
3.777044052629802451e+01
3.591303495501309584e+01
4.686866128556238920e+01
2.827602371806785442e+01
2.850475942672458274e+01
3.361869847097931086e+01
3.438221030769239661e+01
2.896983180080043496e+01
4.580612745479880488e+01
4.247977570160157512e+01
2.974669525016279437e+01
3.502965601786385008e+01
4.999972228968796628e+01
3.999776680141558671e+01
4.785105356877605232e+01
5.525454428825358377e+01
7.291376760444062199e+01
3.208065125009296281e+01
3.080089908359906303e+01
5.427170820986617628e+01
3.903854510767003916e+01
3.713837601837693825e+01
3.467151554019702075e+01
4.209629429878745555e+01
3.493779624488574598e+01
4.666083505497357464e+01
4.198669232877146840e+01
4.080460789045242365e+01
2.253748227668835824e+01
2.927994850029361018e+01
2.670732300776156976e+01
4.127754869413556804e+01
4.152348911987836999e+01
4.973840244965548862e+01
3.867677550829922950e+01
2.589460415888830980e+01
4.601120772214920152e+01
3.659510623592601064e+01
1.830538581437142298e+01
1.979625104148854220e+01
2.056190286973689396e+01
4.674330602926364975e+01
5.223782205389922950e+01
7.065641112633018395e+01
2.500662074702084681e+01
4.105130260861157865e+01
4.054759861041438285e+01
3.880403024266182399e+01
4.711027300768104453e+01
4.302111274889836068e+01
3.639972315735636244e+01
3.964173636811003121e+01
3.165933921764736780e+01
4.392516993462436403e+01
5.915572670612699824e+01
4.185504628286810913e+01
5.927722950567515880e+01
3.996062434540090180e+01
3.264976897389326638e+01
2.980620501868146377e+01
5.396175041279106210e+01
4.053666766782190933e+01
4.745348986435011085e+01
2.916742918265579831e+01
2.995280816205391616e+01
3.502221499646554292e+01
3.014837670860319818e+01
2.735977657642818173e+01
2.605002244464397521e+01
4.887065261852599463e+01
1.926256181800163603e+01
4.020251113882299165e+01
4.695376499827061423e+01
4.190142327203827222e+01
3.965641821057672445e+01
3.923833361456096469e+01
3.251171824495084195e+01
3.606148966239093312e+01
3.907799422022547731e+01
4.378157069695535597e+01
6.040553361468736426e+01
5.695287397413481045e+01
4.888036599625255008e+01
6.254292041403297020e+01
3.398790323076978126e+01
3.404607352104530804e+01
3.172526199957541948e+01
3.084047220594982264e+01
4.209412982331055986e+01
2.658113132663306999e+01
4.732429894394807945e+01
2.533711420464315012e+01
3.680752581183467953e+01
3.817732274755321242e+01
3.534888051691783062e+01
3.614510286731577082e+01
4.318929698789371940e+01
3.140224599377031112e+01
3.633006502858112441e+01
4.159109709633850116e+01
2.906981338638712842e+01
2.824127478309514672e+01
4.247571586337228666e+01
3.566362724085323777e+01
5.308291297591025426e+01
4.035503156700397653e+01
5.752325955071682273e+01
1.776317464777492106e+01
1.917773565543339487e+01
2.980799634232586470e+01
5.809465309446171943e+01
6.536834395511107232e+01
3.465340853250842201e+01
3.287471236191882440e+01
2.671032605486291800e+01
3.819279959535433022e+01
2.818263738490617243e+01
4.689440307845545419e+01
3.001808191807005599e+01
4.501071773534292930e+01
5.740771501084349637e+01
4.368932988058133304e+01
3.699270775557537405e+01
5.518410008854052506e+01
4.707077844205995376e+01
6.447015441472527186e+01
3.818230754138889438e+01
3.709618145679339563e+01
5.603062917721983638e+01
2.880283870650590927e+01
5.363114414207816338e+01
4.418741103939846226e+01
4.894307727623230875e+01
3.374442075458963330e+01
3.475810083776988790e+01
1.861351680158842115e+01
6.195882774766619150e+01
4.731956183230298763e+01
4.269015239789388261e+01
3.189990715167415303e+01
3.666386640321302792e+01
3.229632528982859441e+01
3.052931260959621440e+01
2.759513064812271566e+01
3.830863861405589432e+01
3.150983850811815046e+01
4.662347922764691077e+01
3.190522072014884003e+01
4.204845788639149617e+01
5.017812145971306848e+01
5.361356363253453594e+01
4.351380677280707943e+01
3.499907832305950706e+01
3.558905220636917477e+01
4.440899471823423994e+01
6.168352167118646179e+01
5.057871873835545529e+01
4.669921987527204266e+01
3.926462225260246441e+01
4.162895736697252858e+01
3.527470976819727611e+01
2.608615841121642376e+01
4.489054394715880392e+01
3.896429646436147465e+01
2.842459212228579446e+01
4.483870511870209441e+01
4.937658251449285984e+01
5.080533088918604534e+01
4.738017567871020219e+01
4.512873636583618264e+01
3.246612086239646544e+01
3.184239273718941021e+01
5.476455572447035536e+01
3.508425780091387480e+01
3.416345923709267396e+01
5.403080966767609539e+01
3.911477101077719709e+01
2.770159356675282680e+01
3.088066974155454858e+01
4.613558592131394676e+01
4.670541619903276143e+01
3.281288618664597578e+01
3.413585724631249718e+01
3.170828969964597022e+01
3.182748282325650990e+01
3.377133725090575922e+01
3.601151218421173894e+01
3.750144707510855113e+01
4.653174633214756994e+01
3.662429819116848506e+01
4.695924374500732768e+01
4.875418865302511762e+01
6.228905182878940394e+01
5.401197841295311974e+01
5.836407363125576353e+01
2.610586068443416607e+01
2.920870948756473950e+01
3.993046409214466763e+01
4.395193792986373893e+01
2.571651701371424892e+01
4.145443929727923660e+01
4.917891267515984310e+01
4.118050817506695438e+01
4.088620551828754657e+01
2.431645513838223138e+01
3.571213246920865458e+01
3.596761507036477923e+01
2.708446176614484102e+01
3.083938274323542572e+01
3.517502758407169239e+01
3.160027722214728030e+01
4.370385823544759063e+01
4.593013129729545341e+01
5.108927609439739825e+01
2.985208378323180156e+01
4.791578404539882996e+01
4.162255334699360532e+01
4.649345586640873051e+01
3.797530597269505392e+01
3.128936132516345836e+01
3.024849281890416108e+01
2.815846621476824652e+01
3.841282768291900851e+01
4.703026094406342850e+01
3.219878787496852368e+01
3.308733416663535110e+01
4.584271705003747144e+01
3.623633985005437097e+01
4.417589231660189597e+01
4.617257571914613834e+01
3.461092658183624593e+01
3.233358761182437036e+01
3.793215775318495986e+01
3.187767710658395970e+01
2.246116661913453427e+01
4.419390063194876461e+01
4.087812218092821581e+01
3.361667634822999418e+01
4.329816749835759282e+01
3.052501998483779744e+01
3.072725194429707685e+01
5.021258691591761192e+01
5.779555062933669518e+01
5.947249324208863186e+01
2.240848108705050024e+01
2.116997019904235700e+01
2.862684014881731542e+01
4.181478012520587129e+01
4.045288932911088153e+01
4.480852008002665343e+01
4.417403446170720827e+01
4.225760835437780116e+01
3.938677957971614774e+01
5.381008980956110577e+01
5.468297660314212294e+01
5.085685750124819293e+01
3.970086169297284329e+01
4.820543050112257077e+01
4.239225158588338616e+01
2.853610177150379457e+01
3.219419279415948409e+01
2.545665940813106332e+01
3.390426391452120924e+01
3.903551748312550274e+01
1.857624069735385319e+01
4.458050074646477157e+01
5.208899475673901946e+01
5.189926749565061215e+01
5.797297680740341264e+01
3.819363889551291891e+01
4.897609850637574880e+01
2.332495680273397198e+01
4.546082088117208997e+01
3.221698647326271470e+01
3.410843871132092886e+01
5.042371658545899038e+01
3.304466609255997156e+01
4.921406566137828520e+01
4.726565381294730628e+01
2.108521623473484752e+01
2.068073088815150840e+01
3.590935664938175620e+01
6.953219725788169114e+01
2.301279426647592530e+01
4.656795156207663666e+01
4.117826050428701734e+01
3.548501088334774778e+01
3.517607673325516515e+01
3.908309335195721701e+01
4.280707146950322795e+01
5.799313806033278240e+01
2.636975118740630464e+01
2.864221720472297861e+01
4.012739607853313828e+01
3.860768145508334470e+01
3.760331079281170474e+01
3.852897958513920429e+01
4.510408508867848809e+01
3.544630777597170379e+01
4.657152388146686661e+01
5.286752395513985903e+01
4.945314026286285980e+01
3.115228989240688051e+01
2.126024577075439481e+01
3.425656531820880701e+01
3.914481144286707348e+01
4.781536278643294224e+01
4.181324167967375871e+01
3.816810573246320359e+01
3.549999274532284943e+01
5.012740520625959562e+01
4.736985136654810447e+01
3.765541899888851418e+01
4.764035106448153556e+01
4.305459835063088292e+01
3.977614463891129759e+01
3.767531639556386125e+01
6.260570608252631075e+01
5.377991970427834190e+01
5.210102154345434400e+01
3.945603183086635823e+01
4.921872160689679987e+01
4.048571788072921862e+01
4.070577738923260114e+01
5.017952574914684050e+01
3.455260735864644062e+01
5.562800405197989306e+01
3.358455764905251328e+01
2.574566169417340689e+01
3.739484735787770120e+01
3.657999166515223521e+01
3.327572759349724407e+01
2.885656577800624589e+01
4.017637624779291627e+01
3.227997755410838465e+01
4.104383771465932540e+01
5.249023037977015349e+01
3.523084966299212084e+01
2.945958397561049225e+01
5.555538589184686771e+01
5.212075269796248023e+01
4.745157965261488897e+01
2.372362827602759339e+01
3.797137002362820368e+01
5.059261937951993104e+01
3.979978231652221865e+01
4.315767168546685184e+01
3.751900760788161904e+01
4.499331600350651428e+01
3.954513144302374172e+01
2.836628597202319213e+01
4.422157720676565873e+01
4.607143019195964939e+01
6.029120755233942219e+01
3.323823647378313240e+01
4.407948401026348506e+01
4.850373184763923717e+01
2.118092198750639454e+01
3.525834735412591670e+01
3.742129677607181293e+01
5.181049849304177712e+01
5.059519124589021288e+01
2.828073787648153470e+01
3.125949305806511092e+01
3.173466706376535029e+01
5.282031995368251387e+01
3.940403434585531528e+01
5.567588168937827220e+01
4.213000995356030387e+01
4.464889665946891739e+01
3.840715830892264648e+01
5.277404532156030825e+01
3.655049243498050515e+01
7.084342081618569864e+01
4.862400967141876862e+01
3.761062287250462077e+01
5.161663586468198162e+01
4.604014641203341540e+01
3.984807859847585831e+01
5.641085262985856019e+01
3.598767064269516425e+01
5.079083381580596779e+01
4.891994715246516279e+01
3.492855421918581982e+01
3.140927922908151615e+01
3.119161941407108074e+01
4.883997800832423763e+01
4.278138316263793683e+01
3.400250407042841516e+01
3.193335786711901747e+01
5.053836095606148149e+01
6.664271391362134977e+01
4.724876110235984328e+01
3.124506125073687457e+01
3.644772013279265366e+01
3.367632728660817776e+01
3.680203740824711645e+01
4.905166894024227986e+01
5.875996687393941897e+01
4.241351931540816622e+01
5.686494172150771931e+01
4.103436470470412445e+01
4.293803465737944691e+01
4.679288698560823434e+01
4.347797329121945609e+01
2.639978802979901218e+01
5.930801354476827925e+01
3.876563989223392781e+01
4.082912821427588312e+01
3.649344058685738901e+01
5.829847899051152638e+01
3.846897425938715998e+01
3.795066893666966479e+01
2.076356915663254554e+01
1.816520339797018480e+01
1.766466117998025354e+01
3.809478439466546718e+01
3.855804446896442528e+01
3.674140199802403828e+01
3.696976971030201753e+01
4.404977870815329055e+01
4.916259496368594739e+01
4.395327171163062729e+01
4.583519456969946049e+01
3.711263530919814002e+01
3.726939684074854142e+01
3.636032146603296411e+01
4.368297469599545479e+01
2.539685095535624981e+01
3.738813312284559487e+01
5.361646496063772815e+01
4.423973812320603827e+01
3.304704751676337082e+01
3.535679946430147425e+01
5.845345576247443375e+01
2.423437202383577826e+01
3.307068664888541321e+01
5.275948798190692912e+01
4.498814177917626722e+01
4.237608668587092353e+01
3.580358193236790498e+01
6.139978458185144206e+01
4.018103792785284867e+01
4.424827743257907287e+01
4.792483162799988605e+01
3.763923689975049314e+01
3.236331279920754156e+01
5.131534632984497790e+01
3.822549482371147889e+01
4.759330962120303354e+01
4.980943294819692824e+01
4.802653836397955445e+01
3.210095925311015463e+01
4.192531929077995301e+01
2.076188226432315176e+01
2.553642668410407879e+01
4.182953651552543306e+01
5.124256559473336381e+01
4.425222987180315215e+01
4.697142859719900088e+01
3.203495345286080465e+01
4.713507935945779792e+01
3.483735317473347948e+01
4.105387947456521403e+01
3.273317898038097695e+01
3.519771544347662484e+01
5.746184834722804169e+01
3.846557775385132771e+01
3.510462911545056386e+01
5.609186016506428274e+01
5.942541552474266808e+01
5.627413042258195475e+01
3.719611893450059625e+01
4.891083233924846496e+01
4.235551399617775559e+01
5.098280150287413903e+01
5.058858743897381771e+01
6.001749699367844215e+01
4.681746144840639090e+01
2.738182818305580923e+01
2.688954198111600391e+01
3.734851950268497234e+01
5.133360614730022320e+01
4.128724524785025096e+01
4.691006146143124766e+01
3.225593098662529457e+01
3.399159386647936287e+01
3.250693736968575820e+01
3.394833958564692722e+01
3.343571350697325073e+01
4.127249532058547032e+01
3.813011654927480976e+01
4.972931602253616035e+01
4.182961503653811519e+01
3.341806610083558837e+01
3.794778959579900146e+01
5.001293868299380563e+01
3.778762605236435945e+01
4.164580519056175234e+01
3.761410758374109520e+01
3.806053737476267429e+01
4.230433141427837995e+01
2.782177792381633097e+01
3.833340601213780019e+01
4.247190629316381916e+01
3.472041511665576508e+01
3.154882724384615145e+01
3.655771183328663909e+01
3.234390661419967472e+01
5.147672128519146639e+01
5.446366123988629226e+01
4.842764511230380720e+01
5.997664408977338724e+01
3.679931304729147001e+01
2.956822088041232988e+01
2.465839573368919702e+01
5.303994089726149497e+01
2.960194073757189415e+01
3.103556719881773063e+01
3.312999837678112414e+01
4.283534382790892892e+01
4.073182852390191044e+01
4.223092915689971960e+01
5.773629292091774090e+01
4.151207225220498032e+01
5.182679221967132577e+01
5.989581523314078737e+01
3.880300902541436159e+01
4.441906364022931086e+01
4.573411852439427605e+01
4.166668505723777827e+01
4.624840145835481309e+01
4.139367605581108478e+01
2.428406624707949035e+01
5.501655112915693024e+01
5.107653459174949262e+01
3.815731064677716944e+01
4.987540630130749975e+01
5.131589204740184584e+01
2.458426508458140702e+01
3.069492160178612039e+01
3.405380421210315234e+01
4.195299783380425396e+01
3.213921697485149309e+01
4.058080894148929474e+01
4.467645395865623215e+01
4.068686160360280724e+01
4.052991940476246668e+01
5.748581583578452836e+01
4.633086809797007533e+01
2.634094389859659557e+01
3.039446729163587690e+01
6.628330969701910647e+01
3.678555256835307574e+01
5.125984289366360969e+01
3.279157829359103715e+01
2.858377847898757551e+01
3.530443315544629002e+01
4.167592254416909014e+01
2.478337574139573363e+01
2.100673858503882840e+01
5.018144452243448939e+01
5.250228435517386316e+01
4.322156694893398310e+01
5.247767006883152874e+01
5.551822185114988173e+01
4.763089242350822161e+01
4.158261037268930238e+01
3.792863237671149790e+01
4.716818301168015637e+01
3.068276539109378120e+01
5.375262142859514825e+01
4.013381086994491653e+01
4.312205825074601506e+01
4.434139348382955603e+01
4.711632979505147034e+01
5.049967570246711546e+01
3.823875906546335557e+01
3.589007521640271392e+01
3.982498598817843316e+01
3.858183594055608268e+01
3.690622328754879788e+01
3.846302053702946466e+01
5.320683065887656227e+01
4.942700503921584243e+01
4.692704273697086137e+01
2.757778512647491453e+01
2.100639940306151843e+01
4.444426223791192854e+01
3.948143244151853537e+01
5.086749924386531774e+01
4.551265588189197331e+01
4.622924806119670649e+01
5.134591495723550736e+01
4.172624398177213578e+01
5.466923067331713781e+01
5.289960812765558273e+01
3.888088449237532984e+01
4.539704466823037876e+01
3.909307019272031880e+01
4.717232604380906480e+01
4.326169955593833549e+01
2.269238061208197976e+01
4.493229785815613297e+01
4.301697805729835267e+01
4.425058214924396083e+01
4.685080707085148077e+01
6.013019324243924046e+01
3.664460765916735596e+01
3.400151891907303536e+01
3.193335079156048550e+01
5.731659589949957478e+01
3.557599371963696200e+01
3.026263570073923859e+01
2.549187399451078306e+01
4.851575193202974390e+01
4.502472075223176518e+01
4.223450848110609712e+01
3.983175415253740681e+01
4.639345008089634348e+01
3.877858749032193941e+01
3.263678003242196013e+01
4.593616762455617675e+01
3.542300678495023192e+01
3.332111279915901747e+01
3.136829060811994907e+01
3.729658017093977662e+01
5.369830450806924205e+01
3.448695086484233485e+01
3.977836094639213371e+01
1.963740959313354750e+01
3.415327208928666636e+01
3.257475676219667804e+01
3.153815002372378373e+01
3.658758022588957459e+01
3.277558777064283646e+01
4.404397255837705671e+01
4.345174639018134144e+01
5.805109350357242448e+01
4.105455311150598874e+01
5.966285898356868245e+01
4.466778309017615811e+01
4.729767658178027290e+01
4.199403463965091987e+01
4.397442933492069983e+01
5.723330732922761399e+01
3.815676553783573155e+01
4.552721454524308342e+01
4.162914755417440205e+01
4.218680674131925912e+01
5.333001872262290277e+01
4.728871850047595871e+01
4.544032531370610428e+01
3.620819895428973467e+01
3.670709924764764054e+01
3.578327036533431027e+01
4.688639368684322761e+01
3.908831287456533943e+01
3.855292302569214513e+01
3.498082545107753560e+01
6.198166249022861507e+01
3.198198497986427924e+01
3.535124963969338552e+01
3.345989492465972148e+01
5.949205207640338244e+01
4.610448633233006888e+01
3.738732547408265106e+01
3.805505608737903600e+01
4.113236076863383062e+01
4.708794066982195403e+01
2.872432556198324605e+01
3.314785921915324707e+01
2.978587831693652888e+01
5.132115141434484684e+01
5.647447336796517448e+01
3.987297696211933840e+01
3.495116519681683087e+01
4.574312606973254702e+01
3.886022089220607967e+01
4.215103459070037673e+01
3.370465575548484338e+01
3.237488205680983100e+01
3.010127796405629041e+01
2.770329128667666296e+01
7.183343624957606721e+01
5.493860046872982394e+01
4.148642696947833031e+01
4.167668733114796709e+01
5.412831645879528253e+01
4.858620032814327772e+01
5.022185766078550273e+01
3.694228951730583788e+01
4.260160252437680839e+01
4.378559488171207903e+01
3.948029199791158561e+01
3.720805783697385749e+01
2.862065720940123370e+01
3.538644718146326795e+01
3.854815467762378489e+01
4.356044368122484656e+01
4.127400806050759741e+01
4.275825005083274988e+01
5.303965041812521974e+01
3.729374585784861296e+01
3.645449366922194656e+01
3.935338355202024729e+01
3.821545626501530535e+01
4.967124635712130498e+01
5.490638582114505795e+01
6.137053824216952336e+01
4.926200775782235297e+01
5.851128306617659547e+01
4.526337303963371994e+01
5.167265021985416951e+01
6.349274773749157674e+01
6.471666208518244900e+01
4.149445111747454717e+01
3.442314026830873530e+01
4.169026246716531148e+01
3.661119148182681471e+01
3.968345127328505129e+01
4.167915339599139202e+01
3.437218494133186653e+01
3.696018538021384359e+01
3.272553052601573853e+01
3.117064468322479698e+01
3.685306127194432690e+01
4.815704591342991847e+01
4.431816886687394685e+01
3.353353184834306688e+01
4.564351371648093192e+01
3.930172307556779998e+01
4.205889113750214392e+01
3.883241741203390518e+01
6.380161934377404265e+01
4.190606952077104808e+01
3.615268068332392914e+01
4.145023647486856788e+01
4.552587740918141179e+01
5.709587115405807367e+01
4.304025283254599543e+01
6.582167053711523863e+01
3.712654890728664014e+01
3.175245980484506703e+01
3.024591672776912787e+01
4.611419436330503174e+01
4.548028576552948721e+01
4.991706049560203695e+01
3.596210426916979941e+01
3.408804398876960562e+01
3.316171831331898545e+01
3.663032134160762610e+01
4.310061249516437698e+01
4.688689939960052300e+01
5.143459796092435710e+01
3.449787273451615732e+01
4.136930377341652587e+01
3.563591016707182746e+01
3.287881342670107898e+01
3.734274885479604933e+01
4.396747619555059572e+01
3.771747228933110563e+01
4.056423617747140042e+01
4.205354110523370537e+01
4.454961374538011398e+01
6.076791698241200379e+01
4.122745019652722220e+01
3.452362356028294954e+01
4.424751489135249471e+01
4.942556979006047158e+01
4.079097425226963480e+01
3.946727112372437318e+01
5.652002895289893303e+01
3.665154896306088972e+01
4.802988734545968441e+01
4.866959374140729011e+01
3.085299154203980976e+01
3.744259870981515093e+01
3.247651884299537528e+01
3.845262399734100001e+01
3.714754342368656381e+01
5.772275627554127198e+01
5.542736160670164480e+01
4.715008225124901742e+01
5.025028705295998321e+01
6.452737209163174725e+01
3.590251355024961555e+01
4.967513338063638884e+01
5.135084757889675444e+01
3.880455177684140011e+01
3.079288675783509532e+01
3.905444170282337524e+01
4.817351205153580906e+01
4.811745285183603471e+01
4.672085392740613941e+01
3.973662386500611632e+01
4.173633300821771996e+01
4.549446446698401303e+01
5.131564693542060951e+01
2.439431300206669562e+01
2.515110762674909139e+01
4.791995116128897791e+01
5.606975614639465988e+01
4.948727106249430818e+01
3.836167165769829523e+01
3.919627851984619582e+01
3.871538603692554403e+01
4.474052823045886385e+01
3.636989316677875195e+01
5.425174562558702718e+01
4.525565415833167293e+01
4.262286598851009245e+01
4.090863563604047215e+01
4.503706440622397622e+01
4.052607581165206341e+01
3.809678675971415629e+01
5.096404818787380719e+01
3.701069919445311029e+01
7.048640085664841592e+01
4.654827482461452348e+01
5.911751866250060061e+01
5.005777869534040292e+01
3.994179952619351326e+01
6.184471970840198196e+01
4.512097859153248436e+01
4.167885120841123836e+01
6.638252978241327185e+01
4.608552570589182551e+01
2.389847391481890426e+01
2.365017750547030673e+01
5.854979882035662087e+01
5.424894116701162261e+01
3.014942693524983497e+01
2.334517643648302609e+01
2.693712309412023842e+01
2.525371181265144926e+01
3.750923816882331607e+01
3.865992000095704384e+01
4.780745163311701162e+01
6.586430998365848666e+01
4.737358562340140367e+01
4.390783620497777662e+01
5.310413778837392584e+01
3.896934241701184476e+01
5.791849240948069166e+01
5.054290334383860284e+01
3.850920559032866919e+01
4.741272476264259694e+01
5.300059244032263450e+01
5.031518699651085313e+01
4.869207945426951056e+01
5.460779897296698948e+01
5.218724243648535577e+01
4.867965902569189751e+01
5.003189570775563766e+01
3.713351860469150978e+01
2.499103075961806653e+01
3.815636676459255483e+01
4.396443679020610773e+01
3.386485585814023125e+01
4.850276949376461033e+01
3.857220956527432065e+01
3.587905952659601638e+01
4.743135718059294703e+01
4.945731993897356205e+01
5.211593113128012078e+01
3.383429376081619466e+01
3.272137360928523009e+01
4.275846432212584602e+01
5.652525105199303113e+01
4.136498158683155424e+01
4.980297380148419251e+01
4.893020034340083413e+01
5.378615275836623510e+01
5.743748418236383912e+01
5.105340527008234375e+01
5.177606376447365477e+01
4.054264789875952602e+01
3.528755865504312084e+01
3.384477075819575020e+01
3.415644818452251030e+01
3.247117756129605226e+01
5.010085638312492762e+01
5.102922547785463081e+01
2.210651081403410601e+01
4.123241936066784064e+01
4.779014910298074170e+01
4.603591910027230938e+01
4.606651838734945414e+01
5.030158695029955851e+01
4.505472110507263039e+01
4.531428455124353860e+01
4.805849138364283135e+01
4.180501779065478729e+01
3.583642216960114979e+01
3.484783447241898813e+01
5.688985326828704814e+01
4.755891460267254445e+01
3.672565538132224106e+01
3.832550370975643261e+01
3.585526094046260681e+01
4.967909325717055680e+01
4.354392473681217979e+01
5.014445974280018703e+01
5.934229035440498734e+01
3.255407635423636492e+01
4.447275673720088207e+01
4.633838386609233595e+01
3.939791083735341459e+01
3.144529891985097336e+01
4.101733818569353218e+01
4.125196364980628516e+01
3.611620546561446332e+01
3.796193340349505974e+01
3.179467662578459652e+01
2.577692529560541956e+01
4.935749039808212046e+01
3.234142175855568979e+01
3.315250173792178146e+01
2.610104145728384495e+01
5.796014565581155153e+01
4.759756609131985527e+01
5.334344553278481982e+01
5.254104005751074880e+01
4.612394639172469368e+01
4.477118325301323409e+01
4.337996014353544894e+01
2.981957133516420555e+01
4.249519592961971881e+01
4.752028965043922426e+01
4.363602270275769257e+01
4.503456370645924522e+01
3.504098949688835063e+01
3.558954541457934084e+01
4.264346979759120870e+01
6.595878039217983257e+01
4.994615386097840570e+01
5.732423302977976931e+01
3.881823952982571058e+01
4.018129069943739751e+01
2.961697949048390299e+01
3.225291506951454323e+01
5.275881309987809686e+01
3.822936983092923668e+01
3.144841264061191666e+01
4.204395630408858153e+01
4.243072226883489151e+01
2.847926981292370385e+01
2.540930654535933897e+01
4.274608145823007987e+01
4.004659645587732797e+01
4.856959797527556333e+01
5.043250600847390785e+01
4.964387104903718750e+01
3.829281659169905794e+01
3.777218235333452157e+01
3.275921251517211630e+01
5.566249434498547544e+01
3.611967042469572675e+01
3.285636743093854761e+01
4.742443436794788170e+01
4.387399109449343371e+01
4.306764984879570335e+01
2.185066149407931491e+01
2.222404792358392456e+01
3.144373849331185511e+01
3.519095647356537171e+01
4.127842599918631095e+01
6.070662676402524482e+01
3.835831405268189087e+01
3.159728137582083107e+01
4.679404617165027958e+01
3.577084115652831997e+01
2.642315778178094376e+01
3.532671447612997184e+01
2.871355199671624447e+01
4.309386657382597718e+01
4.258831713053236712e+01
3.341987774675121159e+01
3.983844432252775647e+01
2.717559716050164198e+01
5.425116240073622720e+01
4.575950751700073482e+01
3.544657754591855792e+01
3.503577614201212498e+01
3.735758900133286886e+01
5.032042847742681602e+01
5.410351440812978296e+01
4.214515406771519679e+01
4.596802662593194810e+01
4.315767426862414879e+01
5.699799892043325400e+01
4.309146926612173445e+01
2.545968115302523671e+01
2.524442423831613169e+01
4.701870629099690291e+01
4.373977385102997317e+01
4.139333847406421540e+01
3.360233709219772180e+01
5.085758936527965801e+01
3.685283272514458019e+01
3.451375349324684549e+01
4.630437108312616346e+01
3.457238075941344846e+01
3.811068534803046504e+01
3.002787954148140770e+01
5.017205568677987770e+01
4.481200053316385379e+01
3.540527077009974022e+01
3.987016418497716330e+01
5.447312838033180782e+01
5.311981935129769994e+01
4.186525849403194854e+01
4.035005270441757830e+01
4.334899850342074501e+01
6.560434357728395582e+01
3.376951120739689571e+01
3.849476585204754286e+01
4.292327626667924534e+01
4.894981282730423544e+01
4.020322439139440718e+01
4.858922963856304733e+01
4.542591888130205291e+01
4.925303598193902133e+01
4.053956586319384314e+01
5.229242114214201820e+01
4.565366617825281992e+01
5.551901794881548824e+01
2.664626722623388488e+01
5.340887679471930483e+01
4.924215611328893516e+01
3.872050374726872946e+01
4.829859700313418358e+01
3.729932056861082401e+01
3.460298283626310223e+01
3.886029739584427745e+01
5.967386402892169883e+01
3.385112720552000809e+01
5.840612765165854370e+01
3.398905060392203836e+01
4.292817175017916753e+01
3.941697298071616018e+01
5.733422899354003022e+01
3.704514023794401822e+01
2.099252399043694695e+01
5.627048510371508883e+01
5.239831593083273020e+01
4.577975585485515353e+01
4.071019748045091546e+01
6.381494241180966043e+01
4.258851288712848060e+01
3.220352398816964978e+01
3.723371510995995237e+01
4.216484798050386473e+01
5.935316831597361897e+01
6.205348166946629362e+01
4.823450245602091968e+01
4.043264538380817896e+01
5.912255295004631961e+01
2.410933938654298103e+01
2.389710818484277510e+01
4.889382528125231175e+01
5.439076423391988868e+01
4.123728899306557594e+01
2.674592515650717672e+01
4.110724330444802632e+01
4.794892141742840863e+01
4.131177025331263053e+01
3.930181054966374887e+01
3.758017682161788997e+01
3.932058670077310580e+01
3.213422786243402385e+01
5.906602802285627973e+01
4.774903421245568325e+01
4.658654208181611978e+01
4.892119744327563780e+01
4.587474070362800660e+01
5.103521610035571854e+01
4.173028918557805866e+01
3.632973879985864585e+01
3.304688693205501693e+01
5.346819490791818197e+01
4.430792076880384656e+01
4.482314340628411742e+01
3.884049884487478010e+01
4.240528334037317393e+01
4.168189624941464899e+01
5.103210648464752808e+01
5.900323414916476850e+01
4.453702878901915341e+01
3.881152616335578642e+01
5.077152803725009989e+01
6.232790855080808967e+01
3.341042291160464117e+01
3.714202970529754566e+01
5.161673893913992117e+01
5.472124289154522359e+01
4.934971598593535447e+01
2.375478357362863591e+01
3.247648164002342241e+01
3.965003342560316213e+01
3.918924089598089466e+01
3.670949055837091635e+01
4.079928434642313562e+01
3.811718965650422319e+01
4.556143559242826058e+01
3.481273851536010966e+01
4.911984150619871770e+01
4.685580685478367258e+01
4.010797986047967356e+01
5.377249871697315342e+01
3.774030084166061272e+01
3.614728338460850665e+01
5.171393380151037178e+01
5.497037504856839263e+01
3.458312867870415630e+01
5.194556103796083590e+01
4.355900387696327414e+01
4.276850537033698885e+01
4.019872886152082714e+01
6.450120775421865460e+01
4.944823023246160432e+01
4.436258467249069781e+01
5.118036080083201966e+01
3.888724473981018548e+01
4.336473021103491021e+01
7.679592574329323895e+01
4.894502218344439370e+01
5.155677450172274945e+01
3.984232063860578421e+01
3.109692054317381604e+01
3.255708170579060123e+01
3.485120597244151952e+01
3.352699435294753982e+01
4.779070859455202225e+01
3.725147458842258175e+01
2.852207752776167382e+01
3.146764128626395518e+01
3.993760092980157594e+01
4.415274059218486258e+01
5.105065506188121560e+01
3.075681912867916168e+01
5.750093050452930754e+01
5.720676324033025395e+01
2.633824408703405950e+01
3.331331537790334352e+01
4.329249544656403259e+01
4.025193841404625772e+01
3.712921398626891545e+01
2.936519665690266834e+01
4.019320776040354559e+01
3.024689132109731915e+01
5.547527833256026497e+01
2.410945280291556259e+01
7.213301246714490844e+01
4.778396461841894904e+01
4.329977085930482872e+01
5.130562703275370495e+01
5.916422164111782678e+01
4.106877172411288512e+01
3.495634611894336530e+01
4.736883043553811490e+01
4.786494736595827959e+01
3.953666386359849128e+01
5.005152748914535010e+01
3.337791272006865739e+01
2.861502161765241681e+01
5.261155802696154637e+01
4.250217784837066404e+01
4.727811800663644703e+01
4.042332612610445608e+01
3.941922213311447365e+01
4.526675580411442468e+01
4.524107205322385283e+01
4.865561732737241840e+01
4.877823789758857487e+01
3.680796915905592925e+01
5.442948520928542422e+01
3.975362297254412169e+01
3.536672303413293861e+01
4.878467551601355723e+01
3.834382324846418300e+01
6.140391979659560207e+01
6.663627887736707578e+01
3.784735522185227552e+01
5.248304220893010807e+01
5.133870221288990621e+01
1.871877761215677793e+01
5.001703508448958502e+01
4.121806036064875656e+01
3.712081415248497507e+01
5.850844401618731183e+01
3.513596706150092075e+01
2.820272708240634785e+01
3.056973981178686373e+01
5.238349124727709238e+01
2.768478662764628595e+01
3.446758915306110538e+01
3.871483371021540165e+01
3.049521108613902243e+01
4.546554624457440497e+01
2.345952260097160647e+01
4.381047006588124049e+01
2.452475752689881361e+01
4.290311286341310648e+01
2.521654881640903767e+01
4.311237573821436797e+01
5.834405748816944026e+01
3.493999326377163328e+01
2.754179050764994940e+01
3.040649623483443520e+01
5.568154856103976869e+01
5.037616255082461691e+01
6.616384504311342596e+01
4.621454688401784949e+01
4.749927850340233704e+01
4.112538914001085288e+01
4.460602084818128787e+01
3.930975972667825857e+01
3.667153427209347427e+01
4.148082431587469188e+01
4.209102364202433932e+01
5.047076807691651368e+01
6.113880107882027204e+01
5.428746321561865074e+01
3.835441214579471847e+01
3.023254759292700555e+01
3.367010817745011764e+01
3.788495541973983194e+01
5.192461864318305231e+01
3.430083756763735892e+01
3.418892359824209848e+01
3.080739719304227364e+01
4.655564050085477845e+01
5.107802650654124932e+01
4.213236625843210703e+01
4.022094131820963980e+01
3.334825340464507804e+01
4.321404423845804388e+01
3.284765402291925795e+01
5.533210348462122141e+01
4.536968861111768092e+01
4.824498208258662402e+01
4.756488029756049940e+01
4.707964477096342648e+01
5.500112046230673712e+01
4.146644558529983726e+01
4.427537527705290188e+01
4.727161713655476660e+01
5.637045147120714716e+01
2.734028773433241000e+01
2.626698700276163478e+01
3.681648286242177193e+01
4.072516229987991920e+01
4.738870697077219063e+01
5.067592768876883014e+01
4.582220592946238469e+01
6.345574748071820892e+01
4.970221993005693406e+01
4.142694403269486259e+01
5.413693857119304909e+01
4.741998326642372064e+01
3.000500535382864342e+01
3.223707847464581988e+01
4.740494007722449510e+01
4.073188514389536152e+01
4.396807294768459684e+01
4.184347800321634736e+01
3.277909743359148820e+01
2.609259994101818236e+01
5.244211543759800520e+01
4.179721850594423671e+01
4.339095492149623112e+01
3.844055800789669775e+01
5.594851466998085243e+01
5.477675422887715229e+01
4.541796878582360364e+01
4.121425588522760819e+01
5.242006576932391226e+01
4.281927555236874383e+01
4.778971767441716878e+01
3.118540887198558309e+01
3.144649836481827165e+01
6.390300910799047074e+01
6.005793920255746343e+01
2.739019116303933998e+01
4.852374558542828709e+01
4.248909740715512839e+01
5.325531705690263351e+01
6.724304638259991407e+01
4.716018389054095650e+01
5.366621411022017440e+01
5.648947081232917355e+01
5.387157663520916628e+01
4.003784135835145008e+01
3.509517354812038548e+01
6.289098015805219433e+01
4.903075657399316611e+01
3.492151384081719812e+01
3.490121967033964268e+01
3.350244178063390166e+01
4.211561077438382483e+01
5.052420228069772890e+01
4.618435610599184571e+01
5.157979969416005162e+01
5.516406155272529332e+01
6.995787640590387468e+01
3.538663524264851645e+01
4.790291472236038572e+01
5.878216440453388003e+01
5.336488146027843271e+01
3.544093746205549422e+01
3.677567868210095980e+01
3.898821969893467809e+01
5.170858420075951756e+01
4.726127826231271456e+01
4.332770100592490792e+01
3.683937463438848425e+01
5.333140436975509147e+01
4.836200577546590296e+01
6.199796890679010630e+01
4.702706448078651391e+01
4.779022006626799879e+01
3.481569177364200840e+01
3.526955015668303162e+01
4.318619095755789061e+01
6.033165679686437954e+01
4.666019986964347055e+01
3.571037154729489771e+01
4.513514214465850216e+01
2.936688463817540296e+01
4.768262724735607350e+01
4.815848722081996414e+01
3.642595897780446990e+01
5.371149303601390557e+01
3.197331407683051196e+01
4.722109249252483210e+01
4.407003963195335672e+01
3.975900855071582640e+01
4.743430786880731631e+01
3.304374055343238581e+01
4.614031809504418646e+01
5.508773666799759638e+01
5.694109674533184773e+01
4.656553625800518859e+01
5.347388119833320985e+01
4.842834413545925543e+01
3.551131563255825796e+01
3.666858262995693707e+01
4.624799798182358757e+01
4.300013253104437183e+01
4.956258786181812326e+01
4.089500590151379811e+01
4.796405762908924686e+01
4.365032655635576475e+01
3.447532499164896080e+01
4.425691376533653454e+01
6.249232357369856317e+01
4.971477985864815707e+01
4.313920450920316085e+01
6.693313717239189486e+01
4.486128483165449410e+01
3.525153517313076179e+01
6.873338349738982345e+01
5.265369945375638139e+01
5.634038379295314058e+01
3.966516447675540746e+01
3.605016177732294125e+01
4.560675239185031415e+01
5.687353803580239742e+01
5.078955522004254419e+01
4.377152565497390668e+01
5.540821903171335805e+01
5.409247362394211223e+01
5.468274220802834407e+01
5.190388353418875056e+01
4.817702996156111084e+01
4.001509349768782897e+01
5.525623084007454366e+01
2.866898677168169129e+01
3.038546470240648389e+01
6.689451051846567964e+01
3.007173466485340185e+01
2.805825083188663527e+01
3.932964490513002431e+01
3.850961830432702016e+01
4.007377219587119299e+01
4.735224581407143063e+01
5.480900376326317769e+01
4.422661668685216085e+01
3.378505268175243970e+01
3.272902601343706408e+01
3.468801176181132462e+01
4.018596703756051625e+01
5.180351463171750481e+01
4.603060291116824487e+01
4.223205615264606649e+01
5.768477328619774624e+01
3.822082363209925404e+01
3.952191832709851127e+01
3.615274785516710665e+01
5.774623346664632351e+01
3.227841136573086089e+01
3.988779865129542657e+01
4.066971137790289959e+01
2.996836369458002025e+01
5.376408506881733018e+01
4.078921350334225338e+01
5.232825602271373810e+01
4.386869522180570158e+01
3.529967717017064643e+01
4.987716528825276185e+01
3.736899649040773852e+01
4.814407885662980391e+01
5.017122842415525952e+01
4.373289504583562604e+01
4.528330807217702159e+01
6.878934627373662636e+01
5.933744116190115392e+01
3.865720922467323817e+01
4.675967361646468134e+01
5.046965116953842312e+01
3.695331409548939661e+01
2.904228480522075984e+01
3.442612090226599264e+01
4.711845466041373243e+01
4.221250866226581167e+01
5.655459641091649559e+01
5.582523610357118571e+01
4.735869438932150643e+01
7.642248430373220458e+01
5.357850045695655439e+01
4.240793859020596557e+01
5.047057238064564189e+01
5.195627812603007811e+01
4.653122865296910504e+01
5.087750403949043232e+01
5.956563824889639136e+01
5.046936749199566208e+01
4.737014848981007020e+01
3.269835566809769745e+01
3.925772024067779142e+01
5.129852944103642187e+01
5.014538439052819996e+01
4.521422725129704645e+01
6.064907253037684143e+01
3.903886431271897806e+01
2.729335179053866867e+01
5.478388003397026296e+01
4.458059294469025247e+01
6.124789897665164773e+01
3.047457827483624371e+01
3.955716408851488097e+01
3.688126948938055705e+01
3.680355744044568667e+01
3.569239762731768906e+01
5.126376356276065138e+01
4.812862042759737591e+01
4.486932697851542429e+01
5.251359040162869007e+01
4.960073921181647449e+01
3.607953684016170115e+01
5.288774714918676523e+01
3.854496907581096110e+01
3.234358555834477755e+01
3.714626267169825269e+01
4.056235909643493187e+01
3.935760337570273037e+01
5.182911482899054079e+01
3.710926079227400720e+01
3.539439264833605847e+01
4.740132868383059872e+01
4.021741953287526883e+01
4.687363388459708347e+01
4.206224802460653223e+01
4.589395620049802460e+01
3.272809988878324106e+01
5.505066411472209609e+01
4.085683453300659096e+01
5.188060006269174806e+01
6.580715154448189708e+01
5.720313950222958965e+01
4.435427973088306430e+01
5.085414306183825772e+01
6.300832756816253521e+01
4.622251506787362274e+01
3.246408726529736555e+01
4.785513814910788000e+01
6.343024343852333402e+01
3.575732202988027097e+01
4.645650156786746976e+01
4.961286107806224521e+01
4.310866956086567825e+01
3.686644191195254905e+01
3.875372387924330297e+01
3.395766111200173754e+01
6.035045919186262608e+01
5.502632950935730349e+01
3.654077987256216886e+01
3.066804222131206004e+01
2.901329861160618151e+01
3.750671990948288226e+01
4.796508782624557199e+01
4.708142138685523292e+01
4.992149143633001529e+01
5.430923676539238443e+01
4.010497739285246155e+01
3.964068662189377079e+01
5.495104216711908407e+01
5.149701042083076175e+01
5.378827243857075047e+01
4.365669761625206036e+01
5.714812936336172555e+01
5.948315155614528038e+01
3.260261759573377560e+01
5.173108807242310547e+01
5.613776213963319606e+01
4.395459779164225722e+01
5.811843384581799654e+01
4.276838874722616879e+01
3.226259544480520702e+01
5.868701906067860108e+01
4.539192498611922844e+01
4.710422168850058000e+01
3.438366751201313321e+01
2.916688147891718330e+01
3.399372597003424801e+01
4.884520363893619077e+01
7.479037805363145708e+01
4.362158707342162955e+01
3.965164723396603108e+01
4.284352752064322800e+01
6.105814624131216561e+01
4.089530177508642339e+01
4.676507687521048950e+01
4.132853989682923412e+01
3.222029971534696813e+01
4.222746745234251620e+01
3.303383541631303189e+01
3.616086006656637863e+01
3.851900339395253070e+01
3.514061671385891827e+01
5.257307004078187163e+01
5.508629889328626206e+01
5.655267201143782785e+01
4.412154475526077135e+01
5.145416485845603205e+01
4.854689006921474714e+01
5.582931073802474486e+01
5.466358338323264121e+01
4.873163379608622137e+01
4.337330819659487702e+01
4.997927217890676843e+01
4.121620184690174682e+01
5.818223425216311284e+01
4.496817967516925307e+01
5.573293392730386131e+01
4.248047133874482029e+01
5.278705119574107840e+01
5.570084303888744159e+01
4.638992957061573463e+01
5.165002507394151365e+01
5.607485076972960769e+01
6.004935291432961009e+01
4.648976347584991231e+01
3.681811822779967969e+01
3.804489430767235092e+01
4.568492679048621596e+01
4.841727056762020709e+01
6.155757514347723003e+01
5.097850762449274242e+01
4.868084652900630971e+01
5.312187675269687759e+01
5.681947261701748175e+01
4.621277386280923594e+01
4.179745963107749418e+01
5.073088527733275299e+01
4.863810796160641559e+01
4.831996174466473093e+01
4.818882566670141188e+01
2.592378989063488248e+01
6.284143559966656056e+01
4.841092187536195723e+01
3.562195981330666683e+01
7.420891089861450496e+01
6.009702376844074934e+01
7.155670261836229429e+01
6.047436483947119257e+01
5.338878690928537196e+01
3.395434041876985276e+01
3.438425732283257474e+01
3.649435022254355943e+01
5.956037521290861747e+01
3.444021852269846562e+01
5.732817470708065599e+01
4.030542551106213978e+01
2.962593928841930691e+01
4.970152221783610003e+01
3.420456187783281621e+01
3.500274571934308909e+01
4.784974873943888696e+01
4.333917836404280877e+01
3.830093037442929216e+01
2.610024435038307544e+01
5.174773313311627732e+01
6.018360206624874564e+01
5.849437897409286791e+01
5.878183131732582467e+01
3.717216405817523395e+01
3.642589147131965888e+01
3.922741888004720323e+01
3.348784048981900696e+01
3.887346222501363258e+01
5.728655378798790565e+01
5.319179321085416490e+01
4.432126033822510891e+01
3.543438694029656943e+01
3.282247710002258145e+01
5.144984526634657840e+01
2.746680849193439400e+01
2.681880018500364571e+01
4.625726134076578688e+01
6.643660339536415904e+01
4.053916880027779257e+01
5.227242937548830781e+01
5.896411635397198836e+01
2.146196948258370440e+01
4.083140306548804688e+01
4.149603952416268982e+01
3.710431122594856390e+01
3.350658770549785004e+01
3.935811227097042320e+01
4.219440771911379073e+01
3.108883209929977909e+01
3.319421047939817981e+01
5.702652380518224362e+01
5.182946429602635163e+01
4.778151166045554277e+01
6.087189872590310102e+01
4.623584340999745024e+01
5.088457468601892941e+01
3.606872945272782260e+01
3.696929648005260560e+01
3.987636691060441763e+01
4.252054033002133338e+01
3.199678247193705616e+01
5.324236613289562570e+01
4.788859210288281076e+01
5.906088268052686630e+01
6.605552574879557426e+01
4.964217383124552896e+01
6.374957465668803991e+01
6.701169490312761923e+01
5.180764504743942211e+01
4.708136074580415453e+01
2.982856923394287207e+01
3.720321790558338648e+01
4.317251284255909383e+01
5.209681192425802720e+01
5.740991814760221246e+01
4.236155883018020063e+01
4.718799711447782386e+01
3.992575902069955163e+01
3.997144687475226732e+01
3.444836823735169418e+01
5.561473045035683072e+01
3.632362055984380333e+01
5.603314289745090093e+01
5.005678005963978450e+01
5.066096624024161343e+01
4.702592944100219796e+01
5.112078758275225709e+01
4.047270775493495165e+01
3.872282938199369084e+01
3.097784397043623272e+01
4.883562616424050162e+01
6.094264031978482166e+01
4.254645123018185870e+01
5.187142587546119898e+01
3.904506938877864286e+01
5.154920349119279166e+01
3.869981321673613195e+01
4.333590073482410077e+01
5.181679780213397635e+01
4.304122677461506896e+01
4.237788816054616348e+01
4.408145713052776671e+01
6.137783951729147702e+01
4.567794930575115586e+01
4.631971213537869403e+01
6.574515422872073600e+01
5.593743997191468509e+01
4.377384031178387147e+01
6.065229500230417159e+01
4.947349636653157035e+01
4.405319675871781726e+01
2.605906050424630749e+01
5.422342559188835764e+01
4.839402624077383308e+01
4.194368531926085097e+01
4.906991854093857341e+01
4.497088058008337441e+01
3.328808867218518230e+01
5.201274143684602080e+01
4.124818930404814665e+01
4.721721019830000188e+01
4.778040185132411466e+01
6.691024240895137609e+01
2.693309614031925392e+01
5.442886002559128400e+01
4.379017222931424413e+01
3.517881400073529363e+01
4.423513075494432201e+01
5.251339270299783379e+01
4.926184089619579254e+01
7.099080929663551842e+01
4.166764186263314684e+01
4.565501973832984106e+01
5.649408460777527097e+01
3.663451608299833140e+01
4.705576272271090943e+01
3.961245705946280538e+01
5.000894750409721468e+01
4.666237472573018863e+01
4.317851886837763686e+01
5.459074589164072222e+01
6.978730734871086838e+01
4.341255143008106643e+01
5.685246292435940063e+01
5.756450191318732834e+01
5.717810902070748114e+01
4.971222510526465044e+01
4.642482126076207294e+01
6.495325404819929815e+01
5.568181095096159794e+01
4.282971987838072181e+01
4.679872288344562037e+01
4.260666662402658744e+01
3.702989116788798896e+01
4.071439997448857895e+01
3.797196960706488511e+01
5.781920040709424313e+01
4.474142062762791028e+01
3.639512197861645859e+01
6.164996244507097600e+01
4.564800647543377465e+01
3.199171261362914365e+01
4.369324130319512278e+01
5.705749851275633944e+01
4.352274378889405426e+01
2.773732504492169326e+01
4.418086134806273435e+01
4.355643264145615490e+01
3.816024110967548211e+01
4.593308499397613076e+01
4.217627663932290716e+01
4.414193743716189999e+01
4.126203795053540802e+01
8.233619686441110730e+01
4.410456911732943297e+01
5.637862102439843426e+01
6.218798003589242285e+01
4.826476659035426309e+01
6.753872261155302681e+01
