redshift
7.549977924521107386e-01
8.142763376831276823e-01
6.791724439425783633e-01
2.672023139984496809e-01
7.318329809093108151e-01
7.790982363024929747e-01
5.309604058128509774e-01
7.411486356292723565e-01
6.628541777095289245e-01
7.016282140666011413e-01
7.324146122564235695e-01
6.736950135975134923e-01
8.480458996095679991e-01
6.409206420794266723e-01
6.668477402429492384e-01
5.860847929524244382e-01
4.549215751130393226e-01
4.255120743872419786e-01
4.322478853687705125e-01
5.834255342631958774e-01
6.124836341211202795e-01
9.329675585329081366e-01
9.203884522438708915e-01
5.144669266116969064e-01
8.101105370870795852e-01
8.249096109699524115e-01
6.877386752082960131e-01
5.776446392340474079e-01
3.907734541525981764e-01
3.734010686967945136e-01
8.671510861271657378e-01
2.577500444490650744e-01
8.348027712742248641e-01
7.045518520406705010e-01
5.912285621372235234e-01
1.008836155282855751e+00
4.035974653804986212e-01
4.175238703134769858e-01
6.901182426620490196e-01
5.558515750782274667e-01
6.672037515383881789e-01
4.579231872782906221e-01
4.821185699270205127e-01
9.904918378131406520e-01
6.758204123442727029e-01
1.942970975012393298e-01
5.779610290729599864e-01
5.324437757241909930e-01
6.582023335935901498e-01
3.858239370243968236e-01
2.816004704061215169e-01
8.062769122987931691e-01
7.822843538402358687e-01
8.006767801652275862e-01
5.219622102661662932e-01
3.773474053820134455e-01
9.215460377067136166e-01
6.120368757873821952e-01
6.003336409029481624e-01
2.351019608740309852e-01
6.662779579403806940e-01
5.345680686311995444e-01
6.685944486221169214e-01
4.854853433615023972e-01
6.804298121913586739e-01
5.424828331291584593e-01
5.808974752115073636e-01
6.863330095494200034e-01
7.107951997443552328e-01
6.109195043894876109e-01
4.272384488589967555e-01
6.327970427600989600e-01
7.434916487958660447e-01
4.696761781928127655e-01
8.550178483038558541e-01
4.934913378740447554e-01
6.317256197154804687e-01
3.469252107361330828e-01
6.937283301037563410e-01
2.703711618332150790e-01
2.941296658990524837e-01
4.065621301185853298e-01
3.180354050162994550e-01
7.802467858889053920e-01
5.529575219958975385e-01
5.976349662351431169e-01
8.067942298653502098e-01
4.108826679699929540e-01
8.987257942355145746e-01
2.163742011693924605e-01
9.201098192429986167e-01
1.032818021963074040e+00
5.442233858692696602e-01
6.834384640505050124e-01
1.022076414588773074e+00
8.526927391398830824e-01
5.249818171107321074e-01
3.523194151157894027e-01
2.838486983596044122e-01
2.123035801865360006e-01
5.359319224531580161e-01
6.252612732541982243e-01
7.971115081135558000e-01
7.361389787030999665e-01
7.322398056290829738e-01
3.028183832425273003e-01
9.736977119647819423e-01
5.118361910990498753e-01
7.686068386952537024e-01
7.430744095655822390e-01
8.799826450120276089e-01
5.922002838650466394e-01
6.313589494040596772e-01
3.790519851117402639e-01
5.586753587610547855e-01
7.532118315991310764e-01
8.809351172392345664e-01
7.257001406958949463e-01
7.178422172569565163e-01
7.021484662331606286e-01
6.319576327717038033e-01
3.562910800186231963e-01
5.073260833570966133e-01
6.492184696565368451e-01
7.595297143166389597e-01
8.590538210239341277e-01
5.843985012148822378e-01
4.499107924992050700e-01
3.313795010621453097e-01
5.673018751242643321e-01
6.317609465201419194e-01
4.186109133378827507e-01
5.844157000406714486e-01
5.259809946126399183e-01
9.194750723382552060e-01
1.012398336367081431e+00
7.994122110672560177e-01
3.755780852243439383e-01
8.789939918108280459e-01
3.663628612699462717e-01
6.188473758109142020e-01
6.438360189318769189e-01
6.168731216629969039e-01
6.650477100358349603e-01
8.104473339321500713e-01
8.722605433293680877e-01
9.048349537423403532e-01
3.460744229685354112e-01
7.695664393710662798e-01
4.874671728792188130e-01
4.149455898359324379e-01
5.629423385218698117e-01
3.811012895742073026e-01
3.117676312805304772e-01
4.747776120601467365e-01
2.273828767311371346e-01
3.219061394596528514e-01
6.900414678128425905e-01
6.070667355874268534e-01
1.983318372592896839e-01
4.617706578586717181e-01
5.730216638241935057e-01
3.247988039505922964e-01
5.661056670276638503e-01
4.348336529338838186e-01
9.433438930410588119e-01
3.696113124048431287e-01
4.415096812703724893e-01
7.760619713776809592e-01
5.006024769783403716e-01
5.626496680916684978e-01
5.112858580745245352e-01
8.286763040384816925e-01
2.465997675966080105e-01
5.700075955066841171e-01
4.650801245977586595e-01
6.879917409839321207e-01
8.850907075816472069e-01
5.124462155054607670e-01
7.293114167284929783e-01
5.381057141112487452e-01
6.806106768476485325e-01
5.532085108605531154e-01
4.994247145207738048e-01
2.734350411904786782e-01
5.484077356705466810e-01
7.179600598523044885e-01
5.552498778195112950e-01
6.297486798674493125e-01
4.274923516259614975e-01
1.933071306706926618e-01
6.324392794509210436e-01
5.953316622633901822e-01
3.387790535997447505e-01
3.649914161892345854e-01
5.344106932501869744e-01
9.655422611522419540e-01
6.789671222078472734e-01
7.966989016748173835e-01
7.979893025266781015e-01
6.172250827474135004e-01
2.332956678703889120e-01
6.981086376864501508e-01
8.398313009386479955e-01
5.962102434805565121e-01
8.158642397048543327e-01
3.416061767370937030e-01
7.616443215837956915e-01
9.268130958475114811e-01
4.967705144067591227e-01
8.664423973115789046e-01
6.249159533114680976e-01
7.635326334493656164e-01
5.923040412813451727e-01
5.051932399932804740e-01
6.155500833575568986e-01
6.768152863939226327e-01
1.109543867909176473e+00
8.371362612123550706e-01
6.747922070536063188e-01
6.125586172757044867e-01
9.779514734745343718e-01
4.871113215848149602e-01
5.321076246132199206e-01
5.264675826178838447e-01
1.020088797879901810e+00
8.343618645701561531e-01
6.948605022535609965e-01
6.893999361148790417e-01
5.699273615428045447e-01
7.439405798803281344e-01
1.000325575255828658e+00
6.079525357778143846e-01
5.583943387935587088e-01
6.344891916174587587e-01
9.846338549811104457e-01
1.021277201159980441e+00
7.554703993148688124e-01
6.160802640399045682e-01
4.084859118565259961e-01
8.902043100196723735e-01
6.282803011148150318e-01
6.354444481158167957e-01
4.870924941403501074e-01
6.502641271407546553e-01
7.303508507469801403e-01
4.770156680774973457e-01
8.078335942515827428e-01
8.131052334899036005e-01
2.594080130350553959e-01
6.990360531591196525e-01
6.866603142385332426e-01
8.968990379213669373e-01
6.570504010425611829e-01
8.905643375460039479e-01
7.001123790025419735e-01
8.629488888896154064e-01
8.119269699913481686e-01
7.558304237926951608e-01
7.527117823120308415e-01
4.490061494147170040e-01
7.280164534043823688e-01
5.096752481413399094e-01
6.763290665791703571e-01
7.087261272477098917e-01
4.329523031900658347e-01
6.440501218697339825e-01
6.714381666327978726e-01
8.954717449158198228e-01
8.344908021603483217e-01
7.460574552268197657e-01
7.880827986387691775e-01
6.773607917487566299e-01
7.153880036459669967e-01
8.308486131734126312e-01
5.617378054285639966e-01
9.138799350883727302e-01
7.307467101624605110e-01
8.846139186730015425e-01
8.103358465989248804e-01
7.719556069060342640e-01
7.198695514296734599e-01
8.936117145006967633e-01
5.091278013195073004e-01
8.616635865311474962e-01
8.245171091669132313e-01
4.364569478411962633e-01
5.258911462671418402e-01
7.407932057626546163e-01
7.327497128216745592e-01
7.345907862597729210e-01
4.490150828013911855e-01
6.221133203538546930e-01
5.755681816587633337e-01
6.962532754568849791e-01
5.501593829635790245e-01
8.208870907708464282e-01
5.904078441901968732e-01
7.695012643292630239e-01
6.220322522741339455e-01
5.908959514468611340e-01
7.713616497787140203e-01
8.347809646894679414e-01
1.150734470479963356e+00
7.267165049550579070e-01
4.929331898320145067e-01
9.115662461479389078e-01
7.826713638369805492e-01
6.065401180817044935e-01
3.708730691010403424e-01
8.047175943753474003e-01
3.517206857807281817e-01
5.603779694843162851e-01
9.727326990670717155e-01
3.278214242241226373e-01
7.491195526154367235e-01
6.733656918959524118e-01
5.062150125288293889e-01
5.472111067753504532e-01
3.976602392237060246e-01
1.007885452369192469e+00
6.442249434265104879e-01
6.344230306247574669e-01
3.823337109088395525e-01
9.197124883754791425e-01
6.910927613173584172e-01
3.091893645046951966e-01
6.684188368758262611e-01
5.295751129171439864e-01
3.034597767494655041e-01
1.087451010885636116e+00
6.705115209963685707e-01
6.724868002065074180e-01
4.908999086829612390e-01
2.994707421178343654e-01
6.430791733011491651e-01
6.026637509108317969e-01
7.226360035176947472e-01
6.203134916472323734e-01
6.999839852119668082e-01
6.430596828940005061e-01
8.623645957586812960e-01
6.097718836853607272e-01
4.298740389886310798e-01
6.255696627289898393e-01
6.892303239337301823e-01
1.094272141118573183e+00
4.319294806674955911e-01
5.552569823542873317e-01
3.105497725297044487e-01
4.109032479352848211e-01
1.110653263560938964e+00
7.964927657629276014e-01
6.218717475432934405e-01
6.840752182000808812e-01
7.640422501331504135e-01
7.008398814759488893e-01
8.741382553049994453e-01
4.728235319505545431e-01
6.989135073311305568e-01
4.242815710643513261e-01
9.114499639436415279e-01
7.239426596974219974e-01
6.945677844580856464e-01
8.404114514584456463e-01
8.944149241855733345e-01
6.868124056560667157e-01
8.404919232997146716e-01
1.778563370939998667e-01
6.760961557846503212e-01
4.097351378755726969e-01
5.528239996350958751e-01
8.207302503457768461e-01
1.022302427245124212e+00
6.545136751010178777e-01
1.103658905394210965e+00
6.274075295541154951e-01
6.285926909342859359e-01
1.046729884521725218e+00
6.045629922716255766e-01
8.815090466132705638e-01
3.876272609669937363e-01
4.348042611460877227e-01
8.071319123109987892e-01
2.894996603401912005e-01
3.659737028128255965e-01
6.952282887533121070e-01
4.804067790595306087e-01
6.971681574101147305e-01
5.432854402631965840e-01
4.822161543259712024e-01
7.403539487189668700e-01
6.864436998736525020e-01
6.512414893592104459e-01
8.555522683109411108e-01
5.379841563457813391e-01
1.037027472634863834e+00
6.307760387836350846e-01
9.090035071338945505e-01
4.207636540824534754e-01
4.198661882046054727e-01
7.233703339332554494e-01
6.393972027224553711e-01
5.761848108844878080e-01
8.228052779415540030e-01
7.824218762493243551e-01
5.950859596404769469e-01
4.782470232548318712e-01
5.077846096089968508e-01
7.448177723502242831e-01
4.662621792168701318e-01
5.054041977942453912e-01
4.203191263165259040e-01
1.007605382611767464e+00
9.697016834446805511e-01
7.180588824966541717e-01
8.171855228863122989e-01
7.273479057111608137e-01
9.472425959327972489e-01
6.137143720080099341e-01
8.259144450892771383e-01
3.285972654009139404e-01
7.689225718608592164e-01
8.037063260105352658e-01
8.195983476423966962e-01
8.643750483932588491e-01
6.307463620233085821e-01
8.051150055167474173e-01
7.681102597570834689e-01
4.773941868836136804e-01
8.913149931189036090e-01
1.043877777135057139e+00
9.448500444915769458e-01
7.955744892577661931e-01
7.167133128726682623e-01
8.319853115553574874e-01
3.136066037132144713e-01
6.093143779705879615e-01
4.737203099796722383e-01
4.384001501198580009e-01
6.635897452810894936e-01
8.339063665631842870e-01
8.600423930807309381e-01
6.015819498854229064e-01
5.916866156646418684e-01
7.416879122746325992e-01
7.123667608396976325e-01
2.784384299391595707e-01
8.536888489748807318e-01
5.636678237693205640e-01
6.661545276639442292e-01
7.158283868904889991e-01
6.483275944479675035e-01
8.326218510921554739e-01
8.276268306745265813e-01
7.262278210042525384e-01
8.542643808928711557e-01
7.538853985870306307e-01
7.131417623764698677e-01
4.776137012721568542e-01
3.006274650132697013e-01
7.665640010492530410e-01
5.277699172933885130e-01
1.082658423578721107e+00
9.484313718680118521e-01
4.190709701738319914e-01
6.555784915188647144e-01
2.680507412439004367e-01
6.673040611250994347e-01
6.818598389303522911e-01
9.423190482961204539e-01
6.329270091527361419e-01
6.525245349121393534e-01
3.176779450782517000e-01
2.657683787929944197e-01
6.962365440395423821e-01
6.566109723349098370e-01
3.820144554777902823e-01
4.697880564509380741e-01
7.356708551394759432e-01
7.856925623152910543e-01
7.025089389482161994e-01
6.727391977290633207e-01
3.341277042528507657e-01
8.438565881389775702e-01
8.347300352183000260e-01
6.173589642175527636e-01
5.782987124780476496e-01
5.525950681046888358e-01
6.041660716835443035e-01
4.862242369715445434e-01
3.669024841711521767e-01
4.377345497030794008e-01
8.338520147815926542e-01
5.332130639891144996e-01
7.400605347443323101e-01
6.217109726475785747e-01
6.801856712559801732e-01
6.985848589716030510e-01
9.122044736090291206e-01
6.242672083647192727e-01
7.197470840199446940e-01
7.752621796301991663e-01
7.301648943919476498e-01
7.023484564862847446e-01
8.454785880394670716e-01
9.749395636895736850e-01
9.743915167694026103e-01
9.281953480869751250e-01
8.328406192956713250e-01
5.950722992784254206e-01
4.356864648018388686e-01
5.674851994410433642e-01
7.500127337593898158e-01
6.976612163373415720e-01
5.914946235326027368e-01
5.795120943510562173e-01
8.284775975345138876e-01
5.426520963575992562e-01
6.590221793291134444e-01
8.512793996866625523e-01
4.993428646165981033e-01
7.541245256586732726e-01
7.370872316745338271e-01
3.606033080798582979e-01
6.392803994809943546e-01
7.286853650246419845e-01
7.238571343513012790e-01
7.757092322544540952e-01
9.830764151164551601e-01
7.596859658688739358e-01
4.240807326572782476e-01
3.847791772727280346e-01
8.799734048635299288e-01
5.956104155174690717e-01
7.583795215224827801e-01
7.903785159813049299e-01
9.481072040315948746e-01
5.467326001905717936e-01
3.836915511104801446e-01
9.552116551097099562e-01
6.481864437849181870e-01
7.329033212216286008e-01
9.096392334670567736e-01
7.340850604014804714e-01
6.363634066730537997e-01
7.727392226574706369e-01
7.914676981531747479e-01
3.300673233369642579e-01
7.284636020214757535e-01
6.447854241397245056e-01
9.851039427623603517e-01
8.040125970988384330e-01
6.656707537668229424e-01
7.449264202722805095e-01
7.589724716307656438e-01
4.677631758905419490e-01
4.903652867882085098e-01
7.706350154054799617e-01
8.777817515357534406e-01
6.349175934735373783e-01
6.565340418498948338e-01
8.226303253143684158e-01
1.086317158810350625e+00
9.533723869325142486e-01
8.660967928517596670e-01
7.684071120625226570e-01
5.687528985429961548e-01
5.728917159417813432e-01
6.439061918205092327e-01
7.815177222531031198e-01
5.809744772903748800e-01
4.572145074981942559e-01
6.056496468858866278e-01
4.241531631766746191e-01
1.037672975187696967e+00
9.143652622308852118e-01
5.501217752712302955e-01
8.552029783186351208e-01
8.201164441599345656e-01
3.812453136923337760e-01
6.690475462158416153e-01
6.052205266832262343e-01
5.952025472811424134e-01
7.807704804536190757e-01
6.165753745165938327e-01
7.251638714586170487e-01
6.524634393299491020e-01
4.670756662984714147e-01
7.783729557420819845e-01
5.058321836421625362e-01
5.930165694728085635e-01
8.597668764969069732e-01
6.702577241298277588e-01
3.310140914082819741e-01
8.421429248411004265e-01
6.205980798560402079e-01
5.932766007828969013e-01
5.123353469270887084e-01
8.427905367666665981e-01
4.303335330157205818e-01
5.287933871876072667e-01
4.231341766158032702e-01
7.202552444548716570e-01
6.676806500426072377e-01
3.399513587365299849e-01
3.156911269407585152e-01
9.452459243755688689e-01
8.174463400636950983e-01
6.994414495281434663e-01
8.921641809215232755e-01
3.545330445886644144e-01
5.300242498027128990e-01
7.547620650839207412e-01
7.638414406359066433e-01
5.789867343356323026e-01
7.178761418162329377e-01
7.113796059940413752e-01
2.996278412435106620e-01
6.683261311873345267e-01
5.488332637033237482e-01
6.313636425845619016e-01
6.131622271265401158e-01
5.441999100999351802e-01
7.474298594078920832e-01
6.298528615938222552e-01
7.152349892962693856e-01
4.332402158425547878e-01
5.724994022870559807e-01
9.201670219423777608e-01
8.330496713228568995e-01
7.673903444884296876e-01
7.953033290948802181e-01
5.561822721667443181e-01
3.718431319414379210e-01
4.345535380256216329e-01
7.029364922106730029e-01
4.282979564282393681e-01
8.136046661026208326e-01
8.981757243884578301e-01
5.299566895085947582e-01
7.281658060221180007e-01
7.849959711222790348e-01
7.342861529812810817e-01
5.817872755675916885e-01
7.522130634283340500e-01
4.526674071575707003e-01
6.186807628176401730e-01
5.186012455872474058e-01
5.731683558564457659e-01
5.674741737887143422e-01
8.386892688384657291e-01
6.673012890428946520e-01
2.037268656152574076e-01
5.598318032999677341e-01
1.066180319018634748e+00
9.027960992331401924e-01
7.963792956614863527e-01
4.961318414769652074e-01
8.587032801559233430e-01
9.176970758646558757e-01
4.336652031291051146e-01
7.009998422948441332e-01
8.634074731631070643e-01
7.779112549298750068e-01
5.702848876575707937e-01
8.974471087085112986e-01
8.563029039693721423e-01
2.188528842842083488e-01
2.184035668983279055e-01
9.525856831338358477e-01
3.116544307332996255e-01
7.563599479308460438e-01
7.562219185938510169e-01
3.261820319152603509e-01
3.665167721334803841e-01
4.255017782410570604e-01
7.744516292306333760e-01
6.916722001624070471e-01
6.131631114012973116e-01
3.748409187499268658e-01
7.681293103967661295e-01
6.456145378723616712e-01
4.892982025472415453e-01
5.285637358613115566e-01
7.848098906866090019e-01
9.138848236078460641e-01
7.882975987537562679e-01
4.583930140673258546e-01
5.402910702274095200e-01
9.412015743246867627e-01
8.100674777248146885e-01
4.148300869197555918e-01
5.503834479184944728e-01
5.526646553767095016e-01
8.972899549688643228e-01
6.162812132881850813e-01
2.330770570895649429e-01
9.395231116319389120e-01
7.051076473442411396e-01
3.872289438137069273e-01
1.005375377135315329e+00
2.973853998630162643e-01
2.559005550917240468e-01
7.589453354509716476e-01
7.187325339281814829e-01
6.261306067218679328e-01
7.255465453366465312e-01
4.942058918005123314e-01
5.311480953256594306e-01
6.289828820641518714e-01
8.942786469384643722e-01
6.988783465725985078e-01
8.039801159315699275e-01
7.130090024870884280e-01
5.788027140548529514e-01
8.519903235116446094e-01
6.682239948605949165e-01
7.980122511454901257e-01
6.715379023357610500e-01
6.338458404998884577e-01
5.197911322563616432e-01
7.862359695539700155e-01
7.047042334274581377e-01
6.921787337160870690e-01
3.729521607854576759e-01
8.331694390770196801e-01
7.459191958166015990e-01
7.745428412070982649e-01
6.973807448959160604e-01
8.157490444095750748e-01
9.181035112402173848e-01
6.284107741979372275e-01
1.010639825424070937e+00
6.280872146766750541e-01
5.901959778670502477e-01
7.420936238311445221e-01
7.708945457752898189e-01
9.988082228961745468e-01
3.930359897479285824e-01
8.986593123435099306e-01
8.791983069062646594e-01
7.123174548504477288e-01
5.500107411881911545e-01
4.797961210592174286e-01
6.909096183990502960e-01
3.909425799960813408e-01
6.975962011458315404e-01
6.434629941223140026e-01
8.805631204359496422e-01
4.309678535967074176e-01
7.344832224619145533e-01
6.750760236559107952e-01
4.633872590462216889e-01
9.286948529854084367e-01
8.625947590989075930e-01
5.365052919916846186e-01
5.255791148572923621e-01
7.197811935562620222e-01
5.913319425114671457e-01
5.469966935817918152e-01
6.971978469478178342e-01
3.748398994785678839e-01
7.105660123639405690e-01
3.546726793640640474e-01
8.400397320445462945e-01
9.051576485950227902e-01
5.441703912782258623e-01
6.145015696712243791e-01
7.267826302525209892e-01
5.454375889740693539e-01
7.887849064204799365e-01
8.085140965749694208e-01
6.696637516002388324e-01
8.756170267707134025e-01
8.505080690575075320e-01
7.925192965899352515e-01
6.907940912950637502e-01
6.233703959572196585e-01
7.201055462488696879e-01
6.182245755530970666e-01
5.035996003629150675e-01
5.450301113789647323e-01
5.874003189580728757e-01
4.012325349769315652e-01
7.814209472738746776e-01
8.595675312797610435e-01
5.789857709860237733e-01
5.013549557256802292e-01
3.027419392182154056e-01
1.082369675565997946e+00
7.316639891441424348e-01
7.715220429859597218e-01
6.327137654234530340e-01
5.916573901627304455e-01
7.675817749561829606e-01
8.823928379905425778e-01
5.205613341231087876e-01
7.306420931694698195e-01
5.160731023050871835e-01
7.113768268587405963e-01
4.861039209935758554e-01
8.077974014756339471e-01
6.984708086171317332e-01
6.687457298678438633e-01
7.111878903786228445e-01
3.204032612911208999e-01
6.763780079430720127e-01
3.859521621753955190e-01
5.272443816361030988e-01
8.450149227072213387e-01
8.021218748877001481e-01
2.444720621923344439e-01
6.663386861342829315e-01
5.053107786697125237e-01
4.445646975764939723e-01
5.519426147071900823e-01
5.699892254176397444e-01
7.691085112858169204e-01
7.529657444097384023e-01
7.111662819624332554e-01
7.465677762779198146e-01
4.000680519573625582e-01
3.277756118025872412e-01
4.897570071328539720e-01
6.905945991280203478e-01
6.369824755508149972e-01
4.575022421974806464e-01
4.715291200380443692e-01
3.401152345550820799e-01
3.852652564542431435e-01
5.530869837202507799e-01
5.693689382668586374e-01
5.737448898258578067e-01
8.133251912821536367e-01
4.091902060884701764e-01
3.391180403598583193e-01
1.003659249551308807e+00
6.901975937620252743e-01
5.388662373105308490e-01
6.959016344273835086e-01
5.451492890697823279e-01
4.931878388960318493e-01
6.760418709286964978e-01
2.875320468970131715e-01
4.251431986620076153e-01
3.889081509771868950e-01
7.468284109364022871e-01
7.280062856450225661e-01
6.664941177916343662e-01
3.067461408927303346e-01
4.870775803347276445e-01
6.612097641000271864e-01
8.884290362745321801e-01
7.182896471645603409e-01
9.940406365047760318e-01
6.754908086068581730e-01
7.146477894949395671e-01
5.960614702142317256e-01
7.392978020023889263e-01
4.932736677392376978e-01
5.785093790740468700e-01
3.948418119306367768e-01
8.235589606422042408e-01
6.149542436115574828e-01
5.627795664791489516e-01
5.657790283091777006e-01
6.116971437294943525e-01
6.100442505688166150e-01
7.495540374298615971e-01
8.578736836160690826e-01
3.273626745115356118e-01
5.680535631301099064e-01
3.507417935015058608e-01
6.807417237731911985e-01
8.512006710049151437e-01
7.658282240732506851e-01
7.923402106926417110e-01
6.798430636753274303e-01
3.588175018851009757e-01
7.022171989165357786e-01
2.511274473825638731e-01
4.776273904954070892e-01
8.499963465287938558e-01
5.257286705962815887e-01
5.078920601242209454e-01
4.382933983221055096e-01
8.255391123423887478e-01
7.741413034875727073e-01
8.374865692602527778e-01
6.176247030812431760e-01
5.719629055334694012e-01
3.411048420279150784e-01
7.674843152677994773e-01
4.924454237514434007e-01
4.934050720278824187e-01
6.579092888366370184e-01
6.010315205320452270e-01
5.682753583757256255e-01
7.536400912284457743e-01
5.655468766047441198e-01
8.126098308115402569e-01
6.347635049806558127e-01
3.013796893520622189e-01
6.012592116989531332e-01
6.869475986753388330e-01
2.334716948423397609e-01
2.437666827656337909e-01
6.819295595063833426e-01
9.126182159262004046e-01
4.455884134924633644e-01
4.258121304062003065e-01
5.589868948535176019e-01
8.426149918884647816e-01
4.728986739809363238e-01
5.536150632047790454e-01
9.774406682484827469e-01
7.100738176112175726e-01
8.231702744408850858e-01
6.925766820769418963e-01
3.278651935929558503e-01
5.242217276889602484e-01
6.187151972057637339e-01
8.479682946312901981e-01
4.898105044599798119e-01
3.743399817436723898e-01
6.253221864120394047e-01
5.574583865624538337e-01
8.248849700049808442e-01
7.528305647908348774e-01
5.469401186360631772e-01
4.618834213584600001e-01
5.313232234809940335e-01
4.660040937753454626e-01
4.018380777096195455e-01
5.920096629477514805e-01
6.223497310539662930e-01
6.866228145048963727e-01
8.035364117140787465e-01
1.097182150849939752e+00
6.572349970903947902e-01
3.595786373186352636e-01
5.868269520686582030e-01
8.333307973894790166e-01
5.358491476998133995e-01
7.079673859278472481e-01
8.498174273537559831e-01
3.278589103530454851e-01
6.109422634673038477e-01
5.630704491095099851e-01
6.978304007454916302e-01
5.239919557420795737e-01
6.655971902494710601e-01
6.512958716702825779e-01
9.952768077823572757e-01
5.973544772026206928e-01
4.992361757357822727e-01
8.267240036791840829e-01
6.542664673793180397e-01
5.887793292033438597e-01
3.205716055616916194e-01
5.803956069646699634e-01
9.562378533578244078e-01
4.946742940738301231e-01
3.612918931696753599e-01
4.592030811648659117e-01
6.312034437844125101e-01
8.547462052521493936e-01
6.738607916771779394e-01
6.098726457998222550e-01
1.053572704609610611e+00
5.028688816305139087e-01
4.630841732479489825e-01
7.833277661457981322e-01
5.317081973182856691e-01
6.824362792713133397e-01
1.006388676201949606e+00
5.028394605979558118e-01
9.405852112751581506e-01
4.504947247334799565e-01
6.529386906889177444e-01
3.131123507438011710e-01
4.830042243352247744e-01
5.821048760459104354e-01
6.942916163652117501e-01
6.904817418928488326e-01
1.103600117556847948e+00
5.016703917763003506e-01
6.087366464323002990e-01
7.158410652314745048e-01
4.698009263316414441e-01
7.803608800751181684e-01
3.656126301132454071e-01
7.932908141694441362e-01
5.406783457051295150e-01
6.234682550763127606e-01
7.148930074459655115e-01
5.580716988753335883e-01
9.682999343392866276e-01
6.503000985847054993e-01
5.575177050221566954e-01
6.729659932194819172e-01
7.373642155677656573e-01
6.252010019815050779e-01
4.695255589234570426e-01
4.677077728286002101e-01
6.148485367689973113e-01
7.244220019390148479e-01
6.118559393557397863e-01
8.084029791472174820e-01
4.388592039622553620e-01
6.638241976971658298e-01
5.794020539006669024e-01
4.303765647619074985e-01
6.515577705252346696e-01
5.398837929780549993e-01
8.609339298798924789e-01
5.738858008487592866e-01
6.062311968664884088e-01
5.577983135820410165e-01
8.406353426502121140e-01
5.111525499817474172e-01
1.082804505821732155e+00
6.678572356727831005e-01
4.276497644294417477e-01
8.433882854537555485e-01
5.119307751757899982e-01
7.448866807028383663e-01
5.571727983666582285e-01
6.439951637262014694e-01
5.257427788696548143e-01
5.686544558557080631e-01
1.036824004662335375e+00
7.513770847665259822e-01
7.031780734211301453e-01
5.628033580115127110e-01
4.531280967631413636e-01
3.136817398560509118e-01
7.813946647480325414e-01
2.655741556580745177e-01
2.601793548921163546e-01
5.855493738394983438e-01
7.946896190805863291e-01
5.626052952354489989e-01
2.502552611964057316e-01
5.694000527475931994e-01
7.051006518697929826e-01
8.201862368013784765e-01
9.163995759755331205e-01
4.263017718174210158e-01
6.109566044306778965e-01
6.235762033274963034e-01
7.229964285528277523e-01
6.277450795101039427e-01
5.126234320837046443e-01
6.819093660525559208e-01
1.840359106294318370e-01
6.752907179500556856e-01
9.810189235428451449e-01
8.230413004418575262e-01
2.227191552923454831e-01
9.188453149365628514e-01
7.339672352144424039e-01
4.348734471726156681e-01
4.612664379578800267e-01
4.878365523596390196e-01
6.361324270036587958e-01
9.051522970085901232e-01
3.644647679981362631e-01
5.861902622572773280e-01
7.708117660228744894e-01
8.207729708518549661e-01
6.011565323077990852e-01
3.120555739905939152e-01
5.259811781754575311e-01
4.312526519167542149e-01
9.386511518926404785e-01
1.010879429843726252e+00
7.018408940292830689e-01
7.379656364781376210e-01
7.663104586652107475e-01
2.784181995688613243e-01
5.199685277046642851e-01
5.662495413436858804e-01
2.289445388421068317e-01
7.961118676519182147e-01
2.708134494202047438e-01
3.096327972833975983e-01
7.104543266924430167e-01
9.149278692912106159e-01
8.105045450384976702e-01
5.042651343986477297e-01
5.116887280344554201e-01
6.763030282952028349e-01
7.540238575561299950e-01
5.545644859900135115e-01
7.455241144050070989e-01
6.788734296956845382e-01
6.043398504983551467e-01
5.969279065695279884e-01
4.840150343180706916e-01
4.936684561762832435e-01
6.285023621305001473e-01
8.572878351167770861e-01
6.275166431315163384e-01
5.150960843540972611e-01
6.630920966018857277e-01
7.832123118152128916e-01
8.239658005975186716e-01
6.732513269765983965e-01
6.804402775086839661e-01
6.518231064814601350e-01
6.259826497275585711e-01
4.981463182706166171e-01
6.067447276344078988e-01
5.529688878613675529e-01
6.440331029096734161e-01
5.104887158668167668e-01
5.818449497380789870e-01
1.018666243990046016e+00
6.613148797856459593e-01
9.582481891258800566e-01
7.857891319662569929e-01
7.943709861863113009e-01
3.448146413668757848e-01
4.939057013702745635e-01
7.290027377218072369e-01
4.626222095652246513e-01
5.394497892022664942e-01
6.529238328635454947e-01
5.941910741940227281e-01
5.873101842070307388e-01
6.816700725505991931e-01
3.914586952257870234e-01
3.355519571252271183e-01
7.206510754596145985e-01
5.136082420387658720e-01
7.403879333969929366e-01
7.218168637028736789e-01
5.882969237203868884e-01
4.629404908736634572e-01
6.544091876538353780e-01
3.053041829384006145e-01
6.600855028153107540e-01
6.455267477385949748e-01
6.570552752828834331e-01
5.247287468466778071e-01
6.559799591172232880e-01
7.816591457022362688e-01
5.902987055508691627e-01
6.400223217856445546e-01
4.379364038683328242e-01
5.138127289868078540e-01
2.842268777784441314e-01
8.081352018355649758e-01
5.704755584941411106e-01
5.145311561868678440e-01
8.692646341650471786e-01
6.664055758950627739e-01
4.894135675050361178e-01
1.028066723585253195e+00
4.367870019609181309e-01
8.951197189907019736e-01
8.336411515387653903e-01
5.905537537281945193e-01
6.409956517680316379e-01
6.993798979043099884e-01
6.562117277423431538e-01
6.134216031387662582e-01
7.851453531916249284e-01
8.005602221462890800e-01
2.826591787474242445e-01
3.297735117649983616e-01
3.953292969167500059e-01
3.062672659681682230e-01
7.663798041511508119e-01
3.500861415171519497e-01
5.936172805772688132e-01
7.221073507899966604e-01
9.270591107430199429e-01
7.688855588294676302e-01
5.151751882772209745e-01
4.442393728781459661e-01
5.210012728519929359e-01
7.241619131351372252e-01
6.724167471701955057e-01
6.436986663460836366e-01
6.923913088047949360e-01
4.634018863846616210e-01
6.683499274732741524e-01
5.366886255470998401e-01
3.807542095738167265e-01
6.735666923288747832e-01
6.123423720154708150e-01
4.887357636035520314e-01
5.418675513030658530e-01
9.158975090965467691e-01
7.337491763417515189e-01
8.971442415940418247e-01
5.811523180967438362e-01
7.993818021017642383e-01
3.531190972645842918e-01
5.335056783269830349e-01
8.761148285541029423e-01
5.506879380734336360e-01
5.727073273307869972e-01
8.572962446303699080e-01
7.187517311091918826e-01
7.503768409458674293e-01
5.490683460566937457e-01
7.459903534297288585e-01
4.607670865254449577e-01
3.764050406527922887e-01
5.346178268808980949e-01
5.071329782779726569e-01
6.367475153900813423e-01
4.143133821412097739e-01
5.186611153579240296e-01
3.518095882094660065e-01
4.906668279164812518e-01
1.061293794763625398e+00
6.629482852970519646e-01
6.740817332577331289e-01
8.408485286449974838e-01
8.805991165604113435e-01
5.780650941520805164e-01
4.626035113559144318e-01
5.261845458863751990e-01
5.755086719230552150e-01
5.012027011793506182e-01
7.610261267572359101e-01
5.312944282112159744e-01
3.800424157880777920e-01
4.987177530086977506e-01
6.884232171698999592e-01
5.545705615070500860e-01
3.905226667443896238e-01
5.696137462881376567e-01
5.216577436699960657e-01
6.965434404498488385e-01
4.848073077591530389e-01
5.854690137909100978e-01
6.608718836523009843e-01
8.944660730894936629e-01
5.077404131671958698e-01
5.703701888396039976e-01
5.052699675123717427e-01
6.530998038179717247e-01
5.656394435381271180e-01
7.309208221345590006e-01
3.223078157483493245e-01
7.094787654093430707e-01
7.062150885166248448e-01
3.554598077534307787e-01
4.678387520741315031e-01
7.831761037181826923e-01
6.409103739566468505e-01
6.131233514960316988e-01
7.554433939859055425e-01
6.887515364642584625e-01
7.476568802343160902e-01
7.299357132703352402e-01
5.602718412213268939e-01
5.980849731421519211e-01
7.234649484040908130e-01
9.635317927105161440e-01
7.810014377716142375e-01
3.829863421449913319e-01
7.821206923179562231e-01
3.428153885352510089e-01
6.337547705641406459e-01
6.698693774139863333e-01
6.786821813464032349e-01
8.679038799129412673e-01
5.359004599963369531e-01
3.974041606249894554e-01
8.233658616833033905e-01
5.527805586563272477e-01
7.085210652547592192e-01
7.126412508668397150e-01
7.298346878728947384e-01
7.058306975682412387e-01
7.459002037656049522e-01
5.337951109819588646e-01
5.243766311922229972e-01
4.887884774472657790e-01
8.222108840088364623e-01
6.007664353885484587e-01
8.832721594929178188e-01
5.913714365366818937e-01
4.871270116224972191e-01
7.746704933578655305e-01
8.273044513734352234e-01
4.991758706774123699e-01
5.791055848254981209e-01
5.946212992610029335e-01
8.858783306087476550e-01
6.618319866401516371e-01
4.282698941826300065e-01
7.969428563010948485e-01
8.164784195424248381e-01
8.553144941132492240e-01
5.684389207224949114e-01
9.079468646886953431e-01
6.298520394915114728e-01
4.821967142499329895e-01
7.854175253605327756e-01
6.710427840887138728e-01
5.734639269459512745e-01
5.701617435151238311e-01
6.272368620757688973e-01
2.079255501297981867e-01
5.701313153120542987e-01
8.971137635594585991e-01
6.567738919633496764e-01
5.009377952136251366e-01
6.416202764918286228e-01
2.901784115004806264e-01
7.055206188853376803e-01
6.196318914136579314e-01
3.646266207394835979e-01
7.510794050666901311e-01
6.225129194334705351e-01
7.263137009244402531e-01
4.783903529569559776e-01
6.112102510815430323e-01
6.482704417503794003e-01
7.431614791117217012e-01
6.474653336226426914e-01
6.886553905981503965e-01
7.759918670169865251e-01
6.893575115701093825e-01
7.217893323837806241e-01
7.079728781838144913e-01
5.950874197670247279e-01
3.008683734911950514e-01
5.439071344129863261e-01
7.525181555506065267e-01
3.748946418706726180e-01
4.920582144249149859e-01
6.831631167012380823e-01
8.651502794293216558e-01
7.457942926335745515e-01
6.356822507053943028e-01
9.370942495087034585e-01
4.679430718853899718e-01
5.206315987696366054e-01
5.838125980541915006e-01
3.487973829187953068e-01
8.800105331174405965e-01
9.272757097559293227e-01
6.435593054458149664e-01
3.031703600946215604e-01
5.701804033512936076e-01
4.176670632247745374e-01
8.132247571174084921e-01
7.435159820919722273e-01
4.254697399465085517e-01
3.746611610193365527e-01
6.266732531513721227e-01
8.840940041347253864e-01
6.761929326088356174e-01
4.325439799181472478e-01
8.422541192636575635e-01
7.304420923005033872e-01
3.874251983450901493e-01
7.444165509029202488e-01
4.932552789212338862e-01
3.807975026540490471e-01
3.740053719240971630e-01
3.760665315314085655e-01
8.292425917260721757e-01
3.523988478434209037e-01
4.304149433810013359e-01
6.387640519326088784e-01
6.591216571508941025e-01
6.840626757412121561e-01
6.819028195205156795e-01
4.622004634599046202e-01
4.192190357238942955e-01
7.853875860224921457e-01
7.839118375698330698e-01
2.857655436292617646e-01
5.404813882636571032e-01
7.422675991603990830e-01
2.818965163128118179e-01
7.063632292283675840e-01
6.089964692248095446e-01
4.123753417657418097e-01
1.556811171421451645e-01
8.811216211669739007e-01
6.069292736525759846e-01
6.874987744640972398e-01
5.248852379011132996e-01
3.041606593018031934e-01
4.946263420922902276e-01
5.094926263243494402e-01
5.329439383347052139e-01
5.898581016809727462e-01
4.642438667551070930e-01
1.154825272005042036e+00
8.449934100745850607e-01
8.240993272179603091e-01
4.618892884415369271e-01
6.094835886854371720e-01
6.768109759460801955e-01
8.324701674461745249e-01
6.910183165388348314e-01
7.183042043128801124e-01
3.378659563790404885e-01
4.566537421390994278e-01
6.972175905221380532e-01
2.210575792502476877e-01
5.762358635733542123e-01
5.735427454471161424e-01
6.211765564201903178e-01
6.676868841871221871e-01
9.335518358887140433e-01
7.529343438183150328e-01
4.859631852822816622e-01
5.722362727756844514e-01
7.130340225076141625e-01
6.584657184757130022e-01
8.859692308528269722e-01
9.001104590050466037e-01
7.861701481648075696e-01
5.848997874188183177e-01
7.801651318025685233e-01
6.223093332620956986e-01
5.445423884635482992e-01
5.898559588703936596e-01
3.063306143793075309e-01
5.558520625304880225e-01
2.179246084204063683e-01
4.563719248346341795e-01
6.790034110436020676e-01
4.786009551108029170e-01
3.695384831607457787e-01
4.821516177277118675e-01
7.118076053970011641e-01
5.213307081527245312e-01
6.719464679974455068e-01
4.846445335453947179e-01
6.900454868008415454e-01
8.164998045453273345e-01
5.427189941877312851e-01
9.347295848549326269e-01
6.679158627340766596e-01
9.455108562119182158e-01
5.253845233773802859e-01
7.124755679361882699e-01
8.768986703747196909e-01
6.224558859589431892e-01
9.021093545374082590e-01
3.887630456729618822e-01
4.107753163322978573e-01
7.496629693704996988e-01
6.807160366188964584e-01
2.222472013513087374e-01
6.011633608358166736e-01
9.433639803751896480e-01
3.549889522824295485e-01
7.540781165120289398e-01
8.373628437892961518e-01
5.188448427750865788e-01
2.103224145138001822e-01
5.453381681586271235e-01
6.735818681107532679e-01
3.871744450415325334e-01
6.951521783461830362e-01
4.005878561746446520e-01
4.816527832920070029e-01
5.990131578884841934e-01
3.337634499298744450e-01
6.215462985262855122e-01
4.950379970499245719e-01
7.880619758249353124e-01
8.454280584951844313e-01
6.822026123032680633e-01
7.516178861688634916e-01
7.840326268239311558e-01
7.182313329770866339e-01
6.897475282929199647e-01
8.716223487462189112e-01
3.658557539744870524e-01
6.657360071897182596e-01
3.196842937548320940e-01
8.509724487463498077e-01
7.458456468011586127e-01
7.472506338115170177e-01
4.525453078483043790e-01
5.029934161506254275e-01
7.842181511884069867e-01
4.567705253907481944e-01
7.449841112241474272e-01
6.919299341034607087e-01
6.276126452234352948e-01
7.452742168103977383e-01
3.630099788605120614e-01
8.500012137134183021e-01
7.855093198947313837e-01
5.805611833225026164e-01
6.567606283660907263e-01
6.858231949025910268e-01
4.649089193151880739e-01
7.619126283779475983e-01
6.434439372700878623e-01
4.742561084657418990e-01
2.473042630941210962e-01
2.320865048022358879e-01
7.541247567373280392e-01
6.861418063909219267e-01
6.544801216631289664e-01
9.826584260659870784e-01
6.306612495341153979e-01
5.539841457847668460e-01
4.321415888947943151e-01
5.804134552584703233e-01
6.134798458540694499e-01
5.594138908547831024e-01
5.242134481790639011e-01
4.264730380585545766e-01
5.464822147667939278e-01
2.212002789645999001e-01
5.033853690716062479e-01
3.436803504348254212e-01
8.261715123502706426e-01
3.317470572834297915e-01
5.944186756757824375e-01
1.024941584615990386e+00
6.772007658002152652e-01
2.708678527596854457e-01
7.285548537486308263e-01
4.178687972318395616e-01
8.159701064033676454e-01
5.943923134133562991e-01
4.295924480359833986e-01
2.555290850784981416e-01
8.376970663491788427e-01
3.444842809867289524e-01
6.706848307680586263e-01
7.007021272024891445e-01
5.190262014401586521e-01
3.796896491070050894e-01
5.495983730465522354e-01
6.219244272979265187e-01
3.661946787201983966e-01
1.022938091801978588e+00
6.493425820902529733e-01
7.060974346380544109e-01
7.719301761482908475e-01
5.577984389472258053e-01
7.252525155347256947e-01
6.371824369507119723e-01
5.621152716533878158e-01
4.684479091089339686e-01
3.328783812012826027e-01
3.277382509816791911e-01
2.703216376052905989e-01
6.946677767009431514e-01
6.125778440043034845e-01
5.793465900307198657e-01
7.769303833089132860e-01
5.387888165415235520e-01
7.110249586191734750e-01
6.519935945469251815e-01
5.105105119255375357e-01
8.338857644035857497e-01
7.691683421280143262e-01
7.575245289718471886e-01
5.903578147391825848e-01
3.034929017833393194e-01
3.630815286322947588e-01
4.085507124461028039e-01
4.909554289985633146e-01
7.313940952734770962e-01
7.990703233341374112e-01
9.066945100629549836e-01
5.673715149388665058e-01
6.047688390665582059e-01
5.731492289509343419e-01
6.878131370312731141e-01
5.961328870471274133e-01
5.706543303837777747e-01
4.015858333018426096e-01
7.583821867613625978e-01
2.733336962641707557e-01
5.631451862317761181e-01
3.465900250738772614e-01
8.474042626342785933e-01
7.550900643989939542e-01
7.695455695855428768e-01
7.041365220470419128e-01
4.526311560898256259e-01
6.349831379087870209e-01
4.202849631769612349e-01
3.918314166197743864e-01
3.999368752379758862e-01
8.154113618156947352e-01
4.157347790978823121e-01
5.462273008699704002e-01
4.782213716653719859e-01
6.598948521886451868e-01
5.842183061303586333e-01
7.202951482758177537e-01
6.134606671666197331e-01
7.348202155751123454e-01
5.243140248334876574e-01
5.056043365447238092e-01
5.350517915296719718e-01
7.218391185257982956e-01
3.207127866161391117e-01
6.768836740619531556e-01
3.868100234967712381e-01
7.022769087757436690e-01
5.978577880782879328e-01
6.118909857390746332e-01
8.788589055303795972e-01
8.776240523078401301e-01
3.859499535338433707e-01
6.255379770314833943e-01
4.965682193392395583e-01
4.785747842666613905e-01
3.459637316075607205e-01
3.819139300344161492e-01
1.123506822162428032e+00
6.275723996101310043e-01
6.728998228751186250e-01
6.533654384163717355e-01
4.640959933300369267e-01
5.079457968415568292e-01
6.934063974814975717e-01
4.409070962923769543e-01
6.047549276862066447e-01
7.435145932331821417e-01
4.273561052926910797e-01
6.322472800088457801e-01
7.420928999220960387e-01
6.758040607723219129e-01
1.113082844886073453e+00
1.236092302261297293e+00
6.267018301352073051e-01
5.761295272230201325e-01
7.440033556578219409e-01
5.881696321619435119e-01
6.767281882054271280e-01
3.625804792865248150e-01
5.861926434452023882e-01
6.373059581730453615e-01
6.881912830344912857e-01
1.032105604018471290e+00
5.296527329080065183e-01
5.213832770672335304e-01
5.125872129489080775e-01
5.683490232015548926e-01
2.603612729747870613e-01
6.443899478175210138e-01
6.188720451272190504e-01
9.279574084104967868e-01
5.710998112323062426e-01
5.747257773032156125e-01
8.158829572137820119e-01
5.641841268213502181e-01
2.384664435713620134e-01
7.558783489259341959e-01
4.046548941880040995e-01
7.435510522053950799e-01
5.814365551995052117e-01
4.028828483295238683e-01
4.953294794425858183e-01
6.424679340618141277e-01
6.739161707455939565e-01
7.077356429238468305e-01
7.935626997152924744e-01
5.364198103821020691e-01
5.027587325068753055e-01
4.700303263995123104e-01
7.420332387568752130e-01
3.407630994068553965e-01
8.691432869390328664e-01
6.097186146745844360e-01
5.450854402263169973e-01
2.903276142290731054e-01
9.180415618706195824e-01
7.675161755945041353e-01
6.062929187538810272e-01
4.439736862276551510e-01
6.624691001899946086e-01
5.663784542464224137e-01
4.698709569495396199e-01
5.051775697396134746e-01
7.935267538468646631e-01
7.017527092070090511e-01
7.120992916304238474e-01
4.725084222928390698e-01
9.738680896815599120e-01
3.969848997440913463e-01
6.681398385015312469e-01
5.081643677239516821e-01
5.533330146463905086e-01
3.228932816237608527e-01
6.969165630348936880e-01
3.999559148524450269e-01
7.931403557459009157e-01
4.957696444088079968e-01
4.166203739370821224e-01
9.959165024719014436e-01
8.306871138020248679e-01
7.283330681017656794e-01
6.596110538241569676e-01
3.676400204791111515e-01
4.199438274842781094e-01
5.024413455731997491e-01
6.707834527896803234e-01
6.900133109542777587e-01
6.701244211473125212e-01
9.860226977000102755e-01
7.433005780169044119e-01
5.928900810138663102e-01
6.058672355947479771e-01
3.607821871951753523e-01
9.193353621174772394e-01
7.131588115781853920e-01
7.482393073653623716e-01
6.370058566903906705e-01
5.437423034429225144e-01
2.992977482100164788e-01
5.184269451923583238e-01
7.776190756377567848e-01
4.932335008071230265e-01
7.617183431552592143e-01
7.356149529119657693e-01
8.603089188913078944e-01
2.860206161286718007e-01
6.207410435153309924e-01
4.336448300669889511e-01
8.593333477887387106e-01
5.993067904195049644e-01
6.242523052580284393e-01
5.155114598166428141e-01
7.678680887469914174e-01
8.401948096498682572e-01
2.187527977056182016e-01
3.930842086154513471e-01
4.325583571724239129e-01
9.712270116041284984e-01
7.591371381553294606e-01
9.302219333876819984e-01
5.364307499100184895e-01
2.894841396668917377e-01
7.390487028431248495e-01
9.451600226923850823e-01
7.117493824683560621e-01
7.114755519465253419e-01
3.910128253891744787e-01
5.797581452534654733e-01
6.078446005289717124e-01
7.615899734437149293e-01
4.127423219140368693e-01
3.746085843986117214e-01
6.659604266811798290e-01
5.450428657537371713e-01
5.556864261861629295e-01
5.268827280746868347e-01
5.744537949022019419e-01
9.841513935487491427e-01
8.680201376063054752e-01
1.190705863864300884e+00
2.613300844936543577e-01
3.042827415483562170e-01
6.133549600315708616e-01
6.593800568248021632e-01
2.926177767518631789e-01
9.056076964210597602e-01
6.652410400067247931e-01
6.112758704132683629e-01
3.698172774314461009e-01
8.388943903584761275e-01
7.080954370902416972e-01
5.020180430042067155e-01
5.577776277149270046e-01
4.410418902207146052e-01
6.013042747360569651e-01
4.882651103891773592e-01
4.875103502106401532e-01
7.661401285806718198e-01
4.011308404780429271e-01
6.224614942115788141e-01
3.010111428385239818e-01
6.336301870083252963e-01
4.837183250857789996e-01
8.261968606197566123e-01
9.174588372036835970e-01
3.734485131109848144e-01
6.505740576628054050e-01
4.298244376603563843e-01
6.812735379627793408e-01
7.008302752220566534e-01
4.956029404824403573e-01
4.117049121023082514e-01
3.342060274621498905e-01
7.143303072099431716e-01
3.986081554598034371e-01
7.879214736205035763e-01
9.952004794060899107e-01
1.010748177594567032e+00
5.646331437295848410e-01
1.005776522152642904e+00
5.903391734430284421e-01
6.181024217726074355e-01
7.523252560331087357e-01
5.326116730285019862e-01
7.342013149624723178e-01
5.482194168454219696e-01
6.501257093484592575e-01
5.658677615729252874e-01
2.850393602122296977e-01
8.159784175737674339e-01
5.074065935362341850e-01
4.852035847085402476e-01
6.076021671946819636e-01
3.688101394588311210e-01
6.273157651711817051e-01
3.696096854286719524e-01
5.650103374288392155e-01
3.457310202586787451e-01
4.160605624139737113e-01
2.848729122933836844e-01
7.145115527844155823e-01
6.629665360943859387e-01
4.961446708654868032e-01
6.648656720226713279e-01
5.208212904833079415e-01
7.115851240164539071e-01
6.744926523678013153e-01
8.428285638205618158e-01
5.263822925917334139e-01
7.252413156394081906e-01
3.293885525628124644e-01
2.564811553631585750e-01
9.196913825648836971e-01
3.213910715206778623e-01
6.916760897139071496e-01
3.000123732660632814e-01
5.588626857619599653e-01
2.947824759651224702e-01
3.643670649180829058e-01
3.013428348600807327e-01
7.129476842888325949e-01
6.477327760822952918e-01
4.888276612579318114e-01
6.353329509615268655e-01
3.819423964279649586e-01
5.012836656616120878e-01
5.421125170402616433e-01
2.967737010952961607e-01
8.527275282417944302e-01
8.579446128904024693e-01
5.712968636679717216e-01
4.345284468368620368e-01
2.924132102992313964e-01
5.600798033238280071e-01
6.766728267716177747e-01
6.065340554064357903e-01
7.304612324712645988e-01
4.679665849231177677e-01
2.288100999067617936e-01
4.706795105556592640e-01
7.372144684034259710e-01
7.043873471550341492e-01
2.544877727586378757e-01
3.783493191374736608e-01
6.586794582367487827e-01
7.666751814476986393e-01
9.339225776503129461e-01
6.641724215466229264e-01
7.338960213116626496e-01
8.250505533347831655e-01
7.333280876625430933e-01
4.874088092981144760e-01
2.630528981359819274e-01
4.767103279455270903e-01
7.099472920277563048e-01
3.744750670843201013e-01
4.327313427662102807e-01
6.436428107129684717e-01
7.017824003989594495e-01
4.989819345640482684e-01
2.158747183769632039e-01
4.344673199989889101e-01
7.859802732448731843e-01
1.127409528400702410e+00
6.196340147202034077e-01
3.339601378678107579e-01
4.493228766535765639e-01
4.927260939773753234e-01
5.289729391726044616e-01
6.762715135238530628e-01
8.646935791064936927e-01
7.507526885302386876e-01
6.142819958142428094e-01
3.522351061020606022e-01
7.333093324390865808e-01
6.248366895883487038e-01
6.769314873141573097e-01
6.834992664288856989e-01
6.328618272655601729e-01
8.010365152552844092e-01
5.453390496676721044e-01
4.651138708663865584e-01
8.672587130650566412e-01
7.916811014271489810e-01
3.711750558446142989e-01
5.099313814540608059e-01
7.112947101763977820e-01
5.570907091728753979e-01
5.178811650773896824e-01
6.194549166934613105e-01
8.230209632493183936e-01
6.760419967034647648e-01
5.314226482601523971e-01
6.731425503094748963e-01
4.607175091234976261e-01
7.974749184892876430e-01
5.451062866561948717e-01
5.967939081166788728e-01
8.445278171093021369e-01
5.552827395702863988e-01
8.102218027679454204e-01
3.111926035311018413e-01
9.526544695908615301e-01
4.207829734194622473e-01
7.414928398948137378e-01
5.339274625964771648e-01
9.071519944160072457e-01
8.013048499329983310e-01
5.123048188679181214e-01
7.654855688928399182e-01
9.027245857451761113e-01
6.517904539457322066e-01
5.658750243536984081e-01
6.354857845582548848e-01
2.955824928045593936e-01
5.380485957384961715e-01
5.023654606470113748e-01
6.188526831981983056e-01
1.163849735362341598e+00
8.270806181746814811e-01
7.474265194470249840e-01
6.121257901825909453e-01
4.654565172326139422e-01
7.921469782340251342e-01
4.639847575568494809e-01
7.242232378700764750e-01
6.900889711305009389e-01
4.214494132442641594e-01
6.306578168933024697e-01
8.339940590247701957e-01
9.489774881494119629e-01
3.533130158517680530e-01
4.586988874669939431e-01
5.293848658239506122e-01
5.686038325896346501e-01
2.641361280096916064e-01
4.111625495066706382e-01
4.272606295147589051e-01
4.399348518276869346e-01
4.255590895097830506e-01
1.027347411965212176e+00
3.950360981347255107e-01
5.926120814275550597e-01
5.453645989062414490e-01
7.405366173362663007e-01
8.172896660318677009e-01
6.113741858301340315e-01
5.546970809456295282e-01
5.649376688573245486e-01
8.010216976562088975e-01
8.017613768702849253e-01
5.890744280584792048e-01
7.920842790262339062e-01
5.610734190453465775e-01
6.784105742658061988e-01
5.364844445891311375e-01
5.761523869723884639e-01
4.957236734476956896e-01
6.665141882444156618e-01
6.735511067994215395e-01
4.143056477952848926e-01
3.862535877211363822e-01
2.745010675748549844e-01
6.967510232693501226e-01
7.926616068298968365e-01
4.789585991588012348e-01
1.861213593361869534e-01
7.674447466376667082e-01
4.518869680059206528e-01
3.432644994724705634e-01
7.249413935839280620e-01
4.660650224538267494e-01
7.178402268312332746e-01
9.117356686313268233e-01
2.781977253469112843e-01
8.421430744852723693e-01
5.079182840328411164e-01
7.202628485037142481e-01
5.508591802810904881e-01
8.255466739827042044e-01
5.890076637591519226e-01
5.125224945133598498e-01
5.746482075376986298e-01
6.935842412031043569e-01
7.667702546065087166e-01
2.510084396878665691e-01
6.049342947894451594e-01
9.232138274693959534e-01
9.144340663651847612e-01
4.720829911762869924e-01
6.400001124155624277e-01
8.148543133474850375e-01
3.848334975566228278e-01
5.782888205091901712e-01
6.316046679963838173e-01
6.238535926581111335e-01
7.230196287292723900e-01
5.656212459468342724e-01
7.334021323319406260e-01
7.292930766072450721e-01
6.897610946907207774e-01
7.407840763773012593e-01
6.126571811995158434e-01
8.542089780891931605e-01
7.910159589384071488e-01
8.322485728664237303e-01
6.972795722051976508e-01
9.192235071426702042e-01
3.712829855382653865e-01
8.820748890050492674e-01
6.838361363595379938e-01
5.492557748599107281e-01
5.866312638367909837e-01
7.909220094803602885e-01
5.687829181413477375e-01
6.532511781344280122e-01
4.021483815182180788e-01
5.391122976706808068e-01
4.410724475846094506e-01
1.041947110960184109e+00
5.583373195685246149e-01
4.376921404113828240e-01
4.857294583616878492e-01
7.099416024997853292e-01
2.787912591288667641e-01
4.442657228253750756e-01
4.352463176379714471e-01
1.144994724228765026e+00
3.426300507766108505e-01
4.589297945549501434e-01
8.657051479977451169e-01
3.707026016581526640e-01
9.067857115554043279e-01
6.247880567413950370e-01
7.597870169891326464e-01
1.726776494004618745e-01
5.857934127432640192e-01
7.310394918755483973e-01
6.038163989801649256e-01
7.566308339588782017e-01
5.345921207434370936e-01
1.007373547180187678e+00
6.009308050086793473e-01
6.013405433525658150e-01
5.334863282803102846e-01
6.098689763069850001e-01
8.520986038945680408e-01
8.570116387441906181e-01
6.919549981802546323e-01
9.831815587371475207e-01
6.813407662487802607e-01
5.276954746839113142e-01
6.026228504121439178e-01
8.393952060169590501e-01
6.369179660588496494e-01
4.078148925167310312e-01
8.380521746361914159e-01
5.327521668553164558e-01
7.233696210388198544e-01
6.239399611860400041e-01
3.186584681131646724e-01
7.045016335866918222e-01
5.101057293309436691e-01
4.041277826804746676e-01
6.142657244992720811e-01
9.619614549197753606e-01
5.220492094005758643e-01
3.927832482067213360e-01
6.632350859617992533e-01
9.906654919780431001e-01
3.523945861205257657e-01
6.386682158316144831e-01
9.658837257020443934e-01
4.652124482988687637e-01
8.966618319477027699e-01
7.387631038842012998e-01
8.764991852048117371e-01
5.162071378478466643e-01
4.177556801388492280e-01
6.345488645698671437e-01
2.410955622508381968e-01
5.750511502920128137e-01
3.636977524816208951e-01
6.009772687659521440e-01
5.270982480225181455e-01
9.786426472591316372e-01
5.408555745739764831e-01
6.334952960303874558e-01
7.563417964371106361e-01
2.004129611549510526e-01
5.270410116001940093e-01
4.378032611292826393e-01
6.105362478002819282e-01
6.303559083667862328e-01
8.476405073592266914e-01
3.862908434986273010e-01
1.891261361439452171e-01
8.541397727673680773e-01
5.645670046661549479e-01
3.870844908099290715e-01
5.259459447309026148e-01
4.800303649613639201e-01
4.782167611477715630e-01
5.392456813021027084e-01
9.092514291338203991e-01
5.933777481183798441e-01
5.594499352547167570e-01
5.788202122458805388e-01
9.475404168491720069e-01
3.382005764167790862e-01
4.687110448003732333e-01
6.691837164857977749e-01
9.150482987700484516e-01
9.952962432237311141e-01
4.532889046594869575e-01
7.807330355743644645e-01
6.076240861542814287e-01
5.227668083569810831e-01
4.420350104598619878e-01
2.297988824297271249e-01
8.622408097101339486e-01
4.663013428367286384e-01
5.645608942549866782e-01
5.663367635444702675e-01
5.848388748810869897e-01
7.946461164562641510e-01
3.642751983654663461e-01
3.835952064654955529e-01
9.929587130272842233e-01
3.615814598028729288e-01
3.758763118151453031e-01
7.853431114379243461e-01
6.566612005074592417e-01
3.907729354210539019e-01
2.670483806570952967e-01
4.773119186096840827e-01
5.757894639497699307e-01
9.744793980262101973e-01
7.997356693515552672e-01
5.713126392196733461e-01
2.534182324309287027e-01
2.943666643149343565e-01
1.065272895176727408e+00
7.076195523854812430e-01
6.818754419471090289e-01
5.272503706522688738e-01
7.501178829843214713e-01
5.536234280310787792e-01
6.736769379372223865e-01
8.012924309760572905e-01
4.226224381311300959e-01
8.755417518319266179e-01
2.152856597068272537e-01
5.244571141467259112e-01
8.547985710488790190e-01
3.351977584500098195e-01
6.700279782311027166e-01
4.968040878267352967e-01
3.250766854174800824e-01
5.542482740327550061e-01
7.917106233722551734e-01
2.509805653015412807e-01
6.783724274453443170e-01
6.214152424167311839e-01
6.300935835678616037e-01
5.182157887376688254e-01
4.407664291914115684e-01
6.960554402485537029e-01
7.537417189514349358e-01
4.879050968881228356e-01
4.414153406422989256e-01
9.696941923923836359e-01
3.932107804761694192e-01
4.180616370469865117e-01
7.130584597476747888e-01
6.041584221805316179e-01
8.047537380233088511e-01
4.195896260934543487e-01
4.653590004371105926e-01
5.629819149338546325e-01
6.296111560053667677e-01
5.045017187497238265e-01
6.234641906807369960e-01
5.151776332823072568e-01
5.247943364095759566e-01
5.579275395254089664e-01
5.892062123938067719e-01
6.313254815758134741e-01
4.511645755239160338e-01
4.740978345489236245e-01
3.499883227758804338e-01
5.072017612013258736e-01
6.458733429998131381e-01
6.990493386105671725e-01
6.014253919290443173e-01
6.557673285346387049e-01
7.105614998022046214e-01
3.245510696721275457e-01
5.409505160549171743e-01
6.800751779471317926e-01
6.081316103957785657e-01
6.316371842096876188e-01
1.170716364069304405e-01
6.524816362997371000e-01
7.384269059258605772e-01
4.631936428714983345e-01
6.577061321838842956e-01
5.583413101537806345e-01
4.956010162174068756e-01
8.118627227391139733e-01
9.375100600979989762e-01
3.292219195982949431e-01
5.909389564370031156e-01
6.936819417044839398e-01
8.576293849540201908e-01
1.909797808508316708e-01
4.690199302573813123e-01
6.880606231802559591e-01
4.944859678969938943e-01
4.579231872782906221e-01
6.863336304811319399e-01
6.978990629940311496e-01
7.989305973276433770e-01
6.051591183283265840e-01
6.296730690194993763e-01
8.564048547104011755e-01
9.659695724945144280e-01
7.009041906875882466e-01
5.547168159768148810e-01
5.418756536272389956e-01
6.701039405231494772e-01
6.188987589727231731e-01
5.614966419651115093e-01
6.685278252542462551e-01
6.428101376099318864e-01
6.502447463591505272e-01
2.242392676134709883e-01
9.064002658749419350e-01
5.286537886076391191e-01
8.198434770778791902e-01
7.581621886772575980e-01
6.474082380911563295e-01
5.127704238466648246e-01
5.970275495108641195e-01
3.649265795059970507e-01
6.592342385070119049e-01
7.457941509862662244e-01
9.698099756691944684e-01
3.702063380252765823e-01
5.357552529164523181e-01
4.706183316809426920e-01
3.351353106601638876e-01
6.810277705317319130e-01
6.189328959041082712e-01
6.446510168264466545e-01
3.019886348816589461e-01
3.199346422089547337e-01
5.219172920261527793e-01
4.737353215179816446e-01
5.093188104708251673e-01
6.592247488888866025e-01
3.150965495152353024e-01
1.041023617093249198e+00
5.767221159828118671e-01
4.797619746551476383e-01
4.976300048687352096e-01
7.748619812453451106e-01
5.858703937735223466e-01
7.118994072446693799e-01
6.295738912415328459e-01
3.846905504515106822e-01
3.258496989572635116e-01
7.408321285401499035e-01
2.530789758020408620e-01
6.963789631119117196e-01
7.128288859380136344e-01
4.073784742696232031e-01
5.969982847118173730e-01
4.870494367244406209e-01
5.592880798334399772e-01
5.189073526594117913e-01
5.519819767309745995e-01
4.348344727622576733e-01
6.893635267223886531e-01
5.954052242911543891e-01
5.953619743841050971e-01
4.962085748629479487e-01
4.413322818293460847e-01
2.641652348876362688e-01
6.228623079680183361e-01
2.781201916302374899e-01
8.581912570368118720e-01
5.833932016803859977e-01
9.799491048470059251e-01
4.685475350329474375e-01
4.810697066028202795e-01
5.993411544459918971e-01
5.974792928279994975e-01
3.503693845574425980e-01
6.369505147536878020e-01
5.191464039926613205e-01
5.213380588175680064e-01
4.008211251048064971e-01
4.859720020055312562e-01
5.504238881612214529e-01
7.587007525033614419e-01
6.650177356324051825e-01
6.911340553733180680e-01
8.553293986165632079e-01
7.149534427873251996e-01
5.229029586709935673e-01
6.520046429441338498e-01
4.932656015906085045e-01
2.862577692593596956e-01
3.345587029209624585e-01
7.675635111605541017e-01
3.125508816129049516e-01
7.778181221305228155e-01
5.181300290177390799e-01
6.700806470275977311e-01
5.071372440233062884e-01
4.701276053035018387e-01
6.306121045623377386e-01
3.273437826883144330e-01
7.880698975042733645e-01
5.168929832036259775e-01
4.552232108961185020e-01
4.374294441934663547e-01
3.168328745908555177e-01
6.630789454956368401e-01
4.528785411130792915e-01
5.603078756997231791e-01
8.101433147016837699e-01
7.640411789698814404e-01
5.073432208122917730e-01
6.247985980295247543e-01
8.034476495667431939e-01
4.643603597991942666e-01
7.460153584002949811e-01
8.664988483773301553e-01
6.004825975846128649e-01
8.419884373405666089e-01
9.254052318306941194e-01
4.519930321096641279e-01
9.674460545123593214e-01
5.727035974826011344e-01
3.141610359978534439e-01
4.112758718737088981e-01
6.153095974223600217e-01
5.100263031030402017e-01
2.294025667800520529e-01
6.199380612994133122e-01
7.681274267039084336e-01
6.884781122253051944e-01
5.082453523704142384e-01
5.377395443174131096e-01
6.450435536194785158e-01
3.286350793901552936e-01
5.850076439881958246e-01
5.473597034501591629e-01
5.063082574660017210e-01
5.196858431194708583e-01
6.186370476180699240e-01
7.612193604784768253e-01
1.057206306997182654e+00
4.902564696029083624e-01
6.110783569092769207e-01
7.426306271329125019e-01
4.554796521986014812e-01
7.058652785290981946e-01
8.998335302916831147e-01
9.368789835097397489e-01
8.384376700416287242e-01
1.761929373872339610e-01
5.138680225105732857e-01
5.516441609478227592e-01
7.128792502914913509e-01
5.272161744220874580e-01
5.047462883078637219e-01
8.402712633618717453e-01
6.013296522854811865e-01
7.604044858933508566e-01
5.713807085632044425e-01
8.962498926186510673e-01
4.900003418911634823e-01
7.195067258723646386e-01
4.890357291843138166e-01
6.662209316106946222e-01
4.057337809792646022e-01
3.877075584196436053e-01
8.384529957729859317e-01
9.064615673335923995e-01
6.133267436801076444e-01
3.141956132416703351e-01
7.010736784256526022e-01
7.074263981581712102e-01
3.560790053500101360e-01
3.721733102593951514e-01
2.282403411860518261e-01
5.322708324064912011e-01
5.151292108982442608e-01
6.551433209542539826e-01
4.901238877017636275e-01
5.178410855743754704e-01
6.411317520051090790e-01
6.705853861168418195e-01
4.836335405382549135e-01
6.398499065165970112e-01
9.619655529189427012e-01
1.167517471521916539e+00
7.466568559098250013e-01
5.518837880163380838e-01
7.384298094300283388e-01
8.150427323104512123e-01
6.751352030672618243e-01
5.759003085473047845e-01
6.424892764250738075e-01
6.275689647131950100e-01
9.409301286780039630e-01
8.124490984378116565e-01
1.990878907153681154e-01
4.461583627307994515e-01
6.551379617681760692e-01
6.657657696356917842e-01
4.438678009241130984e-01
9.878831611040312932e-01
7.826306914352441080e-01
3.162052416410576772e-01
9.349429579385124534e-01
6.261745970395898864e-01
6.917673699630836337e-01
6.140635510939005393e-01
5.416739882761906211e-01
7.362359870085427582e-01
6.173787733296380864e-01
6.289785041788359399e-01
2.032152148395791891e-01
5.714683110433806945e-01
4.243692621335809489e-01
8.040997036012493826e-01
6.318673095629601111e-01
4.950531174866276696e-01
7.791272488570218924e-01
4.209968479303803357e-01
4.283038642954744013e-01
3.601868021883851689e-01
7.991303873572056515e-01
8.659524512674252605e-01
7.826959104896128450e-01
5.817182400284236499e-01
7.015576835326494676e-01
6.101919853174271324e-01
7.759908094267973233e-01
8.251322578867208435e-01
7.228369030000119100e-01
3.890710587699087175e-01
5.411873750553748419e-01
8.773621750594429169e-01
1.038180333187274762e+00
7.674553488476233420e-01
5.570871081701753713e-01
8.293575301723485893e-01
5.915166641615138277e-01
7.005128487384149061e-01
4.507106162998250620e-01
5.460803272543910403e-01
3.772135299629198468e-01
6.064469079989207589e-01
9.691617941994485896e-01
9.063154902097805277e-01
5.289289220407066283e-01
7.881972842734500384e-01
4.845323888530133072e-01
1.092674973438009012e+00
4.771383826046610155e-01
2.531352462298048778e-01
2.499850676855681908e-01
6.212669800424972522e-01
5.632442172259349844e-01
5.767172225608258040e-01
7.722937445888442554e-01
5.470827509188969096e-01
6.707587447625212862e-01
3.822596388171584647e-01
4.181811108317692871e-01
7.228965304912716716e-01
4.184554070559011185e-01
3.221947200480077544e-01
4.680138612338489712e-01
9.424436661606135912e-01
3.153786841401636232e-01
4.605648943281736574e-01
6.326297956850831516e-01
3.969772032767623915e-01
7.404042118543942008e-01
6.056448403618561738e-01
2.641987661225673745e-01
5.549868806650071207e-01
2.489843664095297837e-01
2.645691407705031417e-01
6.054187610543436682e-01
8.024584937166436838e-01
4.688116031215779911e-01
3.947400680274097962e-01
5.009450739574633493e-01
4.556624410639949496e-01
5.626400062469524288e-01
4.922130107289823808e-01
5.577643364695578088e-01
6.553047839299096511e-01
6.766050118337099128e-01
5.186460039121121302e-01
4.480871865768800699e-01
7.094594077728207937e-01
3.849879936737114483e-01
7.581813623298667704e-01
5.060965188108227375e-01
5.280839723133479158e-01
4.088467611556140247e-01
3.393967138462875566e-01
4.357556629439134355e-01
4.966534060954306828e-01
8.002981026183376700e-01
5.013916547598044060e-01
4.479019123367495303e-01
6.306340682821167665e-01
3.638823299169118286e-01
7.302843843777918620e-01
5.536304405173896326e-01
2.194724921314758492e-01
6.651040346417821381e-01
5.689163243866171005e-01
6.603361564421617036e-01
6.613469057216945224e-01
5.159266469270079591e-01
2.504114463353582787e-01
2.294333216956045418e-01
4.372680276835753110e-01
7.334722840971300561e-01
5.692949640581886905e-01
8.150606115858421985e-01
9.209885998558224873e-01
5.443090121370340873e-01
5.741783232501552758e-01
1.008543055345391570e+00
7.634925965118108948e-01
5.095075209767455648e-01
7.159498962511692266e-01
4.077864413337815019e-01
6.553517044689594062e-01
5.510283263326093417e-01
5.264319602457552261e-01
5.888038089641687289e-01
1.335436129505069014e-01
5.594275974238971383e-01
5.008972505594623259e-01
4.035377987912665554e-01
6.014224001559531629e-01
2.874730224370108389e-01
6.437407245585463622e-01
7.601611632866709378e-01
4.490609382508194414e-01
6.543178127931948973e-01
6.764071662990600586e-01
5.603338881828568985e-01
4.654402871690612731e-01
4.057517543742163446e-01
3.022840247770126054e-01
3.684072580104051364e-01
9.343924624056572092e-01
4.540441767306504506e-01
9.695883573366950170e-01
8.492141286628397401e-01
6.840458370230367846e-01
6.665374625113364981e-01
7.260307189497917646e-01
5.319152472849998370e-01
6.688642628962851999e-01
7.884678836678923330e-01
5.914659734902498744e-01
6.497114696302295211e-01
5.854329903388371115e-01
6.115433408713920604e-01
2.444946189552052729e-01
3.990436483032684944e-01
1.483429321041895843e-01
5.564775267990256236e-01
4.342816524225605046e-01
4.246661777712023578e-01
7.993330299322640720e-01
4.178307070970297965e-01
6.987353396658064764e-01
4.927952777787499850e-01
6.736813186673522580e-01
3.811958113616680799e-01
4.571513353536647006e-01
7.216083264884144421e-01
5.122962746164593240e-01
7.368769921280526880e-01
7.177240160158038229e-01
5.975443129680571008e-01
3.846982946423982974e-01
4.875998435740749870e-01
4.319741180285859850e-01
1.168186122811585070e+00
5.910829721444583740e-01
4.877030205899617887e-01
4.327141581379027047e-01
8.223098228418505018e-01
8.689519107322609681e-01
6.345521294311022853e-01
5.509669230991702804e-01
7.049798150710491207e-01
6.430990580035140791e-01
6.940146667380319156e-01
4.398169694792459228e-01
5.753043450661158298e-01
5.526770273548679002e-01
8.261419111387885428e-01
4.384340316285632588e-01
3.358193888801264682e-01
3.396772098271665929e-01
4.611381075693882781e-01
2.148035501719267049e-01
8.231143707462860171e-01
9.446339603229655379e-01
5.881549976798056134e-01
3.210810912811268292e-01
8.217817377011061852e-01
5.558600650910553442e-01
6.000981401262059922e-01
5.228828168536249210e-01
6.737767737918707311e-01
3.297460675283572784e-01
7.580473046439430984e-01
8.340996392326481823e-01
4.288609835758620537e-01
4.778838929033130678e-01
7.005638439603598666e-01
5.067695896788506627e-01
6.648651271231389437e-01
3.652481905627944503e-01
6.184969259676814657e-01
7.087913153397976673e-01
6.531723373894666729e-01
5.624533259292653353e-01
8.274002711261194687e-01
2.110580497229260777e-01
6.220243878317394115e-01
5.708330093168813013e-01
8.306798065783345120e-01
9.853800436164965593e-01
7.225009565283075919e-01
7.072632821753805921e-01
1.111828627663238089e+00
8.398789501909502686e-01
5.911156461407531815e-01
6.156195476965898861e-01
4.471985010021837792e-01
1.029629624970519686e+00
9.104313799392843576e-01
4.222725845766313602e-01
4.963989384591199205e-01
6.724260294041551900e-01
5.252855987219262612e-01
1.009738557742511311e+00
6.941857079067090819e-01
6.618918103473389047e-01
8.598236649849189117e-01
8.356967907006760399e-01
4.925565373928891266e-01
4.512833727457528643e-01
6.839723061292033446e-01
6.152744586281364558e-01
6.597998018020182487e-01
8.840437739582536203e-01
9.157601942155743080e-01
1.063958572774956757e+00
5.628976851850584495e-01
5.282787247000373387e-01
7.995949564203465032e-01
6.979356578974402758e-01
3.710901879561835925e-01
4.230746405865382642e-01
5.251956815271834333e-01
3.730688932041724692e-01
8.149094973539856568e-01
7.440702027846763933e-01
8.372172112298783553e-01
3.091546839626044818e-01
3.135320617294723999e-01
5.016906878290051663e-01
5.501438686006302481e-01
4.274579454136581136e-01
8.777951499703625649e-01
5.757898779713275239e-01
6.904711882694107850e-01
7.657539270753144223e-01
2.927400898330777546e-01
8.688374088310256704e-01
5.580469169124123718e-01
7.032454419975479043e-01
4.079068039469426754e-01
4.819206700731295534e-01
5.162798160092441080e-01
4.768567802680364065e-01
2.847807572144317456e-01
5.125567169218985253e-01
5.078233855860074808e-01
5.873862672576842803e-01
3.737779456463937167e-01
3.382019833291194377e-01
6.649563687124505629e-01
5.625958544267793959e-01
6.876006339627273034e-01
4.918537845480355220e-01
7.114836994338716858e-01
3.724486272279565746e-01
3.571412152762833969e-01
5.733212483038740981e-01
8.304288234764084509e-01
4.498810996004937168e-01
3.326933204681222778e-01
7.893250339912257774e-01
5.628432234037169524e-01
8.652452357992317378e-01
3.628027163197324323e-01
5.211879140791454423e-01
3.944339453331802137e-01
4.126523146931243002e-01
6.651989675159164506e-01
2.849014121254426768e-01
8.327380789405884887e-01
5.211274856660443877e-01
2.216246238499915144e-01
9.089544243222027475e-01
1.131518334486775190e+00
9.494306741741135314e-01
6.650903090396687034e-01
2.727109768155352443e-01
9.521625105290182356e-01
5.490540415589885148e-01
8.618276749617508337e-01
6.992960217348249685e-01
5.122654043175285388e-01
6.771961970847264478e-01
2.276687324889807573e-01
6.182083447396301557e-01
6.204069525579927191e-01
5.400279415712222475e-01
9.816287798056745340e-01
1.926005988849555650e-01
7.096222802538507679e-01
8.395653904099664722e-01
2.309249553644497355e-01
2.335240981381127290e-01
4.780883187186630856e-01
6.187152919119633943e-01
7.241599128076749992e-01
7.601073231567558874e-01
3.189557116599634479e-01
3.964126563561237715e-01
7.755573549572452041e-01
4.815938704850821761e-01
3.207497948661649501e-01
5.739831908297952090e-01
3.580429462271310648e-01
7.814200063711501665e-01
9.445576060469027535e-01
5.292953441617507249e-01
7.927291888781197171e-01
5.353620710470008426e-01
6.510031506077958996e-01
6.499766462081579821e-01
4.156743887912114910e-01
9.317934921705862683e-01
7.705071370403722142e-01
5.395719327191679238e-01
4.265362691419080643e-01
7.571769037075445352e-01
9.696212047763712594e-01
3.147695648476222519e-01
3.886381882397190735e-01
4.903185307273610904e-01
9.657051123336051202e-01
5.865243985703074703e-01
1.187274410331830565e-01
4.569105736281899310e-01
1.129494636134484864e+00
4.677822274201793307e-01
8.756416921814033083e-01
7.727352947507022396e-01
6.442099332197207540e-01
8.922866289070854329e-01
8.204778253428540724e-01
4.219736191472291953e-01
6.228082616833547913e-01
5.618680331882129897e-01
7.129881974768286224e-01
5.080952347538388869e-01
7.968860092968260700e-01
5.896794644904627125e-01
6.663149737121784044e-01
6.331060892405619978e-01
8.377728082813806765e-01
9.703690568911257364e-01
8.330137179065685293e-01
5.128708939457798932e-01
5.305903648623887525e-01
5.717384892780104089e-01
6.413156668568503749e-01
5.713992319892757799e-01
8.917506249775327687e-01
6.702690370333587166e-01
5.468915582448476975e-01
6.327472431834940680e-01
6.783618755215011786e-01
5.466146616967249017e-01
8.894757584561895358e-01
7.450740374226018092e-01
7.915187184826865119e-01
6.496943989225709704e-01
6.658130803835988765e-01
5.589746859521770306e-01
5.023040284577213743e-01
7.288657174000096051e-01
5.339352625799118623e-01
6.889622529348804481e-01
5.313009554202564599e-01
3.082504133063298513e-01
8.486041295167107146e-01
6.007664353885484587e-01
4.815079353448870059e-01
5.146331111085586940e-01
6.750336597768077374e-01
7.033854389369365023e-01
7.269786248963479025e-01
5.823467022473345356e-01
3.296144757761304001e-01
6.996588889061728933e-01
6.074570376091001922e-01
5.441668205086089838e-01
6.926216032100001030e-01
3.625577114753305019e-01
6.344781880231464832e-01
7.499397372414958740e-01
7.692193787184331555e-01
5.402239686138026187e-01
6.324616857436095030e-01
5.401061174383774421e-01
4.480421717885375021e-01
5.200572857860794596e-01
9.801363227982367032e-01
5.637384578198058049e-01
6.475083573258556546e-01
1.944425801664068920e-01
6.229570004208825340e-01
2.003970414919163945e-01
9.001882854905506326e-01
4.561428278115601254e-01
4.529529103087068798e-01
7.445747977867817058e-01
7.365266110054853321e-01
5.994985589585812846e-01
3.201628519311247589e-01
7.490429273153765832e-01
6.749804435533613978e-01
8.224150509998340297e-01
6.511028100346701875e-01
8.408058107183951080e-01
4.478606863942410365e-01
3.134191077777010448e-01
1.042656816593155567e+00
5.286174164747954318e-01
6.175580970188948582e-01
8.848279321769558781e-01
9.071469582981700475e-01
6.346151963772694860e-01
7.049486395617835521e-01
6.383798360258671201e-01
6.428383531807910778e-01
3.964209381699102530e-01
4.376949879941856580e-01
4.658485781927578784e-01
5.789622832315164391e-01
3.478222330556718922e-01
4.094197963340777680e-01
3.494585617647066877e-01
4.791310208456612818e-01
8.067152595899118595e-01
6.221353830084341840e-01
6.980342617791398530e-01
4.006015640312854953e-01
3.318181041748719529e-01
7.873016095827323202e-01
7.299282683729153565e-01
1.082777738618837526e+00
7.102749893167494832e-01
8.589607898738239600e-01
5.512349256075843584e-01
5.158613962869363911e-01
4.682385352233688347e-01
3.496438374689959105e-01
1.558430191438827661e-01
6.961474538589998984e-01
5.798291838156272027e-01
5.092926957082305472e-01
5.528786285641331677e-01
3.585613991658985200e-01
7.469251695535460422e-01
8.792348583670792639e-01
7.450244485705409536e-01
5.713678526388734635e-01
5.535683868451422018e-01
4.820801983344804031e-01
8.385150997324235522e-01
9.334880223632135987e-01
4.099832200901579737e-01
5.221852649252248790e-01
6.694422996871954856e-01
4.614946258422357173e-01
4.968079378303679183e-01
4.120843108027942292e-01
3.733003545808363244e-01
2.684849374525811183e-01
7.110758782131784139e-01
3.302934030099493601e-01
4.535639902626688591e-01
5.838005834940327432e-01
7.466538694083356686e-01
3.587637483145632578e-01
5.078318760495617035e-01
7.767339428923228928e-01
1.461120706309488593e-01
5.555270730510721844e-01
6.469106874504322313e-01
6.333937400465455836e-01
8.290247118619726852e-01
9.839759711590551072e-01
5.573256787480563856e-01
4.856212179563614284e-01
3.213256161591452886e-01
3.310977605386373201e-01
2.986724003770298008e-01
8.028468882625777736e-01
6.729655467189662454e-01
8.102500165696643331e-01
6.315745394029044224e-01
8.380250522065636476e-01
4.903338386613966815e-01
5.077227964053553366e-01
4.075134025662165427e-01
3.494931921239812778e-01
2.838000460123382696e-01
2.152253966060495294e-01
3.372163633909151526e-01
2.579646279949985299e-01
8.423420837936036465e-01
4.614989224764313169e-01
7.329866774047485434e-01
6.793191683731160113e-01
4.619200924182931267e-01
9.677677519292505748e-01
5.730492930000048446e-01
5.737817596924270624e-01
8.261048989772433737e-01
3.425990092076570126e-01
8.319500912737796128e-01
7.691879818597472385e-01
6.871711064790315682e-01
4.457577388608975899e-01
5.575127354343908381e-01
4.327534348221143135e-01
5.006268512537186410e-01
5.684399350281416075e-01
6.369394541593693670e-01
7.211833983107327484e-01
2.614668579602401066e-01
4.385931900374473447e-01
7.179172443407922932e-01
8.499870311604406092e-01
4.536309375333498206e-01
5.578207745438963361e-01
7.723358623599576589e-01
6.980459760555952631e-01
6.155895686739959460e-01
6.408782980540059793e-01
5.774650278482631460e-01
5.983215566322215295e-01
9.759345454817976995e-01
1.026838675629270226e+00
3.683332567299760218e-01
6.082480901015160368e-01
8.621979570308820895e-01
4.148938469144464181e-01
7.970759604559769507e-01
8.229803716595798235e-01
4.099459569547002635e-01
8.201763706858943292e-01
6.220709268835740158e-01
6.541556964270746066e-01
4.450742554390165751e-01
9.442032682527002896e-01
6.284110672083722537e-01
4.497133186404944638e-01
5.332287081458203515e-01
6.701904171974846225e-01
1.024957602932314193e+00
5.117163883786510770e-01
7.462623960856842320e-01
7.879058086876188360e-01
1.026030099525583550e+00
3.027921009230744032e-01
7.050238060293246845e-01
8.527982480637864571e-01
8.992522264271523014e-01
3.393793780078278588e-01
5.709363687005517551e-01
7.480273025267885068e-01
6.534583160082552133e-01
8.353891681731446806e-01
4.992100205816358827e-01
7.809163136258301385e-01
4.026863091700320085e-01
7.278173790744283389e-01
9.392103572436899528e-01
5.338173097360373598e-01
3.569221911203205866e-01
6.739719644684399880e-01
7.028320501928516650e-01
2.685718033333824861e-01
5.556684459044636260e-01
4.359684131789166583e-01
1.069924738325692903e+00
4.736584240871239415e-01
7.190337089484871713e-01
8.836747293489465305e-01
7.772083697057591278e-01
4.394549928347317724e-01
6.562397853652132129e-01
8.057203850742364892e-01
8.948831663083620658e-01
3.355873906295842590e-01
7.079414316319930789e-01
5.878431465061088046e-01
3.973819380142659119e-01
1.147522171702208382e+00
6.270795699078736130e-01
7.124975801355426519e-01
5.066499100163086577e-01
9.674783927995527222e-01
4.815018727814749933e-01
9.059187492208607972e-01
7.559070925199423696e-01
7.916794027452997984e-01
4.884895714922363741e-01
7.503701815909075146e-01
8.267952809002175885e-01
7.243942988297489283e-01
1.824853066790524392e-01
6.318572075499732099e-01
6.537918328944238855e-01
4.993010376954911678e-01
8.734069257484068372e-01
4.149288186811704859e-01
