a_1
9.565363103193341709e-01
4.875911031001886609e-01
8.209404878966065633e-01
8.445331691163491250e-01
4.792553053609707181e-01
3.148407081457987866e-01
2.219004148452398684e-01
7.261277831426915519e-01
8.060178864863124515e-01
8.841820709252368182e-01
1.367423594048585989e-01
2.871159885227488398e-02
8.635126831981425610e-01
4.214280116205008087e-01
3.356989982006420292e-01
3.356989982006420292e-01
8.983251724089666990e-01
9.369103553542299512e-01
5.987571293152738061e-01
8.054415175713930397e-01
8.054415175713930397e-01
6.671226893204050545e-02
5.041810900811457413e-02
9.380075287919914517e-01
9.380075287919914517e-01
9.380075287919914517e-01
9.828114491912600670e-01
9.449637625753010139e-01
9.413035507604531338e-01
9.079050059087004909e-01
9.334699362172529380e-01
9.929076370214898750e-01
9.220493201531777538e-01
9.368262509189930753e-01
9.753308806086125049e-01
8.833729147431329531e-01
9.927592475999363897e-01
7.833846420003310884e-01
7.833846420003310884e-01
8.666160851195895409e-01
8.545744306669249557e-01
9.335286753462755938e-01
7.981747229654033715e-01
8.348487776216160228e-01
9.150261684233323978e-01
8.422439801446980345e-01
9.989491744185682309e-01
9.534286878846457425e-01
9.534286878846457425e-01
1.724371015688583031e-01
8.243098815226906906e-01
9.309667436380862915e-01
9.309667436380862915e-01
9.549590882070776443e-01
9.549590882070776443e-01
9.986947644582172545e-01
9.986947644582172545e-01
8.983735182006855613e-01
9.585355538612885251e-01
9.585355538612885251e-01
6.012711126993099953e-01
6.012711126993099953e-01
8.644715653500418817e-01
9.000642549453837793e-01
9.000642549453837793e-01
6.343824820122578867e-01
6.343824820122578867e-01
9.059067701017775587e-01
9.480465196205856149e-01
9.512979161329246924e-01
9.512979161329246924e-01
6.483961159062175961e-01
9.090578521618697394e-01
8.793769361852576960e-01
8.793769361852576960e-01
7.378136419526384326e-01
9.775497104169409424e-01
9.004056284200503413e-01
9.004056284200503413e-01
9.747755941340983110e-01
9.517906998545637709e-01
8.679954795660743683e-01
9.233339391752740655e-01
9.233339391752740655e-01
8.914764396706944538e-01
8.640130693123003747e-01
8.044892727738399696e-01
8.044892727738399696e-01
9.430870792108733136e-01
9.430870792108733136e-01
8.960952492783614831e-01
9.620277787105988576e-01
8.922089854752178750e-01
8.922089854752178750e-01
9.804112587923493605e-01
8.799843160308471468e-01
9.137638603389092173e-01
9.794732617592584178e-01
8.208924268704729243e-01
8.208924268704729243e-01
8.208924268704729243e-01
8.990874323091129217e-01
9.868145966995325313e-01
6.099274163177976771e-01
6.099274163177976771e-01
9.648503667981687126e-01
9.648503667981687126e-01
7.289188142065708975e-01
9.670840674190345210e-01
9.565830136624189350e-01
9.565830136624189350e-01
9.379052369857606708e-01
8.239659811019049984e-01
8.239659811019049984e-01
8.611535504240787064e-01
4.740717826488550224e-01
9.902122254425697045e-01
7.915555558529827618e-01
7.915555558529827618e-01
9.656553153238724985e-01
8.740113227287454878e-01
8.740113227287454878e-01
8.740113227287454878e-01
9.250988317336112932e-01
8.662818113502552819e-01
8.849675836583920097e-01
9.762349178652245385e-01
9.047794341859392020e-01
9.981153328206850972e-01
7.993733874736049794e-01
9.012229940480348533e-01
6.856813273579103196e-01
9.858311778080428578e-01
9.858311778080428578e-01
8.855085131738787974e-01
7.971869668034985423e-01
7.971869668034985423e-01
7.971869668034985423e-01
8.914520715135526574e-01
8.855263357610757557e-01
8.855263357610757557e-01
9.766699411054073909e-01
7.865140840285503865e-01
7.613664584015626957e-01
9.987455588488243219e-01
8.817597331454987142e-01
9.289277584451706149e-01
6.331409337413642646e-01
9.150440411736097124e-01
9.150440411736097124e-01
9.676929672586872533e-01
9.584008131526925434e-01
9.584008131526925434e-01
9.061761970525905596e-01
9.712541022585472472e-01
9.858387829454293705e-01
9.346446062379235586e-01
9.346446062379235586e-01
8.880777811372240205e-01
8.880777811372240205e-01
8.147872068715791283e-01
8.147872068715791283e-01
8.147872068715791283e-01
9.939671293653153938e-01
8.317894727808767819e-01
9.215446994349165699e-01
9.215446994349165699e-01
8.201743400366867665e-01
8.201743400366867665e-01
6.627986165380725936e-01
7.985024406690088838e-01
7.985024406690088838e-01
9.840617565010436607e-01
6.425507603341935603e-01
4.115907774143394149e-01
7.920317391876939839e-01
1.107620483333333350e-01
9.525519630835820317e-01
8.401190771862395712e-01
5.201639054187744415e-01
9.857449244546288014e-01
9.966950481387676364e-01
5.399228826335823461e-01
9.622743112676230837e-01
7.197529946526609601e-01
8.776369833878386872e-01
8.183872987509376307e-01
7.727496994099355421e-01
7.727496994099355421e-01
7.727496994099355421e-01
7.727496994099355421e-01
3.781096235974527042e-01
8.951103478575119787e-01
9.544376710674050690e-01
8.460004896025428156e-01
1.411882822497557977e-01
7.638127778596103257e-01
7.638127778596103257e-01
7.638127778596103257e-01
7.202214605136004755e-01
8.415529279572185883e-01
8.415529279572185883e-01
5.815892694407707175e-01
9.803004213068221284e-02
7.024552902040640534e-01
9.297615294980758893e-01
9.297615294980758893e-01
9.297615294980758893e-01
8.118218014061554522e-01
2.645663164990422200e-01
4.922633765127445993e-01
9.653381240244995887e-01
1.611649590994750775e-02
8.005420345640025248e-01
9.693587925702991104e-01
9.345683878904699204e-01
9.058132689225815160e-01
9.058132689225815160e-01
5.340275777631455778e-01
3.140223234019487997e-01
1.139041326105354607e-01
6.324884310104629259e-01
6.324884310104629259e-01
3.901855988813414389e-02
3.868588712469541724e-01
7.179615696824345195e-01
1.453194378553884780e-01
5.391492826194912436e-01
8.485854416337185180e-01
7.099625260104780455e-01
5.115149898000070916e-01
9.494258154550082596e-01
6.247263271406812146e-01
7.602102875890827116e-01
2.824767133977687875e-02
5.060315999768983941e-01
8.513909849094681848e-01
7.670633648699046736e-01
9.741737081728237824e-01
7.195121170485367923e-01
4.218086383622352553e-01
3.746576538021076375e-01
8.093868486699268283e-01
5.369628769401260104e-01
7.318090387167442978e-01
5.522849796068610706e-01
8.592029809887050673e-01
4.815815991864649814e-01
7.165095226731252875e-01
3.207258364850493759e-01
7.443247828666622601e-01
2.173534790412307294e-01
7.163101439177951280e-01
9.143193931685493492e-02
9.051355289449084518e-01
5.809101047030834630e-01
6.432011789257724432e-01
6.428490978104486331e-01
8.750904672495328773e-01
4.284374493572610243e-01
9.970428568524716262e-01
1.418665702805463336e-01
8.280811396679562675e-01
9.472882771607931129e-01
4.892733066645520990e-01
4.892733066645520990e-01
1.352375704093440323e-01
7.792591134334634351e-01
5.087286378990756308e-01
7.473368845266153970e-01
7.044141951692655113e-01
5.515599501498008594e-01
9.652490906545433402e-01
6.336832104425609291e-01
2.023390690076888876e-01
7.156253633262121827e-01
6.539819687284633698e-01
6.539819687284633698e-01
1.064754110283517990e-01
5.969708684316602509e-01
7.222611392431715904e-01
2.864390400813308091e-01
5.305168009902153647e-01
8.241699416293476466e-01
7.563675801074581928e-01
6.314621032944347512e-01
2.675976357310961284e-01
9.018645528934928768e-01
7.760608690842842883e-01
9.854498535719879992e-01
5.207319462406361232e-01
6.766572039960508933e-01
8.485384497965878792e-01
4.790758819980595606e-01
3.467189908463627623e-01
9.476739695756585258e-01
2.844192988582580628e-01
7.386223151927976405e-01
1.726163874999336878e-02
6.171965439671308618e-01
6.760773632259967636e-01
7.787690168480472241e-01
6.494843748199994327e-01
6.494843748199994327e-01
8.421332331643200941e-01
5.297138450506852156e-03
2.353081245827279011e-01
4.745247375337433571e-01
2.417308373806462962e-01
9.678737558739745062e-01
7.704156523557532943e-02
9.915192535806557350e-01
8.655370712131489619e-02
3.517297674976749278e-01
5.989175849029624299e-01
5.850429935909923218e-01
5.104549194551031288e-01
2.682811717061056589e-01
7.746590760658805808e-01
7.637229852945243147e-01
8.183719248530308965e-01
9.925707910171158721e-01
7.410613972845355724e-01
7.470107487098804899e-01
4.825989249146018789e-01
2.645977941239289755e-01
6.118920526671381976e-01
9.859781274693034669e-01
3.200865255031523082e-01
5.332296205203550521e-01
4.439677981373075233e-01
4.439677981373075233e-01
1.743025155782517432e-01
1.747081296678792139e-01
8.686899570887304245e-01
4.878436641007917185e-01
1.829965472184106323e-01
5.471980927284219032e-01
2.068478927693891412e-01
5.800822709783457487e-01
5.279670306315149136e-02
6.727647479928545726e-01
6.240896372492509281e-01
3.560616504911338076e-01
5.377054667875481586e-01
3.819582862373555043e-01
1.220414710914466683e-01
6.702105482003288817e-01
5.789440712843914039e-01
9.942947349222696074e-01
4.726176633585572606e-01
1.387235010488703513e-01
2.282859564187630919e-01
1.936113537720188515e-01
3.290720183252486275e-01
5.613082849410673258e-01
2.307355546239133470e-01
2.493412740563860641e-01
8.958236849335389218e-01
6.216277322668474214e-01
1.115910033085808911e-01
8.533893058482349137e-01
2.706190813351417798e-02
4.687463224534187400e-01
9.481856303201093017e-02
3.626431647845911321e-01
4.564821501829902095e-01
4.188628594548779449e-01
9.617304964729510575e-01
8.769832850081824560e-01
3.922843265326815820e-01
5.185823855182901676e-01
6.135345148895624545e-01
2.609680742856856361e-01
5.408984704130758159e-01
8.169582438445333050e-01
5.647174693595125028e-01
8.279205044000965685e-01
9.623670307745308961e-01
9.623670307745308961e-01
2.133359652356651426e-01
8.433217283981300216e-01
3.999811568953753338e-01
3.999811568953753338e-01
6.852037896991908239e-01
6.127115630912871591e-01
7.309272342112784759e-01
2.402786988154616277e-01
4.414920937469387074e-01
9.069909629169804477e-01
8.065859238527695041e-01
4.965989466023142951e-01
1.238128699704655888e-01
6.235360997944754402e-01
8.641732837624250402e-03
8.720597853018742518e-02
1.741098073159955406e-01
7.233179496112309703e-01
6.700282661611853263e-02
6.813336139976020611e-01
3.534704458091798840e-02
6.575817763459914644e-01
6.418215197531297322e-01
8.605791527859509848e-01
1.317288125657280762e-01
1.404520599677167025e-01
2.115348893544994613e-01
8.348522583559569998e-01
8.285025981524699601e-01
8.285025981524699601e-01
8.285025981524699601e-01
3.668070655641919586e-01
6.126367009919337914e-01
8.224503526307564982e-01
2.956173778768519944e-01
9.488029835304875315e-01
9.047941187971160204e-01
1.786505524326317818e-01
3.554142276336398343e-01
9.597868744631954385e-01
3.178220128407488465e-01
2.039925344119906392e-01
4.040958577046389610e-01
8.995999184978682450e-01
6.107119860709405712e-01
6.107119860709405712e-01
2.430408670508347191e-01
6.992236228224323336e-01
6.168802669431945329e-01
6.168802669431945329e-01
3.629716227332090983e-01
1.348022339773395917e-01
1.034717837895134940e-01
7.236452120802671084e-01
9.345977061867344338e-01
4.215947844109009801e-01
9.042411043258955505e-01
1.276741111871505796e-01
7.790692587035834560e-01
3.857567262567351274e-01
5.395994285766898546e-01
9.839536450962370340e-02
3.949148835664585411e-01
2.214987839471819209e-01
8.404470278252712534e-01
6.612304660467514805e-02
6.863937985537564845e-01
8.087789344277124259e-01
5.634544373545458118e-01
2.219978448446889019e-01
9.695247467224824556e-01
2.817484678982259405e-01
6.285044065022409310e-01
5.589102480946547269e-01
8.381354044242197432e-01
9.352301233847508666e-01
5.277334901549903812e-01
9.073777488601518781e-01
7.841525253999216405e-01
1.483061904553821253e-01
3.145964226511110962e-02
9.616053049309208900e-01
4.439080967514675846e-01
2.163366727888349494e-01
2.163366727888349494e-01
6.796848184031096807e-01
4.233102897199028103e-01
5.476818689079320235e-01
5.225652322724044785e-01
8.685496813256938786e-01
7.611473861648416772e-01
3.771344864403450847e-01
9.520510378777254923e-01
4.845634785647548459e-02
3.674423707572074815e-01
5.078633427574424930e-01
7.581049117208755739e-01
6.724022923874187763e-01
1.921313443346193972e-01
4.193233332301148364e-01
4.193233332301148364e-01
7.389475109899774630e-01
8.939763662818749346e-01
4.459715602917613819e-01
7.237988625464145676e-01
6.532153768059324461e-01
7.637412440262253410e-02
6.544826100836174110e-01
2.692347905534483998e-01
4.485790810156993769e-01
8.550389506360501768e-01
5.853901634164032641e-01
7.645340687476603891e-02
3.050324662694732791e-01
6.700513976492160628e-01
7.472276867578674375e-01
7.949738660090317766e-02
8.238042719860548813e-01
1.090508586635891008e-01
1.087705837847839224e-01
6.421454001380655363e-02
2.448274569480952123e-01
2.927448656403053295e-01
7.470907300482712010e-01
4.848205412595646413e-01
8.757206875196387186e-01
6.175082968323382104e-01
5.846078767695843670e-01
3.289713268118801270e-01
8.692355485820457695e-01
5.204338097866387791e-01
4.929859997889795564e-01
2.959365139927171984e-01
7.689570246123194064e-01
5.206956315716112504e-01
8.058994476850889210e-02
1.511095945963693565e-01
7.611060900967993037e-01
5.551136932162687998e-01
5.693885427626375062e-01
8.375505629730444213e-01
8.375505629730444213e-01
4.023780691189131065e-01
4.139604566445032052e-01
8.454124807844610734e-01
1.137434005040080243e-01
5.043835976952081024e-02
6.400424612761230758e-01
9.159654723343215732e-01
9.159654723343215732e-01
3.856823408586310120e-01
6.695784417405413746e-01
2.333890197983466419e-01
2.333890197983466419e-01
6.372964061150235837e-01
6.624342168354390159e-01
5.867668642415860836e-01
3.798976857595793843e-01
3.798976857595793843e-01
4.742833397630560888e-01
5.868673486994860911e-01
5.875969183171546595e-01
7.356517141113884106e-01
3.497726753634302077e-01
9.430814797649382797e-01
9.119097696772731076e-01
3.864923236894614034e-01
1.141534552988003465e-01
3.984728143928562005e-01
5.094628068470613558e-01
2.420019109911261124e-01
8.491173713206767726e-01
3.738662756901462436e-01
3.544177091678685221e-01
2.826355881508723633e-01
6.290012253652661478e-01
8.924208333114109770e-01
1.180309118579110361e-01
5.406769939311621975e-01
4.026117979708407346e-01
8.431398786213716301e-01
6.849690966616510668e-01
3.047999810891398598e-01
2.654800654989522002e-01
7.968256605071499798e-02
6.465944589789214270e-01
2.554302839996150931e-01
7.727528619204494520e-01
7.813832259897839083e-02
8.953666194429360514e-01
2.896554135224355120e-01
4.075322595905305767e-01
6.389848142115671370e-02
1.429533936401148897e-01
6.075989432316105665e-01
7.631308514839303392e-01
7.784275849930273328e-01
6.783427219949733633e-01
2.968982640174447352e-01
7.094913542831035036e-01
1.560704780751570042e-01
3.607722136344991559e-02
2.668643397366599057e-01
9.913927972429232849e-01
9.913927972429232849e-01
6.274790299720069964e-01
8.768978191570135916e-01
