total_mass
1.214499569999999977e+02
1.067511216000000047e+02
1.814463729999999941e+02
1.161423989999999975e+02
1.780262299999999982e+02
1.836080849999999884e+02
1.811540530000000047e+02
1.507010050000000092e+02
1.673350829999999974e+02
1.536675189999999986e+02
1.573112030000000061e+02
1.478755419999999958e+02
1.155929869999999937e+02
1.636759260000000040e+02
1.308310740000000010e+02
1.308310740000000010e+02
1.131113799999999969e+02
1.085158569999999969e+02
1.317281909999999812e+02
1.037180630000000008e+02
1.037180630000000008e+02
1.408655970000000082e+02
1.672302320000000009e+02
1.016714000000000055e+02
1.016714000000000055e+02
1.016714000000000055e+02
1.079810300000000041e+02
1.086777950000000033e+02
1.044319830000000024e+02
1.066438540000000046e+02
1.132517200000000059e+02
1.010361269999999934e+02
1.038985689999999948e+02
1.092818220000000053e+02
1.073851740000000063e+02
1.030013629999999978e+02
1.050868049999999982e+02
9.740758499999999742e+01
9.740758499999999742e+01
1.020652479999999969e+02
1.027158469999999966e+02
1.030858180000000033e+02
9.839606499999999301e+01
9.463097399999999482e+01
1.020879130000000004e+02
1.010336630000000042e+02
1.033172840000000008e+02
1.007561860000000280e+02
1.007561860000000280e+02
9.283761199999999292e+01
9.882998100000000363e+01
1.014675880000000063e+02
1.014675880000000063e+02
1.017183670000000006e+02
1.017183670000000006e+02
1.011969359999999938e+02
1.011969359999999938e+02
1.009625570000000039e+02
9.789214099999999519e+01
9.789214099999999519e+01
1.163678740000000005e+02
1.163678740000000005e+02
9.588179599999999425e+01
9.822966700000000628e+01
9.822966700000000628e+01
9.209149399999999730e+01
9.209149399999999730e+01
9.927369100000002788e+01
9.395523500000000183e+01
1.022530100000000033e+02
1.022530100000000033e+02
1.388123929999999859e+02
1.033641360000000020e+02
9.747559900000000255e+01
9.747559900000000255e+01
9.354130600000000584e+01
9.675752099999999700e+01
9.523979199999999423e+01
9.523979199999999423e+01
9.917861399999999605e+01
9.563204899999999498e+01
1.028035790000000276e+02
9.679431700000000660e+01
9.679431700000000660e+01
9.837960300000000302e+01
9.398765299999999456e+01
8.845800099999998167e+01
8.845800099999998167e+01
9.746463199999999460e+01
9.746463199999999460e+01
9.862849799999999334e+01
9.477706800000002829e+01
8.596529100000000767e+01
8.596529100000000767e+01
9.844031200000000581e+01
9.848055700000000456e+01
1.021440850000000040e+02
9.334951200000000426e+01
8.805711300000000108e+01
8.805711300000000108e+01
8.805711300000000108e+01
9.431540099999999427e+01
9.017718000000000700e+01
8.914967099999998368e+01
8.914967099999998368e+01
9.569646600000000092e+01
9.569646600000000092e+01
8.475852900000001000e+01
9.401245500000000277e+01
1.005819840000000056e+02
1.005819840000000056e+02
8.926206999999999425e+01
8.956232900000000541e+01
8.956232900000000541e+01
9.303910500000000638e+01
9.048594099999999685e+01
9.877075399999999661e+01
9.066264499999999771e+01
9.066264499999999771e+01
1.006256829999999951e+02
9.634321799999999314e+01
9.634321799999999314e+01
9.634321799999999314e+01
9.501928000000002328e+01
8.644443899999997427e+01
9.742898599999999476e+01
9.819583900000000654e+01
9.958232099999999321e+01
9.206773200000000656e+01
8.636793900000000690e+01
9.526959399999999789e+01
1.010576209999999975e+02
8.859723300000000279e+01
8.859723300000000279e+01
9.077453800000000683e+01
8.600751899999998784e+01
8.600751899999998784e+01
8.600751899999998784e+01
8.951008099999999956e+01
9.021853900000000692e+01
9.021853900000000692e+01
8.442244099999997786e+01
9.172201599999999644e+01
8.383708000000000027e+01
8.519806400000000224e+01
9.049745799999999463e+01
8.996895800000000065e+01
8.478388999999999953e+01
8.456967600000000118e+01
8.456967600000000118e+01
9.147318199999999422e+01
8.175389100000001008e+01
8.175389100000001008e+01
9.014526700000000403e+01
9.343993399999999383e+01
9.512326000000000192e+01
8.321466900000000066e+01
8.321466900000000066e+01
9.470860700000000065e+01
9.470860700000000065e+01
8.293121500000000879e+01
8.293121500000000879e+01
8.293121500000000879e+01
8.150183299999999065e+01
8.611773499999998194e+01
8.850835499999999456e+01
8.850835499999999456e+01
8.861503199999999936e+01
8.861503199999999936e+01
8.106129300000000626e+01
7.802816500000000133e+01
7.802816500000000133e+01
8.674512500000000159e+01
7.764427200000000084e+01
7.710687400000000480e+01
9.379708800000000224e+01
1.044376529999999974e+02
8.121123699999998280e+01
8.656660800000000222e+01
7.228607099999997843e+01
8.525213300000000061e+01
8.481803899999999885e+01
1.075044019999999989e+02
9.023635500000000320e+01
6.987208699999999340e+01
7.839587800000001039e+01
7.973045199999999966e+01
8.139773000000000991e+01
8.139773000000000991e+01
8.139773000000000991e+01
8.139773000000000991e+01
7.921803900000000453e+01
8.555569900000000416e+01
8.336549299999998652e+01
7.595732199999999068e+01
7.080792399999999986e+01
7.470369399999999871e+01
7.470369399999999871e+01
7.470369399999999871e+01
4.737302760000000035e+02
6.547875600000000418e+01
6.547875600000000418e+01
4.706829460000000154e+02
5.784727600000000081e+01
4.411398159999999962e+02
7.188491799999999898e+01
7.188491799999999898e+01
7.188491799999999898e+01
7.687311600000001022e+01
4.192568269999999870e+02
4.069013390000000072e+02
4.044655040000000099e+02
4.396637789999999768e+02
4.183434030000000234e+02
3.936869909999999777e+02
6.421336399999999855e+01
3.974309039999999982e+02
3.974309039999999982e+02
4.155742099999999368e+02
3.853003729999999791e+02
3.262806219999999939e+02
3.784594079999999963e+02
3.784594079999999963e+02
3.415199999999999818e+02
4.478113799999999856e+02
3.207817200000000071e+02
3.312587359999999990e+02
4.096563199999999938e+02
3.662152580000000626e+02
3.722059909999999832e+02
3.892028300000000627e+02
3.769692370000000210e+02
3.216716000000000122e+02
3.826997279999999932e+02
3.402358249999999771e+02
3.133525730000000067e+02
3.376907649999999990e+02
3.344762870000000134e+02
3.469104260000000295e+02
3.304466160000000485e+01
3.093505529999999908e+02
4.507857000000000198e+02
2.934887090000000285e+02
3.922359500000000594e+02
2.973430819999999812e+02
3.359751340000000255e+02
2.780743709999999851e+02
2.828863580000000297e+02
3.041440570000000321e+02
3.998509699999999611e+02
3.261335180000000378e+02
2.687236669999999776e+02
3.014948029999999903e+02
3.593359100000000126e+02
3.366687810000000241e+02
3.118220770000000357e+02
2.673157160000000090e+02
3.068601799999999571e+02
2.779270999999999958e+02
3.350752679999999941e+02
2.941051219999999944e+02
2.574370969999999943e+02
2.875716180000000008e+02
3.175572440000000256e+02
2.566685989999999720e+02
2.566685989999999720e+02
3.385166800000000080e+02
2.855096050000000218e+02
2.830941169999999829e+02
3.632969100000000253e+02
2.802513109999999870e+02
3.237778119999999831e+02
3.110719690000000242e+02
2.799852369999999837e+02
2.544974550000000022e+02
2.780991740000000050e+02
3.192446249999999850e+02
3.192446249999999850e+02
2.736067530000000261e+02
2.985094940000000179e+02
2.820030790000000138e+02
2.420767960000000016e+02
3.102307480000000055e+02
3.002406960000000140e+02
3.181340270000000032e+02
3.254225299999999947e+02
2.765112540000000081e+02
3.226410600000000386e+02
2.711902019999999993e+02
3.741389699999999721e+02
2.643150239999999940e+02
2.848744540000000143e+02
2.657212650000000167e+02
3.508612499999999841e+02
3.895324499999999261e+02
2.986798200000000065e+02
3.142425650000000132e+02
2.817264589999999771e+02
3.112457860000000096e+02
2.726241880000000037e+02
3.030659060000000409e+02
2.905459339999999884e+02
2.769938329999999951e+02
2.769938329999999951e+02
3.635785300000000007e+02
2.723610490000000368e+02
3.026734979999999950e+02
2.999820770000000039e+02
2.697503920000000335e+02
2.722397369999999910e+02
2.610814359999999965e+02
2.996979170000000181e+02
2.639766300000000001e+02
2.915890459999999962e+02
3.113769100000000094e+02
2.382253900000000044e+02
2.802011600000000158e+02
2.466450059999999951e+02
3.442753800000000410e+02
3.062840400000000045e+02
3.249979900000000157e+02
2.499828860000000077e+02
2.715708529999999996e+02
2.439240489999999966e+02
3.125951499999999896e+02
2.984337300000000255e+02
3.213029199999999719e+02
2.614895220000000222e+02
2.357735169999999982e+02
2.820487110000000257e+02
2.483220990000000086e+02
2.483220990000000086e+02
2.616999180000000251e+02
2.231040600000000040e+02
2.114917859999999905e+02
2.667664980000000128e+02
2.298546479999999974e+02
2.126707590000000323e+02
2.683126030000000242e+02
2.677471279999999751e+02
2.496440310000000125e+02
2.516944770000000062e+02
2.775890069999999810e+02
2.492963570000000004e+02
2.174527339999999924e+02
2.706756879999999796e+02
2.297565110000000175e+02
2.143315819999999974e+02
2.929982200000000034e+02
2.859484269999999810e+02
2.031688070000000153e+02
2.709419350000000009e+02
2.960032400000000052e+02
3.615517699999999763e+02
2.098277219999999943e+02
2.252274270000000342e+02
2.620374470000000429e+02
2.121681460000000072e+02
2.545003629999999930e+02
3.184251100000000179e+02
2.800407500000000027e+02
2.390917809999999974e+02
3.505616300000000365e+02
3.323788999999999874e+02
1.915746870000000115e+02
3.065258600000000229e+02
2.526480889999999988e+02
2.109162729999999613e+02
2.629718589999999949e+02
2.212114449999999692e+02
2.516502179999999953e+02
2.882831100000000220e+02
2.887921200000000113e+02
2.304667520000000138e+02
3.416517100000000369e+02
2.993462000000000103e+02
2.654289289999999824e+02
2.573742299999999545e+02
2.762787900000000150e+02
2.762787900000000150e+02
2.479445000000000050e+02
2.362079390000000103e+02
2.475591959999999858e+02
2.475591959999999858e+02
3.351941900000000487e+02
3.180303200000000174e+02
3.016423899999999776e+02
3.022833600000000160e+02
2.595909169999999904e+02
2.929341999999999757e+02
3.012473200000000020e+02
3.182219999999999800e+02
2.754431200000000217e+02
2.754114500000000021e+02
2.231927790000000300e+02
1.973845760000000098e+02
2.260379719999999963e+02
3.020437800000000266e+02
2.026142550000000142e+02
2.535779760000000067e+02
2.433585779999999943e+02
2.878547500000000241e+02
2.452752969999999948e+02
3.087023100000000113e+02
2.313825180000000046e+02
2.292125430000000392e+02
2.161216710000000205e+02
2.300818419999999946e+02
2.349567330000000140e+02
2.349567330000000140e+02
2.349567330000000140e+02
2.748863000000000056e+02
2.310182700000000011e+02
2.971700900000000161e+02
3.146203500000000304e+02
2.564608420000000137e+02
2.086739289999999869e+02
2.850205399999999827e+02
1.946671359999999993e+02
2.766195799999999849e+02
1.804501659999999958e+02
2.009719769999999812e+02
2.242960559999999930e+02
2.944109000000000265e+02
1.818414520000000039e+02
1.818414520000000039e+02
2.130156420000000139e+02
2.826359800000000178e+02
2.501630250000000046e+02
2.501630250000000046e+02
2.738477599999999939e+02
2.768126399999999876e+02
2.491518690000000049e+02
2.719991999999999734e+02
2.483931780000000060e+02
2.178326369999999770e+02
2.344165309999999920e+02
2.080565249999999651e+02
1.728681589999999915e+02
2.376947289999999953e+02
2.234363219999999899e+02
2.407046579999999949e+02
3.005680399999999963e+02
2.489172930000000008e+02
2.056446070000000361e+02
2.285065580000000125e+02
2.315362729999999942e+02
2.147726600000000019e+02
2.666632099999999923e+02
3.063478700000000003e+02
1.822786230000000103e+02
1.649048620000000085e+02
2.287208019999999919e+02
2.616767300000000205e+02
2.240295340000000124e+02
2.234436560000000611e+02
2.360768830000000094e+02
2.835102600000000166e+02
2.537946699999999964e+02
2.319093609999999899e+02
2.486163520000000062e+02
2.598562400000000139e+02
2.573606399999999894e+02
2.713328599999999824e+02
2.713328599999999824e+02
2.062867779999999982e+02
2.240455049999999630e+02
2.569796900000000051e+02
2.372358450000000119e+02
2.348554719999999918e+02
2.280803879999999992e+02
2.055365480000000105e+02
1.720540439999999478e+02
1.638479939999999999e+02
1.650590479999999900e+02
2.313803460000000030e+02
2.625173800000000028e+02
2.672940100000000143e+02
2.664388099999999895e+02
1.633917110000000150e+02
1.633917110000000150e+02
2.706191699999999969e+02
2.158399689999999680e+02
1.881556640000000016e+02
2.465915899999999965e+02
2.023107880000000023e+02
1.814448289999999986e+02
1.911550849999999855e+02
2.471461899999999901e+02
2.855154699999999934e+02
2.801964100000000144e+02
2.281153689999999870e+02
1.790625220000000013e+02
2.366400289999999984e+02
2.496850900000000024e+02
2.619117499999999836e+02
2.556654900000000055e+02
2.624501999999999953e+02
1.710162829999999872e+02
2.265131560000000093e+02
2.056732750000000181e+02
1.785403759999999806e+02
2.149594769999999642e+02
2.286274430000000280e+02
2.739645500000000311e+02
1.951339249999999765e+02
1.947380950000000155e+02
2.179862489999999866e+02
2.037507579999999905e+02
2.357759800000000041e+02
2.494733500000000106e+02
2.150947790000000168e+02
2.380958599999999876e+02
2.323959999999999866e+02
2.455414499999999975e+02
2.204885910000000138e+02
2.507836599999999976e+02
2.369761699999999962e+02
1.702154459999999858e+02
1.938545209999999770e+02
2.090319849999999633e+02
2.090319849999999633e+02
2.472453700000000083e+02
2.352767200000000116e+02
1.598298610000000224e+02
2.038695689999999843e+02
1.732669970000000035e+02
2.487159800000000018e+02
2.213402369999999735e+02
2.213402369999999735e+02
1.820695829999999944e+02
1.737341759999999908e+02
1.561833939999999927e+02
1.561833939999999927e+02
2.218013420000000053e+02
2.183950700000000609e+02
1.940575350000000299e+02
1.789066190000000063e+02
1.789066190000000063e+02
2.069905540000000030e+02
1.761707940000000008e+02
2.414499999999999886e+02
1.900877110000000130e+02
1.937742590000000291e+02
2.002841160000000116e+02
2.255264500000000112e+02
2.422951799999999878e+02
1.715326039999999921e+02
1.914019940000000020e+02
1.759062950000000001e+02
1.580671370000000024e+02
1.945145379999999875e+02
1.866562959999999975e+02
1.704531840000000216e+02
2.295668699999999944e+02
1.928529329999999788e+02
2.223984399999999937e+02
1.830722690000000057e+02
2.010819400000000030e+02
1.442294709999999611e+02
2.034557240000000036e+02
1.929987689999999816e+02
1.602607150000000047e+02
1.576622969999999953e+02
1.470450110000000166e+02
1.631596360000000061e+02
1.434819359999999904e+02
1.984549700000000030e+02
1.681445449999999937e+02
1.684865510000000199e+02
2.081007339999999886e+02
1.257231989999999939e+02
1.670800649999999905e+02
1.679321370000000115e+02
1.566995159999999885e+02
1.953864590000000305e+02
2.062110999999999876e+02
1.765228319999999940e+02
2.025385740000000112e+02
1.929805200000000127e+02
1.832235809999999958e+02
2.032401169999999695e+02
1.516366040000000055e+02
1.181855259999999959e+02
1.181855259999999959e+02
1.732591060000000027e+02
1.745595809999999801e+02
