tilt_2
2.321663915900575414e+00
1.865824692279637764e+00
1.068806061533858598e+00
9.147525293853573380e-01
7.147500772526158563e-01
1.863648346054486371e+00
2.743271867350778326e-01
1.455574458717554531e+00
1.227022055171309134e+00
2.195724017626814906e+00
1.017126222191754747e+00
1.039156232230979748e+00
1.156740880413296146e+00
8.820922022798948214e-01
2.540997372530672926e+00
2.790124201981083907e+00
1.090701200746036825e+00
9.896769422377773573e-01
1.825549256193637504e+00
2.618026554731228028e+00
2.421567268163840492e+00
1.638460749331011712e+00
1.324490405735247123e+00
2.273401121791640112e+00
1.493727294181010468e+00
2.597739075775218787e+00
4.380385931635722430e-01
8.328295933617162472e-01
2.012192445330188928e+00
1.547883827645646138e+00
2.113953239508090665e+00
2.194412382800968064e+00
1.088909790851429138e+00
1.824126828359498909e+00
8.856004196887798940e-01
2.277350966358102191e+00
2.094938254086676999e+00
1.755282058427690250e+00
1.275812089177770670e+00
8.172955194033170168e-01
4.569709405102465594e-01
1.085710064676072006e+00
1.347250596303495529e+00
1.593151757781136268e+00
2.202742773917792274e+00
1.362356659918053436e+00
1.290757906548930967e+00
1.124149589355711631e+00
1.008744590772669314e+00
1.731858017294337637e-01
1.232679199610799303e+00
2.148888843964310791e+00
1.007306137574824678e+00
2.724791963932066352e+00
1.582052018543177008e+00
1.850228730992776960e+00
6.358156670318707571e-01
2.077865900806460608e+00
1.565639529663527041e+00
1.215729719743559034e+00
2.425740338746666502e+00
1.182905071060249558e+00
2.739751737038935153e-01
1.203067756249309506e+00
1.969865278283674748e+00
2.582737135503124115e+00
1.344775991012441274e+00
2.004980851860198143e+00
1.225913329154049825e+00
