mass_1
9.583862305466345788e+01
1.609205187577404388e+02
1.482574740382490575e+02
8.784348920168393704e+01
1.287691173181416389e+02
3.976409314193830369e+02
1.058742691599006918e+02
2.731455190429228708e+01
7.468864214838210103e+01
9.303157288392074520e+01
2.759906040746149074e+02
7.645211383766540791e+01
1.869467763400035096e+02
1.011917809724417765e+02
3.131956053971098086e+01
8.243963172677533180e+01
3.032306991405297580e+01
6.713732638741524283e+01
2.060975866010018009e+01
4.565077764126116335e+02
1.835905956128262915e+02
8.760996355792056534e+01
5.256764045006142396e+02
1.148569226412237612e+02
2.128641433918583914e+01
9.833530956617471475e+01
1.391282263402942192e+02
3.312699920282246921e+02
6.394398982802186282e+01
7.897731209953799691e+01
1.253832493507391348e+02
2.054710308430360897e+02
2.363569584313863174e+02
6.325281063499000993e+02
1.223517436262537075e+02
9.913588257224445499e+01
7.978663929392043030e+01
2.117283114742659578e+01
1.587941992120070722e+01
2.346172581513309296e+01
3.111174269342359011e+01
9.307547936008755585e+01
2.276695405969613617e+01
3.558435701829977660e+01
2.971016694258693178e+02
1.225406297482816456e+02
1.294157218511808480e+02
1.701030428306390547e+02
1.481529200947275342e+02
3.991977814384462135e+02
5.502700757511131258e+01
9.243679499667341588e+02
2.634979385422841460e+02
5.773173341861078143e+02
8.842292989958016847e+01
3.190855788511352031e+01
1.994678986242640235e+02
1.394476709536957344e+02
6.711671011637729123e+01
1.167246868002390272e+02
4.201246008874569071e+01
2.065402100000000019e+02
2.282172899999999913e+02
2.402811399999999935e+02
1.040272700000000015e+02
2.121552100000000110e+02
3.833987800000000590e+01
1.371137200000000007e+02
6.989796400000000176e+01
