mass_1_source
4.282016821211423974e+01
8.418944794440598400e+01
8.103500588561547602e+01
4.401919143413697100e+01
3.398032707684247811e+01
1.449450148298089687e+02
4.080114345636800977e+01
1.887688525220124092e+01
4.464055217330546554e+01
3.928527881357607754e+01
9.632095858226202267e+01
3.377567831424500611e+01
7.298458655789005434e+01
5.127361877912549204e+01
1.476285534017600121e+01
4.986667598199147733e+01
1.981182054074997367e+01
2.683831520202623722e+01
1.589379166868404347e+01
2.228555786793805851e+02
1.436715603013264797e+02
4.594280964305447412e+01
3.003011700371947086e+02
7.761662642360617781e+01
1.651845994455695177e+01
6.842509014632923936e+01
7.431118259944312854e+01
2.154808560683121357e+02
2.805347664499689131e+01
3.289411965391740722e+01
8.484590444076974336e+01
5.751184026744479638e+01
1.365957071956011930e+02
4.776042083123285238e+02
8.196311925733226644e+01
5.272269263664863814e+01
6.109086824862341558e+01
1.571185157970177038e+01
1.261139428755040548e+01
1.669566484830251341e+01
2.220657484598604370e+01
6.965608760966941304e+01
1.583409721878794763e+01
2.137100790675206596e+01
1.265067396127218302e+02
5.007256378892199677e+01
5.721008679558312338e+01
4.417153351114786375e+01
6.448429408260965090e+01
1.261664658873204559e+02
3.978119741770683504e+01
2.791869354066314486e+02
8.713814093845749653e+01
1.597293657725317644e+02
2.553411645366076499e+01
2.129933488260837748e+01
7.182274500622172297e+01
7.605420269422509705e+01
3.388403320924042106e+01
6.423347090895516942e+01
2.555261159142318661e+01
7.038345564769333862e+01
6.888045144895458805e+01
8.609602696168019520e+01
4.899359042109483653e+01
1.044511201393329429e+02
2.186580264288541287e+01
6.902749331758523965e+01
1.808357655924542939e+01
