mass_2
9.048480793968464297e+01
9.391080716520528426e+01
2.408797012228945533e+01
7.611733973423092436e+01
7.099077743050052902e+01
4.811516670969006526e+01
8.389451752170671739e+01
1.618621503094398761e+01
1.953721183458620914e+01
5.368335555442260443e+01
3.478409749238924320e+01
5.494055830662000517e+01
4.645743194900195050e+01
6.934767392031589850e+01
9.304187648172449698e+00
4.512856188634037125e+01
1.869624403324605311e+01
4.467691407685566674e+01
1.958887425501209378e+01
3.752851370000844611e+01
2.609631071084172760e+01
1.652997532335728437e+01
1.319731102135495959e+01
1.617421005994970784e+01
1.955811869595983055e+01
4.364763523998337114e+00
1.931833125259876027e+01
1.187251177791812040e+01
5.913440552138867190e+01
6.279551598336615825e+01
6.814232944591172014e+00
8.047913511107766737e+01
1.182741322960112917e+01
1.812266208936370759e+01
1.632449267161258177e+01
3.425210738660842935e+01
6.493990444115770977e+00
1.546395784669414830e+01
1.004394577484588780e+01
2.135459652331346447e+01
1.628943004620285606e+01
1.540556237237317561e+01
1.945328234230261444e+01
1.046789064613730957e+01
2.868021165803850536e+01
3.555735892453314761e+01
2.193117571353896267e+01
9.863825666924438451e+01
8.365319608812600904e+01
9.123986255112303212e+00
8.866689538237411128e+00
2.317487030352388899e+01
1.890471226633000157e+01
3.817019821430208282e+01
7.989689953126220701e+01
1.440886672070870844e+01
1.283366835769271397e+01
2.731119818984551983e+01
4.287955091625615012e+01
3.618098604741108915e+01
4.086509726856704816e+01
4.675963600000000042e+01
8.589189899999998090e+01
2.622686600000000112e+01
5.547336600000001283e+01
5.457701500000000294e+01
3.387785399999999836e+00
2.846104000000000056e+01
4.633836699999999809e+01
