chi_p
4.425622486107591014e-01
4.449477401472598515e-01
4.805817271672171986e-01
2.751412982032093169e-01
4.934971654261384733e-01
1.796363384383224682e-01
7.392621256831019005e-01
3.868476545047113691e-01
5.387638033625206102e-01
7.759710235855140636e-01
9.283290618071023959e-01
8.537298056708831906e-01
2.176085898531721630e-01
5.323144058649932342e-01
4.272743091247839242e-01
6.632917052896839527e-01
7.918854109350598192e-01
7.297350196493090912e-01
1.344713234379527333e-01
1.591418393906700868e-01
7.315415553267722304e-01
6.798761173917192702e-01
8.543441900958445023e-01
8.543441900958445023e-01
1.901768332778637216e-01
9.368542724803331501e-01
6.632143036178852480e-01
9.621384715211643845e-01
7.050807906506654232e-01
3.385163462973769244e-01
1.907603909236213202e-01
6.999521944454317746e-01
4.425904847201721504e-01
2.689760305114690109e-01
8.441448891639528052e-01
2.186609585667249334e-01
9.250441996041059989e-01
1.140133199572991446e-01
1.069512268519955261e-01
9.548847334289282118e-01
2.037337940505707934e-01
2.806628648734108000e-02
5.646847981887990198e-01
4.503247169783601289e-01
2.875884034518945143e-01
1.939741077709500050e-01
