dec
7.310204500000000438e-01
1.188923100000000010e-01
-1.310871600000000026e+00
-9.713318800000000364e-01
-4.163607999999999754e-01
-1.063138500000000208e+00
8.210684900000000397e-01
-2.941113799999999778e-01
-1.147024299999999941e-01
-1.049448399999999948e+00
-3.246403099999999875e-01
5.055215899999999651e-01
5.827041099999999973e-01
-8.261641699999999755e-02
1.447294800000000103e+00
-3.566359499999999794e-01
-7.492881200000000019e-01
3.226423700000000117e-01
1.057788600000000079e+00
-4.541849800000000159e-01
6.599182599999999788e-01
7.839515099999998515e-01
2.981775500000000134e-01
-2.086772899999999875e-01
6.347829200000000283e-01
7.542131800000000108e-02
-1.460912800000000011e+00
1.092310199999999787e+00
3.484915199999999991e-01
5.106266400000000205e-01
1.235900199999999893e+00
6.413125900000000990e-02
5.508215199999999534e-01
-1.080120199999999864e+00
6.260517300000000007e-02
-9.906987900000000513e-01
-4.624377900000000152e-01
7.011767899999999942e-01
2.663659700000000075e-01
1.436735899999999899e-01
-7.067248000000000419e-01
7.394168100000000354e-01
-4.173683499999999991e-01
-6.052406500000000467e-01
-8.351590200000000297e-02
-1.373097299999999965e+00
