phi_2
5.723042582744562345e+00
5.282390860866186699e+00
4.895408812343453597e+00
3.498114113985702378e+00
2.443859371209722298e-01
2.210702564016191474e+00
6.263293602891667256e+00
2.567277494301002605e+00
5.477390526417848626e+00
3.230302466102683123e+00
2.966948832236415257e+00
1.928150341240524313e-01
1.820031888688991017e-01
2.157231386126023054e+00
5.948288113111554587e+00
4.501792570996432374e-02
2.473077296195778985e+00
4.901119595962456721e+00
1.494032916430054314e+00
3.950430822180238000e+00
3.747925882115087148e+00
5.236889778783289984e+00
3.670823005387593430e+00
3.670823005387593430e+00
2.462077006295730897e+00
2.200493102181184213e+00
2.278100466014331360e+00
2.198802308953828444e+00
4.715770433564230757e+00
1.554110588685937877e+00
4.535349806379757709e+00
6.200211329255036041e+00
1.544680106422388732e+00
2.794902196296146002e+00
2.294238717041597653e+00
6.234578139157749277e-01
3.254789202312663665e+00
3.836817672069283702e-01
1.186279433787091442e+00
6.064942917768411768e+00
4.855794144474313789e+00
6.068067357507507253e+00
5.499960792065613724e+00
1.029178108089867649e-01
3.477389763774275000e+00
5.970346847101121845e+00
