mass_2
7.255674000000000490e+01
9.711593600000000492e+00
3.694557199999999852e+01
4.283519400000000132e+01
6.672161899999998980e+01
3.695878600000000347e+01
5.604412099999999697e+01
2.342306900000000169e+01
1.328677700000000073e+01
4.516608800000000201e+01
1.338081900000000068e+01
3.101775900000000163e+01
1.083790400000000176e+01
3.387785399999999836e+00
9.815732999999999819e+00
2.733567400000000092e+01
3.781229799999999841e+01
2.371566599999999880e+01
1.191863599999999934e+01
2.651194399999999973e+01
2.493154499999999985e+01
7.438603200000000015e+01
1.220690600000000003e+01
1.220690600000000003e+01
7.839224200000001019e+01
4.675963600000000042e+01
1.960645900000000097e+01
4.088854600000000517e+01
7.734043900000000349e+01
1.530626799999999932e+01
2.875550700000000148e+01
1.082197099999999956e+01
1.079046900000000022e+02
7.972245199999999699e+00
8.796910099999998067e+01
6.894817399999999452e+01
1.122573500000000024e+01
1.305852800000000116e+02
9.904438000000000741e+00
1.117262400000000042e+02
2.252244199999999807e+00
8.452428799999999853e+00
5.547336600000001283e+01
3.803242900000000049e+01
3.103076899999999938e+01
7.641533699999999385e+01
