mass_2
3.434360597674957916e+01
1.041519907091655881e+02
4.038991852978964658e+01
1.827562045639960786e+01
3.058518692147057649e+01
4.383035616849620197e+01
1.227230506058199566e+01
2.800387790578280089e+01
4.471648380017398949e+01
6.101157730413160607e+01
1.083276678218573466e+02
1.560931759173047162e+01
3.961576314758710993e+01
3.430883791120962911e+01
6.810683229551635520e+01
2.243567919496197760e+01
9.137548305590385667e+01
5.597573028262851835e+01
2.547169986151482846e+01
4.039050382645771720e+01
7.933355351434212821e+01
2.494299854106540337e+01
2.395228608066931386e+01
2.422818483150199143e+01
4.283913037811252167e+01
5.677690181826741878e+01
8.163855806849947783e+01
3.822240827401066809e+01
2.245965928841402359e+01
2.635911653523882237e+01
8.935630010972946025e+01
1.233867451968089455e+02
4.099794366709991777e+01
1.107229434589431349e+02
4.669889311293977130e+01
3.066029952685987681e+01
7.643576604069552616e+01
2.532148069012827918e+01
4.176703084312696745e+01
3.992576805043423605e+01
5.020198932325104835e+01
4.993555760062618987e+01
3.377755588570399681e+01
4.352368842982061636e+01
3.369165331450304279e+01
9.703609687788504345e+01
1.728686477248869124e+01
5.783571922217573302e+01
3.562471051785229292e+01
7.798736050095129713e+01
4.972327256514125082e+01
6.709830894511901533e+01
2.626404791181259313e+01
6.775471141124758390e+01
3.550222643825487978e+01
3.314520669670552167e+01
9.790759726121648043e+01
3.585190599912844078e+01
3.542009843587244688e+01
7.693949391522937731e+01
2.550576861604400492e+01
2.825518438006804445e+01
3.859538435484384422e+01
9.111087150762313058e+01
2.899366561793954133e+01
6.385648271842446633e+01
3.048401860994604462e+01
3.715599383660428856e+01
6.350576257361409915e+01
5.347825452825929915e+01
2.249422899501534445e+01
2.281836537387234287e+01
8.148362976667145574e+01
2.847631354966173944e+01
3.145838458335326848e+01
2.604325120697464513e+01
9.293288269850962990e+01
5.457015498399945130e+01
5.305467347403103417e+01
1.333910007486886684e+01
2.669784924222421196e+01
1.339614088011711601e+01
8.196153429297521598e+01
6.270373546076572779e+01
4.885876485998183938e+01
6.978599119204956480e+01
3.028128821364751033e+01
8.026518114330087883e+01
8.958609220773396942e+01
2.500535802735884161e+01
3.910736908039968540e+01
3.105229577776734118e+01
7.514305000441058269e+01
9.428656949348106764e+01
3.976647355512591986e+01
9.405003319605663137e+01
8.665179782931933516e+01
2.369093130450095330e+01
9.859249550353300151e+01
3.722306376550943696e+01
5.510832134744868682e+01
4.649580322428185752e+01
3.367716414947578585e+01
8.672174650901330040e+01
2.559077354107595070e+01
3.342483087660178853e+01
4.491204716891957105e+01
7.301612931713476939e+01
8.659337120411740329e+01
3.421817199880288030e+01
4.982107274925975560e+01
2.003776098416004103e+01
7.426089048743121168e+01
2.507136704126337889e+01
4.128096881555313047e+01
7.121732663763876303e+01
3.519895343038788127e+01
1.183218656275435876e+02
3.150997115287172079e+01
1.421363604324581686e+01
3.072707297456836173e+01
4.036180662078785986e+01
3.932214538119868763e+01
4.878486817431858924e+01
5.359234445454914919e+01
1.034250847888120433e+02
3.239266440804786384e+01
4.498585443801220407e+01
4.198122754549103774e+01
2.746041964046314376e+01
1.378044391605850763e+02
2.097921479462074501e+01
5.680728352727089714e+01
5.027949291648587860e+01
7.971136742942729825e+01
4.786452643690146402e+01
5.280262587648837780e+01
2.060251087179367246e+01
3.144439474274854973e+01
1.026933249326014419e+02
5.573874299815529554e+01
1.164393940126504674e+02
2.910160917701037064e+01
3.041219570553004203e+01
9.304426110866076272e+01
5.665618305084415596e+01
2.772307585491705240e+01
6.735031520213858869e+01
2.390002192723208907e+01
2.222100735742104050e+01
3.915719588419939612e+01
2.524337959281758259e+01
1.029884657352725839e+02
2.691205499248052035e+01
1.366924883738262686e+01
3.544362392031124642e+01
3.169826445429631434e+01
1.804800190384507275e+01
1.844728439920533702e+01
3.093631075105892947e+01
2.653468407640121640e+01
2.668502340750404045e+01
3.204064677841222419e+01
1.473791631459640783e+01
8.431770253459842479e+01
2.816306876491539413e+01
4.223355537303847740e+01
3.796028477675468338e+01
8.799230642879263087e+01
1.660006740075595744e+01
3.310107212495161377e+01
3.752801645586864510e+01
3.799581597975478786e+01
4.638156058726443121e+01
3.235161676336600323e+01
3.229452359249637539e+01
3.519660590790324761e+01
5.074266041793961080e+01
5.986170373095961850e+01
1.908274917364255430e+01
2.481864340713600114e+01
4.340956801717513258e+01
3.351345454396854961e+01
4.352699686392726619e+01
4.191722100309416987e+01
7.692081312771112778e+01
1.127361025593635588e+02
4.142653328069265939e+01
4.137749350334681253e+01
6.426597531616820902e+01
9.932681522016115139e+01
2.866718761201893173e+01
2.834216380413316472e+01
3.679549193075725100e+01
3.896010809322940105e+01
9.833443212159055236e+01
6.678689907464274711e+01
3.001087433916555725e+01
2.919986864496580381e+01
4.322522453900126749e+01
3.215747319584244934e+01
1.072071019501062494e+02
2.779208740684133261e+01
2.652419682382749855e+01
6.912108303213456395e+01
4.495083245124067162e+01
2.473070577296374140e+01
5.656536488700436394e+01
1.357951175109030117e+01
2.277909769674609919e+01
4.477111742919819193e+01
4.063728078367198293e+01
3.483948554637378692e+01
2.675261098290691564e+01
3.221807558989527109e+01
6.679562922458735841e+01
1.447998506052922352e+01
3.190146413572715289e+01
3.689246773331210250e+01
8.034810797976079755e+01
2.535179315201536454e+01
1.072217155497994128e+02
3.337076049152376811e+01
4.111660125588080916e+01
8.028186816487530564e+01
3.261913420012928810e+01
1.076668093366723156e+02
3.792127824248973411e+01
4.783789427098285074e+01
2.204856619769390136e+01
4.082288199068830892e+01
3.656441139479751712e+01
2.272288919048708777e+01
8.373009965201566729e+01
3.808541859660942208e+01
1.357477052579382182e+01
3.607518204081013380e+01
5.655965449109321952e+01
3.348023088634078448e+01
5.348537702549275963e+01
8.627303961100778906e+01
5.617801090101301753e+01
2.872298593415537482e+01
4.442141905652979972e+01
1.155155176688947307e+02
4.676748727417938767e+01
3.818618128070723117e+01
2.489969777519553418e+01
3.992795941539744575e+01
3.419111004600629400e+01
4.698772808475629148e+01
3.346901396157679898e+01
3.924056368753174695e+01
4.126448670617848791e+01
4.272048724165296107e+01
3.215060966886061777e+01
8.484410033089352510e+01
2.828832037154435852e+01
5.023364828615921596e+01
2.472160036212928347e+01
3.954749708619593918e+01
2.673088470512774961e+01
1.259023407100351335e+02
3.099988485826652962e+01
1.386471699540367730e+01
3.143413202338510715e+01
4.140485994277026549e+01
4.149326458069754153e+01
6.238615851531299938e+01
3.770789939000431445e+01
2.838568278026675173e+01
1.863712406611534433e+01
8.069771719031525947e+01
1.956231673103443569e+01
2.531093541854612283e+01
1.120292155358602031e+02
4.009084177582050756e+01
3.113623893432440681e+01
3.569022569660928212e+01
2.408774030319160175e+01
3.190888288098964765e+01
3.190555935155105871e+01
7.800035907955887637e+01
5.698489594888552290e+01
8.149251426719315816e+01
3.266662310894469101e+01
6.438200131329128340e+01
2.693479876781681170e+01
4.140446735485777907e+01
2.967093992100868860e+01
1.021189095936413338e+02
2.563219560469312341e+01
3.548364622290392134e+01
2.604823174787569684e+01
4.178089553149792579e+01
3.218803373900178144e+01
5.360302546597574036e+01
7.471756310533540102e+01
4.874168621578774463e+01
2.956977251351654701e+01
2.614096899590499135e+01
3.447685768212198099e+01
6.976059407945695057e+01
9.486169217554676436e+01
1.104858424790466245e+02
2.708284631460614733e+01
3.543465938058965037e+01
1.097108833920727449e+02
3.668044098685380305e+01
4.205383402909436796e+01
3.718936242699879102e+01
2.595589987761816175e+01
2.627882703702202249e+01
2.627328249416085271e+01
2.604047608231726585e+01
3.656441139479751712e+01
6.972724796041266870e+01
6.968552248600857979e+01
3.912854742009137965e+01
4.888100293157260268e+01
1.138189300967503925e+02
3.194457780819474380e+01
4.124479905801196367e+01
1.825470736018885276e+01
5.942773058915470585e+01
4.321736299848494411e+01
1.284452969322474019e+02
1.065583614321078727e+02
4.285053512498376449e+01
4.028367892710316056e+01
4.758778957749294136e+01
4.141933292726720595e+01
5.309709457846088299e+01
6.144248466901601802e+01
2.979083699533358853e+01
2.860545333629955778e+01
4.082840052806489695e+01
3.070607971687580218e+01
7.882042495765219314e+01
2.061753686074017722e+01
2.752541257674033304e+01
7.539273427844850062e+01
3.374142616913007942e+01
4.100762901862342602e+01
3.291512749024373363e+01
3.211483434677655424e+01
9.828455841417016359e+01
9.675445860967754186e+01
4.446735432005923627e+01
3.057951577568681500e+01
1.728621098506798859e+01
6.260085884260119826e+01
2.673000508352375348e+01
1.029133200064590028e+02
6.045754749746011214e+01
1.467388105309191815e+01
7.464028794826336366e+01
8.834342298873895061e+01
2.258682379580153210e+01
9.832307642884816801e+01
3.105911320083078664e+01
1.152098449285992956e+02
1.133225790555961936e+02
5.141349294861808517e+01
9.239361186119440106e+01
2.045432953997963921e+01
9.138474997024727031e+01
3.450304097416672278e+01
4.685221567540833121e+01
3.897659990973880184e+01
1.016604607912626648e+02
2.342515378655887304e+01
2.600634077165505076e+01
2.665062073244132890e+01
6.752547902072974750e+01
2.793207646603587335e+01
2.869241697641206912e+01
6.114632813883319784e+01
7.941938763299886261e+01
5.138934051314836182e+01
7.576347381445118856e+01
2.794791332532251360e+01
4.116404454505129706e+01
2.602722965090085694e+01
6.624896379999138674e+01
9.462129162464199794e+01
3.110564540533062328e+01
4.554164632925389355e+01
2.673000508352375348e+01
2.908445946537467108e+01
3.976691749083933303e+01
2.956709520046880257e+01
5.983107373850891975e+01
5.102577748948062464e+01
6.097432845848180705e+01
7.144094089983470042e+01
5.989899620431312144e+01
5.133623128140730785e+01
3.050136723831333896e+01
8.432489602611248358e+01
4.784470273126367346e+01
8.175486947271100746e+01
3.347843510295303560e+01
2.164869969238998237e+01
6.186326015087793451e+01
7.667712842590738376e+01
3.280180923951660787e+01
4.535042081944779113e+01
2.556995678963219021e+01
2.108506182423634812e+01
1.588342722365886139e+01
2.855592296374352657e+01
3.590433385851923731e+01
6.274382955659272909e+01
4.436184201960064399e+01
7.320138810572619548e+01
4.899976667645634620e+01
3.012490658641722874e+01
4.698346749802280442e+01
7.032923249891082662e+01
2.211857685877312107e+01
1.899793846850264600e+01
2.791097653564952097e+01
5.465374219878768258e+01
4.358543990871071117e+01
2.637899330422167310e+01
4.486745466544487471e+01
3.226184669153741424e+01
2.704637337149069509e+01
5.253318469584510098e+01
4.930608347617047116e+01
3.582353663105642028e+01
1.726831497410922722e+01
4.040990466675366122e+01
1.038686416808249362e+02
2.453516608649700359e+01
3.084675430262674212e+01
2.789574139909342421e+01
1.617286539015002589e+01
1.052609681647809197e+02
1.027891703592479899e+02
4.835125068529359282e+01
7.368388161819244431e+01
5.227456546810312688e+01
4.307982518558470275e+01
2.923537789562957911e+01
8.289141450810002709e+01
3.625132871126002954e+01
2.857768608168064617e+01
9.688964483525647609e+01
4.291371445308863031e+01
3.521267982855417245e+01
2.707302337406995107e+01
2.029512437489326260e+01
7.538770805831134680e+01
3.978575706324866701e+01
4.497643334666879156e+01
2.782578105904797638e+01
3.382183545610561026e+01
2.531991690476789714e+01
3.601110859243546258e+01
2.508599171292797791e+01
5.178571417803861010e+01
4.203382991876527086e+01
3.584999230223860422e+01
8.687507079819484090e+01
3.255598241167172091e+01
2.114843406341458376e+01
2.993379027462864528e+01
1.970868106861066238e+01
4.626929906064869868e+01
2.293642350724863732e+01
9.898322571719626239e+01
1.218820909574432392e+02
2.998316111748925650e+01
4.878740731595064517e+01
4.634049242425800230e+01
9.173252194855739106e+01
1.938170896321295800e+01
5.510832134744868682e+01
2.129396032663958849e+01
2.332392034714428775e+01
1.700590148423898285e+01
3.008184448469405936e+01
3.303699824307790323e+01
3.212962730959961277e+01
1.484699979932831866e+02
3.343933857555252587e+01
3.302175936830670366e+01
5.768777976107673311e+01
7.289539410406959519e+01
4.046829480726100314e+01
3.782844810496671784e+01
3.942666990537520633e+01
8.182127925414297920e+01
1.314344753208171994e+02
4.436248505944817566e+01
6.159490625831961808e+01
3.850798152433845445e+01
4.135356740026795563e+01
3.107699655225099633e+01
2.883841685253644371e+01
1.220995126221600913e+02
6.101650953196769223e+01
1.530240724147193454e+01
8.682631966040018767e+01
4.487269631431923500e+01
4.350253484800744275e+01
4.997655455798960844e+01
2.654397604559747137e+01
6.711731038522525239e+01
3.651583336364267751e+01
2.235905998739201550e+01
8.366515737565060817e+01
5.898140903412488711e+01
4.898724819492486660e+01
4.399300589516138871e+01
1.593876517710596730e+01
5.448514582109754656e+01
1.679225657051870613e+01
1.114191602625684538e+02
1.370525162714093170e+01
4.713350027578820090e+01
4.214462817367176939e+01
2.612829096230272441e+01
1.045119299100138051e+02
2.667237183824167346e+01
5.547632116719308470e+01
2.834169068448564133e+01
6.688402628880182021e+01
2.574448454358103078e+01
3.871177685382520650e+01
1.826839430308427126e+01
6.833063613162376271e+01
3.132465079270938801e+01
2.102453073467491862e+01
9.065825648446542573e+01
3.949315749166429157e+01
5.155354001219181725e+01
7.769515807078900593e+01
4.292534096449688263e+01
3.956012181933958516e+01
4.081105996538576619e+01
2.637568940160055675e+01
5.864716935928595376e+01
4.150998845190470377e+01
2.850528761045213955e+01
4.112460456857683511e+01
2.791294626180180671e+01
2.016987300472186462e+01
4.011896647487272105e+01
3.879808236048157255e+01
2.566482005109114439e+01
3.458990642118268255e+01
5.004158283395216245e+01
3.199881195107828447e+01
4.453820434464811484e+01
7.214492610598776423e+01
4.415824990832349783e+01
7.966771457061270212e+01
4.598137796310674474e+01
4.263963034430196331e+01
1.072143358858494508e+02
2.025060685335220612e+01
1.390942406395206099e+01
4.335275682098192362e+01
4.668966170601180465e+01
1.000347799675855214e+02
3.395641485828493700e+01
2.746899418897275424e+01
4.068875713738277966e+01
3.076714138606682170e+01
4.737841951754023739e+01
4.208229586068288341e+01
2.850916803212511041e+01
2.910044130302071963e+01
4.187274280812412997e+01
3.362649225436466338e+01
3.664190177869702580e+01
3.162098245571941035e+01
3.189642706546658957e+01
6.811341909651940796e+01
9.788856173679501183e+01
3.623106523523526334e+01
2.856390484616729708e+01
4.271644428465711485e+01
2.529992531868252925e+01
3.808811987942192445e+01
4.926343781086215046e+01
3.176156288418208007e+01
5.095220997403493612e+01
3.152586919144133759e+01
5.546372162642202852e+01
2.654243087111002453e+01
5.016777486511599449e+01
5.562119731874701500e+01
6.072554288018567803e+01
9.392602957734102631e+01
2.056908417296588709e+01
2.929265331124641847e+01
3.910109006213166083e+01
3.749807774164504792e+01
4.013413191733604890e+01
1.176842512310517748e+02
8.072506206038751486e+01
2.324331550151778814e+01
7.928104294917331174e+01
3.188687083675412026e+01
3.090243727252890338e+01
4.734925944051875035e+01
8.397821764846474935e+01
3.148048559202122831e+01
2.409550657623725911e+01
3.445590596940851214e+01
2.634455666903446769e+01
9.613091824565539412e+01
6.548817842436882586e+01
4.465966943330941064e+01
2.516913728106220915e+01
2.630218130576513857e+01
1.743483919175571728e+01
2.098683656291373012e+01
3.079590876419047163e+01
3.128142053219320928e+01
2.789314649688619951e+01
2.721766452707294803e+01
1.186611823033314010e+02
4.717563540387170917e+01
1.101817517481719193e+02
5.366738665654173701e+01
2.347011372807170559e+01
2.504227748683036836e+01
1.485442244760818475e+01
3.352955094140225611e+01
8.147930576601918062e+01
3.176941909248327534e+01
2.097108389934093253e+01
1.052158192855300030e+02
1.857368585868930211e+01
8.339396168304799062e+01
4.009444087842896209e+01
9.608836897052641746e+01
2.028979818174574135e+01
4.733801274228224543e+01
4.130333787384640942e+01
2.509627900283990343e+01
2.510766738549893518e+01
1.100012884157335975e+02
5.997440697321551539e+01
3.702939071184109565e+01
4.014659185251731799e+01
2.704951928270757477e+01
6.746348742573495372e+01
4.681681580247258978e+01
2.373610932797109285e+01
2.899871925511779125e+01
9.643846140110134968e+01
7.389338418589662183e+01
7.313859852540259965e+01
8.499367957095353177e+01
3.749914930514983524e+01
2.161637937975292445e+01
5.723173731030424705e+01
2.183899971251164018e+01
2.299668031246776678e+01
4.930372811106281006e+01
3.070776627776339041e+01
3.091472923800004935e+01
9.564095539036574678e+01
1.252205050389696481e+02
7.684157984994753576e+01
5.865946811933199001e+01
1.254800541925338564e+02
8.870785590638280382e+01
1.141359165723257547e+02
2.700177953763921224e+01
1.269225521107239274e+02
1.708033300450232872e+01
3.604667385953401038e+01
4.030575859233037050e+01
7.252764605148102817e+01
4.060905167593964649e+01
4.642602941619504264e+01
3.033533902542431804e+01
2.870084882689619477e+01
4.038302409859767295e+01
6.730380265398866868e+01
3.454848941846093879e+01
2.730947238616178652e+01
2.597248067806879135e+01
4.424196111337587922e+01
2.657547280000203216e+01
3.257287997833121551e+01
3.379680230670804519e+01
2.975367792326123251e+01
3.882101221450999873e+01
3.580739850997238705e+01
7.877156560207387770e+01
1.136855068308374825e+02
1.998584573618909488e+01
3.490517410016454392e+01
1.625377830924264799e+01
2.217104493945823762e+01
6.424267586222875082e+01
1.867001782323422532e+01
2.106559368619190664e+01
1.914546310215866853e+01
2.937442117633792193e+01
2.242789011944182676e+01
7.313903255722929941e+01
2.396293077163918639e+01
5.124423803708816649e+01
1.091717660093028428e+02
3.077179944243978582e+01
4.185241358489980712e+01
4.018956592827245800e+01
4.714501455579129185e+01
6.431733099093585793e+01
5.361216024105377898e+01
3.728932726720731239e+01
1.027111255566944692e+02
3.614016012749597451e+01
3.506924133621888728e+01
3.337562038630304073e+01
4.148932848538820650e+01
7.614907645255375712e+01
6.652919690355579974e+01
1.018729450564469659e+02
6.792971817911275423e+01
2.621597508832380186e+01
3.443674373455264259e+01
3.273895929263247240e+01
5.751269413754040016e+01
3.620843173615953958e+01
2.478762420704305569e+01
9.589667159887547143e+01
6.262122597295174131e+01
3.160282306762065119e+01
7.419278743187466318e+01
1.101123223078487285e+02
5.185027742115840965e+01
2.846429223789574792e+01
3.820694950297053083e+01
3.080476479224300590e+01
1.132594576069089669e+02
5.142570267019783614e+01
7.394560185778362893e+01
2.776446150058284346e+01
5.982686899258326463e+01
2.486929391150298585e+01
8.072506206038751486e+01
3.548321916707367052e+01
3.574694197213408131e+01
3.431885056665893075e+01
3.164928393295364728e+01
1.672509331158830292e+01
4.865265295689204095e+01
5.034997792618747781e+01
3.223645094283117629e+01
7.229715747762517708e+01
2.750807530976378956e+01
6.406337676684549365e+01
4.301268667184157124e+01
1.093310591636780629e+02
4.006031837736377099e+01
6.697674950110886982e+01
3.652544521923584853e+01
3.327945782606359160e+01
2.781176294630889956e+01
8.625328080762865568e+01
3.672710993938906654e+01
4.957735270878496436e+01
4.629792280388415548e+01
4.245287026625857152e+01
1.024131043379382504e+02
3.007357136259004804e+01
4.549789715596684658e+01
2.417190416784434959e+01
2.123813150890170220e+01
5.129428386795336081e+01
4.297152262664592826e+01
6.953191675746754186e+01
8.066123786568370235e+01
4.531230454100252558e+01
9.909239909068712393e+01
2.868990069926465480e+01
8.129447774046727204e+01
9.266545819556954200e+01
2.254233629890837065e+01
1.743357380789078803e+01
1.300191823660263708e+02
3.932679549673836306e+01
2.374620961956755494e+01
2.942554023355016923e+01
6.493530000259046631e+01
6.711558920722956145e+01
7.428733740370697092e+01
5.806607714034517187e+01
1.196765440440235153e+02
3.537976436921992729e+01
3.002374970784786612e+01
2.424814611342121751e+01
7.367735486088270136e+01
7.273880644741414869e+01
2.906365877252836327e+01
4.542241965229395362e+01
1.839459879188287772e+01
3.820566244416671253e+01
4.439923248259199795e+01
4.679748693922486069e+01
3.883329192265894392e+01
3.181717198592607332e+01
5.211384967960014336e+01
3.979735711428134692e+01
4.059109579686730740e+01
3.844262073174716221e+01
3.481794108758280970e+01
5.481470295898995460e+01
3.064420170409687216e+01
3.363693612822542178e+01
4.698968369034535186e+01
2.992246394671932208e+01
3.210176877233360671e+01
5.764772853554082133e+01
1.131572641825095502e+02
2.752541257674033304e+01
3.405574018250770507e+01
2.429979207897480720e+01
2.263319145051589132e+01
2.212886380826164157e+01
3.773113334670497920e+01
9.417053664015993775e+01
2.288630554991343402e+01
5.735306489417212816e+01
5.244515096794454223e+01
4.586176031376825790e+01
4.853375709208545175e+01
3.090786944913055123e+01
3.754191911677590809e+01
6.861187825793797401e+01
1.770995130505026793e+01
1.440288196181976410e+01
4.277620421550062701e+01
1.875438775319884144e+01
3.511625957465527392e+01
2.710152559265550209e+01
1.618660340955129584e+01
2.879913482915478085e+01
3.599495128916319686e+01
1.038509742802582991e+02
2.600412922644647651e+01
4.637218625976527875e+01
5.106827545176509631e+01
6.268702847023462965e+01
1.678890454073306771e+01
3.845556631627568578e+01
2.231383807617571691e+01
7.417224118300748614e+01
2.560574623038505138e+01
6.986106950137077831e+01
9.095643918755369839e+01
5.442064418818414140e+01
3.398909122375691538e+01
4.757295290168742241e+01
3.548364622290392134e+01
2.252578423788246553e+01
6.181329886616175173e+01
4.287393294070305672e+01
2.877415244139677242e+01
4.729261461800295052e+01
7.539080193532609542e+01
1.004177283514091528e+02
3.612272048424060955e+01
3.906134578425928083e+01
4.815964455388417775e+01
5.334572153899905800e+01
3.058212837343925727e+01
1.045311338948274908e+02
7.735136482830759519e+01
4.375451515420638771e+01
9.404153442196975732e+01
4.096413144264621309e+01
6.194527302551182402e+01
3.942775025589244109e+01
4.997731722447235114e+01
3.028142509303406271e+01
3.733794214256858623e+01
2.083966285093096715e+01
4.756503311133879208e+01
3.506692732374714438e+01
1.271956414207224384e+02
2.379461978283891099e+01
3.926039599515542022e+01
4.325319239611814481e+01
4.017083883688827939e+01
2.087189824954260686e+01
7.061662860572690192e+01
3.579478003084236093e+01
7.278893028002447352e+01
4.252542163182037172e+01
2.423871179039608137e+01
3.868854870876455010e+01
2.874422830287991815e+01
1.845348409821311719e+01
1.869626698414728949e+01
3.477634384818419733e+01
9.588663120166440024e+01
4.463971702189153490e+01
2.429626879094902847e+01
4.428306610647151587e+01
7.996103216123050572e+01
3.981250507545025386e+01
2.881930876883092907e+01
2.545028109141281902e+01
6.272602356011002911e+01
2.120570814189610687e+01
1.504110847800177631e+01
4.273184001546326272e+01
3.558633076185179078e+01
2.190856638187969807e+01
5.311445191009007516e+01
2.847520836473798056e+01
3.221872909345172076e+01
1.212737078400457307e+02
5.783253141320844293e+01
3.832688274254397243e+01
4.722814335060146362e+01
1.321942023678205942e+02
6.288605298330019622e+01
4.826529347211286591e+01
5.144734893482320359e+01
1.142847055002708174e+02
2.475747317818017379e+01
4.930298449820162432e+01
4.865121408798404445e+01
2.703276980591571288e+01
3.095821617907794732e+01
1.048265214669944072e+02
3.268126059838992603e+01
5.401465909365699503e+01
4.986115096015424086e+01
2.729132352605503087e+01
1.888292512129719114e+01
1.137593322216611682e+02
7.964965689179315689e+01
7.555049318827420279e+01
1.139565962675910953e+02
2.687651943743743033e+01
5.895004874095685210e+01
6.156082494544413208e+01
7.582745910722485405e+01
4.535620682437335205e+01
5.224661298343627180e+01
7.714749787684654336e+01
9.008123514160524792e+01
4.618328375852973977e+01
4.704188997766650715e+01
3.903523038344842888e+01
1.610201367585763066e+01
1.441738507118236612e+01
4.908632107546123535e+01
2.818859432987666480e+01
3.710028807199572043e+01
4.837078765893380705e+01
2.771724151223148880e+01
8.617077192720742573e+01
4.657154893410816499e+01
5.107759004945804548e+01
4.132803269014322467e+01
6.088104884566222097e+01
3.019819529075317632e+01
5.724964910403542007e+01
1.262752706966026750e+02
7.835442987483175159e+01
5.376651067483537361e+01
9.286078130820691001e+01
3.332278041865577478e+01
2.729541333897187627e+01
5.557554244420693124e+01
9.217620860580524322e+01
6.627098519599873327e+01
3.575689840134037922e+01
6.034470333617447579e+01
3.128850487287247972e+01
1.106299889937271672e+02
6.582679163891515373e+01
4.575540236629291968e+01
5.122645957525723048e+01
5.519446377263981418e+01
4.662825313108879755e+01
2.261581870729027344e+01
2.053074568442311687e+01
3.026599085818132906e+01
3.040766536700689926e+01
1.041571064764444827e+02
6.472878507515079605e+01
2.542591827042750552e+01
2.555907680764156353e+01
1.012155117428637681e+02
5.705675327248302864e+01
5.038532181117508912e+01
3.244983685548081098e+01
4.634754047116538089e+01
2.310732683115080377e+01
6.418429403172746106e+01
3.802905971725439116e+01
8.762482669978145111e+01
2.321939468378179328e+01
2.933960317469572843e+01
1.830726600857618891e+01
4.258404971302433495e+01
7.250533577838646693e+01
2.675049432440578201e+01
5.009396194525753998e+01
2.464483994784878362e+01
4.228789998221879642e+01
4.784274553254486761e+01
3.713806838375724340e+01
2.006322854045039250e+01
7.218163803146221369e+01
4.064296366822750173e+01
6.371208102644754234e+01
4.297744192231304794e+01
3.284299071501216361e+01
6.180272883125834937e+01
1.189793090452404272e+02
1.173413518161199534e+02
9.306482879350583914e+01
6.497365570600375406e+01
2.043001056740236621e+01
5.922464735561182891e+01
4.052202861847192139e+01
4.575164423992773521e+01
3.750405142982913986e+01
5.984205385091355822e+01
1.142900141717063747e+02
4.840086953588593133e+01
3.075336911612135893e+01
2.098683656291373012e+01
2.574447116022381010e+01
2.609757868442787299e+01
4.974119335266201603e+01
1.198503942078411910e+02
1.724764301141487977e+01
4.129039628204764512e+01
3.040645479194538581e+01
4.081136217288315038e+01
2.344180482414484956e+01
5.822039006453171339e+01
2.589838816624765983e+01
3.106284563705533586e+01
1.186762702026503860e+02
2.537046097840847381e+01
3.236189494771686981e+01
5.130200558288487400e+01
3.676585075044286555e+01
2.775422965258135122e+01
5.346800058316352988e+01
2.282681689807268910e+01
1.066876814155479281e+02
2.911856394366691347e+01
3.718399324227988956e+01
4.531706902753981581e+01
3.970720508337308985e+01
6.411443394143164198e+01
3.542592114756707389e+01
3.146743595455739495e+01
7.939240032317280793e+01
2.303583014965415643e+01
2.922079476074069859e+01
6.310255770440225120e+01
1.697669023436055724e+01
7.582483686847378124e+01
9.673693501357492153e+01
2.718208639642856284e+01
3.702552107776817536e+01
4.778672722873109535e+01
3.439545746621449496e+01
1.260742081732660722e+02
6.749849228741584284e+01
1.089257659446954705e+02
4.498456925863375488e+01
3.480582834013581817e+01
1.880606483894228731e+01
3.469701236421102664e+01
8.482499102189734685e+01
2.291820849079353906e+01
1.038456223315638312e+02
2.206463442105042461e+01
8.211031715184049062e+01
1.093614213257144741e+02
5.395677655361440372e+01
5.288611916569582405e+01
3.802430010721707987e+01
1.866114577284446341e+01
3.366640082315899463e+01
5.206568070723026409e+01
2.692655278510574846e+01
4.378298253715264821e+01
5.453028781669876679e+01
5.109365700707010660e+01
2.487511288124753861e+01
3.000508057182864974e+01
1.492188630153549767e+01
1.186881398935557108e+01
3.721638659111352609e+01
2.972819732015974026e+01
3.664201801879286791e+01
4.277477895479930936e+01
2.950134437157006317e+01
4.360245006291538061e+01
2.225638095610539224e+01
6.180563012356160613e+01
4.628665233517584454e+01
4.853753913785102725e+01
6.426792975309041367e+01
2.923656217851452865e+01
8.920721492616638670e+01
1.806137872980860593e+01
9.568689992886037032e+01
5.353933994377972994e+01
3.173404955527174209e+01
5.033679579900724832e+01
8.498712196547376152e+01
6.029632966047417852e+01
3.010966551369997291e+01
3.999440257411674793e+01
4.581890706269951608e+01
1.318633647874222348e+01
2.587063837377072417e+01
6.853809188015006271e+01
4.793154580104578599e+01
4.402912165992712090e+01
3.497437120228502749e+01
2.746041964046314376e+01
2.965731553712294755e+01
3.085040017446067750e+01
5.910876706418938653e+01
3.931090474043339356e+01
2.978945070267916861e+01
3.052132049862961338e+01
9.300578953888810929e+01
3.127054433698338443e+01
3.351704843747575069e+01
3.211207342106968810e+01
3.794742961494306144e+01
3.097077330096797709e+01
3.918398949382304153e+01
5.125305942178746932e+01
2.706323260013335741e+01
4.642970022313934919e+01
3.971781627280144988e+01
8.676852545408715400e+01
4.960873152893324090e+01
1.711898167580763186e+01
3.621369042234084645e+01
2.334890918471433707e+01
4.044359953288177678e+01
4.276869634814002552e+01
5.705570741974867843e+01
1.621731349612755224e+01
2.186908422275745423e+01
8.344986315857821069e+01
4.123491481762379607e+01
4.460550533114512461e+01
8.109496473617799950e+01
2.574747948317244450e+01
2.854990780132060735e+01
4.650711237233682027e+01
6.531359427575031873e+01
3.187473129452007470e+01
3.292083187719206450e+01
4.285619566315097728e+01
6.869109322522017180e+01
3.820712226947736667e+01
3.109995180463035780e+01
2.445070882879672425e+01
9.851920190980388270e+01
2.714403604402266978e+01
2.768188167106041675e+01
8.014687768466978923e+01
1.229910656373854323e+02
6.217382748529688286e+01
3.768989486336960226e+01
5.210742758755877446e+01
3.141928131199878393e+01
3.519548653614691602e+01
4.110184705974273101e+01
3.079978353512787947e+01
3.406700511530800668e+01
2.330307719944199008e+01
3.452320246126964776e+01
2.359629098617989484e+01
4.490798394818970252e+01
7.538770805831134680e+01
3.713950090524227932e+01
4.346906698763275045e+01
6.294360091178764094e+01
3.161896632227058390e+01
1.260443871270392719e+02
1.996406953883973046e+01
2.097303643598862166e+01
8.660913815192911613e+01
4.464186075045431323e+01
2.497488509295456538e+01
1.647862331746430087e+01
3.346004522005701887e+01
5.963622377875161362e+01
5.183756952425294884e+01
1.897609679225907797e+01
1.971099623624804309e+01
4.133552937261219995e+01
3.688305264146912776e+01
2.965503245446896230e+01
5.137532531932012603e+01
3.101238002541373717e+01
7.711013455887500356e+01
6.021488709332454192e+01
4.801056225111579323e+01
8.330852542648969461e+01
6.967591902007588089e+01
2.532778336259428542e+01
2.927181800212349216e+01
8.081663232224238413e+01
2.056079600347193903e+01
2.734444861678879235e+01
7.959200703172437841e+01
5.733594699132581951e+01
2.714408515362038088e+01
3.090620434359910718e+01
3.921047604164435540e+01
3.115203426508966444e+01
4.048654935656747966e+01
2.805618073918777355e+01
2.534750669353167041e+01
2.203948403570932513e+01
2.705348676475182046e+01
1.961078749271873178e+01
2.970039760286134367e+01
3.797741583446339320e+01
7.909622005995672112e+01
1.195477504700777303e+02
4.161261290152180692e+01
4.875146186567882012e+01
1.150419181447394976e+02
5.193988620353127317e+01
9.406174214181476145e+01
2.601606032212051289e+01
4.938203938127796278e+01
2.884998742748910772e+01
3.008575645644427610e+01
9.951877271351978038e+01
3.871703131458026803e+01
3.735393583337565104e+01
9.886074969494782749e+01
2.906002245462807920e+01
4.114022884859399198e+01
7.411545903675825286e+01
2.034595004811756525e+01
1.434215604897627117e+01
3.335763787595313801e+01
6.364754579249491684e+01
3.149496993361961117e+01
8.182103131313436961e+01
2.911849339058533559e+01
3.966518804266148379e+01
9.949852455775535987e+01
1.226917327272139602e+02
6.225354801651578640e+01
9.120234414529890898e+01
2.041695377911749887e+01
3.930533551482268706e+01
1.029884657352725839e+02
2.772303593934516286e+01
4.358920536350586872e+01
3.855840279136630500e+01
3.466283695589447689e+01
1.050461043514989115e+02
4.002620877852077541e+01
2.720442405323305479e+01
9.137195404568703339e+01
2.781074833125630263e+01
4.732958555695329750e+01
4.440438692036240553e+01
3.625908330229899690e+01
7.224788023438202345e+01
2.683170287114272057e+01
8.188234553290924111e+01
3.571300117317154132e+01
8.637723175245913865e+01
2.651438005924944363e+01
1.034030732805033921e+02
3.888797442121747139e+01
5.252009619358793913e+01
2.736119314747149645e+01
2.475197700087563746e+01
3.531178765079199167e+01
1.117691921615108015e+02
1.653524089254425533e+01
8.441593990315590190e+01
4.432238680543884612e+01
1.014238972875948122e+02
8.568259495357447975e+01
3.100277925816047997e+01
2.316072894303823304e+01
6.392017615792225627e+01
6.022679320176420958e+01
6.500975335458704762e+01
2.962993872373071724e+01
2.542700957645060100e+01
6.909557976989258066e+01
4.769012921147874806e+01
2.632410015962586414e+01
3.177019729696010941e+01
5.979325201397448097e+01
3.457752002382535039e+01
4.395954956122738366e+01
4.640543933334253524e+01
2.416702091099964989e+01
2.028638321594086236e+01
3.588546953393182548e+01
3.325973601728856721e+01
2.083615143975170270e+01
9.048740683208603741e+01
8.159763267974624057e+01
5.532662709079241381e+01
4.569687064282744871e+01
2.240713253616343081e+01
5.379462337828738328e+01
3.661137362142634544e+01
8.448052156623154474e+01
5.190389272277079158e+01
1.563592072776787134e+01
1.170994649161713994e+02
3.267093838682197315e+01
5.608236651427974806e+01
4.312857586331751492e+01
3.232191711338459328e+01
5.402627014263492811e+01
6.293982655200652232e+01
6.415422684275677057e+01
5.580563336304911815e+01
3.164704746010299985e+01
3.775468082440197293e+01
3.801331089527400309e+01
1.358957992312826057e+01
4.971560266683028573e+01
5.420248038052196193e+01
4.638425947045511322e+01
6.560485879390856212e+01
5.491629577955256281e+01
4.199504058105105742e+01
1.150301758419925306e+02
2.667940106748920215e+01
9.412946490263718147e+01
2.371712380208771265e+01
1.122639201994774822e+02
3.891359752490222945e+01
3.455221841463040278e+01
4.858185480467998474e+01
9.720728065102535709e+01
8.496945353031641446e+01
1.982153500351220643e+01
1.300840852964398309e+01
1.723574405515522656e+01
5.031871841029201420e+01
5.135136752530185333e+01
3.641578017397566924e+01
7.243673608598926705e+01
1.073352767222831829e+02
1.298958219368908118e+01
2.531699222052888132e+01
3.314520669670552167e+01
7.670163743071738338e+01
2.900538834156001045e+01
3.799674387799916531e+01
3.522559490287481765e+01
2.594976368301144021e+01
4.422280931101695955e+01
2.660018945271322011e+01
4.933497384815823494e+01
8.540391342298954669e+01
5.748004664058027657e+01
3.213180407844873088e+01
1.453508449847408812e+01
5.006704389210003114e+01
3.385146828424863941e+01
7.919508592025601956e+01
3.715007554279549140e+01
3.741763422947296647e+01
5.470547192231832412e+01
3.104968473082711000e+01
4.873560654698762562e+01
1.996741313506740667e+01
2.285998989325149822e+01
2.659726212648322274e+01
2.883391617169057497e+01
2.613716616654559033e+01
2.776303879021362775e+01
1.560942438382111774e+01
1.839226058640050709e+01
1.336763674681582472e+02
2.620348944079002607e+01
4.284540667387881285e+01
4.512436598657746600e+01
8.414949109206418143e+01
6.454989632811329159e+01
9.988495982424896624e+01
6.919608350583131084e+01
7.722106363622047809e+01
3.566819675433927728e+01
3.467487375439000630e+01
3.955162516927494210e+01
4.753546885492480811e+01
8.717382503000409599e+01
1.707020399514688691e+01
3.388397344660256039e+01
3.266011916694031214e+01
6.617301960929478355e+01
2.930818658513800301e+01
1.641684362618956428e+01
1.618555180862058407e+01
3.257118757588192892e+01
4.003559863140635855e+01
4.610838924136701422e+01
4.159855628163770547e+01
4.577121550529068372e+01
7.783431539146417322e+01
2.274598139023470722e+01
6.976808157520899556e+01
7.714282391957787866e+01
2.574665593729203650e+01
4.337418172933720228e+01
5.878345452168527885e+01
2.403578278795823309e+01
1.017854379232560262e+02
3.128858622742103890e+01
2.445974969972847290e+01
1.742733857466318881e+01
4.654458103590835805e+01
6.267993058306191045e+01
6.445405975078931249e+01
1.924613082392558994e+01
3.459769954855143226e+01
3.953524748566336910e+01
6.956625741424164744e+01
2.235905998739201550e+01
1.555764593598594914e+01
2.883391617169057497e+01
2.591484036704787641e+01
7.317725733097798013e+01
4.239608407495404663e+01
3.625331359808233600e+01
7.399870861432995639e+01
2.774042623386223738e+01
6.238638100009050902e+01
3.104427085481099269e+01
2.811628758160634689e+01
5.142663168350548375e+01
4.540109036330926529e+01
4.839485338006973336e+01
2.848604895041035334e+01
1.830726600857618891e+01
7.999069553275563749e+01
1.982551756252505371e+01
3.912178364368305949e+01
4.041046813073416644e+01
3.232815771774692593e+01
3.245771994213269096e+01
3.943482141090542115e+01
3.720494583615533912e+01
2.021938134639210816e+01
2.613132718342701821e+01
4.510626448870200988e+01
6.832251692602739013e+01
3.641178478276050612e+01
3.077317309189636418e+01
2.213569693003940486e+01
5.986406195991318668e+01
3.174312401863501520e+01
2.838417251172365496e+01
3.275055352568279687e+01
2.704520300971902458e+01
7.465148612001235051e+01
3.194368956858734876e+01
6.035459637281658729e+01
2.792664300700236168e+01
1.852080807073446067e+01
3.639645073475735870e+01
3.137937566450995419e+01
3.725887906391935900e+01
4.143636185605545563e+01
7.366278548256630643e+01
3.917042792963520270e+01
3.251351575259085536e+01
5.315505748901443184e+01
4.485106654455046993e+01
1.141901742566867597e+02
1.426313812948256476e+01
3.872957394849527901e+01
6.719460651532615714e+01
5.514955932493751334e+01
1.357477052579382182e+01
5.470873310820584123e+01
2.636338894516000053e+01
1.056076309222850966e+02
4.401165076774510965e+01
3.830259649365263641e+01
3.254676614353574138e+01
3.677540453607334570e+01
3.699379945089626176e+01
2.458592169410937700e+01
2.581669265593141560e+01
3.094017603973209418e+01
1.541116553730150684e+01
2.721309600385358252e+01
2.833609097285124534e+01
6.258322772809854939e+01
3.452532044647428222e+01
7.883419707476765836e+01
4.143171711659215362e+01
2.485167720105812350e+01
2.954182547960333949e+01
5.992838020972533286e+01
6.158880431050154414e+01
2.628092774993883651e+01
3.989025176820836549e+01
2.324002038124832126e+01
2.120570814189610687e+01
3.924353029637549639e+01
3.826223391899895887e+01
3.271539350645894473e+01
1.436598612889679849e+01
7.974090380585890614e+01
1.168458497897189972e+02
5.690299158896164045e+01
2.349921047243692485e+01
3.501501524373133378e+01
6.770267360670450785e+01
5.383434878366774967e+01
1.349315027316863436e+01
3.367154826449808525e+01
1.368833046180103850e+02
2.866457225042745094e+01
5.123982461613272221e+01
5.948570103958312671e+01
6.170057013176504057e+01
3.748066662708681207e+01
5.480413009494330367e+01
4.457583546925787488e+01
3.558804765440480367e+01
6.197073991787817704e+01
1.304128303551378920e+01
3.108467750191245216e+01
6.957761225067652333e+01
3.588396452172302276e+01
8.230157050750064229e+01
6.465749963857989258e+01
9.486169217554676436e+01
3.122933642620657579e+01
3.004168762980379981e+01
2.029886719980987309e+01
4.605411239955122227e+01
2.669911911201886312e+01
1.582651431774871575e+01
4.112608235561483383e+01
2.635474817699409300e+01
2.015869789274117352e+01
2.090956592352046073e+01
2.886217193374102052e+01
4.839157973989979666e+01
2.689945170691139253e+01
3.142697186943606624e+01
4.244610268053406799e+01
4.095611262745894265e+01
3.742704285084608529e+01
1.618660340955129584e+01
4.310781498169581738e+01
7.907812971800299806e+01
2.822835990174926124e+01
4.341265474588370665e+01
7.024990263282317926e+01
9.330492452992557162e+01
4.880022625053954499e+01
4.566435278333331382e+01
4.383968560765572420e+01
2.109943353620190720e+01
4.704958748834929594e+01
3.355028141309027490e+01
2.019520489213925174e+01
3.095241338371825179e+01
3.464025386425355890e+01
2.899243743792173333e+01
3.621244730545535617e+01
5.660987704316293900e+01
2.471519524883683516e+01
2.424777666306638935e+01
2.685238719111296746e+01
3.153817418320088350e+01
5.981987221373226760e+01
1.772626615379488513e+01
1.031336999820279203e+02
3.728296043699877060e+01
2.451015801837269237e+01
1.762892395759429931e+01
3.035436577128156443e+01
2.676512653585932711e+01
1.658315637191660485e+01
2.131415918782384011e+01
3.568479901441822477e+01
1.082147464585086709e+02
1.743357380789078803e+01
1.137934752354431680e+02
3.733276945651113721e+01
4.025820751271471920e+01
3.345874086932524705e+01
3.066173801900748330e+01
2.329961342803523650e+01
4.352001530519050476e+01
4.540173446226399534e+01
6.751187028845232874e+01
2.647297037874474057e+01
3.407795891092600016e+01
1.910567599564955898e+01
3.554299558671193893e+01
2.313774228001674516e+01
2.440241631929049859e+01
1.070872528724640631e+02
3.907828783060848821e+01
2.865947946403971969e+01
2.522191641918484706e+01
2.814855439987406882e+01
3.628292191507912889e+01
4.661600475714016767e+01
2.727932052254692863e+01
2.469568782581503896e+01
2.032834280535966798e+01
3.778863665641946312e+01
3.211360024892643850e+01
3.842602848524909831e+01
5.010927758380031349e+01
3.912211175258431695e+01
4.276717359765780913e+01
2.675261098290691564e+01
1.730741697096518195e+01
1.079522235656176150e+02
5.202554787071592557e+01
9.081555122768220656e+01
4.228194660415190498e+01
8.397617952729565616e+01
8.594118475179514860e+01
4.042088262933000209e+01
9.929369666761994040e+01
5.146917962256326007e+01
3.791069543684390197e+01
2.929775922090571783e+01
2.701724582592974500e+01
2.513408822644864671e+01
1.171489052258479973e+02
8.501512861900059193e+01
2.687395775435980383e+01
6.434839975271273715e+01
3.426021741335605952e+01
8.387971484805956379e+01
5.051728037141367622e+01
2.315298688157639617e+01
2.135368413819739075e+01
2.942840343549527660e+01
3.976691749083933303e+01
1.023690196691757848e+02
7.325703369956467270e+01
5.165989395621509317e+01
3.474407873939210134e+01
3.992443965122383531e+01
2.249909017294050528e+01
1.082297343024067544e+02
8.182548049060710582e+01
3.430958465718104122e+01
2.418634161911392155e+01
3.053998868887655505e+01
5.490498723240269641e+01
1.209244572095011705e+02
5.283566045076657502e+01
4.800501863715508222e+01
3.515524679214541237e+01
5.844505641363780057e+01
9.545263477678010133e+01
2.954189494714096398e+01
2.331249177020695384e+01
1.676689070887115562e+01
8.990026196388735968e+01
3.932370939152622213e+01
2.965853781813512668e+01
1.015515013127234027e+02
2.641259040196811725e+01
3.035436577128156443e+01
7.005537872722425163e+01
5.546949322126299364e+01
3.460412725872473061e+01
5.603505309274795820e+01
3.092846870244538948e+01
2.146383691619898570e+01
4.529375056123249976e+01
5.053589066371354477e+01
8.222651955714908922e+01
4.325946120948413665e+01
1.062981182078706865e+02
3.227772030092663158e+01
2.026530050858720600e+01
8.211031715184049062e+01
2.172585865575384645e+01
3.176785007852839371e+01
2.109283904927261943e+01
3.005538217955756153e+01
1.056067767261024812e+02
1.232116492362331712e+02
7.913886761639912493e+01
3.328684730585722207e+01
7.209431643211719631e+01
7.922630267931684500e+01
1.621731349612755224e+01
4.032466852632938981e+01
2.115955267844691079e+01
2.952270031063220657e+01
5.449231095604577746e+01
4.537549299623783128e+01
1.112740193181760446e+02
8.316777420882186789e+01
5.021781809197992175e+01
9.785438430404479959e+01
1.653524089254425533e+01
3.227101016366948016e+01
3.849381024193525747e+01
7.437392496181158208e+01
3.590636582585960923e+01
2.848665660458845039e+01
3.428165619326554747e+01
8.015963131581979439e+01
2.516913728106220915e+01
2.782487329214179539e+01
9.388735260415852224e+01
2.446601357845768732e+01
2.292142490679899680e+01
2.030409667454065925e+01
9.355118802949463941e+01
3.985276579657560347e+01
1.122058600000000013e+02
4.338920600000000150e+01
9.002685499999998342e+01
1.352291899999999885e+02
5.050811800000000318e+01
5.522234699999999918e+01
4.789704100000000153e+01
3.615930199999999672e+01
5.279363599999999934e+01
5.640160800000000307e+01
4.371293599999999913e+01
4.362667100000000175e+01
5.354353700000000060e+01
3.532720900000000341e+01
4.878056699999999779e+01
3.883041800000000165e+01
5.728526300000000049e+01
2.612665900000000008e+01
1.787597699999999534e+01
3.744854399999999828e+01
6.056079900000000293e+01
4.998312800000000067e+01
5.558503000000000327e+01
6.593782799999999611e+01
6.226346199999999698e+01
4.480046800000000218e+01
3.730624399999999952e+01
5.222951900000000336e+01
3.164878500000000017e+01
2.650125299999999839e+01
7.268702700000000050e+01
5.830118199999999717e+01
3.790056599999999776e+01
8.035197399999999845e+01
3.345934299999999695e+01
2.973316200000000009e+01
2.407903299999999902e+01
1.345207699999999988e+02
4.134929699999999997e+01
4.847820999999999714e+01
5.238929699999999912e+01
9.672450999999999510e+01
6.514186899999999980e+01
8.009699200000000019e+01
5.922928999999999888e+01
1.057042799999999971e+02
4.324507499999999993e+01
5.069380999999999915e+01
1.359562200000000018e+02
5.043475000000000108e+01
4.000798799999999744e+01
5.361319399999998581e+01
5.954690899999999942e+01
4.317670400000000086e+01
1.894854199999999977e+01
3.399988900000000314e+01
3.681522799999999762e+01
4.077129699999999701e+01
3.578897500000000065e+01
4.318986100000000050e+01
3.020143699999999853e+01
3.023694600000000676e+01
4.314395100000000127e+01
2.696324900000000113e+01
4.671003000000000327e+01
5.662441299999999700e+01
4.126619300000000123e+01
6.876326800000001072e+01
4.493932300000000168e+01
6.348801799999999673e+01
4.762276500000000112e+01
3.801127199999999817e+01
5.941004900000000077e+01
2.191830600000000118e+01
4.767272599999999727e+01
3.654487999999999914e+01
4.492094000000000165e+01
4.278041799999999739e+01
7.881479600000000119e+01
4.903204000000000207e+01
4.430698799999999693e+01
8.284232299999999327e+01
6.691022499999999695e+01
3.314537800000000090e+01
4.353880300000000148e+01
5.840536899999998610e+01
7.258152800000000582e+01
7.803434799999999427e+01
4.685334799999999689e+01
5.533171099999999853e+01
9.769651000000000352e+01
4.328944400000000314e+01
9.622555500000002837e+01
4.152335000000000065e+01
5.897383500000000112e+01
2.927123599999999826e+01
5.885190600000001382e+01
9.700866700000000264e+01
3.503714799999999485e+01
5.733718499999999807e+01
4.905767099999999914e+01
8.241159799999998370e+01
4.510502199999999817e+01
1.145743400000000065e+02
3.731942399999999793e+01
6.350685099999999750e+01
4.626138699999999915e+01
7.707905599999999424e+01
5.952044300000001442e+01
2.019466999999999857e+01
8.246648399999999413e+01
6.847851599999999905e+01
4.830483199999999755e+01
5.970935800000000171e+01
8.177917499999998086e+01
3.463820599999999672e+01
4.617591099999999926e+01
3.961580299999999966e+01
9.830205500000002417e+01
1.073096399999999733e+02
4.314987599999999901e+01
5.090481599999999673e+01
4.164759099999999847e+01
3.060508300000000048e+01
4.712049100000000124e+01
4.684237699999999904e+01
9.647219100000002356e+01
3.889781200000000183e+01
4.028259700000000265e+01
2.796603599999999901e+01
1.087004500000000036e+02
2.735415499999999867e+01
5.932513000000000147e+01
3.100483099999999936e+01
3.002738199999999935e+01
2.574681299999999951e+01
4.248054900000000345e+01
2.019080900000000156e+01
5.055243300000000062e+01
9.208376300000000469e+01
2.986173199999999994e+01
4.117812700000000348e+01
2.796603599999999901e+01
2.909979200000000077e+01
4.115543399999999963e+01
3.098020899999999855e+01
5.727414300000000225e+01
1.250084200000000010e+02
5.057605399999999918e+01
3.829245800000000344e+01
5.521300099999999844e+01
7.561739300000000696e+01
1.084594800000000276e+02
8.039649200000000917e+01
6.664635499999999979e+01
5.766678199999999777e+01
5.652845799999998633e+01
1.913872299999999882e+01
6.186601600000000190e+01
2.690904199999999946e+01
8.287318399999998064e+01
4.729955700000000007e+01
5.415435800000000199e+01
5.186035199999999890e+01
4.332307800000000242e+01
7.231261399999998218e+01
3.310123400000000515e+01
5.317762800000001278e+01
8.873800699999998187e+01
2.568827100000000030e+01
1.094516600000000039e+02
2.478992500000000021e+01
5.818824399999999741e+01
4.197872900000000129e+01
3.681522799999999762e+01
5.079560900000001311e+01
4.563753100000000273e+01
1.019482200000000063e+02
7.662039200000000960e+01
1.273769700000000000e+02
1.217737300000000005e+02
3.446560699999999855e+01
2.481747599999999920e+01
4.674497999999999820e+01
5.784907499999999914e+01
2.919090100000000021e+01
3.604231300000000005e+01
4.557227300000000270e+01
4.918978100000000353e+01
3.289027399999999801e+01
2.426755299999999949e+01
3.946240999999999843e+01
5.040048600000000079e+01
5.096529000000000309e+01
2.532072300000000098e+01
6.200166300000000064e+01
8.304420500000000516e+01
5.051817299999999733e+01
4.890138199999999813e+01
1.074651000000000067e+02
3.281707399999999808e+01
2.620109400000000122e+01
7.069718199999999797e+01
5.352233100000001542e+01
4.915113400000001320e+01
3.313695500000000038e+01
1.972918500000000108e+01
9.958659400000000517e+01
5.761753100000001382e+01
3.934893399999999986e+01
8.695063799999998366e+01
8.933436600000000283e+01
4.844668999999999670e+01
5.576228299999999649e+01
5.299478100000000325e+01
4.068613400000000269e+01
2.425712599999999952e+01
1.105699300000000278e+02
8.001231400000000349e+01
3.152366100000000060e+01
3.794971499999999764e+01
1.059511300000000062e+02
2.711047900000000155e+01
1.052242600000000010e+02
2.799674999999999869e+01
5.123302799999999735e+01
4.213314400000000148e+01
3.183429900000000146e+01
4.731415599999999699e+01
3.719119600000000503e+01
3.503714799999999485e+01
9.414587400000000628e+01
5.493184999999999718e+01
3.968363599999999991e+01
6.862275699999999290e+01
4.532272700000000043e+01
5.415435800000000199e+01
6.718061800000000972e+01
5.017371399999999682e+01
3.166878699999999824e+01
5.013285400000000180e+01
5.157598099999999874e+01
5.177160599999999846e+01
4.840633799999999809e+01
7.441339100000000428e+01
4.969907400000000308e+01
6.936570700000000045e+01
1.041886200000000002e+02
1.014452100000000030e+02
3.263967099999999988e+01
5.177160599999999846e+01
5.263737900000000280e+01
3.352738599999999991e+01
3.897030300000000125e+01
1.020612900000000280e+02
8.440642499999999870e+01
5.045109899999999925e+01
5.418293800000000005e+01
5.264664100000000246e+01
2.028955300000000150e+01
4.696300899999999956e+01
5.257414599999999893e+01
4.218240399999999823e+01
3.144512399999999985e+01
4.415663899999999842e+01
3.874424700000000144e+01
2.754213700000000031e+01
8.524427799999999422e+01
5.709175900000000325e+01
3.327192700000000514e+01
4.050235700000000350e+01
3.175001299999999915e+01
4.064051400000000314e+01
5.344034200000000112e+01
9.469789099999999848e+01
6.455873100000000875e+01
4.499914900000000273e+01
4.633314099999999769e+01
5.341691999999999751e+01
3.316728200000000015e+01
7.546833800000000281e+01
4.107085800000000120e+01
5.583702499999999702e+01
7.215124500000000296e+01
4.734029799999999710e+01
5.381309499999999701e+01
5.270769899999999808e+01
4.219147099999999995e+01
3.928221099999999666e+01
6.825946000000000424e+01
1.893486599999999953e+01
1.074273500000000041e+02
5.902969699999999875e+01
2.613627100000000070e+01
4.197018099999999663e+01
3.702967499999999745e+01
3.313695500000000038e+01
5.416533299999999684e+01
4.988943900000000298e+01
8.357121300000000019e+01
8.481768800000000397e+01
1.717350599999999972e+01
7.679371600000000342e+01
5.549563599999999752e+01
3.317725399999999780e+01
8.601263399999999137e+01
1.084442399999999935e+02
2.450691799999999887e+01
5.931399499999999847e+01
1.172723299999999966e+02
4.764456599999999753e+01
3.734257499999999652e+01
9.900752300000000616e+01
3.914712500000000261e+01
9.555805999999999756e+01
3.915458699999999936e+01
4.303986400000000145e+01
2.407222000000000151e+01
4.126619300000000123e+01
1.894854199999999977e+01
5.843908700000000067e+01
6.694675399999999854e+01
3.077940900000000113e+01
6.105806700000000120e+01
2.439453500000000119e+01
3.832208299999999923e+01
6.339422199999999918e+01
3.460908500000000032e+01
1.050909300000000002e+02
4.855599600000000038e+01
4.287131500000000273e+01
6.676893599999999651e+01
2.950376899999999836e+01
2.930775800000000686e+01
5.561482999999999777e+01
1.000767400000000009e+02
4.660900099999999924e+01
6.606639900000000409e+01
7.263070700000000102e+01
3.325286499999999990e+01
3.729167600000000249e+01
4.615543000000000262e+01
2.574681299999999951e+01
5.709587499999999949e+01
2.410865000000000080e+01
7.341117900000000418e+01
1.039966500000000025e+02
7.012695300000000032e+01
6.247472800000001314e+01
4.108836699999999809e+01
2.481747599999999920e+01
6.885344700000000273e+01
3.498896400000000284e+01
1.075810100000000062e+02
4.229124500000000353e+01
4.807648799999999767e+01
4.077595900000000029e+01
4.610029600000000016e+01
6.457080100000000300e+01
5.428059399999998647e+01
5.602465099999999865e+01
4.957713300000000345e+01
1.070617399999999719e+02
6.131924800000000175e+01
6.134782799999999980e+01
6.824890899999999760e+01
9.537345100000000286e+01
9.088571199999999806e+01
5.881154599999998567e+01
4.974890099999999649e+01
7.432014499999998236e+01
6.990221400000000074e+01
1.154209800000000001e+02
4.309807599999999894e+01
5.401036800000001392e+01
4.539716700000000316e+01
9.836225899999999456e+01
1.206008900000000068e+02
5.211337999999999937e+01
5.685390100000000047e+01
4.585137199999999780e+01
9.963023400000000152e+01
4.539716700000000316e+01
3.911099600000000009e+01
4.328678099999999773e+01
4.070501300000000100e+01
5.426154300000000319e+01
5.944534699999999816e+01
8.972336599999999862e+01
5.750371599999999717e+01
6.775021399999999971e+01
3.251637600000000106e+01
4.223994400000000127e+01
6.238795500000001226e+01
8.274427000000000021e+01
4.354643599999999992e+01
1.916785600000000045e+01
1.261513100000000236e+02
6.489044200000000728e+01
3.859871299999999650e+01
3.615930199999999672e+01
7.203081500000000403e+01
2.339151599999999931e+01
1.116617499999999978e+02
2.875466899999999981e+01
6.060111599999999754e+01
3.455797199999999947e+01
1.037943000000000069e+02
5.252535600000000215e+01
8.396501200000000154e+01
6.009086200000000133e+01
3.160274300000000025e+01
4.138707700000000500e+01
3.881592599999999749e+01
8.397823300000000302e+01
4.023745000000000260e+01
5.101496900000000068e+01
2.222647699999999915e+01
1.894854199999999977e+01
2.828554000000000102e+01
3.392042199999999497e+01
1.710958899999999971e+01
4.797843199999999797e+01
2.578507199999999955e+01
6.305816300000000041e+01
4.231395700000000204e+01
6.335422499999999957e+01
5.524763899999999950e+01
5.012032700000000318e+01
3.881636400000000009e+01
5.207602299999999929e+01
2.218693199999999877e+01
6.057592000000000354e+01
4.389255900000000565e+01
4.393658400000000341e+01
7.751363399999998194e+01
7.597773700000000474e+01
1.158801500000000004e+02
6.039974999999999739e+01
3.521852100000000263e+01
7.262184899999998322e+01
7.197042100000000175e+01
6.391701499999999925e+01
5.811109499999999883e+01
3.214990999999999843e+01
6.044996999999998621e+01
3.474422799999999967e+01
3.098046700000000087e+01
3.917162299999999675e+01
2.909979200000000077e+01
2.091987999999999914e+01
2.230124999999999957e+01
4.065505199999999775e+01
5.407701099999999883e+01
4.519216200000000327e+01
1.035507999999999953e+02
8.167456799999999362e+01
5.546855500000000205e+01
3.167742900000000006e+01
4.681889699999999976e+01
3.055059100000000072e+01
6.061703899999999834e+01
6.696266899999999112e+01
6.208336299999999852e+01
4.124646400000000313e+01
5.668261300000000347e+01
4.220888899999999921e+01
5.050046500000001259e+01
7.267166100000000029e+01
4.919417200000000179e+01
6.109173599999999738e+01
6.680367300000000341e+01
3.812979500000000144e+01
3.854250300000000351e+01
6.552228499999999656e+01
6.196934499999999701e+01
3.605250199999999694e+01
5.242764300000000333e+01
8.579169499999999005e+01
9.515148899999999799e+01
9.277913700000000574e+01
4.211969400000000263e+01
8.448236799999999391e+01
4.733890499999999690e+01
6.124197399999999902e+01
5.691101499999999902e+01
8.548355100000000562e+01
1.061534400000000034e+02
3.178093000000000146e+01
5.701449199999999706e+01
1.113112699999999933e+02
5.511437999999999704e+01
3.994872700000000521e+01
3.744989400000000046e+01
5.641017200000000287e+01
9.788814499999999441e+01
6.245581800000001493e+01
7.707905599999999424e+01
1.261735600000000233e+02
4.039858199999999755e+01
3.356771899999999675e+01
1.013538700000000006e+02
2.694949000000000083e+01
7.379393799999998294e+01
4.594580799999999954e+01
1.052490200000000016e+02
4.157447400000000215e+01
4.478886399999999668e+01
5.422612800000000277e+01
7.301047499999999957e+01
9.595081299999999658e+01
8.091371200000000385e+01
9.925894200000000467e+01
6.885344700000000273e+01
5.441755700000000218e+01
1.004193599999999975e+02
6.271628199999998543e+01
5.005360399999999998e+01
5.548464200000000091e+01
5.225811800000000318e+01
5.530581999999999709e+01
3.024469799999999964e+01
2.028955300000000150e+01
1.037123399999999975e+02
7.262730400000000941e+01
3.601599500000000376e+01
6.126676899999999648e+01
7.395283499999999322e+01
6.586112199999999461e+01
6.389611399999999719e+01
2.848866699999999952e+01
3.394618200000000030e+01
3.858095900000000000e+01
6.917604099999999789e+01
2.256270800000000065e+01
7.353177599999999359e+01
4.705425600000000230e+01
3.389725500000000125e+01
3.469062399999999968e+01
3.510697199999999896e+01
8.807019800000000487e+01
4.780369199999999807e+01
1.066986500000000007e+02
5.569278000000001327e+01
6.821149399999998764e+01
5.749263400000000246e+01
5.505859800000000348e+01
6.376698700000000031e+01
3.958719299999999919e+01
9.396291399999999783e+01
4.072106200000000342e+01
2.542616999999999905e+01
8.813931999999998368e+01
3.344716599999999573e+01
5.580092199999999991e+01
4.354848899999999645e+01
2.457294999999999874e+01
3.488099700000000070e+01
4.714421500000000265e+01
3.453210399999999680e+01
1.347414399999999830e+02
9.506401800000000435e+01
3.575278899999999993e+01
5.731814599999999871e+01
5.972205699999998529e+01
6.977333799999999542e+01
1.060068800000000238e+02
6.331183200000000255e+01
4.883241999999999905e+01
5.460263400000000189e+01
2.779891999999999896e+01
5.871900899999999979e+01
6.514186899999999980e+01
1.166064200000000284e+02
3.396389800000000037e+01
1.166064200000000284e+02
6.499538400000000138e+01
4.898024699999999854e+01
3.009051099999999934e+01
4.288012299999999755e+01
3.872329299999999819e+01
2.690904199999999946e+01
6.584160599999999874e+01
5.155065499999999901e+01
6.057202499999999645e+01
3.852467299999999994e+01
6.648045299999999713e+01
5.444648699999999764e+01
8.714630900000000224e+01
7.664022799999999336e+01
5.528468300000000113e+01
2.566846699999999970e+01
1.014452100000000030e+02
5.428059399999998647e+01
4.681576199999999943e+01
5.077179000000000286e+01
4.533881800000000339e+01
4.195222900000000266e+01
5.677158699999999669e+01
7.263070700000000102e+01
4.496593099999999765e+01
1.972918500000000108e+01
8.988480400000000259e+01
3.744200500000000176e+01
8.423987599999998110e+01
2.690904199999999946e+01
2.344790300000000016e+01
3.144098899999999830e+01
4.687032700000000318e+01
7.467095899999998210e+01
5.343726700000001273e+01
4.459414300000000253e+01
2.848431199999999919e+01
8.318174700000000144e+01
4.961824399999999713e+01
7.007291399999999726e+01
2.872215999999999880e+01
7.405119300000001203e+01
9.114456199999999342e+01
5.118241100000000188e+01
7.011357900000000143e+01
2.930775800000000686e+01
4.994550300000000220e+01
6.773660999999999888e+01
3.503714799999999485e+01
1.042029500000000013e+02
4.844189099999999826e+01
9.506163800000000208e+01
6.115639900000000040e+01
5.238106200000000001e+01
1.098694299999999942e+02
8.239908599999998273e+01
4.709394499999999795e+01
1.318449399999999798e+02
4.820835499999999740e+01
4.974890099999999649e+01
3.928221099999999666e+01
5.070148499999999814e+01
5.258747900000000186e+01
7.105190999999999235e+01
3.974058200000000340e+01
4.349034100000000080e+01
8.996405799999998010e+01
3.141735600000000161e+01
5.865058899999999653e+01
4.061849999999999739e+01
5.402580999999999989e+01
1.103594700000000017e+02
4.353880300000000148e+01
6.113196899999998379e+01
8.143587499999998158e+01
2.843206400000000045e+01
7.387571699999999453e+01
1.021135699999999957e+02
4.526324799999999726e+01
5.626435899999999890e+01
3.072279000000000693e+01
4.945054999999999978e+01
5.506722599999999801e+01
9.080036200000000690e+01
2.242218599999999995e+01
5.820833199999998442e+01
7.055812799999999640e+01
1.027520499999999970e+02
6.076445400000000063e+01
2.748808300000000671e+01
3.408247800000000183e+01
6.004443400000000253e+01
1.000767400000000009e+02
3.144098899999999830e+01
1.150481999999999942e+02
3.853204300000000160e+01
2.439453500000000119e+01
7.366568800000000294e+01
3.891976500000000527e+01
4.678382100000000321e+01
1.972918500000000108e+01
4.512205099999999902e+01
1.155781499999999937e+02
4.645799999999999841e+01
6.449123399999999151e+01
3.852467299999999994e+01
4.806816500000000048e+01
9.481133300000000474e+01
5.116221600000000080e+01
2.431422600000000145e+01
6.574256899999998893e+01
3.681522799999999762e+01
8.029903399999999181e+01
3.975174700000000172e+01
1.342723399999999856e+02
5.289421800000000218e+01
1.292610599999999863e+02
5.282180000000000319e+01
5.449418599999999913e+01
7.339913900000000524e+01
4.853917299999999813e+01
3.379149999999999920e+01
2.662020899999999912e+01
5.101104000000000127e+01
5.545114099999999979e+01
6.021071200000000090e+01
9.067262999999999806e+01
2.162526700000000091e+01
3.960126100000000093e+01
3.857654999999999745e+01
3.706597099999999756e+01
8.140118400000000065e+01
2.542616999999999905e+01
4.914657600000000315e+01
2.426033199999999823e+01
3.702053500000000241e+01
5.154826400000000319e+01
4.353880300000000148e+01
4.396506099999999861e+01
4.180357699999999710e+01
9.841442100000000437e+01
6.639816999999999325e+01
5.476885600000001375e+01
3.744854399999999828e+01
3.949556700000000120e+01
5.834231599999999673e+01
4.878056699999999779e+01
6.450904099999999630e+01
5.589564099999999769e+01
4.811690099999999859e+01
6.648045299999999713e+01
6.021333299999999866e+01
2.532072300000000098e+01
1.099899599999999964e+02
4.814665200000000311e+01
1.055497100000000046e+02
6.670061499999999910e+01
9.853540800000000388e+01
8.506884800000000268e+01
4.336657000000000295e+01
9.112193299999999851e+01
4.283476999999999890e+01
3.371600000000000108e+01
4.181243500000000068e+01
4.886913700000000205e+01
4.264500400000000013e+01
1.089103900000000067e+02
3.836288100000000156e+01
5.944534699999999816e+01
3.825576000000000221e+01
3.839453100000000063e+01
1.059851500000000044e+02
4.456268299999999982e+01
7.476452600000000359e+01
4.232160199999999861e+01
4.974890099999999649e+01
8.135790299999999320e+01
2.287959899999999891e+01
5.629310600000001585e+01
1.056951600000000013e+02
7.247118399999999383e+01
2.799967200000000034e+01
1.015820800000000048e+02
7.730322300000000268e+01
8.283953900000000203e+01
9.810855100000000562e+01
5.728465700000000282e+01
5.385367200000000310e+01
1.060068800000000238e+02
1.044684800000000280e+02
5.580092199999999991e+01
3.857859400000000250e+01
4.599148600000000187e+01
2.401905999999999963e+01
2.508767299999999878e+01
5.077812999999999732e+01
8.619694499999999948e+01
5.393777800000000155e+01
6.061314399999998415e+01
5.998844900000000280e+01
5.426154300000000319e+01
7.125520300000000873e+01
7.881479600000000119e+01
4.991860599999999692e+01
5.329110299999999967e+01
5.897383500000000112e+01
5.384598199999998513e+01
9.828254699999999389e+01
3.002738199999999935e+01
9.495437599999999634e+01
5.788511700000000104e+01
3.341130400000000122e+01
4.550725200000000115e+01
6.999688000000000443e+01
5.670391099999999796e+01
4.132809100000000058e+01
3.746949800000000153e+01
2.678221100000000021e+01
4.158445700000000045e+01
3.005068599999999890e+01
3.588350700000000160e+01
9.841442100000000437e+01
3.503162800000000487e+01
6.166816699999999685e+01
8.557376899999999864e+01
8.627439900000000250e+01
3.747046999999999883e+01
3.052802700000000158e+01
4.195222900000000266e+01
4.156793600000000311e+01
6.211096599999999768e+01
5.065586100000000158e+01
1.902970300000000137e+01
3.001454700000000031e+01
5.175577499999999986e+01
1.150481999999999942e+02
5.723269700000000171e+01
1.045080300000000051e+02
3.025108499999999978e+01
5.568063000000001495e+01
2.872215999999999880e+01
9.477232399999999757e+01
3.356771899999999675e+01
1.270613299999999981e+02
3.518481100000000339e+01
5.523860500000001394e+01
2.058950000000000102e+01
3.615930199999999672e+01
6.037641099999999739e+01
1.750835400000000064e+01
1.006684599999999961e+02
5.991208600000000217e+01
5.484149599999999936e+01
1.048708399999999727e+02
4.659072900000000317e+01
7.457444800000000384e+01
3.734546999999999883e+01
7.881479600000000119e+01
6.885344700000000273e+01
6.320076799999999650e+01
5.786707700000000187e+01
3.268456299999999715e+01
3.391544700000000034e+01
4.396623199999999798e+01
5.375736599999999754e+01
4.734686700000000315e+01
1.824292000000000158e+01
2.514917600000000064e+01
1.194152100000000019e+02
6.411408199999999624e+01
6.293881999999998555e+01
3.170601100000000017e+01
1.031889999999999930e+02
4.566822100000000262e+01
1.112280499999999961e+02
7.161111499999999808e+01
3.605250199999999694e+01
5.309704200000000185e+01
3.243833499999999503e+01
5.427465400000001239e+01
1.075810100000000062e+02
9.812619800000000225e+01
6.279534100000000052e+01
5.513726400000000183e+01
5.254228199999998594e+01
5.177160599999999846e+01
6.050870900000000319e+01
8.772087900000001071e+01
4.566822100000000262e+01
2.748836700000000022e+01
9.836225899999999456e+01
5.209138099999999838e+01
6.728616300000000194e+01
5.138829400000000192e+01
3.318869000000000113e+01
1.086687899999999729e+02
2.309658800000000056e+01
4.489287600000000111e+01
8.896183800000000019e+01
6.040327099999999660e+01
1.163575899999999734e+02
6.765208400000000211e+01
2.730765299999999840e+01
2.543453399999999931e+01
4.617591099999999926e+01
4.703863499999999931e+01
4.900662200000000013e+01
6.941424599999999145e+01
3.060197799999999901e+01
9.192984800000000689e+01
1.128107300000000066e+02
8.790876800000000912e+01
7.457444800000000384e+01
7.256529199999999946e+01
1.213964200000000062e+02
3.934893399999999986e+01
9.113448300000000302e+01
6.306343799999999788e+01
3.985950499999999863e+01
9.353235599999999295e+01
3.477616900000000300e+01
9.348493999999999460e+01
3.105647099999999838e+01
8.455502299999999138e+01
3.827276599999999718e+01
1.202434200000000004e+02
8.337300100000000214e+01
2.652547600000000116e+01
1.108008300000000048e+02
4.117812700000000348e+01
3.857654999999999745e+01
5.476885600000001375e+01
7.745137800000000539e+01
6.349389599999999945e+01
5.655264999999999986e+01
2.875466899999999981e+01
4.365299600000000169e+01
5.045109899999999925e+01
9.449482000000000426e+01
4.881060399999999788e+01
6.539687299999999937e+01
2.542352500000000148e+01
3.731942399999999793e+01
9.807855200000000195e+01
6.786329700000000287e+01
3.986827100000000002e+01
5.830620600000000309e+01
9.860053299999999865e+01
4.870503200000000277e+01
4.906735199999999963e+01
8.247074899999998365e+01
2.368966500000000153e+01
5.660891000000000162e+01
2.662020899999999912e+01
5.147491099999999875e+01
3.828326799999999963e+01
8.481433900000000392e+01
8.192031099999999810e+01
3.908203100000000063e+01
9.022780600000000106e+01
6.273082700000001211e+01
3.827276599999999718e+01
5.988454800000000233e+01
3.923334100000000291e+01
1.059906699999999944e+02
5.072767999999999944e+01
3.430986400000000458e+01
6.732875099999999691e+01
3.744340900000000261e+01
6.363769499999998658e+01
6.395489100000000349e+01
7.574232499999999391e+01
7.688856499999999983e+01
5.095569600000000321e+01
3.552604300000000137e+01
1.965768100000000018e+01
1.173617700000000070e+02
3.547375100000000003e+01
1.554493399999999959e+01
7.138803900000000624e+01
6.257616399999999857e+01
4.222608199999999812e+01
7.360144800000000487e+01
3.726658599999999666e+01
3.424078800000000200e+01
4.682908599999999666e+01
4.610029600000000016e+01
5.945595200000000347e+01
5.091494000000000142e+01
5.361319399999998581e+01
6.134913600000000145e+01
4.772176699999999983e+01
2.936184300000000036e+01
9.250603499999999713e+01
4.328678099999999773e+01
1.146331700000000069e+02
1.014506099999999975e+02
3.458307599999999837e+01
3.086772200000000055e+01
6.421519499999999425e+01
5.442332100000000139e+01
1.224148600000000044e+02
9.812619800000000225e+01
5.845430000000000348e+01
5.633469000000000193e+01
7.279460100000000011e+01
3.887452300000000349e+01
3.806639100000000298e+01
4.072437999999999647e+01
4.229124500000000353e+01
8.232669099999998252e+01
7.573763300000000243e+01
5.287300100000000214e+01
4.264158599999999666e+01
6.211096599999999768e+01
2.037914699999999968e+01
7.031931299999999396e+01
4.289066300000000354e+01
4.396847499999999798e+01
4.153879200000000083e+01
9.748361199999999371e+01
7.149714699999999823e+01
3.788119499999999817e+01
4.068889999999999674e+01
3.109151299999999907e+01
6.259481000000000250e+01
7.047372400000000425e+01
4.609408200000000022e+01
6.588340800000000286e+01
3.682426099999999991e+01
1.007009599999999949e+02
5.189019400000000104e+01
4.840633799999999809e+01
5.881154599999998567e+01
1.022777399999999943e+02
5.195481900000000053e+01
4.601914200000000221e+01
6.340113100000001367e+01
5.250492899999999707e+01
1.042756100000000004e+02
4.334339500000000100e+01
7.359963199999999972e+01
5.093068300000000193e+01
3.626858099999999752e+01
3.832208299999999923e+01
4.032694599999999951e+01
4.205384399999999800e+01
4.359900700000000029e+01
8.665743999999999403e+01
7.390589900000000512e+01
3.516063300000000424e+01
2.019466999999999857e+01
6.547066499999999678e+01
3.660061600000000226e+01
5.449925199999999847e+01
4.523688899999999791e+01
3.229129000000000360e+01
5.494233299999999787e+01
9.923020200000000557e+01
4.532021300000000252e+01
4.039139600000000030e+01
6.546097600000000227e+01
3.856711200000000161e+01
1.163619700000000279e+02
7.250015299999998319e+01
4.594661299999999926e+01
6.948101800000000594e+01
4.258733699999999800e+01
1.292610599999999863e+02
3.591437899999999672e+01
3.474422799999999967e+01
4.137705600000000317e+01
2.202781500000000037e+01
3.144098899999999830e+01
3.349971400000000443e+01
7.330125400000000013e+01
6.105181900000000184e+01
2.326624100000000084e+01
4.359629400000000032e+01
5.666526400000000052e+01
6.847851599999999905e+01
5.991631700000001359e+01
2.746285999999999916e+01
2.644139300000000148e+01
3.738956499999999750e+01
3.805805200000000355e+01
9.341749600000002829e+01
2.214020000000000010e+01
3.583509799999999501e+01
3.814300500000000227e+01
4.167170699999999783e+01
2.401905999999999963e+01
8.882066299999998193e+01
5.289421800000000218e+01
6.531744399999999473e+01
5.478916199999999748e+01
5.885190600000001382e+01
6.441075100000000475e+01
3.897030300000000125e+01
6.807551600000000747e+01
2.287959899999999891e+01
4.602542100000000147e+01
8.304420500000000516e+01
4.362248600000000209e+01
4.179648600000000158e+01
3.085273700000000119e+01
5.253274900000000258e+01
6.154161100000000317e+01
4.127935800000000199e+01
9.282591999999999643e+01
3.604766800000000160e+01
5.544060100000000091e+01
3.360856600000000327e+01
4.147855799999999959e+01
5.415435800000000199e+01
5.285702899999999715e+01
9.860053299999999865e+01
3.686431499999999772e+01
7.625608099999999467e+01
1.039359699999999975e+02
4.184481000000000250e+01
3.624047900000000055e+01
3.081624800000000164e+01
9.849036400000002800e+01
3.466154900000000083e+01
7.274293500000000279e+01
2.967883300000000091e+01
8.655622900000000186e+01
6.372726800000000225e+01
1.569727899999999998e+01
3.503162800000000487e+01
2.242218599999999995e+01
2.340280500000000075e+01
4.464661000000000257e+01
5.482957499999999840e+01
7.266904399999999953e+01
8.135613299999999981e+01
1.105775899999999723e+02
1.032338900000000024e+02
3.277815199999999862e+01
2.715819899999999976e+01
3.023694600000000676e+01
8.562258900000000494e+01
5.530581999999999709e+01
3.848836099999999760e+01
9.452909099999999398e+01
2.368966500000000153e+01
8.930357399999998336e+01
7.140742500000000348e+01
2.652547600000000116e+01
6.432945300000000088e+01
4.110818499999999887e+01
4.251750899999999689e+01
1.204137900000000059e+02
5.995613100000001339e+01
6.250172799999999995e+01
1.786038599999999832e+01
9.092774200000000917e+01
4.220317500000000166e+01
6.218563100000001498e+01
1.022777399999999943e+02
2.016378200000000120e+01
3.423065600000000330e+01
8.958755499999999472e+01
3.750871999999999673e+01
7.025853000000000748e+01
6.731903800000000615e+01
6.763565799999999228e+01
6.250184999999999746e+01
5.348328399999999760e+01
7.708885200000000282e+01
3.056553999999999860e+01
6.691030100000000402e+01
7.646023599999998055e+01
6.160455300000000278e+01
6.040434599999999676e+01
1.070617399999999719e+02
4.112788400000000166e+01
6.339411199999999980e+01
3.879333900000000313e+01
3.893735499999999661e+01
8.329503599999998187e+01
2.952489299999999872e+01
3.496577100000000371e+01
5.942246200000000300e+01
5.422612800000000277e+01
4.709174699999999802e+01
5.421453900000000203e+01
3.375348699999999980e+01
5.545114099999999979e+01
6.415260299999999916e+01
4.117725399999999780e+01
2.730765299999999840e+01
4.562099099999999652e+01
1.038638899999999978e+02
7.729058799999999962e+01
2.852623200000000026e+01
3.374388900000000291e+01
4.433792900000000259e+01
5.473897900000000050e+01
6.046136899999999770e+01
4.680656100000000208e+01
5.931583799999999940e+01
8.252611500000000433e+01
5.458449600000000146e+01
6.836663799999999469e+01
5.831552099999999683e+01
8.452109500000000253e+01
5.287300100000000214e+01
2.662020899999999912e+01
6.485662800000000061e+01
4.457978800000000064e+01
6.596606400000000292e+01
6.710034199999999771e+01
1.140507599999999968e+02
2.555843199999999982e+01
2.307689900000000094e+01
1.158453200000000010e+02
1.144332799999999963e+02
3.180208599999999919e+01
3.708632999999999669e+01
5.309977700000000311e+01
3.925071299999999752e+01
5.010463000000000022e+01
4.563723399999999941e+01
6.279070699999999761e+01
1.254246299999999934e+02
6.841824300000000392e+01
6.743054999999999666e+01
8.055010199999998122e+01
5.658104699999999809e+01
2.722826200000000085e+01
3.785545299999999713e+01
9.235669699999999693e+01
2.871461100000000144e+01
4.635017799999999966e+01
3.810152399999999773e+01
4.012201300000000259e+01
3.545288099999999787e+01
5.008622700000000094e+01
4.601914200000000221e+01
4.641943700000000206e+01
6.859172099999999261e+01
4.820883200000000102e+01
5.677592099999999675e+01
4.363378099999999904e+01
4.830483199999999755e+01
3.281707399999999808e+01
5.883827200000000346e+01
6.401828000000000429e+01
7.173997500000000116e+01
5.289421800000000218e+01
4.023745000000000260e+01
8.335330199999999934e+01
2.370249899999999954e+01
3.085273700000000119e+01
1.027256300000000238e+02
5.014304700000000281e+01
3.060197799999999901e+01
3.641561099999999840e+01
5.913029900000000083e+01
4.091509200000000135e+01
2.535311099999999840e+01
3.023694600000000676e+01
9.482744599999999480e+01
7.704875199999999325e+01
4.955978000000000350e+01
4.263222100000000125e+01
3.292025000000000290e+01
1.003419300000000050e+02
2.279797900000000155e+01
2.508767299999999878e+01
5.883944300000000283e+01
3.208397700000000441e+01
4.894160099999999858e+01
7.830818899999999871e+01
1.261513100000000236e+02
3.967740200000000073e+01
5.065364799999999690e+01
7.152455899999999644e+01
4.647908400000000029e+01
1.207493199999999973e+02
4.152335000000000065e+01
3.811880900000000594e+01
2.690904199999999946e+01
4.841996400000000023e+01
2.481847799999999893e+01
5.961427299999999718e+01
1.009943200000000019e+02
7.037216200000000299e+01
5.702190400000001347e+01
5.716210600000001563e+01
3.102426000000000172e+01
7.910506399999999871e+01
4.687649199999999894e+01
7.504370099999999866e+01
3.460908500000000032e+01
4.570228600000000085e+01
2.426755299999999949e+01
7.245813000000001125e+01
5.154875599999999736e+01
5.167875300000000038e+01
7.586611899999998343e+01
2.932149100000000175e+01
1.111682100000000020e+02
4.167091800000000035e+01
4.602542100000000147e+01
3.578897500000000065e+01
1.336183499999999924e+02
9.294452699999999368e+01
9.512246700000000033e+01
3.571888400000000274e+01
9.938766499999999837e+01
1.140026600000000059e+02
3.055059100000000072e+01
6.988329300000000899e+01
4.709174699999999802e+01
4.959439100000000167e+01
5.881693599999999833e+01
4.229412099999999697e+01
2.259825100000000120e+01
3.596525199999999955e+01
4.123367300000000313e+01
4.395507400000000331e+01
3.843960200000000071e+01
5.401688399999999746e+01
4.219571700000000192e+01
1.824292000000000158e+01
2.978670299999999926e+01
3.518196100000000115e+01
3.401502999999999588e+01
4.007628600000000318e+01
2.779560100000000133e+01
8.145184300000001087e+01
7.096643100000000004e+01
4.409729800000000211e+01
5.496625499999999676e+01
2.279797900000000155e+01
3.919977599999999995e+01
8.954691300000000354e+01
7.890308399999999267e+01
4.391233400000000131e+01
6.691896099999999592e+01
7.262184899999998322e+01
9.424551400000000001e+01
3.159247800000000694e+01
2.624385300000000143e+01
8.919541200000000458e+01
4.024643700000000024e+01
4.283518999999999721e+01
2.034762800000000027e+01
3.880275000000000318e+01
4.672769199999999756e+01
4.039858199999999755e+01
6.772319799999999645e+01
6.487861600000000806e+01
2.406761399999999895e+01
5.685025799999999663e+01
2.903990699999999947e+01
4.645664200000000221e+01
2.242218599999999995e+01
7.106880999999999915e+01
5.473279999999999745e+01
6.391701499999999925e+01
3.433989700000000056e+01
1.026644699999999943e+02
5.141554299999999955e+01
3.928376800000000202e+01
3.463820599999999672e+01
5.178883700000000090e+01
6.212671300000000230e+01
6.823077399999999670e+01
6.545010400000001027e+01
3.957950600000000208e+01
8.059793899999998246e+01
4.224574299999999738e+01
5.040048600000000079e+01
5.123302799999999735e+01
1.017767700000000275e+02
4.062857799999999742e+01
4.905767099999999914e+01
5.580092199999999991e+01
1.034532800000000066e+02
8.806082200000000171e+01
2.462066700000000097e+01
4.363378099999999904e+01
5.333273299999999750e+01
8.567030300000000409e+01
3.107564000000000703e+01
1.329151500000000112e+02
5.579401000000000010e+01
4.986454799999999921e+01
4.572610099999999989e+01
3.891424599999999856e+01
3.839453100000000063e+01
8.457897199999999316e+01
5.287443499999999830e+01
4.027315500000000270e+01
3.458593799999999874e+01
3.532720900000000341e+01
3.400856399999999979e+01
3.064390399999999914e+01
9.596936800000000289e+01
1.104079500000000280e+02
4.594580799999999954e+01
7.136332699999999818e+01
3.471025099999999952e+01
4.617443800000000209e+01
3.678323699999999974e+01
5.401688399999999746e+01
2.763573600000000141e+01
3.881726499999999902e+01
2.186796999999999969e+01
8.629129799999998340e+01
4.245711099999999760e+01
4.478886399999999668e+01
1.035507999999999953e+02
3.253467899999999702e+01
5.586887399999999815e+01
4.941273100000000085e+01
8.136984999999999957e+01
2.186796999999999969e+01
3.891976500000000527e+01
3.681522799999999762e+01
5.366041600000001210e+01
3.093928700000000021e+01
2.473547900000000155e+01
4.666735500000000059e+01
3.751540399999999664e+01
7.598626699999999801e+01
4.870711099999999760e+01
4.190972099999999756e+01
4.859540199999999999e+01
4.461038599999999832e+01
5.340807699999999869e+01
3.064390399999999914e+01
9.427033199999999624e+01
4.277427300000000088e+01
1.105297099999999944e+02
1.145743400000000065e+02
3.854250300000000351e+01
9.350134300000000565e+01
