psi
1.336269862077616111e+00
8.355014859212260836e-01
9.568071114601276461e-01
2.008798581522530213e+00
3.158833450599867754e-01
2.575609646479817716e+00
8.792823808196150726e-01
2.458863066294818100e+00
6.233081960697517410e-01
6.159049233036113097e-02
1.203711425160695736e+00
7.807515396123849705e-01
1.910132101291098783e+00
1.843685092281293292e+00
2.201813829709128534e+00
1.457313365042318676e+00
2.438849993558678264e+00
5.203541533219685489e-01
7.437255905472393014e-01
2.527835538537346771e+00
7.333440302838044600e-01
1.539583040801542069e+00
1.163603430750967949e+00
2.725544140767982793e+00
6.459086310030132116e-01
2.243457871843170359e+00
9.934727283586385349e-01
9.919662788517199514e-01
3.065375167194009709e+00
3.192119865643130439e-01
1.321334753035822596e+00
2.818088759744298510e+00
2.330569486703613080e+00
2.022411826681924207e+00
3.063655766767212185e+00
2.785154357277105142e+00
2.158207089801849943e+00
1.793896462669954950e-01
7.456502926199617409e-01
2.838550427411307364e+00
1.072968120659488989e+00
5.820712431682902865e-01
1.764464889808150971e+00
9.615041219684444807e-01
1.420534714366195918e-02
1.391454698505121712e+00
1.988813062049975100e+00
6.620033250310142225e-01
2.447382628091699264e+00
1.053638134679955707e+00
1.114023215787155685e+00
1.906456108913020753e+00
1.597203660411110171e+00
9.264181544365124310e-01
2.092477760855095958e+00
6.161323729710169728e-01
9.358203053754197143e-01
1.117441440165909405e+00
2.211957747342246233e-02
2.240075857036513796e+00
1.887186481515571446e+00
5.555744719416011446e-01
1.269853790354159795e+00
3.109753248373937407e+00
2.478890269680287251e+00
2.406074924507429991e+00
2.547450314019424678e+00
1.068083134228879461e+00
2.405828781316186937e+00
1.244543003698057371e+00
2.765905122469941357e+00
4.114500996484536377e-01
6.974318469240781138e-01
1.512516369625876100e+00
1.186425131211186867e+00
2.344826364271736796e-01
2.771585874710603026e+00
1.743743442367188701e+00
1.511909102108546232e+00
7.045484149122321904e-01
2.267753127241360467e+00
2.388572438140626822e-02
1.684343891018948103e+00
2.338129419614226167e-03
1.807797013159933019e+00
3.124449615310036510e+00
1.268802062121883623e+00
1.521536599816869728e+00
1.590975300621145117e+00
5.888078434481599510e-01
1.214910562352141121e-01
7.352964667039875168e-01
2.039493912094763939e+00
9.539760871083340366e-01
1.850314241626279443e+00
1.509313536119726962e+00
7.657514712517339284e-01
1.445330352929188100e+00
4.855394695229428570e-01
1.857470958997349708e+00
1.226469339029881533e+00
1.436649952993591661e+00
8.465822697464564506e-01
7.318641139192977318e-01
1.663236684059761883e+00
4.227890193041846101e-01
2.753896791055058024e+00
1.291152802422006474e+00
5.454436504587871770e-01
1.326598370629922918e+00
1.375568201770839272e+00
9.070900653447289130e-01
1.221424462745795747e+00
1.521904832655713191e+00
1.440466679790380677e+00
1.098759105717826090e+00
5.047464141652928671e-01
3.566680085691993352e-01
2.874084359418272339e+00
2.592410350452482248e+00
1.786769765675640942e+00
1.907697622837616347e+00
3.041085275870112348e+00
1.582128440838332928e+00
1.901625998211333268e+00
5.514752187096230163e-01
1.717391172680134082e+00
9.297754159303630583e-01
1.076534306461927715e+00
3.061988745189902161e+00
9.560255871039970987e-01
1.614223202301694693e+00
6.627264469784122092e-01
2.195213496815652920e+00
1.018554904718664611e+00
1.230677894521703175e+00
2.755457390351283564e-01
6.003482091676547450e-01
6.645683211131099555e-02
4.650686732835704884e-01
1.371073771084163617e+00
6.947185649308148525e-01
5.112705605325071900e-01
2.429908755622221417e+00
1.922853647475671612e-01
1.606138581741025861e+00
7.766404167718130025e-02
1.267738195378857569e+00
2.060746221138249012e+00
1.879671711287975722e+00
5.396320998511022760e-01
1.279074427513780643e+00
1.532913751718281592e+00
1.127109849407877951e+00
5.410513913361935101e-01
2.970341704538636662e+00
9.750466087075653210e-01
1.042279735117177530e+00
4.562509301932588524e-01
1.050174123933377501e+00
1.722276745693380073e+00
7.512529996959275147e-01
2.940968026607646113e+00
1.775799480840781985e+00
2.374119475272000290e+00
5.006246202412976132e-01
2.989049563640414853e+00
2.748577729120566637e+00
5.323680225242215514e-01
7.421846760168774315e-01
1.550955951918195908e+00
5.760465248272981231e-01
2.846341439540048590e+00
6.357138629861470713e-01
1.406312647855484821e+00
9.448830006457672459e-01
1.712216622768654162e+00
1.929495788690421598e+00
6.117429100935842801e-01
5.688323957478328419e-01
2.870286016945027274e+00
1.314948040078198765e+00
1.828274574801550978e+00
5.998127850050889442e-01
1.815379287484741422e+00
9.131002231621938858e-02
2.750813218496693580e+00
1.551759966365053867e+00
2.112217551773922786e+00
1.702831334915668737e-01
1.028985571345110595e+00
1.485789876415933852e+00
1.214461222929425599e+00
2.639669728909684210e+00
3.017465865631800970e+00
5.846985622401242866e-01
2.220523060154468542e+00
1.568904971991106123e+00
1.544582945012428654e+00
9.587092909890061465e-01
9.569133745289088999e-01
3.061740517030907771e+00
1.555952877029869841e+00
1.920072220936774043e-01
2.804508837549460676e+00
7.578642212762125296e-02
1.107154959919974369e+00
3.342393573091994030e-01
1.733302648156024306e+00
2.910963305023312575e+00
4.882341352572001636e-01
7.250952506870035341e-01
1.904084350453489227e+00
2.199162842403971752e+00
2.558432683831753263e+00
2.205378381995054760e+00
2.372730496832176073e+00
1.331703106824450589e-01
1.300526717129266263e+00
3.056823454184384392e+00
1.728084224351547737e+00
5.072726371848388371e-01
1.009365244627655089e+00
1.420636683079196549e+00
2.382989587188962533e-01
7.339767076778226651e-02
1.784293946008690179e+00
2.203932601749231779e+00
1.651711001390498978e+00
1.830958235614623675e+00
7.727377840769253936e-01
2.157001203690259439e-01
1.180934825515284281e+00
1.770615632489109359e+00
7.729781280552112666e-01
1.743701807913714985e+00
1.801824400528996062e+00
2.013390001098978477e+00
3.600329389012844605e-01
2.004894153707835969e+00
2.783477886716720473e+00
2.038593007552619074e+00
1.878672954483981972e+00
1.326971874909251392e+00
1.170501534848959135e+00
4.311545497496366286e-01
1.229941887157823377e+00
2.958351139676691943e+00
1.548222972307885303e+00
2.438944051209415154e+00
1.285313254848576614e+00
3.006821188281841195e+00
1.299343520054765611e+00
1.259382356607403608e+00
1.182186436122392159e+00
1.475602077700695958e+00
2.932448347569677205e-01
2.523532951633169041e+00
4.940102277062238811e-01
2.049026326606576465e+00
4.391733850569738418e-01
1.417340728887197754e+00
3.585034132173745558e-01
2.639434386925834541e+00
1.649061128834941048e+00
1.764483360055709049e+00
1.617051621228311475e+00
1.033178167910030254e+00
1.315199064328619105e+00
2.499458731405926670e+00
1.008666533141799437e+00
1.048193773166327114e+00
1.732045768304926625e+00
8.306012056280372979e-01
1.203792246115046316e+00
1.438739856752604962e-01
1.788468337292379973e+00
1.291650614202726866e+00
6.540508416307936335e-01
1.160344178601225629e+00
2.073482366696362433e+00
2.896650909397251450e+00
1.602863349654166436e+00
1.157304266879842558e+00
1.888087143848539595e+00
4.886265619886024925e-01
1.142128873590632532e+00
2.410176431081239912e+00
1.531434818631832950e+00
1.389189465560794812e+00
9.739558348911392383e-01
2.364248212592126475e+00
2.689654048727642355e+00
1.147060061763573113e+00
1.372541434079340261e+00
1.458669335628614894e+00
1.403909807074608107e+00
2.584032750050490268e+00
3.677509512221324717e-01
1.693819207869798227e+00
1.543253545357833545e+00
1.791370397789034508e+00
2.243251917608963808e+00
1.446451180339560105e+00
2.177685033681069360e+00
2.696778940828421067e+00
2.990070325761536862e-01
1.849799489242723194e+00
1.938770309680241111e+00
7.453464130003998322e-01
8.176364823292736617e-01
1.940390979149176021e+00
1.923396452499431253e-01
1.534721705370053257e+00
6.553686351549755651e-01
1.359733129494354431e+00
1.320659257353417937e+00
4.299920625442204547e-01
8.241408234562136448e-02
2.451378464875984542e-01
5.597759378037858724e-01
7.667750278782540230e-01
1.337909221189537812e+00
3.072959765817199429e+00
1.506478405418804289e+00
2.264302475956027738e+00
1.230647419751871530e+00
2.995197223776645767e+00
1.062248627077527763e+00
2.481556136777016253e+00
2.853573027655961436e+00
1.255659781893179838e+00
1.858084424435673121e+00
9.869104095831349177e-01
1.600828409830980847e+00
1.761561003377448476e+00
8.682618942511816096e-01
3.088646636314625216e+00
2.572612230817572954e+00
1.750695067216761824e+00
1.256774711232100827e+00
1.428553863731588436e+00
9.981020727757096145e-01
4.778042404284955080e-01
2.711384110405433923e+00
1.171937177935382213e+00
5.936031838855633236e-01
1.342858830013101690e+00
1.477479303861287230e+00
5.013264900785826539e-01
1.274770233400837283e+00
3.020276838383817442e+00
1.936180871940795106e-02
1.880037047451676324e+00
6.936874288734290461e-01
1.682853683246174681e+00
2.794481589167252977e+00
2.468364963788002076e+00
4.185081942726645576e-01
3.125708629913098058e+00
1.646563779613680945e+00
3.597401929990564629e-01
1.578489032988133367e+00
3.102630769216434548e+00
1.531866765172704259e+00
9.098385492388008089e-01
2.999311231007484757e+00
8.237491978168685058e-01
1.520187642046656906e+00
1.098188628911910047e+00
1.504905515512579672e+00
2.101638325786970185e+00
2.971224733473442292e+00
2.985647423478388962e+00
2.843997294393638131e-01
2.471043286527746297e+00
9.657935647831092929e-01
5.927940827411809499e-01
6.287745049311907475e-02
2.188362720611806700e-01
9.386696646890249074e-01
2.064518199814978638e-01
8.641533307793446417e-01
1.538652069471329042e+00
1.754539297366380257e+00
8.372932894058900954e-01
2.023441248011137006e+00
8.476397260228829555e-01
1.908155343141957117e+00
1.674573912110627116e+00
1.817843380276414234e+00
1.641454755018457279e+00
2.413812251520026209e+00
1.130132440357868973e+00
2.724787024579370609e+00
1.333294721945432970e+00
8.766977565933602445e-01
3.032503731102216715e+00
1.631778166285086096e+00
2.153866965961432012e+00
2.081252084685477399e+00
2.880814393622806335e+00
2.065115194543434285e+00
2.569783509736053073e+00
1.331801029670406589e+00
8.041607725599427825e-01
2.067710417651977828e+00
9.412959669061734536e-01
8.419368776279927413e-01
2.414556602074413139e+00
1.474983582177710417e+00
2.810532580350022513e+00
1.081689874461468914e+00
2.162062101875937170e+00
1.914664038077588337e+00
1.728469782905012186e+00
5.806129135726093571e-01
1.230677894521703175e+00
9.633665615710039765e-01
2.287048519343782171e+00
2.861597085875489110e+00
2.458117163661857063e+00
1.658314160632777812e+00
5.144717524716064805e-01
2.177643465567271619e-01
1.579353246537317013e+00
2.099263827830931461e+00
4.998293371846815325e-01
1.731006356893606046e+00
2.385844840120618482e+00
6.100984169642992283e-01
2.207855369783428667e+00
8.002402449699878850e-02
1.135867029549316731e+00
2.494567716755402564e+00
7.005730403352973257e-01
1.006053098096256315e+00
1.388904495112310844e-01
2.255565935196159000e+00
1.505369135583466855e+00
3.779212262630438773e-02
3.053036236398017245e+00
1.657196036290370822e+00
3.607049858650694940e-01
1.259767790756548100e+00
1.793096544614384724e+00
2.172295018493247021e+00
1.091671097566018434e+00
6.297193014506305975e-01
2.620649634654882432e-01
1.419915352536046615e+00
1.185284802196692189e+00
1.906990836955342772e+00
1.638014330043416900e-01
1.246272594138430945e+00
1.820187053490594176e+00
2.145005473980503563e+00
1.489340710304658977e+00
4.237599187510279197e-01
9.268607024977185693e-01
2.059650695600621084e+00
2.079840146798515033e+00
1.676568569133284115e+00
1.412856057969395618e+00
3.710641850879022319e-01
1.636156212687160938e+00
1.565828228207291728e+00
2.712269943226099489e+00
1.891678929899978767e+00
8.893148095011563781e-01
1.588245846554374063e+00
1.088579002673869311e+00
1.212590345726167307e+00
2.646611340993215045e+00
7.255644883421449309e-01
1.318413213700814435e+00
2.268202922421612033e+00
1.993792426950941721e+00
1.073772608916714111e+00
2.748923090947566816e+00
9.167286826838229041e-01
1.393945173230799472e+00
1.950761515430767812e+00
1.237608466713192357e+00
1.918241454693569104e+00
3.134422921634357984e+00
3.031878899704396169e+00
1.184998653679075309e+00
5.386003225803826649e-02
2.406815473778627368e+00
5.700621994903730672e-01
1.349310519447545875e+00
1.147391964501647932e+00
1.436128208136467244e+00
1.380932938303355284e+00
1.110091079945266346e+00
3.160369451268102425e-01
2.602812665301423412e+00
1.627727894077617643e+00
2.219703402349024746e+00
1.826290945983833458e+00
1.443847480939325911e-01
1.380240295069277590e+00
1.225701953233569119e+00
1.822958414315629216e+00
3.771310522823675959e-01
7.053219811908267856e-01
2.838680061610574068e+00
1.331544580519304244e+00
2.188117460732912356e+00
2.301222349013985369e+00
1.629396962155009065e+00
9.423459696675270392e-01
1.041647498153793983e+00
1.177661559406435909e+00
8.546017592637407123e-01
3.131758962901916910e+00
1.109938261579557883e+00
1.933349318156768692e+00
2.933724564820829883e+00
4.254712568792177740e-01
2.983532589912805122e+00
1.410679735494839937e+00
1.406628594172331770e+00
1.372673040029322111e+00
1.957375731250339923e+00
6.154884410877653478e-01
1.388387839117126044e+00
1.620138186886166176e+00
6.673085821152193731e-01
2.553813098964885064e+00
1.314695405931874950e+00
8.342385480506132878e-02
7.438941726701500112e-01
1.728496856866541309e+00
9.312571888567372502e-01
2.300979199324713953e+00
1.038855244316293724e+00
1.647543669759339025e-01
1.134038431038772110e+00
1.169766912464835995e+00
1.566217256860827023e+00
2.404640922178136631e+00
2.137222522395117785e+00
1.185363977266574498e+00
1.001792514984946258e+00
1.907490816089159325e-01
1.508713605013878301e+00
1.299161894926774918e+00
1.415703848486185912e+00
2.873362386366678400e+00
1.797030811297407604e+00
1.782851657387133359e+00
1.617491834939024153e+00
2.966857491873554409e+00
1.192909239422606626e+00
9.678526498797014321e-01
2.757992264156133189e+00
8.857426001250408021e-01
1.079911229667643413e+00
2.963993038323380347e+00
2.860922902186265659e+00
1.670192452268350669e+00
1.836772011592116671e+00
1.301889519242947824e+00
1.986870103359968054e+00
1.366875032148162417e+00
7.028317925098087615e-01
1.466546276895835277e+00
2.923170259899008805e+00
1.268827157261615435e+00
2.665207303484570023e+00
2.343619912228535274e+00
2.940992077610343536e+00
8.181411043318743692e-01
1.336148308469524482e+00
2.514447848543112762e+00
2.543415286707671363e+00
2.182275836494956156e+00
3.085537831368798667e+00
1.839364700805045105e+00
1.321047651748274543e+00
2.508119831285887003e+00
1.303246356266603900e+00
1.381229110404421201e+00
3.021116308002736339e+00
6.258348764749769311e-01
2.345217091877027649e+00
9.390293698197770267e-01
1.067673168303596487e+00
8.897464081060760810e-01
1.510923121507329769e+00
1.702965653475289276e+00
1.144840016031315022e+00
2.155122855721153599e-02
5.172427565624259510e-02
9.621692098206514610e-01
1.467503853788047596e+00
2.126318668899093378e+00
2.501183405300543949e+00
1.670259264008824074e+00
2.551139254129051626e+00
2.022614688922787174e+00
9.357759292851792754e-01
9.483696901425547887e-01
3.123590011501487310e-02
1.242067144016949509e+00
3.069586593499158411e+00
1.297944983729424795e+00
1.679466578738844973e+00
2.521636844507263442e-01
7.846826307944446688e-01
1.656092813473568848e+00
2.179691673606588775e+00
2.677448127620629226e+00
5.839481661170566884e-01
2.959914196678650189e+00
1.303912528960360140e+00
1.348215531295151370e+00
2.066330590084788366e+00
3.720885578957119910e-01
1.263244805331159570e+00
9.869104095831349177e-01
2.055646131915773722e+00
1.227090733005097523e+00
1.705049122513853987e+00
2.951108485233046697e+00
2.575966223314514192e+00
2.744067415708425717e+00
1.453791238440950151e+00
2.786436560752461166e-03
5.403178997770439196e-01
2.270617702527318871e-01
1.183641722516951100e+00
2.302218401814426940e+00
2.496395071786479125e+00
1.502342324756948733e+00
4.621302391304287216e-01
2.396882735648635798e-01
1.022475447429056050e+00
5.834829792053085606e-01
1.551292142413608355e+00
3.010694482294666852e+00
2.279568737866658701e+00
1.050602488777185428e+00
1.666043104578421641e+00
5.600578128972840686e-01
9.455208754977612040e-01
2.251668417162541402e+00
5.408722341997598271e-01
9.511170294690712845e-01
1.695290888793280049e+00
2.027292072316712268e+00
1.279009073703235133e+00
8.952732609818471188e-01
1.608979826255925449e-01
2.884510902572652302e+00
6.416364450314555601e-01
3.430553503002922167e-01
2.110411688256947915e+00
4.003792836567499069e-01
1.300046931785297621e+00
7.224965334833344244e-01
5.690243538459085482e-01
2.411925237411997713e+00
5.292481251448971635e-01
1.196998283391779605e+00
3.383231889997426745e-01
2.286506740999378895e+00
1.984664878384769127e+00
2.050979981935631358e+00
9.958019342306262400e-01
2.518339681736966318e-01
2.440424220651272957e+00
2.746322837268091455e+00
9.867964750443942723e-01
1.839375464861450649e+00
2.078775188507634208e+00
3.082817565280767447e+00
8.550363982332712665e-01
1.063697108337726682e+00
2.427028435104840565e+00
2.100661054466488764e+00
8.708328065694990183e-01
4.990116304223194965e-01
9.926373103415491173e-01
2.105666892904410670e+00
1.005818519554791513e+00
4.398644863200101285e-01
2.249414896825852939e+00
2.243165474080349997e-01
1.639982369938169482e+00
1.331962517952223202e+00
2.628699381939383350e+00
7.709277788593810188e-01
2.995164090454739636e+00
9.458394576660633657e-01
1.729405357221462380e-01
1.286870931641545646e+00
2.520875020004518241e+00
2.052107708767221705e+00
4.980453124023563882e-01
2.144353415933904383e+00
1.164801361213007258e+00
9.740284389770254014e-01
1.905593233059924119e+00
2.536613033895885216e+00
3.023524041548479868e+00
1.760917591823217276e-01
1.269757465600729551e+00
2.823788521339391178e+00
5.425208727220546256e-01
9.421708264731297744e-01
7.915103316196524519e-01
6.984105130875611911e-01
1.055545429700078586e+00
5.171640485710606860e-01
1.449142138944781388e+00
2.320120544186194067e+00
1.572377300549589574e+00
8.793648681198827921e-01
1.771204530248549069e+00
1.985750903008939527e+00
3.132257349073125141e+00
4.813323245052451571e-01
1.532396752156233832e+00
1.545081224695996180e+00
1.461863736819495996e+00
1.719888462899462622e+00
2.285370641408247305e+00
6.685919439604869341e-01
9.332645822249667766e-01
2.180988554497317988e+00
4.621014879811350951e-01
8.042587764754649537e-01
1.012886520151728753e+00
2.577897446613838017e+00
1.410235391014567963e+00
6.846011238386365827e-01
2.602191986922567590e+00
2.592924210619648395e+00
2.739002953705939269e+00
2.257877989644106353e+00
2.682918269715565129e-01
3.089339048417266032e+00
2.647124658196305269e+00
1.279255916749565403e-01
9.853528341590036543e-01
1.555129847900832418e+00
8.216750947774793534e-01
2.430924074571982452e+00
1.562863172655883259e+00
1.936599161187933849e+00
1.060700635713152096e+00
1.104995961805703475e+00
6.809207796538951918e-01
1.960829408537092089e+00
2.804710818212464041e+00
1.016306036209797314e+00
1.125670813579428220e+00
2.676787905852073823e+00
3.132125485854563962e+00
2.122560507073001812e+00
7.491402929191935955e-01
1.989208438169296933e+00
6.840271186986109919e-01
1.213542932764826388e+00
1.388409675101600627e+00
6.184867191194548530e-01
5.918340771100152331e-01
1.241198887407750862e+00
1.364609786020982485e+00
3.977444250147271210e-01
1.927079951361567067e+00
8.366685548050867283e-01
1.677297492718913707e+00
8.897734074137085836e-01
1.151485112650095788e+00
3.599160596273329737e-01
9.799169327082216663e-01
1.649595218760442128e+00
1.646834664042593710e+00
2.388221836625357586e+00
2.286959840959713830e+00
3.023212821372549097e+00
8.819998858817279519e-01
2.363623706690259674e+00
1.132247531117600570e+00
3.116913333030496003e-01
6.299444851333170226e-01
1.060700635713152096e+00
4.607108034456129653e-02
1.065386998513367489e+00
2.534916063697698174e+00
1.247193816803100930e+00
1.670048840547287750e+00
2.238501091516090113e+00
1.654865223810640051e+00
1.274960994868267417e+00
9.810053655281225637e-01
2.053138024835724718e+00
1.535933591808653631e+00
6.380806799985950795e-01
2.916083757474165594e+00
1.172603905802543922e+00
1.413751884842719742e+00
1.564409389442550813e+00
1.704992212425749720e+00
1.987817483742086777e+00
2.574205273387109472e+00
1.940711386586884135e+00
1.863911299503467234e+00
1.119452292642260982e+00
2.041864089098224699e+00
1.124227022419036492e+00
8.166515775977519764e-01
1.409422372812823898e+00
1.254357341026808959e+00
1.916110809560071626e+00
3.562210963032659550e-02
1.852843464957681263e+00
1.830701767290498161e+00
2.969720179403696925e+00
2.971381067110982599e+00
6.176338287464153698e-01
1.378206842994408321e+00
7.848196585436740813e-01
7.832684985903139163e-02
1.824352525854547213e+00
1.261320070071960231e+00
1.237863203306464488e+00
2.820929173504744814e+00
2.121577986131681026e+00
1.559396781507276231e+00
1.764526923885936682e+00
2.989510808554838306e+00
1.842420694985559826e-01
1.324501478699671164e+00
1.035998530123284578e+00
1.714667500667139910e+00
1.733011149240997639e+00
3.135558232730565997e+00
1.696029592433933253e+00
1.588338487167329394e+00
1.383895030504587176e+00
2.792059120308823417e+00
1.956506335663137641e-01
1.979593803187730039e+00
2.339268428626424701e+00
1.277161517706985050e+00
4.826910382828580870e-01
1.473004126600934161e+00
1.521660849445577002e+00
3.114457358804027631e+00
2.068013179637048449e+00
2.003233215155237446e+00
1.774018114165963889e+00
1.486277964983505395e+00
1.887984239552016552e+00
3.472218601679048500e-01
1.213360428748827546e+00
1.254844077424134563e-01
2.477400920484590596e+00
2.303710711266256705e+00
2.862340873166054234e+00
1.565939232151831728e+00
7.573889857602651432e-01
8.694689762702313418e-01
1.425886912884898106e+00
2.374401101143012394e+00
1.029032907613304459e+00
4.796819408886617286e-01
1.901826663213912472e+00
3.484312707160047151e-01
9.406877817144627951e-02
1.361469416905337626e+00
2.306872488725665082e+00
3.041509909384171539e+00
1.359235249870627098e-03
1.432581912651028189e+00
1.919551606048486292e-01
9.176435301480535545e-01
3.088384100699538060e+00
4.092714151516205767e-01
1.902069848979569988e+00
6.754401219336491069e-01
2.221769907249907750e+00
8.870295305807596176e-01
2.644651610400186037e+00
1.803975528541860385e+00
1.085403237135991406e+00
1.452204085580605319e+00
5.591039938657722530e-01
1.646005706045645223e+00
9.031008257491858204e-01
1.483305441507883349e-01
2.882015764985498052e+00
1.670154279857779533e+00
1.400018676416260988e+00
1.181022399245841514e+00
2.907787016265912516e+00
7.053219811908267856e-01
2.340932651089455696e+00
2.859587445748934087e+00
1.203571461042945101e+00
4.398044255302061001e-01
9.507080360816035913e-01
2.033886606053639579e+00
1.955808346534354314e+00
1.332684711973128877e+00
3.081355436900510725e+00
2.480796806634123719e+00
2.698096880422273358e+00
1.544290178533362923e+00
2.199606721349598004e+00
2.445789327853001849e-01
2.379538409908636076e+00
2.339004539373346514e+00
1.185720491829346468e+00
2.284800315956650341e+00
1.705089501524866158e+00
3.033238285320514760e-01
3.709308159422654017e-01
2.716122212312684692e+00
2.549217378290774771e+00
1.652470430423328418e+00
1.846635872399765121e+00
1.960893567146697158e+00
1.155400705069426603e+00
1.367906022999782589e+00
1.852500231491843730e+00
1.368904686292358619e+00
3.902402439346699947e-01
2.861151268799895231e+00
1.109626010317486200e+00
3.098371354026400404e+00
1.512936686418651311e+00
2.601117268050066489e+00
1.025753579220087808e+00
2.895672791344432895e+00
2.615539793808602020e+00
1.352882491878536930e+00
2.009296369238894098e+00
4.833675425769240475e-01
3.189017029354113686e-01
2.092572972916246332e+00
5.107790772981687377e-01
1.969943564624673016e+00
1.130697092497541467e+00
2.002223087012982461e+00
1.809209903154466836e+00
1.361925663887028293e+00
1.782053853564567802e+00
1.053077952400653716e+00
3.143821915342376316e-02
2.079530805359373957e+00
1.536526117930756552e+00
2.614145131187255000e+00
9.660031239439559325e-01
2.716963030180297167e+00
2.132595681909389196e+00
2.005828479761349481e+00
3.614103603596148795e-01
7.784741440317474170e-01
2.300490358741626995e+00
1.254198791126676316e+00
1.827328664299040284e+00
1.569812201046872913e+00
1.237345060801481544e+00
3.054266999759417178e+00
1.205700934272864622e+00
1.256250493944656432e-02
1.052957863576352571e+00
7.910404604059395606e-01
3.313839538392681638e-01
3.060213746442848048e+00
2.362343249412818480e+00
2.764726932819247640e+00
2.088351336699701299e+00
1.229909481135837312e+00
2.850997273664253928e+00
9.432591931631904014e-01
2.716875315134716029e+00
1.242334692083657988e+00
1.505066662489136675e+00
2.893011919710366975e+00
6.562850512155358196e-01
3.100637627893924275e+00
2.070384528071674168e+00
1.994931517152338296e+00
2.800484767506166595e+00
2.854748813619932601e+00
1.665166009038159034e+00
1.907628269833549828e+00
2.995823710230094861e+00
9.186311707255809811e-01
1.294623126384393919e+00
2.538730555231508701e-01
3.485696229369033006e-01
2.637052191934782019e+00
1.198222207718440568e+00
1.760731183763747376e+00
2.331684954080703587e-01
2.015626969924383616e+00
1.134619463906779036e+00
1.269986834038717038e+00
6.064100058216707057e-01
3.097718115300788000e+00
1.670192452268350669e+00
1.236936901037213543e+00
1.541551407753968483e+00
1.872335343023937337e+00
8.619748057770625360e-01
1.999938797646137745e-01
1.901008880830685976e+00
2.201423907517691347e+00
3.325522012320601406e-01
1.554699856020071158e-01
2.923312986333003738e-01
7.385457258847109019e-01
1.612539213953432249e+00
1.431087093700228907e+00
5.207009830737896472e-02
1.717894712886799624e+00
2.094716767864423623e+00
5.358341272570368297e-01
1.790261950735472452e+00
6.450874735187374087e-01
1.704312312651680816e+00
1.261036140108057868e+00
2.479096752496932510e+00
2.157036712888197982e+00
4.793737483717974701e-01
8.913704747880392132e-01
1.853166972905130994e+00
2.901798160069127164e+00
1.060742493353391769e+00
1.283065734542163217e+00
4.418923343252685321e-01
1.243733357460217182e+00
7.665319228963465292e-01
2.869218394467167865e+00
1.369661058092437100e+00
2.962181371885696191e+00
2.696002283413231559e+00
2.509101232588105135e-01
3.082865685811104206e-01
1.556210438370011939e+00
1.432350128173986992e-01
3.101874174306817888e+00
1.838473554603381910e+00
5.154366569891025707e-01
2.595768113083087414e+00
2.521918646634448979e+00
1.578161670781309089e+00
1.401443497704082164e+00
8.029179985374023110e-01
1.147195555695569968e+00
2.482927075378226878e+00
1.353561438725380039e+00
2.817496879290326550e-01
1.772678168499131512e+00
5.249445896619823193e-01
2.479946346811445768e+00
2.358572681759841583e+00
1.765516314048889202e+00
3.423320017082483457e-01
4.156809231920587933e-01
2.812132782873853820e+00
2.886855474698027280e+00
1.156217674166976961e+00
9.976560612632550118e-01
1.884542407754436155e+00
8.365052161628818705e-01
2.169337924675906137e+00
1.389738980546755931e+00
1.215300697953416220e+00
9.320602425748548969e-02
1.631185744035416496e+00
2.999320800330669279e+00
2.436705334289298863e-01
1.142692164695082280e+00
2.621342078506316842e+00
2.833343739296483754e+00
1.498576942282761948e+00
8.419039963921095548e-01
2.376039058358048184e+00
1.241262880823809756e+00
1.400825767409781542e-01
9.126016232878166878e-01
1.322514904090464682e+00
1.980732821946802780e+00
1.989268422780682499e+00
1.302867251099435464e+00
2.676371183496417672e+00
2.692568697327039295e+00
2.171955697869884627e+00
2.233208715301428615e+00
1.584488142977736436e+00
1.198142069424967815e+00
2.079441965790855829e+00
2.287518315102909039e+00
2.887527517786924180e-01
1.336758321710961317e+00
4.065022997472739208e-01
3.708159943739039455e-01
1.648034664545607653e+00
1.577636965347481768e+00
2.275233059216716480e+00
2.484029914125592153e+00
8.404472956730264510e-01
1.301467073304127586e+00
9.999586020462155611e-01
2.589659821426946174e+00
1.492740495745771279e+00
9.460554409537409448e-01
1.126919901893852494e+00
2.926581894450115406e+00
2.153200520339737079e+00
2.788779406600735200e+00
1.057730114018605949e+00
1.298687100777916159e+00
3.040237840873925901e+00
2.433096363344189328e+00
3.141488980631012562e-01
7.028317925098087615e-01
2.974159691999272770e+00
4.268961335466378015e-01
1.248163418355056287e+00
1.488223151026195401e+00
1.819198711876895302e+00
1.530571463279084554e+00
3.274823421991902017e-01
1.821637382438226593e+00
1.475402049849112718e+00
1.979875157320047485e+00
7.843332836534917529e-01
1.927305100374985480e+00
2.351615545386107620e+00
1.432489342429823065e+00
1.570702888388343821e+00
1.096428611506648387e+00
1.665824416612919245e+00
1.085697367506199829e+00
1.241937348917337980e+00
2.744100641174950450e+00
6.372458989344801372e-01
1.540487788460519258e+00
1.917262971665794513e+00
2.696267266355124370e+00
1.904220876976675747e+00
5.758262472242962060e-01
1.051769910948047837e+00
1.421960659366319879e+00
6.146490111346007978e-01
2.164475505926273247e+00
4.397228559876928400e-01
3.087022088229706807e+00
1.578566019689507716e+00
2.059672139724711901e-02
1.275258728226063676e+00
2.818934964672379917e-01
9.295703724955161062e-01
6.804357802850288239e-01
1.253934373662059176e+00
7.919069073110508450e-01
7.991444757857345538e-01
1.534125957549071329e+00
1.373765894871774584e+00
2.426763372032418431e+00
7.554252991706336129e-01
2.684019558411269379e+00
2.997254178306020478e+00
2.881471288385010432e+00
1.764846182460732438e+00
2.308780206821529735e+00
3.013794360919966220e+00
1.619877035452460090e+00
2.000926405088951032e+00
1.778347114618630709e+00
1.263377605964261630e+00
1.264637639728990182e-01
1.680066792079691229e+00
1.510003704627590482e+00
5.466444546544301231e-01
1.357839583203565903e+00
2.065593480291991302e+00
2.511564947389621327e+00
2.905248451109371466e+00
1.937589275047284065e+00
2.742703668505749981e+00
2.385008469556506139e+00
2.763562539207021704e-02
7.111100696052502501e-01
2.570583447539549038e+00
1.585668765699190574e+00
7.000893924482354258e-01
1.664188973310868125e+00
3.086995156330763379e+00
2.162668674759509191e+00
1.835162613228903394e+00
1.333434246057593198e+00
1.580560441878740230e+00
1.853965052196609786e+00
1.742219884034512001e+00
3.129120293639717776e+00
2.929306401859567699e-01
2.628699381939383350e+00
2.975599498858784386e+00
1.184474101457859141e-01
9.772799974563782799e-01
5.434907986767427701e-01
7.794927864377489968e-01
1.847456729581359758e+00
1.899557290891844330e+00
2.223935972764177649e+00
1.668863418965607970e+00
8.534467644619804227e-01
1.913391024276434260e+00
2.147928283585585074e+00
1.434979168738881317e+00
1.059504797062134074e+00
1.015187951510069242e+00
1.371234500023099212e+00
1.959031583369064577e+00
1.764655753723434417e+00
2.196290430526624426e+00
5.371247842972902697e-01
1.658939692613884187e+00
7.717981652538208337e-01
8.325477202329787385e-01
3.113076980933429994e+00
6.864783144794192604e-02
4.468786724658076470e-01
1.929956376253590067e+00
1.490195564586709320e+00
1.568523947157673293e+00
1.913034935021199034e+00
2.797598581094267178e+00
1.124703894272758159e-01
2.264637885787876004e-01
7.391582970388094198e-01
2.312670549484189930e+00
6.964074634018485588e-01
6.606483493960176867e-01
1.159510006150235695e+00
2.398139878311459583e+00
5.530050911206768616e-01
1.405869630501702217e+00
1.091561146362251544e-01
9.186176536601603493e-01
1.413782109866508652e+00
4.348099839294390923e-01
1.116849041788045227e+00
2.358430994121122559e+00
1.723437932498023351e+00
1.450857849911934450e+00
2.011575779966174038e-01
9.246293862854471080e-01
3.468785784426661745e-02
2.062159884598133264e+00
3.667371014469690826e-01
1.854777257196154494e+00
4.423901842822857144e-01
1.392098262287310151e+00
1.317265214769026027e+00
7.564398502632143639e-01
3.293462882427802274e-01
7.438515515409583889e-01
2.177523718674422071e+00
7.987955833807220962e-01
3.110177216670020783e+00
8.629472398886232076e-01
1.018172377721813238e+00
1.806569703857993536e+00
1.145801283000196014e+00
3.017446549454819493e+00
1.684795184219242570e+00
2.345869199527816029e+00
1.160676689923862415e-01
2.831174143894825246e+00
4.195486303159168817e-01
1.881435874747737547e+00
3.060658391164379655e+00
1.932626472407690921e+00
9.976920197766829534e-02
1.533633223225121300e+00
7.616070559934331463e-01
1.068348129430429783e+00
5.784063219594984817e-01
2.829907828819303028e-01
4.477809445538317168e-01
1.798968157008946855e+00
2.232552679599364875e+00
2.542832058906542514e+00
1.230647419751871530e+00
2.493331835364476667e+00
2.039137049787712819e+00
2.088716965641983503e+00
5.819422544787126172e-01
1.675247067473168761e+00
1.582462822412896042e+00
1.331801029670406589e+00
3.667371014469690826e-01
1.659849034597245865e+00
1.758892885764855585e+00
1.932455345548200087e+00
1.542049972303913608e+00
1.446201148889880050e+00
2.212875943229051234e+00
2.207522256005350680e+00
1.171016973042193543e+00
1.967244647819534453e+00
6.245395025659556953e-01
1.801458990928874515e+00
1.264033577005062803e+00
1.421131120329455655e+00
1.279029443254667164e+00
1.437609569107132668e+00
1.122526116384817030e+00
1.627094791777536631e-01
6.809154478238160779e-02
2.141407477308846730e+00
4.872447249913779421e-01
6.642846203175987174e-01
1.871409016661266911e+00
1.800698780975835245e+00
2.884323434250099183e+00
1.381517055426843887e+00
2.912705910924163533e+00
1.983532522334300996e+00
2.729478239899606251e+00
1.219335425420611907e+00
1.559139991888203847e+00
1.769236385995166971e+00
2.620661912169781171e+00
1.547508928055157051e+00
2.076923735925271242e+00
2.852385302885295015e+00
2.611564304378621415e+00
2.878814210052805730e-02
7.075049516099584102e-01
8.625003016536444411e-01
1.432102577720136383e+00
2.608912304954827732e+00
6.971759570248419191e-01
1.363216122589112345e-01
1.408160792997315669e+00
1.074882110010350056e+00
1.512066924850237637e+00
3.043492506526851993e-01
5.764555767532796304e-01
1.637370409145842531e+00
3.041395843161941226e+00
1.133908690404132669e+00
2.326549941510239083e+00
2.365512999779879166e+00
1.758227789166159072e+00
1.554767038131543488e+00
2.692682458648456567e+00
1.819370453634169549e-01
1.289334386679533262e+00
1.503133258237169256e+00
3.127804417679386439e+00
2.831261820146399599e-01
6.454531599244282825e-02
1.435380498500432811e+00
2.305666204588745050e+00
1.622965175785525127e-01
3.015727550762056897e+00
2.587683762864386505e+00
1.339721108554651430e+00
1.285401618709040239e+00
2.030705604494337457e+00
1.259128703147769368e+00
1.599373684378305516e+00
7.348219296329009387e-01
9.298943041258261877e-02
1.564354995630852896e+00
1.901270705799567695e+00
1.586829251764166004e+00
2.279260209162967815e-02
3.065881613142185796e-02
1.149152259824268718e-01
2.701283426424921696e+00
1.067874937374692079e+00
1.487649809391314193e+00
1.647265695744999592e+00
5.307655715775573269e-01
1.359379034824398369e+00
1.830175124307382939e+00
1.987042606640784026e+00
1.688619053851013518e+00
2.953440315686849171e+00
2.023870150105791854e+00
1.695197470912595650e+00
1.116946276368248725e+00
6.003702920359508255e-01
2.655571595931901729e+00
8.792380879156611595e-01
3.362725382271685715e-01
9.545416013339094174e-01
7.278271789797614577e-01
1.800404627983864803e+00
3.636635978136547598e-01
2.139430743873301566e+00
3.070581404178232887e+00
2.102793548468118612e+00
2.984376352789020803e+00
8.235453260943846887e-01
7.609737955675915932e-01
3.390488749112352540e-01
2.545819019299131014e+00
3.972068002864529435e-01
1.484587395933594456e+00
1.222738146199057407e+00
1.081427145184950867e+00
1.574294103079677820e-01
3.663301943264213323e-01
2.421904905537582309e+00
2.322898951867814699e+00
2.197118024750451593e+00
1.919579550452159777e+00
2.694888772134601762e+00
2.779766842032550755e+00
2.876321636581759655e+00
8.356179047609698651e-01
3.594743661301346149e-01
1.722824471460512541e+00
9.959173455483774084e-01
6.441721288468883477e-01
3.087875168522256075e+00
1.512710028582709310e+00
1.991263074213146078e+00
2.028709697410941537e+00
1.395465858332028741e+00
9.777801646678490055e-01
2.432797989417149476e-01
4.936536690561185159e-01
2.499158931197493494e-01
8.966606766676079587e-01
2.104586241025657500e+00
1.031304246074816300e+00
1.658839791642529038e+00
1.546692472425465148e+00
2.932173741698069325e+00
1.845048961018841638e+00
2.710270453570396310e+00
1.715340731531766361e+00
8.283984947249245501e-01
3.096324827357541665e+00
2.001559976327464963e+00
1.786476002226617510e+00
1.613335675362740362e+00
2.109036470541737707e+00
1.950319429825105200e+00
1.882635412937999186e+00
1.106338512822779840e+00
1.578100693356059292e+00
7.535295428875059542e-01
9.876515744966100074e-01
3.015614413286415108e+00
8.678496411646077213e-01
4.072736596848238744e-01
1.568154425194178803e+00
1.600478241009321678e+00
1.761715005871745232e+00
8.479260942711226434e-01
6.856205212137844729e-01
2.204701752832390227e+00
2.369517453528634299e+00
1.318279565218287708e+00
2.831012762172453012e+00
1.905404527911954471e+00
1.838422297200589695e+00
1.392407587541403036e+00
1.300041475508554756e+00
1.126943507073480344e+00
1.440608040900666742e+00
1.565528593450163708e+00
1.522267165507849906e+00
1.458905998646452318e+00
2.353984123545425078e-01
2.900152077319127386e+00
2.526657704735030041e+00
7.608834226960178304e-01
7.780197339267524992e-01
1.005633805290644833e+00
2.744249775785504220e+00
1.011774353837121554e+00
2.080965127410934201e+00
6.349559813439769052e-01
9.957628486727203576e-01
7.347150587645523423e-01
1.253318047866696316e+00
2.033753708646517389e-01
1.038090588926910307e+00
1.470036031870859627e+00
1.515535826037964773e+00
1.866602498675284050e+00
3.747940653404969735e-01
8.392853817846601672e-01
9.716052255282195960e-01
5.294357498485812163e-01
7.174346225841353730e-01
2.145669397826774460e+00
1.663230752289051706e+00
1.481709004100614901e+00
2.376240250359278328e+00
1.115374137079103045e+00
1.706861543549118343e+00
2.263792356308338860e+00
2.829329942945443932e+00
1.833044110748972777e+00
1.375781413912721574e+00
1.276638500595971060e+00
2.388291199117622998e+00
2.815896126262975585e+00
2.210665810281835508e+00
1.144512439951091309e+00
1.468585575343871907e+00
3.053120093823741277e-01
1.058569008391801125e+00
2.246332132753365407e+00
5.551465046676523629e-01
2.439614531767272609e+00
1.399735397515178281e+00
1.206757432440670463e+00
2.006786162356352765e+00
4.805345638927500107e-01
9.383502384837979493e-01
1.333179299946068319e+00
1.213437633978513119e+00
2.879108502310620210e+00
1.504890150316820829e+00
1.017976532119419408e+00
1.660411708167921274e+00
1.045150990710446592e+00
1.321344123051378716e+00
1.344790100787181863e+00
3.514455705773938954e-02
5.264301575203008676e-01
2.828579313468676748e+00
2.278678790829883116e+00
1.542087033817020281e+00
1.369205764790971891e+00
6.128783420548519212e-01
1.463385681554775442e+00
2.540930494707898557e+00
2.154033242034368190e+00
1.504123450480871593e+00
1.846516480852040010e+00
2.148739114398075523e-01
8.201719456625840010e-01
1.307667574204409933e+00
7.249416850651893007e-01
3.020657091503314184e+00
8.781864579707027163e-01
9.926791816436010274e-01
1.674955508104386093e+00
8.116479977748145558e-01
2.268605768337590423e+00
1.202070391108067543e-01
9.377587446252921843e-01
2.108373734192253490e+00
1.427783799762389005e+00
1.538638901633521128e+00
6.677627516745989755e-01
1.000288358082110696e+00
1.514923797037190933e+00
2.474073342121094476e-01
2.200206342084534139e+00
1.744664221881981891e+00
1.490301336125702925e+00
2.528874719796531778e+00
1.115499365782030017e+00
1.334306478133877150e+00
2.007947262028615842e+00
1.203141193840004730e+00
7.139572925498669509e-01
1.438739486665409961e+00
1.257838567967247689e+00
2.170946251264965543e+00
1.880535974083779927e+00
5.780517943915963741e-02
1.316797302309106632e+00
1.361563761562477159e+00
1.638809774739401703e+00
1.046355256545049128e+00
2.512162985684916805e+00
1.948916795127021206e+00
2.310941680747564675e+00
1.467001941732057002e+00
1.123171555732147997e+00
2.279054347579761775e+00
1.565974245971739620e+00
6.981130787479510325e-01
1.544895397526931280e+00
3.121369958680300094e-01
1.160726367418730698e+00
1.910753034603786427e+00
1.795104224290571704e+00
2.841511542382630484e+00
2.163136471465468613e+00
3.090079270092398467e-01
1.557860183109181840e+00
8.930009052058022201e-01
1.872067531754691094e+00
2.188257879998213085e+00
2.184568297119876323e+00
1.444600402238811254e+00
1.401594890782337233e+00
2.581364999221082535e+00
4.763330833168942791e-01
2.236736088326225058e+00
1.119815233033408353e+00
1.630905099722362639e+00
6.444534172791317461e-01
1.547148716606518315e+00
1.305719093810773668e+00
3.127746271608129014e+00
1.904375364653373204e+00
2.325488308011511851e+00
3.964245333805173077e-01
8.200833102533562347e-01
2.195998880269708131e+00
1.309728421479748661e+00
2.268365376312942772e+00
1.802547150359408823e+00
1.662477757541475532e+00
1.506079486314023663e+00
1.196173341170026827e+00
1.696073410725645436e+00
2.405474011672260382e+00
2.740159950295908420e+00
1.453396900538317826e+00
1.826023152557092910e+00
1.715696729201642734e+00
8.031528211390781546e-01
1.970538371564620306e+00
1.433931597369388466e+00
2.087114589981398094e+00
1.956922779159810721e+00
2.096766721489590868e+00
1.085520120169497504e+00
7.068434717578625515e-01
6.965804388140941494e-01
2.081412657650278941e+00
5.308087218914474548e-01
2.653437929609837376e+00
3.017405330411598308e-01
7.864275699338733050e-01
2.218850474998591782e+00
2.888405321010278470e+00
9.602821907062828455e-01
2.791264296376865239e-01
1.470449284394671041e+00
2.247320397080960319e+00
1.345986646820922061e+00
6.225371613222537848e-01
3.058509112649367090e+00
1.874340800201850454e+00
1.482940137397355640e+00
7.376268838464590250e-01
1.371263152593880097e+00
1.883542220820911606e+00
3.244389706144871210e-01
1.741673158455740777e+00
2.950636824240059575e+00
1.228694949463376762e+00
1.255873491989407009e+00
2.999357340280775386e+00
2.535439432980799435e+00
1.463872932702908747e+00
1.871397224183912744e+00
3.080567520864560649e+00
1.160112387866826467e+00
1.275909561669278380e+00
1.886833231400269595e+00
1.498793975816896662e+00
1.863322141792326692e+00
2.941608812258993400e+00
1.179467158858946707e+00
1.945189513824479244e+00
2.259591421848619497e+00
1.848024204506484303e+00
9.624646345673776304e-01
1.175338229383934563e-01
8.045899252805831514e-01
1.566162338625718409e+00
7.915689249156284690e-01
5.820201862365079748e-01
1.058443083696978704e+00
9.010558073312644467e-01
2.931591379359215210e-01
7.928083341042864163e-01
5.043895465726846439e-01
2.243963467710294424e+00
2.007298792537544063e+00
3.086314927650648521e+00
2.626029783525599903e+00
4.260974447428582668e-01
2.412834219841213379e+00
2.927220123126443863e+00
9.521148967752002257e-01
3.950709913769897552e-01
3.817454178956514732e-01
1.149878421048066590e+00
5.630106832303413134e-01
5.721521103335427266e-02
2.034010260247057111e+00
1.418141562158542257e+00
1.779110921858433114e+00
2.417462488285194944e+00
2.039871208292572735e+00
4.581062775602453008e-01
7.237718088078327616e-01
1.454528069636048526e+00
1.515342351285492217e+00
5.786805702432804566e-01
2.835182810495074923e-01
1.174353209818522314e+00
2.748743479775441312e+00
2.945615566689165910e+00
8.388988159434258574e-01
1.743071563785686395e+00
1.850744366758884096e+00
1.617933319190423269e-01
4.703227836270845175e-01
1.882588326820264779e+00
1.383710616233436275e+00
2.636950175900384163e+00
1.598604034449244482e+00
1.533499138477242729e+00
4.741173439313977056e-01
5.697993519469993773e-01
1.797033532418465196e+00
6.581162293874128766e-01
1.709237727427972198e+00
1.056700803914490727e+00
1.893032992242726475e+00
2.449772817588695972e-01
1.446090917836704071e+00
3.114419930828304928e-02
2.505915126121474934e+00
1.518317924882864434e+00
5.904747030076542558e-01
8.976961266313331356e-01
2.779241874961394299e+00
7.426527578160545540e-01
2.064458949672491883e+00
1.580701103080714098e+00
1.388443377807096812e+00
3.050500447215304778e+00
1.501423462670984366e+00
1.168014397109518709e+00
1.386257386008116210e+00
1.810299102232510338e+00
2.953996948549872936e+00
1.584884307103787693e+00
1.224486661570338253e+00
1.156240741768063574e+00
1.596763796290885828e+00
2.042203196886302585e+00
1.441064938261826578e+00
4.757925435208077980e-01
6.805883189380630416e-01
1.339800032938855301e+00
3.106280122782613784e+00
1.680349003895768911e+00
1.816375802840697551e+00
3.961768593977907926e-01
1.645969436961453924e+00
1.618887691212580693e+00
6.163762082499761874e-01
1.407176693882192797e+00
3.041534187134442568e+00
2.010664957413319076e+00
1.680762336934809253e+00
2.991260351345779167e-01
1.248472491882040680e+00
1.909270359213777635e+00
4.546995957598055083e-01
2.022712762167321099e+00
2.264661132858666992e+00
5.227851674026067208e-01
1.831439087365162477e+00
2.475123503528535274e+00
1.411973019686153963e+00
1.259648374680073291e+00
1.159576506516290406e+00
2.254334464374238234e+00
1.365448911662446196e+00
8.413170661801196992e-01
2.325987454277144817e+00
9.001855397254301394e-01
9.495232666754364059e-01
2.143014490174084408e+00
7.565399358024924581e-01
1.035198947212554454e+00
1.544833554121225250e+00
2.970986214167923301e-01
1.810252248929364427e+00
1.472647434002300748e-01
1.380587465421277305e+00
1.968998053206018062e+00
1.727759331900242223e+00
2.511452730264310151e+00
1.831563321311703296e+00
1.831273260964711991e+00
2.773675867050580557e+00
2.911338415848272909e+00
2.269933868985281045e+00
1.958434581099016136e-01
7.423605482195455574e-01
6.164961000748048203e-01
1.439749972874818873e+00
1.342589117711306290e+00
7.797534598681281626e-01
2.075287160788308771e+00
6.397482663751459242e-01
1.157046445271020296e+00
1.519322239777031180e-01
1.176894358230909043e+00
8.251128753954546369e-01
6.654406703391968492e-01
5.474038170732491437e-01
1.079831799162364714e+00
9.341677851630884044e-01
2.900931834529221653e+00
3.088774535391518583e+00
2.771811252083422605e-01
1.538420422640659702e+00
1.708992366316674838e+00
1.287092986917213633e+00
2.081428338400104217e+00
9.070914638409506292e-01
2.099686859860591781e+00
5.095082650083480047e-01
5.277393686915582416e-01
2.008869456534764009e+00
1.341875430650268708e+00
1.624988012133421922e+00
9.000152197955409994e-01
1.084644476233473931e+00
7.361850408171906057e-01
1.119274941960503922e+00
1.580464768657375618e+00
1.716379149221325395e+00
1.368253073961730237e+00
2.080331852776366564e+00
2.652856896058088387e-01
1.886487489950232410e+00
2.856468670442076085e+00
9.394323916856516243e-01
1.594174585155698765e+00
2.138933670642764184e+00
2.887498441634204216e+00
1.325830305142426280e+00
8.766852352589161734e-01
1.648622063410495553e+00
1.734630880286361254e+00
2.595968237709613269e-01
2.098948320818379454e+00
2.193894389075766060e+00
2.513203523316890564e+00
1.592361433443101104e+00
1.819591208471976751e+00
1.276140510765302771e+00
5.193574120670664263e-01
1.367410062163098017e+00
1.531135045529681937e+00
2.320353925872638445e+00
1.033602015934892648e+00
1.554432058749732448e+00
1.418211861810958263e+00
5.100821027961304210e-01
5.967571509243221328e-01
1.160452717218723562e+00
1.291414174038350238e+00
1.259167343729588717e+00
1.863907501012440848e+00
1.831373190075219259e+00
1.155657748170537902e+00
2.614792645956471873e+00
1.934462776659712890e+00
2.748248811202524067e+00
3.905638371323689739e-01
1.058063022697234734e+00
5.383753388661005612e-01
2.571614486899857610e+00
7.818392664560750577e-03
1.033709247375526330e-01
2.618308607196652815e+00
9.482741316010171451e-01
2.938076209981914655e+00
6.651194449507783490e-01
6.289223213044277117e-01
1.394242468722849848e+00
1.646055466256630018e+00
1.232624654873712311e+00
8.942109837878099432e-01
1.115997068747250465e+00
2.800219273009938892e+00
6.989532389123563894e-01
2.505013552832816792e+00
1.629599015995967015e+00
1.729214432099836829e+00
2.412023869388625119e+00
2.300190770515291749e+00
3.237315357032671259e-01
2.350322920879283295e+00
1.534856862438167102e+00
1.500388657620995714e+00
2.159425951003202560e+00
3.838327044634602392e-01
5.280536223437479748e-01
5.132730835991464735e-01
7.632121854817430773e-02
1.340783753564121161e+00
3.375886648598829670e-02
1.004172230288227885e+00
1.438831759228319296e+00
1.057890298997450795e+00
1.586597797942578270e+00
1.967943351526961093e+00
1.395406426572981307e+00
1.424031221908359957e+00
2.338099505658302935e+00
1.331437086940658654e+00
1.830257606439820717e-01
3.003184987578650489e+00
4.526973383115828753e-02
2.122740093523638905e+00
1.584559109979333247e+00
7.680085083036789495e-01
2.468532473479024603e+00
5.797981849131427223e-01
9.947223537125502446e-01
1.555315235004412378e+00
2.251122333950478449e+00
1.801269103114294001e+00
4.712399536032496061e-01
1.995278231322291207e+00
2.254705108004277037e+00
8.378654118034029041e-01
1.963596843030199546e+00
2.624509567079362338e+00
1.395578516902796995e+00
1.030531738807167530e+00
1.732001310244195569e+00
4.243750311076520121e-01
5.369311588678424840e-01
1.276388198848668054e+00
3.307855933298861073e-01
6.851556528472603214e-01
2.324206012866856685e+00
2.350969353121256766e+00
1.634850706020270383e+00
2.898929940544318740e+00
2.668891427881689093e+00
1.215944177858767405e+00
2.322995646957326521e+00
1.098758223086888641e+00
2.232308961817550230e+00
1.648163047439334949e+00
1.302488104512301126e+00
3.001741626203464630e+00
2.472295046673419261e+00
1.166019490678680715e+00
1.021355578972551248e+00
6.372331191806401840e-01
1.369661067427557111e+00
1.062695727761507447e+00
7.087728875747096868e-01
1.431247511560673091e+00
1.252547422969153113e+00
2.874368466246992160e+00
1.397917527812818639e+00
1.722712799677636797e+00
2.112145849982197454e+00
1.038311846826940332e+00
7.951247179493351469e-01
6.100946028107862018e-01
2.381642121986960792e+00
2.949870731903306620e+00
7.573537347737346881e-01
1.433899964943903482e+00
4.497561583372489680e-01
4.168527458167826660e-01
6.981198643254518665e-02
3.951072380335369227e-01
1.210776489813765844e+00
1.506633480002518510e+00
7.153037720032066060e-01
8.315663385784544115e-01
9.429837403196920098e-01
1.438906979589825941e+00
2.936428803314364622e+00
5.713668941030587423e-01
1.478769460529983482e+00
8.359477749039410099e-01
1.308224987011837870e+00
1.995698320069482889e+00
1.892823272321563666e+00
1.488582118617026717e-01
7.609308772919272101e-01
1.586024274349874696e+00
1.793474973114020710e+00
1.324035581766604741e+00
4.222774301239957673e-01
1.396708590227584423e+00
1.383103185936318313e+00
2.288660448581589790e+00
2.475351827173045027e+00
1.209938682959249556e+00
1.591853609954893223e+00
9.845482820470206065e-01
8.318441042420458009e-01
1.327859984151215977e+00
1.363687132499028509e+00
9.525059946310243664e-01
8.532553725222516983e-01
1.545446688394524815e+00
4.686952101721480329e-02
8.279835189225638326e-01
1.697200578566207430e+00
5.377789651228072065e-01
7.889326120739558190e-01
9.353035185657030404e-01
2.064709585368806888e+00
3.010295244753466437e-01
2.244414608418126456e+00
2.728973453390715953e+00
1.107648198399916240e+00
1.451000385339551002e+00
2.320622966930236397e-01
3.517029316308768472e-01
1.605013227796981745e+00
1.530895057772278856e+00
8.173144060187570448e-01
1.581260609291501140e+00
1.823981540269732804e+00
2.293622854581168991e+00
8.661842679060978156e-01
2.449019140223572588e+00
3.047800740327579749e+00
1.511337627060140187e+00
2.584428978019136736e+00
1.565489647495647674e+00
8.369910803117101006e-01
1.015481722381923246e+00
1.190817178888022632e+00
1.724952586704233237e+00
2.448011984943097463e+00
4.985763861395631213e-02
1.008950744829862245e+00
6.690127128458778216e-01
8.929628159499947149e-01
7.733643616800289777e-02
7.182481522598072043e-01
1.405006865844658615e+00
1.728332173261052374e+00
1.883770323795284307e+00
1.273234418728597106e-02
1.473805671880448642e+00
2.932957590799626590e+00
2.404658420457284063e+00
2.651795585693283996e+00
1.275309742984868322e+00
1.569321943154873278e+00
1.670627676592420396e+00
1.026186028347429113e+00
1.216687403198227546e+00
8.088128759357353648e-01
2.524310442678444844e+00
1.306241489044601911e+00
2.198176737393820357e+00
4.978134778840140884e-01
2.653087357164846782e+00
2.498435547427451553e+00
2.130198398534705717e+00
2.667060373102858151e+00
1.057176157853138676e+00
1.293385176044382412e+00
1.538896027475522565e+00
1.705773212160691665e+00
1.750997186609471346e+00
1.283327866546095208e+00
1.183784695511767016e+00
1.494867996463315807e+00
1.308813584038126754e+00
1.102016824364564718e+00
2.582544903011752879e+00
1.617560744404584971e+00
4.539181041747958889e-01
3.094283913776576078e+00
2.562305172081013716e+00
5.124777255218172511e-01
2.776516581041510001e+00
1.828284002545607967e+00
9.687976425801312352e-01
1.808401430412169164e+00
1.362159506761654315e+00
1.732171718561741347e+00
2.479654722611881468e+00
2.522159120570528934e+00
1.975930419709582830e+00
1.721869881807674751e+00
1.115095850169915526e+00
1.006276502330105904e+00
3.031285578506645706e+00
1.053556439984513871e+00
2.109775122877803000e+00
1.151637208366636189e+00
2.790070249125828461e+00
1.575751582868042844e+00
1.871960284032951227e+00
1.951838728068504780e+00
1.261901298004543870e+00
1.389062661545285460e+00
2.073240603721280717e+00
1.773076358140545095e+00
1.650004128348482535e+00
9.993310783564711697e-01
5.446503273340645990e-01
1.441914264312499925e-03
1.204443376609289462e+00
2.434771538233274413e+00
5.692648249245859660e-01
2.778092699216228922e+00
5.879729235607733528e-01
1.589625993333406040e+00
5.787970985076286157e-01
1.789438492670503589e+00
2.603865233783592803e+00
1.125663473507703571e+00
1.219944532415537131e+00
2.798945350816936628e+00
1.010577300035153003e+00
1.781425243603008468e+00
1.592225503426140776e+00
1.417765815761439230e+00
6.737320779041264807e-01
5.037298269241088366e-01
1.799587762425217230e+00
1.828412511450044908e+00
2.076288820471021701e+00
1.054449596016549195e+00
1.700310721777517298e+00
1.685629204852088892e+00
2.403705782613720920e-01
1.485934964273907255e-01
1.121386407894210402e-01
1.369181463900603912e+00
3.142673041626907193e-01
2.998714429688088323e+00
1.325737328330968801e+00
1.536990504204948316e+00
2.946102329762695593e+00
1.786518144962854882e+00
2.792839863737347272e+00
3.795023705707149531e-01
2.188861435984911896e+00
3.862989158156044933e-01
1.592083988505644809e+00
1.502631713702402783e+00
6.042875553745600259e-01
2.691715982260244111e+00
2.376861811195154495e+00
2.155355686303308815e-01
1.600066147545245343e+00
9.894392364290726105e-01
1.358410614859882459e+00
1.991443045613596086e+00
1.605108876776338844e+00
6.288853443559827561e-01
6.401775269047702555e-01
5.867133084441078505e-02
1.761624745243650203e+00
1.500827307994227588e+00
1.918304832497694346e+00
1.927895794417628650e-01
1.825767544391786457e+00
5.782597386923936655e-01
1.087469498871435292e+00
1.325254930307661061e+00
8.699217124325742123e-01
2.747848327493229714e+00
3.057859483360242381e-01
2.859893016595079551e+00
5.315055817239157099e-01
2.501520351110143814e+00
1.006980118578552297e+00
1.853674186695912107e+00
1.869168701566299662e+00
5.094712234618480329e-01
2.965237823036696252e+00
1.832324495364552774e+00
1.142840083126671402e+00
8.248600045696250493e-01
1.989684514637223955e+00
2.171020548457229526e-01
1.826657405102628307e+00
7.672074923566200022e-01
1.606066697683376621e+00
2.176883394744959066e+00
5.058108417597706463e-01
2.909810949158356586e+00
2.274001327279683515e+00
1.495595076495379150e+00
1.449447901395090277e+00
5.205324948490507309e-01
5.835248749160473203e-01
1.399426932784959554e+00
1.158726308674455030e+00
1.641937867307001087e+00
1.047604193062382727e+00
1.770892647163373912e+00
1.588739713426107869e+00
6.283689097422995307e-01
1.275797721056501910e+00
3.573898775824408958e-01
1.239455439855978724e+00
2.190906678564868315e+00
4.281127035701893235e-01
5.289781490861575342e-02
7.954139005696645448e-01
4.437508266940772272e-01
7.636037163833282460e-01
1.821524351492262772e+00
2.130376544973763941e+00
2.125783995114410851e-01
5.568674456204385503e-01
9.134245592091742028e-01
2.903053340351779976e+00
1.280114597851997216e+00
1.813967677103516030e+00
5.547866126553469002e-01
1.030152434877271928e+00
8.268281601738327602e-01
1.716471111394023641e+00
6.972697544723152063e-01
1.904177097636824856e+00
3.203576367920620838e-01
9.609756141563652321e-01
2.701203706234108548e+00
1.850360655930556320e+00
2.837142570353502702e+00
1.810289634410568782e+00
2.256636731790570227e+00
7.409234196862195532e-01
1.483267497610668784e+00
9.063799069042931533e-01
1.363654611784684612e+00
1.047926887562457221e+00
1.597152203870453979e+00
2.277434475155249771e+00
1.859696121085890441e+00
1.144512732631893570e+00
4.994106746848958056e-01
1.412469565638964308e+00
2.724836610017464800e+00
2.732754805789581631e+00
2.807968369464866054e+00
2.451021391048899378e+00
2.918648043213554755e-01
1.570253993512481294e+00
2.443153222228335419e+00
1.308338979950659953e+00
1.323897894460813962e+00
1.015446105900437157e+00
2.665347762579135082e+00
1.863052902314637160e+00
2.375694163832437145e+00
1.978325129704193275e+00
1.422165618844963397e+00
2.520415556407952895e+00
1.749037769321917457e+00
1.068725351646560462e+00
2.414493097529385679e+00
2.787637583445443212e+00
9.414850734083941852e-02
1.842235413839667491e+00
1.843326921547232766e+00
1.728036776110967621e+00
1.235636072076854663e+00
1.649999906364756352e+00
1.746410644446554139e+00
1.268375043681118308e+00
8.142120969651340801e-01
8.782303184465598545e-01
1.183234574040802484e-01
1.499345251486312591e-01
1.257539122067857562e+00
1.231709456032978656e+00
1.998411032125357201e+00
1.835470235566316832e+00
2.080745283053933470e+00
2.415437514804576136e+00
1.686641981770981458e+00
1.774818641295202726e+00
1.587809991938879062e+00
1.914327064177884452e+00
1.149319594909061548e+00
1.242920779767307859e+00
2.305222248242628780e+00
1.121912601717392377e+00
1.340956296130241920e+00
1.835258760978390802e+00
2.423984959282195817e+00
1.684044959982202050e+00
1.347076116058754991e+00
1.311082842336913412e+00
9.400310476888124045e-01
3.006332795864337992e+00
6.728626334535201536e-01
2.527809439226529342e+00
1.683588990448384504e+00
2.001364195605060736e+00
1.690305257431934827e+00
1.110438248667424022e+00
1.737716324100084808e+00
1.272473355027656794e-01
1.072902574227525108e+00
8.798452608028838051e-02
1.410152057576212314e+00
1.195106771341319263e+00
2.373360123239059760e+00
3.907848987373429561e-01
9.160106552869388130e-01
2.070276047630506877e+00
1.187529267649025222e+00
2.936135934869524178e+00
5.658555564555589612e-01
1.200193842835489910e+00
5.020127297164401758e-01
1.146791502743197411e+00
2.074900482318818185e+00
2.448182575494162183e+00
5.104024377901281717e-01
9.172824779648010018e-01
9.324740714842052469e-01
1.388887358382599135e+00
1.215645065338056829e+00
2.622883778884185224e-01
1.470413264375732831e+00
6.983754880566783729e-01
3.122465761287400721e+00
1.057160353004545639e-01
1.168396899908403119e+00
7.627417482407541360e-01
4.287203955972077041e-01
2.509430596455658247e+00
9.602922063666445851e-01
1.088005275162545527e+00
3.125301159062631395e+00
1.346134553733205896e+00
1.326085925423194256e+00
2.235384040535338901e+00
1.057563361281143699e+00
1.906135031929116763e-01
7.648158908573662318e-01
1.268922174390379798e+00
1.123248695189780433e+00
1.661366513009089552e+00
2.742935972425458946e+00
2.107699960951681106e+00
4.152571508336474482e-01
1.080400367708664433e+00
1.951126926391558492e+00
1.026319056439383814e+00
2.439255182049739457e+00
1.075374439841654040e+00
6.948917433410595201e-01
1.352392352931924613e+00
2.678104873793728302e+00
2.393559418671515449e+00
1.154141872044697426e+00
1.012905624398825255e+00
2.809791926168624610e+00
2.083632104605634083e+00
1.327079048553146734e+00
4.233559958729248840e-01
3.431376938732871862e-01
2.096609420911265786e+00
1.257812862039984436e+00
1.603222530717350880e+00
2.218916183020247068e+00
9.273521592273775704e-01
1.090262634190987567e+00
7.321187092938754581e-01
1.055236323268893051e+00
1.970537193298852907e+00
2.073095639575295746e+00
1.348255315949554056e+00
2.101579710981301030e+00
8.488159591239170521e-01
1.562235223488902092e+00
2.336163620664714280e+00
6.434989111992345245e-01
2.448274904936774909e+00
1.740403695030634745e+00
1.026731110740445596e-01
1.688526708936609610e+00
3.027587046884238631e-01
9.175946333866216165e-01
1.402660629481300880e+00
2.199552168617378456e+00
2.725330007327686932e+00
2.781637982999905390e+00
1.282625387718127896e-01
2.098201962514198549e+00
1.879535823988594423e+00
1.740082385622221173e+00
1.295379420830200079e+00
2.648594670482452784e+00
1.153321210553327480e+00
1.752459981889408436e+00
1.840791923665380025e+00
1.495347784032937000e+00
1.568001660920510298e+00
1.394084870676251420e+00
1.913002561434831161e+00
1.185159533209622085e+00
6.198104960050192513e-01
1.112660510138679060e+00
8.269117617580613588e-01
1.184676840823487565e-01
2.378709930742089362e+00
1.704850059776565230e+00
1.319321619383315047e+00
1.338661699872473410e+00
1.472419752468678844e+00
2.689988801890917713e+00
1.345348659312655792e+00
1.407139043807451140e+00
2.141242070848048407e+00
1.806758267724698719e+00
2.675692720407520042e+00
2.011469775288012407e+00
5.111486199802289798e-01
1.121346090695499509e+00
9.345284987012340006e-01
1.293022634572244423e+00
5.579085277456163894e-02
1.701474670863291516e+00
2.866747109589572684e+00
4.271389048694124169e-01
1.481050924616057030e+00
8.997499943284269497e-01
1.439179765317962101e+00
1.538837462337366402e+00
2.373836466226325381e+00
2.340960480395885668e+00
1.301242341781400302e+00
5.210536474449097843e-01
1.701380391947542314e+00
5.489842206481746478e-01
1.640017588541194282e+00
1.758811870541094002e+00
2.317302250073738801e+00
2.280087997901468100e+00
1.526788900303021501e+00
9.709591993758855955e-01
5.761985193053376086e-01
5.504030842885243580e-01
1.968809107518963986e+00
1.542048932612854362e+00
2.357800007548895849e+00
1.765959497722290772e+00
1.402135363076439933e+00
1.594131218894077495e+00
6.857987956632307647e-01
2.640231512738319797e+00
2.740720370911600146e+00
5.264926870694384142e-01
1.349559607240588655e+00
1.528102677723143010e+00
9.038768228291279572e-01
2.805240906369141474e+00
1.312181744472099121e+00
1.422817252531699550e+00
2.145325631882355033e+00
6.892893045542612951e-01
1.172635562020587940e+00
1.205795308534580057e+00
2.185715708732343943e-01
9.364360320036050345e-01
2.836551543160802158e+00
1.336311598475105944e+00
2.901360897933380034e+00
1.638202544289377505e+00
7.099612045637193614e-01
2.647775794946412020e+00
1.982647447431684418e+00
1.138873882041395946e+00
3.139693494650516392e+00
2.983631127199946942e+00
1.239228355963551298e+00
1.921180967266248318e+00
1.601617145691548227e+00
2.361850074740270422e+00
1.475519386741326322e+00
1.269338572187133307e+00
3.031527451483026603e+00
1.734160163233278817e+00
3.076546217408904216e-01
2.107901402482650788e+00
1.599321647861885243e+00
2.546351255799326196e+00
2.164171189619739089e+00
1.837544363764935573e+00
2.927688177776317513e+00
2.288345610388725415e+00
2.851103210707826019e+00
1.737573372521087567e+00
3.047496557590851918e+00
1.503476460157614714e+00
1.760523898278149257e+00
2.680625354163086005e+00
1.702594460869420123e+00
1.827466463571231658e+00
2.897469078231156292e+00
1.124039533534530344e+00
1.073279832389805941e-02
1.154484148901299134e+00
2.276558170586024499e+00
1.440932125379859041e+00
1.381620539990260799e+00
6.052047010716803399e-01
1.749565107647188311e+00
2.534659845348417484e+00
2.926009961977830365e+00
3.120333373381090070e-02
8.193715410899922169e-01
5.272724111364472943e-01
1.652856953256457984e-01
1.812387742650932054e+00
1.134653386322692414e+00
2.583104052240112747e+00
1.535743278012411173e+00
1.488175908702367600e+00
1.899463241663850388e+00
2.001439656114641696e+00
7.378490388444076675e-01
2.613609205139497682e+00
1.212880554274528455e+00
9.607398769370352198e-01
2.324386774293234481e-01
5.925211245663345450e-01
2.357255860363342226e+00
6.897610089609759187e-01
2.578244048557796209e+00
1.169825450838828607e+00
8.765258748228927921e-01
1.376527051399788704e+00
4.561137300817468820e-01
1.760358389608256136e-01
2.151619484687388617e+00
2.187038016220785419e+00
2.889836312382580541e+00
8.061476785510498511e-01
4.379208367163985316e-01
9.799911529022163892e-01
3.049880797484836314e+00
9.172144739637232425e-01
8.464535132540288442e-01
1.743788389670847261e-01
1.642217729986749308e+00
4.722267014679193964e-01
1.786462835922283832e+00
1.702704347310251665e+00
1.959213162311304046e+00
2.573431748066756786e+00
2.159225005564496591e+00
5.829840958504142190e-01
1.294752125307776502e-01
1.051415343874796626e+00
1.833813588613770751e+00
2.177436315751745788e+00
1.798828786023961124e+00
2.122585166986478811e+00
1.262841390802888486e-01
1.698774335557019510e+00
1.460251167751930090e+00
3.113942568285101409e+00
1.188123501697786910e+00
1.194856215436354452e+00
1.468292650880203665e+00
1.501285654156897520e+00
1.797050408444007097e+00
3.236678403908302970e-01
7.135369738520429550e-01
2.493543343837198556e+00
2.091937797649048747e+00
1.941486241463780349e+00
5.648542676821191044e-01
9.348726255952342079e-01
1.822160120176980813e+00
1.728472816178070692e+00
6.858754635636370167e-02
1.422951089935562852e+00
1.823251338276728362e+00
2.497382320996826444e+00
2.609974357940075151e+00
1.877252650456606720e+00
1.438821538502503605e+00
1.121148182168732799e+00
1.481918626320255061e+00
1.755837670522690575e+00
3.006324761481008689e+00
1.541982633284460169e+00
1.538825637464201979e+00
2.288699722845669360e+00
1.186156523029342269e+00
1.172205189936426750e+00
1.386158270682339433e+00
9.685457036453115620e-01
2.118345597209998488e+00
9.982673984234889941e-01
1.316010532981346737e+00
2.445131564756654885e-01
1.654858515203586622e+00
9.093158383226928043e-01
1.845326823771996416e+00
1.153342998237441241e+00
2.148417272310048087e+00
6.770532684830530279e-01
1.652334712368480396e+00
2.004715363630568792e+00
1.520483772572895687e+00
3.409295554823388308e-02
1.259374975212648406e+00
2.094395673522905454e+00
1.261266762678178610e+00
1.947852537330844847e+00
1.787042558615635102e+00
4.139792072514262844e-01
2.744410914174328156e-02
1.185344824695887089e+00
7.824635886188977540e-01
2.230250993001639426e+00
2.440643841663760583e+00
4.077683380481060271e-01
1.852944555008619654e+00
3.669226702105725102e-01
1.875759856424438432e+00
6.705259610319447283e-01
1.344941978219742706e+00
8.932681962966070310e-01
1.305674065441425613e+00
2.975741884106650748e+00
1.032427068617116639e-01
2.779309836993321792e+00
1.004944922320976319e+00
1.484531362576350322e+00
1.593148724759813728e+00
2.051617381212190061e+00
1.954232439647342723e+00
1.665884512079980118e+00
2.949846398943521297e+00
1.676297569703658841e+00
1.377076217726145302e+00
1.426371094275579399e+00
1.693266666587573743e+00
1.414683140660818683e+00
8.172764112327214336e-01
1.819619540104992828e+00
1.838550025430333301e+00
2.185929293098631820e+00
1.743825358628398714e+00
1.193577947131240213e+00
1.545265544877173269e+00
1.621743116121229455e+00
2.099852046990469123e+00
1.903361555658571236e+00
1.493116920180145080e+00
8.699715280253838001e-01
3.045796253593170189e+00
1.807134311908238367e+00
1.003791127778514092e+00
1.671707191157792316e+00
3.084314214873238313e+00
1.564707519063370134e+00
2.624660901078774700e+00
1.679953003125369104e+00
8.115825898129909177e-01
8.833280120806066837e-02
1.954775230177519640e+00
1.297486734463126234e+00
1.175380828722377563e-01
8.314409321958929344e-02
6.407619609067342070e-01
2.844632246424898536e-01
2.563188948151366997e+00
1.324013132480694299e+00
2.376005085687967977e+00
1.587826285120071512e+00
8.201494375432410999e-01
7.408919669618668769e-02
6.234512032909993451e-01
1.198587234813825120e+00
1.245518491986979948e+00
2.471324656593658187e+00
1.093584062914783939e+00
2.994575878659771817e+00
1.393164617576787112e+00
2.060887500697775820e+00
1.234121862141918768e+00
9.799873565712350354e-01
1.330879226521397785e+00
1.475967737789262824e+00
3.572094106703401772e-01
1.995659337172644765e+00
2.272093314528727426e+00
3.042745624064238097e+00
1.484949718642824434e+00
7.746771818906056373e-01
2.440328640355610812e+00
8.370729792135090941e-01
1.261211758861559451e+00
8.629665820201595228e-01
1.097174700375206591e+00
1.245597114262732674e+00
1.724732536838872399e+00
1.810025081386043899e+00
9.707056456450892101e-01
5.004507306442265158e-01
1.250491630554707134e+00
2.407415172235890299e+00
1.378204820322454838e+00
9.213774237793963540e-01
1.872818108814291671e+00
9.565910757967716060e-01
1.261975763398608397e+00
2.934880746285005504e+00
1.646824978198664358e+00
2.458968521346138303e+00
2.671925012704692848e-01
6.042324561050574916e-01
1.351810165976312650e+00
8.730029640496378418e-01
6.120556990723489132e-01
1.833209103476975965e+00
2.241713529098489754e+00
9.927763109608923608e-01
4.768019295541570113e-01
1.984778766711994713e+00
2.505044045680418385e+00
1.604531000965099263e+00
1.307781720419171956e+00
1.698007655354261791e+00
1.194664159544369664e+00
1.164412596926677868e+00
1.622294433331203489e+00
1.231404144102209663e+00
1.498522643705029855e+00
1.697525533008525933e-01
1.529732037683179113e+00
1.840813307629187268e+00
2.883231003678649707e+00
1.289483637867997912e+00
7.415387904948252951e-01
1.426393729129299626e+00
1.198081740711579135e+00
2.320897603069974391e+00
4.797475919240311026e-01
2.311944574092679172e+00
1.320391317510398510e+00
1.792294240233085256e+00
2.809861185076260703e+00
5.999905379334067312e-01
1.356171670019716613e+00
2.449942828834185793e+00
2.167597549188476080e-01
1.317779979874972307e+00
2.059406783176964684e+00
2.786805863116892823e+00
1.010544377618442624e+00
2.876427462899899812e+00
4.563190858070428901e-01
1.204336283553446352e+00
9.928099079927288351e-01
1.842453192276576612e-01
1.170311874549653464e+00
1.599203269808467498e+00
1.046871271755677846e+00
1.363968538442637435e+00
1.747503080884754034e+00
3.091216237498564112e+00
2.937854082495892527e+00
1.086190853806787704e+00
5.162266825361911948e-01
1.828148166774842043e+00
1.787321101986202310e+00
1.585076893630855022e+00
1.417185969433069959e+00
1.120160144931446000e+00
2.332898127937243160e+00
4.405661005581735234e-01
1.088856789958585258e+00
2.011839498187831143e+00
1.645648171811271432e+00
1.332029552507155490e+00
1.020528591756905801e+00
2.390281631807748219e+00
2.039540116513884005e+00
7.836008397994409513e-01
1.609474604547340704e+00
6.402460389623612635e-02
3.492403699443232257e-01
6.528764413831871227e-01
2.830304040324880699e+00
8.676704932758878552e-01
2.033991550286656791e-01
1.331185934326063691e+00
3.401814577976535192e-01
2.222433737344909677e+00
1.288620893056183103e+00
2.393823868637172669e+00
3.079599585760091962e+00
2.601545523570876206e+00
1.416930976742422299e+00
3.824376625540049646e-01
1.308247290175611255e+00
5.373222766077352386e-01
1.750164962053781137e+00
3.912947775885686763e-01
2.845200818872640980e+00
1.207120012020262090e+00
1.411286536269114267e+00
2.035211099841504723e+00
5.886132414182577710e-01
2.176232881447683010e+00
2.297219624298732832e+00
1.334815745300861112e+00
3.076530565668992856e-01
1.500663397425075596e+00
1.885845185496402010e+00
2.011901861728288221e+00
1.355003155534175052e+00
1.237743934638734666e+00
1.806245158723920108e+00
1.986141474804677953e+00
1.470772867560494745e+00
1.692357730725852383e+00
1.438230637161792558e-01
1.187962101334092635e+00
1.763740985338922096e+00
2.540171033050662608e+00
1.763319562852608602e+00
2.817737208941310190e+00
8.992632824280606396e-01
1.493208295631831550e+00
1.320785073762708040e+00
1.958107673385760306e+00
2.667178773119420310e+00
7.590039864097242184e-01
4.552041066829901061e-01
1.800513749069960978e+00
1.541777485588956331e+00
2.686924298122043808e+00
1.591792961979401122e+00
1.388929132862812832e+00
1.206527049844508870e+00
5.665744392100104804e-02
9.763041273704063938e-01
1.317182175674396216e+00
1.229520271903125073e+00
1.179359730843333232e+00
1.207567936571587008e+00
2.252407839821307434e+00
2.505982458777040178e-01
6.831235588604177567e-01
1.398565674689420391e-01
2.484328084191876895e-01
1.375749915414989921e+00
1.974637268648216759e+00
8.770379793959024450e-01
8.259267766057537541e-01
6.762526352045812317e-01
2.082586747582494180e+00
7.702971640764258998e-01
2.601224187693942813e+00
1.858108106725939290e+00
1.769993894846183524e+00
1.367497373152147144e+00
2.367018907226833502e+00
1.393854214222583598e+00
5.945386855304871654e-01
1.795900435912856308e+00
1.438170578282888190e+00
2.087979514515684976e+00
7.963221674596095978e-01
1.384534104666667709e+00
2.456847106015362492e+00
5.622160299936995731e-01
1.774532438054621242e+00
1.091381057144404254e+00
7.099667655527595045e-01
2.452296669063728507e-01
1.760976591089772336e+00
1.670962596181470472e+00
1.845456818910189201e+00
2.073014376305558404e+00
1.630991209737119085e+00
2.580884684120934858e-01
2.726111169684800384e+00
1.556595492187140328e+00
1.069243130999159908e+00
2.350826735428595882e+00
1.005109006998612609e+00
5.015100857738623574e-01
6.114108400491096162e-01
3.588314857034146099e-01
1.157296443661233853e+00
1.123270935874215587e-01
4.523511475980329100e-01
3.041450609535458316e+00
1.236199521860064321e+00
1.278754175761024348e+00
2.641282700301947006e+00
1.586972971025380819e+00
4.456161902724048440e-02
1.319836211384866731e+00
1.197894703626097623e+00
1.665703894630490733e+00
5.180856132170734707e-01
8.165310238001420862e-01
1.537651541952606005e+00
3.603567337050738589e-02
2.012398772293842342e+00
9.989789872538441529e-01
2.277327798224979549e+00
2.391268874850670301e+00
1.655965795118343076e+00
1.050135843244923706e+00
1.116606716499751073e+00
2.453371107639540138e+00
2.519571073600622935e+00
1.408698225195371023e+00
1.241618505647368309e+00
2.667296781018215768e+00
1.111220918373253097e+00
1.293030373246185638e+00
2.141007407230373527e+00
7.008045502142017102e-02
1.634326063943076335e+00
1.772622914158413110e+00
5.455583032241889674e-01
1.581062793455963567e+00
5.491993937911805457e-01
1.217949704789495380e+00
1.350100465047813669e+00
6.018244498011777743e-01
2.311941597226754297e+00
2.169427211495623453e+00
1.924797721401236394e+00
1.045650666496822367e+00
1.258011546182062901e+00
1.393623146789737532e+00
7.994131372974018213e-01
1.544473633551168623e+00
1.375221671812723034e+00
1.094636994438842770e+00
1.981632818418068709e+00
1.607694627960286837e+00
1.207389544672213155e+00
2.068381327167252870e+00
1.649190630690474113e-01
1.779127395241877130e+00
2.719438831830324865e+00
1.785377777317371573e+00
1.984142254235789604e+00
1.752188563013333145e+00
8.965636080938365060e-01
2.141613846420884926e+00
2.329831134022259498e+00
1.204290039533979950e+00
2.699820689448778843e+00
1.242034247777048739e+00
9.478854374645595549e-01
2.755497425873564943e+00
1.916811309713537526e+00
6.682269031238630141e-01
1.493255434085950739e+00
2.923983405075485820e+00
2.786551982197181254e-01
1.655032038792330296e+00
1.526297823790082830e+00
3.003128195163016767e-01
8.443539488376856916e-02
2.040284002639654037e+00
9.572129728326860265e-01
1.608600804955564456e+00
2.338937640772980608e-01
2.317003377446994250e+00
1.164134087503268411e+00
9.353426512674487547e-01
1.425869704611599120e+00
1.393448799349269907e+00
1.717883087001434106e+00
1.604045481548504348e+00
2.213979487645284738e+00
1.153681305211153862e+00
1.654860213236839961e+00
2.460774227398980774e+00
1.821920643783713656e+00
8.556654016934394091e-01
2.405922170536898275e+00
1.512151998478579618e+00
1.621316980931415408e+00
3.052412768690738520e+00
1.560020093582122680e+00
1.820661851776903539e+00
7.144052024388749533e-01
1.064359710216562727e+00
2.553189230743246885e-02
1.103184484810665555e+00
2.012873585662778186e+00
1.454670670393912291e+00
1.035345353683101433e+00
1.398530173673464994e+00
9.920005282519990253e-01
1.005924465503559517e+00
1.755074402058167005e+00
2.133635694205636035e+00
2.127556827351743785e+00
1.299799395560022663e+00
1.800579241785422502e+00
1.769127706253299737e+00
