theta_jn
1.226445158374173561e+00
8.342252705359169962e-01
1.162266670817245107e+00
1.410425291092320121e-01
3.081613066957716196e+00
2.629382445078594976e+00
7.585913090801095215e-01
1.876611996444801811e+00
8.436521966747523305e-01
7.809322757828379702e-02
2.253162048012337326e+00
2.253783583324393103e+00
1.119413671944820887e+00
2.575315328729084197e+00
2.676224655185004853e+00
4.349483106862777615e-01
2.403886068647401064e+00
2.599029548768981623e+00
1.077938184595202520e+00
2.357415365042347055e+00
1.152883122915143943e+00
2.048580195696975970e-01
1.113677480700187461e+00
8.202376591424253016e-01
6.136562757969961091e-01
1.436730466527943229e+00
9.904046963343929866e-01
8.142712277148166367e-01
2.739486474825477913e+00
2.095594380851147687e+00
9.192877756758640606e-01
1.883795669092751535e-01
5.820289152585133019e-01
2.739349074348001789e+00
5.268278517127599203e-01
9.817005025467949453e-02
2.225229878244037618e+00
2.404800460596696610e+00
2.555310854621589467e+00
3.232556606369312302e-01
1.197788065662707568e+00
5.555997301341045747e-01
7.694219896337154418e-01
5.565258156754681051e-01
8.053658378748076441e-01
7.493922196015190273e-01
5.434043734228757305e-01
6.205764884502569245e-01
2.653012268793779604e+00
1.170902828983060306e+00
1.884711126716396068e+00
1.227599282111765167e+00
8.446036564865976315e-01
9.365649581768560328e-01
2.090289067381967403e+00
1.586089948215142709e+00
9.849067332704152244e-01
8.760764406644732105e-01
7.337644766317317213e-01
7.479532520471287027e-01
2.856859340710571349e-01
2.477925252109166310e-01
2.259397946670474777e+00
1.227027783545726392e+00
2.844429289345465239e+00
1.010215547868592356e+00
2.680754760008555948e+00
1.255336091104905627e+00
7.339833458899572838e-01
6.052770789298027587e-01
8.676964523550444452e-01
2.021577054853803013e+00
8.501026058460221524e-01
4.100830029193766602e-01
8.971201484658399838e-01
4.247132825235120368e-01
2.637207284864407697e+00
1.991433183480646241e+00
1.012050460259389828e+00
1.350343477910921131e+00
2.721346614009512610e+00
2.719515405407155306e+00
8.429956716571003206e-01
7.770000115845622224e-01
1.859777123651022102e+00
2.569364730934501573e+00
2.522866935989843018e+00
2.516192476726921257e+00
3.353827905083469063e-01
5.077075545773030996e-01
2.174770114759059236e+00
1.218635348609936830e+00
2.200473757727186008e+00
5.478808888347070916e-01
1.258349008135534852e+00
7.134458456908463475e-01
2.305302320075006239e+00
1.542477178840894192e+00
7.590252136961421758e-01
1.356261835671997984e+00
8.136195218822627195e-01
2.593817887986425763e+00
8.621485686488912226e-01
7.523381488598782640e-01
2.645479849116415760e+00
5.993252163893603157e-01
1.241126574482147804e+00
1.141306846849845291e+00
3.424414853543262249e-01
2.342054771372369171e+00
3.805389627862897362e-01
2.207685174000457273e+00
1.760785089847249629e-01
2.535271439198966692e-01
2.206736786472111689e+00
5.678386458170188167e-01
1.256481579964591200e+00
2.539414068527710011e+00
2.316854846660146627e+00
2.826033228915589390e+00
4.076239583821915091e-01
1.319805291272594383e+00
2.295516966419339333e+00
6.331991987127634225e-01
7.648054494424953997e-01
9.331139074492460495e-01
1.976363461162095492e+00
4.967409776527291765e-01
6.524551366424974352e-01
1.991176094836562882e+00
1.130170373285707353e+00
2.383713056028351929e+00
6.505197472396052616e-01
2.288992031779851555e+00
7.393810710517050300e-01
1.226852983684637799e+00
2.503196577490792052e+00
1.741477106373835237e+00
1.921824442924489507e+00
2.117575215310219860e+00
2.220508029673576633e+00
4.187048933578704224e-01
8.801557284451427821e-01
7.986238237184857258e-01
8.915514394452024316e-01
2.002280725454030463e+00
8.107773798600670379e-01
1.772846198184429456e+00
1.277724889133810438e+00
2.626296852536788684e+00
4.305942404009439617e-01
1.065452687748176253e+00
1.514344560737237666e+00
1.228960368323834151e+00
2.629376464394858282e+00
1.625053150848122241e-01
2.835020920649586884e+00
2.030508011318938877e+00
2.630514843744203191e+00
8.240078872959006873e-01
1.951217196971133605e+00
2.991771508827938408e-01
2.623980964690188156e+00
2.328216520346197971e+00
7.757607438879235984e-01
1.152166937686962989e+00
2.582367157404567237e+00
3.165568731897270838e-01
1.282256727026017895e+00
2.644605198582773653e+00
8.366898878047530630e-01
2.512293736547966283e+00
2.278110467779578485e+00
1.431685526073970482e+00
2.664755495907141114e+00
5.594770148333522153e-01
1.621019199856755133e+00
2.128840149968586726e+00
4.078028970412363452e-01
2.848085177148827363e+00
1.031897806974910514e+00
6.603347716232550457e-01
9.798925949391676937e-01
2.419912680509126446e+00
2.717877178144977091e+00
1.861101095503314928e+00
2.380773136528737233e+00
2.127188866615325580e+00
2.263490944448441677e+00
5.828578481380093379e-01
7.594714038755501218e-01
2.239858529468565784e+00
2.330193160457716850e+00
2.487704686517812624e-01
7.038931461546044099e-01
3.808980871589344730e-01
2.465913853622344387e+00
5.535173489401518099e-01
1.316049760312463013e+00
1.072957200625619612e+00
6.067617502499523807e-01
3.471492508496578644e-01
2.246120122004552577e+00
6.243686537001247316e-01
1.203851049337782753e+00
5.645653144258490075e-01
1.082533960088238212e+00
3.963999337311268079e-01
8.421248676827892687e-01
2.646390767243429920e+00
1.003980670218787674e+00
2.694150339438188269e+00
1.060956670347675601e+00
2.017366598178397030e+00
2.075278344900362892e+00
2.448833169075249394e+00
6.035801737536724554e-01
2.353931170236421178e+00
1.176009696516797209e+00
2.710693752369030207e+00
1.750629680740660499e+00
3.798455666799056551e-01
1.305037855787219092e+00
1.026006768329808860e+00
1.552233688913735588e+00
2.721591774824479781e+00
2.057433589119954664e+00
3.528429424937201131e-01
6.968473773961099127e-01
1.043733771690766421e+00
2.402307839873461859e+00
3.956823978271917785e-01
1.855700243596054788e+00
1.345352400369158818e+00
1.945947842236929848e+00
2.559704095963426962e+00
7.565211801317828222e-01
5.898846993534345717e-01
5.527088662787159601e-01
5.769928561681822998e-01
9.195172676098115616e-01
2.850138447491080917e+00
6.814602770457447445e-01
2.153585854337245920e+00
2.381477470598499124e+00
9.302164365811764757e-01
2.198628818265557339e+00
2.813015793319915137e-01
2.547290504507155884e+00
8.613609749351740508e-01
4.730680277565313396e-02
2.340460541615603685e+00
1.816522013171102401e+00
3.282397736231288388e-01
1.131681749790996117e+00
2.751715742526162689e+00
8.221602157482988948e-01
6.370733145916434026e-01
2.495629435332107793e+00
1.756560530492934369e-01
2.531932383456041880e+00
2.672047010023833380e+00
2.839008389774448915e+00
2.859030780814586503e-01
1.342611366504586679e+00
2.800298689836723032e+00
2.615826074929371359e+00
2.189774473482603678e+00
1.129655543178556654e+00
6.130663323681945220e-01
1.116571765198372201e+00
9.647121916596345104e-01
2.824182400437392992e+00
1.048327918329665431e+00
9.963096050168855911e-01
6.490016992645042393e-01
2.036802834213130353e+00
7.633146984555829739e-01
1.607332610503479531e+00
5.939687507668857114e-01
4.707006968433912197e-01
3.857542216837034355e-01
1.991655636013864861e+00
8.198594705355677359e-01
5.826658480321542655e-01
9.068285821720722950e-01
2.707340540726116629e+00
1.814105554465253178e-01
1.876475119917290213e+00
3.099332767768297470e-01
2.593367818641279854e+00
2.813673502498967860e+00
9.326824021022547262e-01
1.981245040433947224e+00
1.413582370134061517e+00
1.306159076752274328e-01
2.655589894955966646e+00
2.221707979818095868e+00
5.465431623651654247e-01
1.909515169738963625e+00
1.797084458649643057e+00
1.668730423006451025e+00
1.417013241873062546e+00
1.495761401992997008e+00
1.291086164202425168e+00
5.390889981473520054e-01
4.916924626415448696e-01
2.231985339466882490e+00
1.284042041735703743e-01
9.218669386586136882e-01
7.498004651414249544e-01
5.824234653008013574e-01
2.432331430612032219e-01
2.765104665621554769e+00
7.643494015632311678e-01
2.948385254445227144e+00
2.464989151696243219e+00
2.904510716315529706e+00
1.214061012093208936e+00
2.564468536369579166e+00
2.689114435250640422e+00
6.104023902960087344e-01
2.216131095479356716e+00
2.081000953020197830e+00
2.542891289299315627e+00
1.237467929506030684e+00
2.047402641632037223e+00
2.386675607635992069e+00
3.936968950555398972e-01
2.172073859283497388e+00
6.001282018102536142e-01
2.732731376387139033e+00
2.358010676577427578e+00
1.137074917442088884e+00
7.665519907782036846e-01
1.123966855432981138e+00
1.475636953179193522e+00
4.738943337178521120e-01
2.281314499861331946e+00
2.368638107771715795e+00
2.097605965948558526e-01
1.192039100648916383e+00
1.268344931569474143e+00
1.181480950634577587e+00
3.021700882018544032e+00
1.872117026231109316e+00
9.753599202545921720e-01
8.457242272702794050e-01
2.212646833937786717e+00
2.297829612342149108e+00
1.058288088567169272e+00
9.435783959714822977e-01
1.904758616671185845e+00
7.145017314801440644e-01
2.088301090859479292e-01
2.329868175579746126e+00
9.007999478637420676e-01
2.527704323214647442e+00
1.520273077117396232e+00
3.771427238872438470e-01
1.120721056955218620e+00
1.030272265232825557e+00
1.855161879581810558e+00
1.131622730509840080e+00
2.114870046080149724e+00
1.943772215425076499e+00
5.240933852317425368e-01
1.294024901502306646e+00
4.577975390520722110e-01
2.739515324786753192e-01
1.005910794411145476e-01
1.061882345425225527e+00
2.163254172638917616e+00
3.336349274329286074e-01
9.139555884771243255e-01
2.383838692300068285e+00
1.430708648781751968e+00
2.577737448824501953e+00
2.569962668456751143e+00
1.765397995843572154e+00
2.657184417118798159e+00
9.005228595512649870e-01
6.112131103778396524e-01
2.131195983528650917e+00
2.794369177967068740e+00
5.491456160032751610e-01
2.540432226510897173e+00
4.990688127681238151e-01
3.017901947938194329e+00
2.793955457043526547e+00
2.529791732490199063e+00
1.022458002428580537e+00
1.660986390057169304e+00
2.987110055214549309e+00
1.264092153274530173e+00
2.402460177591368318e+00
2.393683137415232753e+00
3.002704802682823471e-01
3.175949091821995696e-01
2.099889071477585301e-01
1.012528282203390306e+00
1.263078398339367026e-01
2.217574323841569606e-01
3.345149807568779665e-01
1.453041449428405185e+00
1.137199513819092678e+00
2.084885783384408775e+00
1.706489664395458350e+00
7.433472514207132287e-01
2.647662932264038260e-01
1.223748972263885904e+00
2.566841926752807534e+00
2.012207367318517903e+00
1.747464042117346517e-01
2.361952849157779699e+00
2.604637920812251206e+00
1.066579454617958111e+00
1.226852983684637799e+00
5.760134121959012976e-01
1.867518350390418913e+00
2.817841181135399165e+00
2.933808800502879954e+00
2.203239462186528552e+00
8.601286365705057557e-01
1.007401419705830525e+00
2.127536818023818110e+00
2.586108679787114450e+00
1.242191558907223659e+00
8.321934950963555400e-01
2.620861225397387084e+00
3.412929141184364856e-01
2.756238880604219954e+00
9.042145575915220279e-01
4.585825357066517505e-01
1.115682603376282334e+00
4.127140005569895354e-01
6.461355078906423355e-01
1.862465419678823952e+00
2.331997087084581644e+00
2.131837842797779992e+00
1.288863224437974520e+00
4.007688050431885141e-01
1.505836708250469336e+00
1.240434619101194569e+00
5.822525474462081352e-01
4.618048365594723537e-01
2.421744334804385890e+00
8.542673202220815165e-01
2.827004070165685778e+00
8.305554233214036408e-01
2.072223874464687032e+00
2.691908323026570571e+00
4.663800789688889448e-01
1.405280935763866923e+00
1.769740341792184202e+00
2.722359966755779848e+00
3.692094065929032443e-01
1.159057267630151600e+00
2.382155759175786702e+00
5.725515613274879678e-01
2.426958473409495554e+00
1.079731204546189094e+00
2.510290781343254007e+00
4.282535147708401713e-01
2.416009777289959803e+00
2.511881281256448606e+00
2.483243684899966386e+00
2.746479366211696860e+00
1.395690391301657174e+00
6.947755464707217055e-01
5.631400308050302783e-01
4.468754182571342271e-01
2.679977244361839706e+00
1.866646008510372878e+00
1.249458025339088563e+00
1.877404114080869713e+00
8.579437035445917070e-01
7.999461286949143268e-01
1.413335547057787078e+00
7.098542356548701582e-01
2.586881203113422067e+00
2.601551803473419078e+00
6.638736175742449008e-01
1.111098595441586623e+00
2.327217670446800835e+00
2.256316361460019682e+00
2.758782835930264632e+00
2.271061814747302510e+00
2.554577969329365761e+00
2.717196483491560510e+00
1.247591343632066696e+00
1.614250188659064111e+00
7.755838016919145428e-01
1.770568854280908155e+00
4.485565147086540416e-01
1.156057652886901987e+00
7.114007439926938181e-01
1.047828247540012025e+00
3.090167125430725581e-01
1.093215963408664448e+00
5.407730628268618833e-01
2.510746261449777972e+00
2.438539585278367117e+00
2.534825599544233921e+00
1.405399073682482847e+00
7.205702591059200968e-01
1.222749485485692178e+00
1.362187047698509845e+00
1.170662129067863599e+00
8.572584255420618859e-01
1.497687033442636428e+00
9.113453475780456392e-01
9.152865300392308834e-01
1.972045448147888402e+00
3.891738228821298717e-01
9.785689648912800909e-01
1.190210446504335495e+00
1.559884035014996728e+00
2.053982945463965315e+00
2.032826543202769010e+00
1.094990221440514278e+00
6.895875792781545888e-02
2.729105681429484065e+00
6.121360120656441639e-01
7.664601577680498767e-01
5.142319353279404259e-01
5.726592551364722006e-01
1.995491514676128730e+00
8.722666348518295365e-01
2.425864986311287996e+00
6.642429791968911257e-01
9.009930472194894735e-01
1.502665664839489823e+00
1.176314634054562935e+00
2.754327289836006720e+00
2.851933740083731905e+00
2.355282855940804332e+00
7.632963625152948683e-01
2.734076839169722994e+00
3.221944890143645934e-01
9.359981588541598230e-01
1.471368717029176487e+00
4.028268976087272524e-01
2.688638552047724062e+00
7.034497145125143680e-01
3.000438633122331833e+00
2.942745721300116468e+00
2.450426364471414598e+00
2.869441442839462564e+00
2.516597110296748152e+00
2.029711267489628379e-01
1.165528832765762995e-01
2.437823876964854364e+00
2.346440524979729769e+00
1.630365898754916776e+00
1.145887193642333601e+00
2.089152956409718431e+00
1.293505165764741172e+00
3.351875179110064829e-01
2.553532564558154583e+00
4.354653218236264611e-01
1.303534411870482357e+00
6.396040632603591236e-01
1.236735583096881141e+00
1.298012429901980846e+00
7.798028535202731204e-01
1.004735312784064138e+00
2.779603207280400556e-01
8.371822506661837915e-01
2.928868287884122346e+00
1.917413767632182742e+00
2.371349781359761266e+00
2.754624561934137628e+00
6.465867772903010069e-01
8.712181517232537864e-01
8.526559455474593818e-01
2.651367999857726865e+00
6.003855178658801250e-01
2.706051925370401179e+00
6.923642188649727913e-01
2.168701173820266614e+00
2.204006772515461066e+00
1.178129622661202802e+00
2.553838926195796777e+00
1.922750073897810053e+00
7.072881213793752453e-01
8.568764370723208623e-02
2.252270589371051290e+00
1.212328233745852968e+00
3.013785979204846921e+00
7.041419050886775777e-01
2.585993107182639861e+00
9.729801982993320220e-01
2.154873674054205157e+00
2.742052475539006107e+00
2.536226783990469524e+00
9.425765603999661790e-01
2.166750138488963806e+00
4.097333760270693848e-01
4.609768633458624643e-01
2.176593959022184777e+00
2.068116865321548037e+00
2.487759625615108217e+00
7.181134204596898440e-01
1.122037210223069348e+00
9.294954532690694604e-01
1.233332506409934082e+00
2.513883072401462027e+00
1.499824902821240480e+00
6.277754435914179032e-01
1.375021445552949473e+00
5.161030103546597747e-01
2.564860328388311128e+00
8.568575081597543663e-01
2.786388962006069114e+00
5.789452859329828893e-01
7.376636299068494163e-01
5.350062758700476762e-01
1.272671552789722993e+00
1.188760533514843898e+00
1.042005157700462759e+00
2.621349146702516730e+00
1.137074917442088884e+00
1.521088883090370603e+00
3.090011403082940644e-01
1.007788733349791466e-01
8.951090262238422524e-01
2.145016334014959170e-01
1.790769912613256798e+00
2.455874016137741478e+00
1.023075003393472793e+00
1.621262991421346333e+00
2.127596036080913855e+00
4.616826677860707551e-01
2.608811143775271901e+00
2.635722544701103232e+00
2.851209656968506589e+00
7.688130033431254118e-01
7.745116586187161811e-01
1.203499483596114361e+00
9.541219242084294505e-01
2.470340564356462640e-02
6.260259067703412006e-01
5.838821592951197736e-01
1.866251279721344858e+00
3.347150698510998890e-01
1.202204304219945064e+00
7.229232686959902177e-01
8.284240013966394089e-01
2.456186522902733316e+00
9.271800394304184900e-01
2.743751446932614524e+00
6.544950178706924193e-01
2.180291805534969374e+00
1.793195381621438766e+00
2.299018901478197652e+00
2.723497641783451773e+00
8.672243228801491677e-01
3.311588980368500024e-01
2.102654328393411820e+00
8.617308506078469321e-02
2.163468334897878265e+00
9.840972658877651380e-01
1.621268018756954143e+00
2.567159838323956222e+00
1.217729014071825766e+00
1.598343619258599357e+00
8.999236379557440380e-01
4.807113885038065693e-01
2.213899471303523825e+00
2.134002829479593188e+00
7.413442925666002825e-01
2.010560424881192354e+00
2.937466961598768744e+00
2.312674997714009084e+00
1.097976670047828840e+00
3.002760938590812501e+00
2.707300264917623878e+00
1.089780233149846067e+00
8.275948757781536047e-01
7.176529805146256713e-01
3.014551324740130656e-01
2.806492198897529988e-01
7.294537544463509660e-01
1.205128005327343210e+00
7.907820147624170515e-01
1.657159422498074131e+00
6.831187192412303544e-01
8.040036401481919226e-01
5.348190429314605421e-01
1.112894921760061884e+00
2.663352351114713468e+00
1.888281928041688706e+00
1.416754461509659002e+00
2.948857975632252604e+00
1.162630635015021952e+00
5.513996515193233527e-01
7.065320486718651427e-01
8.159787497637958076e-01
2.770199126107197873e+00
2.576481490020491094e+00
2.091953447175147307e+00
1.397966205994322086e+00
1.212614716267257364e+00
2.018226606053866057e+00
1.892306228920525246e+00
2.369653271188062238e+00
6.182510204625003558e-01
1.371347146099230363e+00
2.438025356100560259e+00
1.668456074061922978e+00
2.691331755705026474e+00
4.878156828097718889e-01
1.601574789785207065e+00
9.164020092793346839e-01
7.082863991986135810e-01
1.767284711530056063e+00
2.465634332816210694e+00
1.521845029399247373e+00
1.225213918026884619e+00
1.373079996121574275e+00
9.543269399093791128e-01
8.124196833903032378e-01
8.059761327778560691e-01
2.204407123173918459e-01
7.575689735264303781e-01
1.963543852703125481e+00
1.390501355946026640e+00
1.493002143505845369e+00
2.494533517562697700e+00
2.286573471716749850e+00
1.835128720133253344e+00
1.182113201686245452e+00
7.280305333135062007e-01
2.162513832433710537e+00
8.012795659455221875e-01
2.031992244253284507e+00
2.377179095492247818e+00
2.391311311251840710e+00
2.332413287070039587e+00
8.034694762430816262e-01
4.321171809862355828e-01
2.571071020370962579e+00
1.030735576282741928e+00
2.645963465814264559e+00
2.721310647531747229e+00
2.454162318991800262e+00
1.868264596349875406e+00
6.827836519573753371e-01
1.204355355969551011e+00
2.982319371443588718e+00
2.623949570148740307e+00
8.516659707914310262e-01
2.267298606058066657e+00
1.306308719599230228e+00
1.110601232390599380e+00
2.287151396378103829e+00
9.703897654625109892e-01
1.036010461399849314e+00
6.659207343476674090e-01
1.331015247666388790e+00
2.418772112477710845e+00
7.576951370601920921e-01
2.737455238414229775e-01
8.037300433143174105e-01
9.009929785525971901e-01
3.233853821835246944e-01
2.182509172880639614e+00
5.422895210811763400e-01
1.526546554842090231e+00
4.564995380039822415e-01
9.081066803483518468e-01
2.995127032754443253e+00
2.119662425454726051e+00
1.091753661427026012e+00
2.352934861498138019e+00
2.962179956372977152e+00
7.129457865397185179e-01
7.703660333206403532e-01
2.346046707794796404e+00
9.193286093008792292e-01
1.244645053454433548e+00
2.878990905964152525e+00
2.404188448578825188e+00
7.722227748935115432e-01
1.054209846404761342e+00
2.943983795760911182e+00
1.139153163714724970e+00
9.991584175313459326e-01
3.879921570138947784e-01
2.267298606058066657e+00
1.244752097206413138e-01
2.322126847388765736e+00
1.183275498405228915e-01
9.615813099581261847e-01
2.101527380247715460e+00
9.123573596778928874e-01
2.135429537008894929e-01
1.415853199787721728e+00
1.242884670424804217e+00
6.409580064302349278e-01
1.881219757456944197e-01
2.496675084672134837e+00
1.989388679395259540e+00
2.085829296394403620e+00
2.510153763426225204e+00
1.277222094887145554e+00
2.116145532969177623e+00
2.912587198612176298e+00
2.066156095161244100e+00
1.842006261533145617e+00
2.498235661264647245e+00
6.409707252488939799e-01
2.316185487066957815e+00
2.120234114671707193e+00
5.730513445172470410e-01
1.125991345260789034e+00
9.756691928843194139e-01
2.519452167666585307e+00
2.722571035343827273e+00
2.184543278198623817e+00
1.750934608456601760e+00
5.120029456137084045e-01
5.094118077683991164e-01
1.120405770116505551e+00
2.421241329755371208e+00
7.209076498143986989e-01
9.587285465350453562e-01
1.371800874780807478e+00
9.813675117367974821e-01
6.657417786372800128e-01
2.347260829961215212e+00
9.230446854393792311e-01
8.498564204374322584e-01
5.080079899217754269e-01
2.506782256437196654e+00
5.250312928786075028e-01
6.697672690961754549e-01
8.603599543237812064e-01
1.514224411423225281e+00
1.982588446792775017e+00
2.282860429977348282e+00
1.843508748079731641e+00
1.659054159958966768e+00
1.120793888485652756e+00
3.116983579382979208e+00
4.162367698717608921e-01
2.683958680536671526e+00
2.606761457467908105e+00
3.650765889282149845e-01
4.182425563174339000e-01
2.634476940262370448e+00
1.286800481624616355e+00
3.597561310643167531e-01
8.915694087495585896e-01
2.094493413771574719e+00
3.029247806229736217e-01
9.246048420020590575e-01
4.182626817339676339e-01
2.583537984723873748e+00
2.951583532770006180e+00
2.554079090725158707e-01
2.825799351659355363e+00
2.487840923632174128e+00
1.060984992114001324e+00
1.539948004287110317e+00
1.064379782883235093e+00
8.229136160734511485e-01
4.888100151354891065e-01
4.782549833185046895e-01
2.711763604003350814e+00
2.723983856473900289e+00
2.559343933657272530e+00
5.118026762132267260e-01
1.408137318963160967e+00
1.843404623348675386e+00
2.220118039621517436e+00
9.914423867444361882e-01
1.142604384134296769e+00
3.865701267594696122e-01
1.807315752457800295e+00
5.772479467233933015e-01
3.050396786014840655e-01
6.618947990186936359e-01
2.956062895473119845e+00
1.142276044086950382e+00
2.376442991217481815e+00
6.603220872919207673e-01
2.178490540671888187e+00
2.347891185796157743e+00
7.837397709534019707e-01
8.025691055048398415e-01
1.384137305940511986e+00
9.051060719792641818e-01
4.412234298844616154e-01
7.417665994394970763e-01
2.553589372047033290e+00
2.544922721798824394e+00
8.426429878709509325e-01
1.410259012352931274e-01
9.945498960830702062e-01
1.222749485485692178e+00
1.947143891812004535e+00
2.426179828789977400e+00
1.174053968283841565e+00
1.701535613398132529e+00
4.402462723177678061e-01
5.614979917455165115e-01
1.550939280617689375e+00
2.327850755721411424e+00
2.255466143795953560e+00
9.021646796052061879e-01
1.777695768388734221e+00
7.349018376767780802e-01
6.988044709238026009e-01
8.275274830652225022e-01
5.123184296850015196e-01
2.603040237882980446e+00
1.712997452418377975e+00
6.228197695554088531e-01
2.544867290144117167e+00
2.140668998963803360e-01
7.235502317819547669e-01
9.744059565177886073e-01
2.449619451267925019e+00
2.896788056231130337e+00
2.658049601717124219e-02
2.902715616688386735e+00
2.679141530071789123e+00
2.509224169722687137e+00
7.818268501285167149e-01
1.563711359857240746e+00
6.501481936843362952e-01
7.037541703256918746e-01
1.064323703203854166e+00
2.392570525253285840e+00
2.892755746847194942e+00
6.478036280287405857e-01
7.443831226351927954e-01
1.240789171549501635e+00
2.831650735752249570e+00
1.471855867349086244e+00
2.438596253760693777e+00
2.436750074521900622e+00
2.786683311526678253e+00
2.227572314505109397e+00
9.877131855693902507e-01
1.733682918473838264e+00
2.495922613462584483e+00
1.984137580644286913e+00
1.996337095010821239e+00
1.299405329159656119e+00
5.216726690185744530e-01
1.543465564156942582e+00
2.671206847731322664e+00
2.816073206911697824e+00
2.211291492198487862e+00
2.332311115292341697e+00
1.758338570648908750e+00
2.408535633411668542e+00
1.109903745337273290e-01
2.320428223020476466e+00
2.019341145298584106e+00
2.072779328962228274e+00
1.021983479638029824e+00
4.386304535437680063e-01
5.376369792197936981e-01
1.398346663877565899e+00
1.959139335577277097e-01
6.775302715876629911e-01
2.305329766034611705e+00
2.282612270080350836e+00
4.463210672269767310e-01
2.692721800720880410e+00
2.319711790883549174e+00
2.926578576784693908e+00
2.258940887889961946e+00
1.119011701343004983e+00
2.067189754965748527e+00
6.966764567602020675e-01
6.910044213030017701e-01
1.014372792053613637e+00
2.064401370833841121e+00
9.192978182796894826e-01
1.535778035797176644e+00
6.984480347542113554e-01
3.675601709801851746e-01
6.157538323893629872e-01
2.143250861903319038e+00
2.627613264322157249e+00
7.434663142729678320e-01
1.739755997481521987e+00
2.032964893944780194e+00
2.603355956802126947e+00
2.003123585893241465e+00
2.560789062404464467e+00
1.323003075695654784e+00
4.504599519888264902e-01
1.293823000270263091e+00
4.976906114423763072e-01
9.452068372253981110e-01
2.143099565051755917e+00
5.050141262028859934e-01
2.746142952024494654e+00
2.242956339028738366e+00
9.366816287354181592e-01
8.336782183475343055e-01
1.901455792157260571e-01
6.396040632603591236e-01
6.414601367502418272e-01
9.092451482574681609e-01
6.230973884842739841e-01
2.624936100478351353e+00
4.728449264641401695e-01
1.922909738701644278e+00
2.379756182544969345e+00
2.804086670631901868e+00
2.296847934687757498e+00
2.058419784049947132e-01
2.972176491695456946e+00
2.533446112344737156e+00
3.797865136817015763e-01
2.247716039945165001e+00
1.336463267753051909e+00
5.344330291492359608e-01
9.594111774893050448e-01
7.026255714261578911e-01
2.336461432817851680e+00
1.968373878710391489e+00
9.619197028906301128e-01
1.239393812020183505e+00
2.129282195478160666e+00
1.060763816641405288e+00
7.903637618252675745e-01
2.702967974565335663e+00
1.349499509459760827e+00
9.698315875078469261e-01
1.424451039785367690e-01
1.138801125567542538e+00
2.556600148444391429e+00
7.173001738551554318e-02
2.119938682496356641e+00
1.928499386814522598e+00
7.997022474425006244e-01
3.677196267571059551e-01
4.854576646148017205e-01
2.211849846576679823e+00
2.926393624265203108e+00
1.160733665516888502e+00
1.881185455793532135e+00
3.018732284976194613e+00
6.648620184596675253e-01
9.215495421703229217e-01
2.650681150236561479e+00
2.561540328888377349e+00
1.601938380205324419e+00
2.072895914757172164e+00
1.281404450955158980e+00
2.097819601643713838e+00
1.927274109106010158e+00
9.468169456564706765e-01
7.549986960884469411e-01
3.122820425539490352e-01
1.746349882655973129e+00
2.702801379076213539e+00
8.830596899835094771e-01
1.036167504097164960e+00
9.542328569057464405e-01
2.452613409136863432e+00
1.755332093758211087e+00
2.334240715319180648e+00
2.793648545688844909e+00
1.514563695399735233e+00
2.720120821009794021e+00
2.242976221309800622e-01
4.660387130554950463e-01
1.517906095711958336e+00
2.677561119195992934e+00
2.341230101511714956e+00
1.835983517075251648e+00
9.580502462036429856e-01
1.128209062600293855e+00
2.979992557895764449e+00
2.253968811403248118e+00
9.873536531966945473e-01
2.364874118762457123e+00
1.886537525294625706e+00
3.075593109483762411e-01
5.319699455521467168e-01
7.954292875579277444e-01
2.844836014746283226e+00
2.574772306564782287e+00
1.668441529094983888e-01
4.938250433522884397e-01
1.892268425180232416e-01
4.715007796623425507e-01
3.210317245568424238e-01
2.216222021478430282e+00
2.809586749014008955e+00
2.876634971500516169e+00
2.898322552033254063e+00
1.674653128941004931e+00
1.158708058453168821e+00
1.053123164245729271e+00
1.941664203622829987e+00
8.996168817726759581e-01
2.297494938070473225e+00
1.307143251001723128e+00
8.904676577368528800e-01
7.428633334058384330e-01
1.400801942901642949e+00
8.100009496475191195e-01
5.765767558104437640e-01
4.836454847720058070e-01
2.722902277066996946e-01
6.926589265568270370e-01
9.433202884264735300e-01
2.857728450015821320e+00
2.657516551230190149e+00
2.429798212514958422e+00
8.636683714636104181e-01
1.720489143223131956e+00
7.255754943948208857e-02
2.533198611448566506e+00
2.041127005110889847e+00
2.779603207280400556e-01
6.757251517859510503e-01
9.639253635666256148e-01
2.592645175081620401e+00
2.151195823981256972e+00
1.617028378269669719e+00
1.192819183539126859e+00
1.692626743125870359e+00
2.518531658171629384e-01
1.561515144392727095e+00
2.543565586979818605e+00
4.828194552019858254e-01
2.328760483575137208e+00
1.014182324807816338e+00
2.583016240025433063e+00
2.561974292629478178e+00
2.173262164864025792e+00
2.440862435746006032e+00
2.469801823019095455e-01
9.714797788408480184e-01
5.963989817224047557e-02
2.777268212505375367e+00
2.047827425183673000e+00
1.001847182472489939e+00
3.979736394481824258e-01
2.089368360637904765e+00
7.944786854448475655e-01
2.285958383941459005e+00
7.543384121242913132e-01
2.353142261312451300e+00
3.208908812874357586e-01
6.235894404326507434e-01
2.865130476480543198e+00
1.022317457962429676e+00
1.593580213745712515e-01
2.282619026311718979e+00
2.784818655238853857e+00
1.994933094582362232e+00
2.520275662557286189e+00
1.259834452969916585e+00
2.379394520690591541e+00
2.334762302620879915e+00
2.290176463860097655e+00
1.276600212957776703e+00
1.687842007609964945e+00
2.618256136664529166e+00
2.864459912619186088e+00
1.186283655780898671e+00
2.601378348128057905e+00
2.042293913833230778e+00
1.367867700286813148e+00
2.317543811793200348e+00
7.338409926807755168e-01
2.520171787953583653e+00
5.101806795406379491e-01
1.008066703348507787e+00
2.825119196743918426e+00
6.530607451370901151e-01
4.297812530458051117e-01
2.734399453000295188e-01
4.754920733193591098e-01
7.464748691407051551e-01
2.194095687382202620e+00
2.587470007501290414e+00
1.002397919910005264e+00
1.743044979795127236e-01
2.050070064383199941e+00
6.197489886290812322e-01
6.116729996692898963e-01
8.089252738201277992e-01
1.510663146679834146e+00
5.908788964493877360e-01
1.410278890979581368e+00
2.520048210657599430e+00
9.705805959539651750e-01
1.931126085029140294e+00
1.244553533007065615e+00
1.004242351041898074e+00
1.437423479483699529e+00
2.003393459767339735e+00
2.916790942576475421e-01
2.707957376163715235e+00
1.416754461509659002e+00
5.858724044490359883e-01
1.355496991280547459e+00
6.161196875440616560e-01
2.620324647683253350e+00
2.624159994783926031e+00
6.720389783534606032e-01
1.122046012515936830e+00
2.885213057235295420e+00
2.187505607108588102e+00
6.340755653516578771e-01
3.027853662872837415e+00
1.483814329366952789e+00
1.736245968841614529e+00
9.922485877692428513e-01
6.332733991636471105e-01
1.033726547886724356e+00
1.962923238150197092e+00
2.244113274217183651e+00
2.272013896184413628e+00
5.766570674146073161e-01
2.863697202179316115e-01
2.882642915742130274e+00
1.280704108628174520e+00
2.857257980330807356e-01
4.281785017781049030e-01
5.794189857855123194e-01
2.401291147314725816e+00
2.409897962681734285e+00
1.791041157207377665e+00
9.859433140418297770e-01
2.766045282360960478e+00
7.608933327244303546e-02
9.649474104180414402e-01
1.020485821503951840e+00
2.922047160386387787e+00
2.025573591072271196e+00
9.915580143413659231e-01
1.068437585941076184e+00
2.412517815330620152e+00
5.804269273903394089e-01
1.860413593412728384e+00
2.367290061662293166e+00
7.497111050531958254e-01
2.681758321474679629e+00
6.745740226517531468e-01
8.410766175830227676e-01
1.791849349913936962e+00
2.468532604391946883e+00
7.242938102504309361e-01
1.960284107047222113e+00
1.172706007166688380e+00
1.089457240830108642e+00
6.339508112412099716e-02
1.236750671441989802e+00
5.281807446397973616e-01
2.764126050435057103e+00
8.858025685622283873e-01
2.293508310233082881e+00
1.149398371064758395e+00
4.563413188979870139e-01
1.065725042986558568e+00
3.465646943412714065e-01
1.264084939935522067e+00
4.264352086155204224e-01
2.764324910541683611e+00
8.931483277518568187e-01
7.772451392568240358e-01
1.068472404874608150e+00
1.228616446626783931e+00
1.214938259076100424e+00
2.672452680611203224e+00
1.706022569014633783e+00
2.717405096406080744e+00
1.800326413459266917e+00
1.701033478504132557e+00
3.677406386221939716e-01
2.404554178901173955e+00
1.126336335954107648e+00
1.433383156360720445e+00
1.057169528182836604e+00
6.362543208470773370e-01
5.515740215106240685e-01
3.039945782666726881e+00
1.832706562570792230e-01
2.222252247368171840e+00
2.424045083325307104e+00
3.429259794981172615e-01
2.047402641632037223e+00
5.210764858230867436e-01
6.395611444859455874e-01
1.971108231678791178e-01
5.802803890434414802e-01
2.477877658752912549e+00
9.724354962900644272e-01
1.453041449428405185e+00
1.236750671441989802e+00
1.743895826260695392e+00
1.893674018380055779e+00
2.036177782167482242e+00
1.824941954172264014e+00
2.506050368644905380e+00
2.681367215902782153e+00
5.624961023585004494e-01
6.949709665281887938e-01
2.162107758594795648e+00
7.394823540381828542e-01
1.024933993062592807e-01
1.318369272875338449e+00
2.860211472859925941e+00
1.094608659749770174e+00
2.011261630859566107e+00
1.035979718840132957e+00
1.163831319452642399e+00
9.093824111971139379e-01
1.881495762648746739e+00
4.386986565682073347e-01
6.884847228593196089e-01
2.101743385370410611e+00
2.439625825430183692e+00
1.876472515388456941e+00
6.702029613789587392e-01
2.443449540045147916e+00
3.035747415968648166e+00
2.277924527204327365e+00
2.359993500964274737e+00
2.935010853836116596e+00
1.551758356602262467e-01
1.957584229819450683e-01
2.173694231736006621e+00
2.721212341285366154e-01
2.826888218694754595e+00
2.753955627782274540e+00
2.558236640133687345e+00
1.985293390929122381e+00
1.064705628748866095e+00
9.739700523634012841e-01
1.903808584674501647e+00
4.158402682720627741e-01
2.435794921604927943e+00
9.280521247848597666e-01
7.412768998434090539e-01
1.897783989120342740e+00
2.749846131277080552e+00
2.760568931292098238e+00
2.085918690880619319e+00
9.673759533350372308e-01
6.946148756577078531e-01
5.759400803097224075e-02
2.638865652552305097e+00
2.475798197985785709e+00
1.767316323484064311e+00
2.360252214671809678e+00
2.161233560086794903e+00
2.031769024742941632e+00
1.118049688175896339e+00
2.323291247105228940e+00
2.780258303552242349e+00
4.810546822028146652e-01
7.615382930350343971e-01
2.556828453724111938e+00
2.351234129176161147e+00
1.087568685895716980e+00
3.003343323198765513e-01
1.768873589073023611e+00
1.355160138845070472e+00
3.048629716635375075e+00
1.150526729610011012e+00
2.611523634962285456e+00
1.276086618503264880e+00
2.092242127943685137e+00
2.460826449230651747e+00
6.988730291110034631e-01
1.753051268285537478e+00
1.067619298229186553e+00
9.185231106859808037e-01
7.592308657361588331e-01
6.037728127973899239e-01
9.274355721905795935e-01
1.222518528101814050e+00
2.164549278120291853e-01
8.201727617288162575e-01
2.756178371244246250e+00
1.708527380587292477e-01
3.874930512063956556e-01
9.604868578754196529e-01
2.720826429386260070e+00
2.898053320331328564e+00
1.125746561881665775e+00
1.812007720294760427e+00
5.724240155546005404e-01
2.747008852263911560e+00
9.980450296615709371e-01
7.576195031499790566e-01
1.122100651136279215e+00
2.460360106465773633e+00
1.992535264159301933e+00
9.979864021308240130e-01
4.243839931192603387e-01
6.249584273248376398e-01
3.253073174667570622e-01
2.359965978966842570e-01
2.640695024281470182e+00
8.473021930765656240e-01
9.552419165965735370e-01
2.867866889289101828e-01
4.568667363367466261e-01
3.813408897894581817e-01
4.194013360714461958e-01
6.622718072883181373e-01
9.199227169454647912e-01
2.361041669905878049e+00
6.827235816653081102e-01
2.511822528513248720e+00
8.343229549966835190e-01
2.243712231179461725e+00
1.052036288547564258e+00
2.415104365330623892e+00
2.448686032524987510e+00
2.240179185986999610e-01
2.274008855179439070e+00
2.851167903796197889e-01
2.598694433984031882e+00
3.114522833176883498e+00
6.982385207452710407e-01
2.348645170247928071e+00
2.578099082980196410e+00
6.467221261512595687e-01
2.989035667719328604e+00
2.685686055432288999e+00
7.747818933337754510e-01
2.682746321852157667e+00
1.268093084134477966e+00
2.940627418030508089e+00
6.163696623140196840e-01
1.617158116457345640e+00
5.286469560502351506e-01
1.977443947151495962e+00
1.746267267925159405e+00
1.239170682090350306e+00
1.469900544504592510e+00
2.221192614866336346e+00
8.296476490659974168e-01
1.165240058415240476e+00
5.949210879728048518e-01
2.532911838975503205e+00
6.646919032355672607e-01
4.873166269357041003e-01
2.520013225846593041e+00
1.028985566670581608e+00
9.189948875567753861e-01
1.637845109959210621e-01
7.935712870153274201e-01
2.875603852151018103e+00
2.673552119460255172e-01
7.224237621060798364e-01
8.748680492197340453e-01
1.128514785526800068e+00
2.415788201317066619e+00
1.359381034763824214e+00
2.933296791546125881e+00
7.304407790446325599e-01
2.707614895690017676e+00
3.028841055433587837e+00
8.692819302710258489e-01
8.632523164419672046e-01
2.198507218673606545e+00
8.242292024608658396e-01
4.908757115969831220e-01
2.107326892506804494e+00
1.010556829641231502e+00
1.252049391449057802e+00
2.136551052518908200e+00
9.961694089251041939e-01
2.848425153980588931e+00
2.041194987528510418e-01
2.373848510030612147e+00
2.920221132146843868e+00
8.285317584721342277e-01
2.434310537491916726e+00
1.088630934157692742e+00
1.776171879297641087e+00
1.088873057630923125e+00
7.506864174723082428e-01
6.516579427543579550e-01
1.462871545529794703e+00
2.641870514976776274e-01
1.839047326408968785e-01
9.058735769405128480e-01
1.262894529928485943e+00
1.544821063348474244e+00
1.530781292114674841e+00
1.456824110882029233e+00
2.981156829663733632e+00
2.833402298004661368e+00
2.116900281132624073e+00
2.605912150045376574e+00
8.597804599497923528e-01
1.021533313164049162e+00
2.588777577513772687e+00
1.762209524928764148e+00
5.427281826333619774e-01
1.824028949489592044e+00
2.698989005056882551e+00
2.213055243968986563e+00
3.649151288839365126e-01
1.161418199732028311e+00
1.844074873274580417e+00
1.802916545266818327e+00
2.938847879112629791e+00
6.971734319124027468e-02
9.910158901650824026e-01
2.707499368817361418e+00
2.159906618616652008e+00
6.812792474585446234e-01
2.761411566277936491e-01
2.268548245775930727e+00
2.701335595942755408e+00
2.318660537825469437e+00
3.639351998161781676e-01
2.230963541480308621e+00
7.569162235296960084e-01
3.489273243285108128e-01
9.560606208753800184e-01
7.353954009814888115e-01
1.750553338598373809e+00
2.316033583125880035e+00
1.083076293160581960e+00
1.354993140552913644e+00
2.228976935594872533e+00
1.033298286746651140e+00
1.065655363561553548e+00
2.469674602725758505e-01
2.932653696975605406e+00
2.985404704775525442e+00
1.228707915387167171e+00
2.581111979057230776e+00
2.167726506266805520e-01
1.081740516189215962e+00
6.154448093736091252e-01
1.598375693484002102e+00
7.840327664517592332e-01
1.754738107551786053e+00
7.596153841275459229e-01
2.972943155867918019e+00
1.334179303127096983e+00
1.091241157298789899e+00
1.417692531504656461e+00
4.764984243763538130e-01
2.726646530918844569e+00
6.770759176088441134e-01
9.437295211222608282e-01
9.182098276330653563e-01
4.142663198292191873e-01
2.142611547144650963e+00
2.607064822846274055e+00
2.439269429002819844e+00
2.397881528332456824e+00
2.707711790429245813e+00
2.096585366860305388e+00
7.106095340725725462e-01
2.789660320755035006e+00
2.312424774424531204e+00
3.241768306970905233e-01
9.364665956206044140e-01
2.468528390604876943e+00
1.221654180794726097e+00
7.355193297402269348e-01
5.745762212042160311e-01
1.071869278943814230e+00
1.822948005212308709e-01
1.075527872670805962e+00
6.639082246357440598e-01
1.765087563697322004e+00
1.848481506095510873e+00
1.099193810550384010e+00
7.620368545829534490e-01
2.018678663921228134e-01
1.833324054458976837e-01
4.415223096451901391e-02
6.588461550715112303e-01
7.004249738268969461e-01
2.817505384738456242e-01
8.310317456866695984e-01
6.359883916598177978e-01
1.720492093734222294e+00
1.246911659268061134e+00
2.652067358844296119e-01
5.543882489090825594e-01
9.382340494793676156e-01
1.350728532825299144e+00
3.089060546080149017e-01
1.324805482887805530e+00
3.141134649643443355e-01
3.523563834134503248e-01
8.244033203109886188e-01
6.245447148744941446e-01
2.652983403605519097e+00
1.918848787717288840e+00
1.281739774813339894e+00
1.972601861400534062e+00
3.651664051530191801e-01
2.840696367851144100e+00
1.541250496706529249e+00
1.148816226220870318e+00
7.441306338678790322e-01
7.104123526448280490e-01
5.406273508399263017e-01
1.949156451214032693e+00
2.605073545879736052e+00
2.594906757165639011e+00
2.527410830797824914e+00
1.571119864986969983e+00
3.047812209349743284e+00
2.102104121317036611e+00
2.190242057816064403e+00
9.301777072294153959e-01
2.748765480139940376e+00
2.578543390788579082e+00
2.547415564319519099e+00
9.233349857083907875e-01
2.983731875058640792e+00
2.362424210524605606e+00
3.940337174513621199e-01
2.344526408962983144e+00
2.726703204250197299e+00
2.352976920405491779e+00
4.303836947716737638e-01
1.197928955617647978e-01
3.422258311133569153e-01
6.497123318983033524e-01
8.344991200461877590e-01
4.939953594181347163e-01
2.281381846985885531e+00
3.125969310754423081e+00
7.149246109240257052e-01
2.009929849633995236e+00
2.610243946847659924e+00
2.927989850436519270e-01
7.301664679158067495e-01
2.636633292538481665e+00
2.708589798543640015e+00
2.271106213722959843e+00
1.124839170260945709e+00
7.191983467824953902e-01
1.480635523197671999e+00
2.034548609939380859e-01
2.995888786677309401e+00
3.023322333379454996e+00
1.377898159025604308e+00
3.786823763608320181e-01
8.050148480703122056e-01
2.526854070461748591e+00
2.392863685066830115e+00
2.268358991852262196e+00
7.932235719627764858e-01
2.287499925028530501e-01
2.467562556773440718e+00
1.442524041560707904e+00
7.693130806048520398e-01
2.205764497894918019e+00
2.487703194354300873e+00
2.245180800145266886e+00
1.237285499999816629e+00
8.380015147602076775e-01
7.571908286512460950e-01
1.560144296136944497e+00
1.034714922359498468e+00
2.439526413113137338e+00
1.624978669384663954e+00
1.994795260883819310e+00
2.048173302148633024e+00
1.771758597580729067e+00
2.681062767571878780e+00
2.804056790853170611e+00
1.127516550821933139e+00
4.444232881760921683e-01
6.228031852010400549e-01
3.896776789965742394e-01
3.825053847698693388e-01
5.996354787968511957e-01
3.350926128301648932e-01
1.307886196010753510e+00
2.197272351686321734e+00
1.498373631618021173e+00
2.746428587514635034e+00
9.340832329998778327e-01
4.759341194968128019e-01
2.478392966196219849e+00
2.655213220839772070e+00
4.491849882108021608e-01
2.346532788194110708e+00
2.290706895298140200e+00
4.854630994031183255e-01
5.975870217554973829e-01
3.853792203787975157e-01
2.452749308261231498e+00
9.313164434021300453e-01
5.698720328659667711e-01
2.469423974457155779e+00
8.522885080775285394e-01
9.914194007445343848e-01
8.878839779561582546e-01
3.630472492788520134e-01
2.477367889520441402e+00
2.387753094114470453e+00
6.270828181799434353e-02
6.892252195716611629e-01
6.737018079975420903e-01
2.809701193474515080e+00
1.419858399334182231e+00
2.236810604431380689e+00
2.445970693764406789e+00
3.020343261460397777e+00
2.422394800306516327e+00
2.108061490011856165e+00
1.994269901097852848e+00
9.201891146287779488e-01
2.646484034529783091e+00
2.207135734988413311e+00
2.495115746133568457e+00
5.141864299462068910e-01
2.885683351765579552e+00
2.505153124519092778e+00
4.951109274558134765e-01
1.347234905770116509e+00
2.405384022853696013e+00
1.199523479221893840e+00
1.005887103307869124e+00
9.287769994150993913e-01
9.379505906668818005e-01
1.453999461780062896e+00
1.734850038684954132e+00
2.482853330991952046e+00
1.923355679772096871e-01
1.763599753452347096e+00
2.620645757267399567e+00
1.044568662996356423e+00
1.605498129490050774e+00
3.026308768259502013e+00
5.481969216504885001e-01
8.762984441608233643e-01
1.160024664781651893e+00
3.046214813914862152e+00
1.200762759502988830e+00
1.798860923808702106e+00
6.905563818133502174e-01
2.087641502295772167e+00
1.997519112726602319e+00
1.385453887387965155e+00
1.042249030828312772e+00
1.946181478058740311e+00
1.027379994007494357e+00
6.970785358265281229e-01
3.289250250875795367e-01
9.018607137115509653e-01
2.876211103105867917e-01
4.645975795217501259e-01
2.838508633482459409e+00
5.865613243063697579e-01
8.248113144183322198e-01
1.293387385609054974e-01
1.529219621292923659e+00
2.263177188345124158e+00
1.163653169570481927e+00
1.794456870324379505e+00
2.485902093795846035e+00
7.602696692843957660e-01
1.141710142032875464e+00
6.116468731527767710e-01
2.891300139170133399e+00
2.342367174003658903e+00
3.824698571697984217e-01
7.753510509699100828e-01
2.089089494984744722e+00
6.680624664920792322e-01
2.794692503221793523e+00
2.170522619756821481e+00
4.152425955657391143e-01
2.963643219277573237e+00
1.705376003428979104e+00
3.050702104284836125e+00
1.447079545873867223e+00
1.126336204396258367e+00
2.539887303578414190e+00
1.826245744253875980e+00
1.777123318183212231e+00
2.084957599329870792e+00
2.804948807033457392e+00
1.063686270475955098e+00
2.843972462281695313e-01
2.260942605018759100e+00
1.511112684771644121e-01
7.159001634165491623e-01
2.993537792908151918e-01
1.674698368863596354e+00
6.276606714591348446e-01
9.365946197395127459e-01
4.459045728455788837e-01
7.558916286605756873e-01
1.428875459775883927e+00
1.735931456533235551e+00
2.200569119932220818e+00
3.204496241320977101e-01
9.749867144061028501e-01
2.869810957296615950e+00
2.531121455324359282e+00
1.339250619185210711e+00
5.748549473109990648e-01
1.009450426395698042e+00
2.810488814953603143e+00
9.370768277658424461e-01
1.068543318929529251e+00
9.126487716135639472e-01
2.146485874114583581e+00
2.496952489227557415e+00
2.604847596256214981e+00
2.637336281652365777e+00
2.439344267275500133e+00
6.061149169608109899e-01
9.951235813542393949e-01
6.115564314276163982e-01
2.162998918270413462e+00
1.749522994366409234e+00
2.578887840904533046e+00
1.255258701456491544e+00
1.439483220444765843e+00
2.556353988605048144e+00
1.362452601993976220e+00
9.630578584079192428e-01
8.050032831350482088e-01
1.032508663229313672e+00
9.028828239943224032e-01
2.607654594169945383e+00
3.404820935447354091e-01
8.729439960446906399e-01
1.897963008434102372e+00
2.479729519327717124e+00
2.458303562547775378e+00
2.666978238346975782e+00
9.458399664699788101e-01
1.230470372127561829e+00
1.015979572988553681e+00
1.363701101911237057e+00
1.327763540062419922e+00
2.179564485306185517e+00
4.317514876797711731e-01
1.494834104740773828e+00
1.898337058241764908e+00
9.301660797113782131e-01
1.876025739504812773e+00
9.055750565094979887e-01
1.883101070341510086e+00
2.737869050249256642e+00
2.142877373998015589e+00
4.118737719392537300e-01
2.826459411804079558e+00
2.793075773976690712e+00
3.849981700149018304e-01
1.192748332245862741e+00
1.411935026191429854e+00
1.157942361912848606e+00
1.203284272126668109e+00
1.985548776573568874e+00
1.189053238668861923e+00
7.172406689984045514e-01
9.011791621758313831e-01
6.946658196536189545e-01
1.504541468927308445e+00
6.223890391197856031e-01
8.585542052955702497e-01
8.191139289554622005e-01
5.487820208883229522e-01
1.709376258877753019e+00
8.331822975543089482e-01
1.006886918807925024e+00
7.214033093731937463e-01
2.913054536816083173e-01
1.452169151984378903e+00
2.312357964204496685e+00
2.694758968970231816e+00
2.282414513141093337e+00
7.933887281677397540e-01
2.732139951692568847e+00
6.144169752843848809e-01
2.483114987611131586e+00
4.863106843922591072e-01
1.080075734473395110e+00
1.542404391871750491e+00
1.844595312034380097e+00
9.342734919901185542e-01
2.075453947698902457e+00
2.807190948821180587e+00
1.678343006681110583e-01
2.712611767361628345e+00
1.715071939629472464e+00
1.901981338956648004e+00
8.264687288651469954e-01
6.620940510916062394e-01
2.947239098687653325e+00
2.163215646282424132e+00
1.183506913136437300e+00
4.037204400103209245e-01
4.989954361027011953e-01
2.125701044732012157e+00
1.307179887105534011e+00
4.631270339635493172e-01
6.541495068183881267e-01
3.021096074722783076e+00
5.840806585891976654e-01
3.681071832056066473e-01
2.362894781895162222e+00
2.417581092747032478e+00
9.546448200913284499e-01
1.121001546263913129e+00
1.923384159131608762e+00
2.000557693449945607e+00
1.292145074586825704e+00
2.469096726916709006e+00
5.075163256360740727e-01
2.632098201997478792e+00
9.555059078997073518e-01
2.513399972370313762e+00
2.983835027307614851e+00
4.260865934369002517e-01
1.443058637321922077e+00
8.433115119807086391e-01
2.398210950218024884e+00
1.869296984445732779e+00
9.961871508062295488e-01
2.460750281094279401e+00
2.150014747945329319e+00
1.050772725757911141e+00
3.317079995278346960e-01
1.717325047167657104e+00
1.103065323822989496e+00
2.226235483830181494e-01
2.494747987212537321e+00
2.748678583404936759e+00
3.093114113145912780e-01
3.779003808994872982e-01
1.694570418531475164e+00
4.247532847772777509e-01
3.458471469058229664e-01
2.433705557249816298e+00
6.243817881131805692e-01
1.240778772898392335e+00
2.117170409293004152e+00
1.987650001812529155e+00
2.667322628670123041e+00
2.997978152896408677e+00
2.165402584186387536e+00
7.781381106942315551e-01
5.419013686353316706e-01
2.349108820004835785e+00
2.882156419153242499e+00
1.084088446367499570e+00
5.670934236432710884e-01
2.321883807839223213e+00
8.126067136431346372e-01
1.783369751456216346e+00
4.138467895665997043e-01
1.174568173469114685e+00
2.334110765841377610e-01
1.212139494931216310e+00
1.962524143096912033e+00
2.830039659753051939e+00
4.163127133008853731e-01
2.183967526040226037e+00
2.175567152440672114e+00
7.178261274746958187e-02
1.087397667679854463e+00
2.695632655861146532e-01
2.215931168927910200e+00
1.245336535830293467e+00
3.334822210089232741e-01
2.430046862338843816e+00
4.230987050736906285e-01
2.781384105602739520e+00
3.513030429763117080e-02
7.004784768172408471e-01
3.047669121437081574e-01
1.101578018032695505e+00
2.212261966228427745e+00
8.216411776337469997e-01
2.307186068209363228e+00
6.722192065190849553e-01
2.441114459250341095e+00
1.098219232262783951e+00
1.547522604383234635e+00
2.275742255927900359e+00
1.698217689338434644e+00
1.971261075959251263e+00
1.661240026782085932e+00
9.136141766429224376e-01
1.355616260633082604e+00
4.147094842452687113e-01
2.941158177081624636e+00
2.517852194529993426e+00
5.255015576019087531e-01
1.748089950897829259e-01
1.945132837627856714e+00
1.022206939071570231e+00
2.430512763310065383e-01
2.608714838627735233e+00
1.049001061476639629e+00
2.371803506209285484e+00
1.367805687291772099e+00
5.327139289188788096e-01
5.611184289418646998e-01
6.671254966046603618e-01
4.052868133938338224e-01
1.635727977433464098e+00
5.327187713358940702e-01
8.316318030730914801e-01
2.568374786825344813e+00
2.233719118253980174e+00
4.783012316703889044e-01
8.004522982883341964e-01
2.154537724068103177e+00
2.906734648763058093e+00
1.149011360340924215e+00
8.552838911134662547e-01
1.734804129212277335e-01
2.762591264046312833e+00
2.743193268568680843e+00
2.443803450963089041e+00
2.372099670456390363e+00
2.448674800416665409e+00
2.899471284213434252e+00
2.601595306470303459e+00
3.405242271535053322e-01
2.607097978843441410e+00
9.176669030062873933e-01
2.118237800380132985e+00
7.498738262929131038e-01
2.414178428461923875e+00
9.804355211045514551e-01
2.834614552894929140e+00
2.322951520398320202e+00
6.775612127312993227e-01
1.992966653968904822e+00
1.368792367389446651e+00
2.111686329480640723e+00
9.407774767537685490e-01
1.002661187667182263e+00
2.489342546625673336e+00
4.154289763979767125e-01
3.915956322767069064e-01
2.822926705892020216e+00
1.014163644542001252e+00
5.614819712667795670e-01
7.710192618478112214e-01
1.125370574925332212e+00
2.346113113302355391e+00
2.522357445608358617e+00
7.420589827570257535e-01
1.170869027063786705e+00
6.958558171124470393e-01
5.161566621754057893e-01
2.676227623894523955e+00
7.384936763545766336e-01
2.279427847325095957e+00
1.282695948057539059e+00
1.551089995016865508e+00
1.365920188599235585e+00
1.899353241017412319e+00
9.188569536791667547e-01
8.697478429024607660e-01
4.910041003922199221e-01
5.271403145021489323e-01
7.641664275478089463e-01
1.336087513795679138e+00
2.245891755996333394e+00
2.886613371909009018e+00
2.266399049655080322e+00
1.001424897220046351e+00
9.640821051815008369e-01
2.539266185698788814e+00
1.893950376615951559e+00
2.942535149735805988e-01
1.046814800476795204e+00
1.447906873065752942e+00
1.246103906280847523e-01
3.005930182144379792e+00
9.656585402665928131e-01
5.957656505240336298e-01
1.373245682566973214e+00
9.115597509845847490e-01
2.203140678128728158e+00
9.818435185151648259e-01
1.013138374512036588e+00
2.618688530683466187e+00
1.384836891102814604e+00
6.548349151734979001e-01
2.596809971989416876e+00
8.806490833600869594e-01
9.079192583930641991e-01
2.615471362173813485e+00
2.049606457725916098e+00
1.728934008936513944e+00
7.703667612034477141e-01
9.899497010966920030e-01
1.763700584546392447e+00
2.633598513854772172e+00
1.494546679261173905e-01
2.952973387454345122e-01
2.539259606045068729e+00
1.162103169302747263e+00
8.811468352201902166e-01
2.295713370559259836e+00
2.845099158287821783e+00
2.752518481303408038e+00
8.418029689233017532e-01
5.467422187048844862e-01
1.854891801034342702e+00
1.176513028810915129e+00
3.967024182861162984e-01
3.945216900311739883e-01
2.422127509860962924e+00
4.380257184913337043e-01
2.969676183229112976e+00
1.069870369050506809e-01
3.112239206793667168e-01
2.507256432187678352e-01
2.674759758625716799e+00
1.047328663825450867e+00
1.360819466454067150e+00
8.727479451412603062e-01
1.173710490692543518e+00
6.891158331518905111e-01
9.527726320263808502e-01
9.181784028800351605e-01
4.810942165130824844e-01
6.288441994784949030e-01
1.721730622858307802e+00
1.385542674309812705e+00
8.613584354073914318e-01
2.630500432950257483e+00
1.394572545803316910e+00
3.347597559078794305e-01
1.124777213296573652e+00
1.259061981363087668e+00
7.618413802923158507e-01
2.775809695416036060e+00
7.981092734063002236e-01
2.601455069888945815e+00
2.667844332609698998e+00
2.969143022579976865e+00
6.898701681640623251e-01
7.738454442601165884e-01
2.353818046973460199e+00
2.542561738875848132e+00
1.738581363455766748e+00
1.047424662647517657e+00
2.597474207439003813e+00
5.472463154899653848e-01
2.374300401666971982e+00
3.627525634235517216e-01
2.075260780888535272e+00
2.663336410248187569e+00
2.938504136060551275e+00
2.633085749994832359e+00
3.943612436846696268e-01
8.924827969814188577e-01
1.000725654069677173e+00
7.534001358178366026e-01
1.135296973712692781e+00
1.099126726785941477e+00
8.180389053224117468e-01
2.689033432258192136e+00
1.250023798499407146e+00
7.289476096386539039e-01
2.014050171249816668e+00
2.438785417932030963e+00
1.861778130310909107e+00
1.016851184062196989e+00
8.014880199741885036e-01
1.753685412110425501e+00
1.315443352839972047e+00
7.582271701092685445e-01
1.249712403027850582e+00
2.789944284953899789e+00
2.317562172440797319e+00
2.885655710642414107e+00
9.839508680400456120e-01
2.697663420700552095e+00
2.846108833745703226e+00
7.391777248123422295e-01
6.099390263978701210e-01
2.162067272875808133e+00
2.364923609900312140e+00
1.030352547345372294e+00
3.871110997230320927e-01
2.434512040707673464e+00
7.533639852034509365e-01
1.370744999155207422e+00
1.371694482792185976e+00
1.512743767418004426e+00
9.377522533059066134e-01
2.657166350202716298e+00
7.905369916731187496e-01
2.068644129335976078e+00
7.666977310275531199e-01
1.350310074345437483e+00
4.758772515397418079e-01
7.812210282744359580e-01
1.351612435401959411e+00
2.428694369535665754e+00
6.708847163591494800e-01
1.650768732283110385e+00
9.021516004690159907e-01
8.094432111746869829e-01
3.942947088381502652e-01
2.104121554981478237e+00
1.050230955888621809e+00
1.642640007566489091e+00
2.729309352281955814e+00
2.693833542039807849e+00
8.746601355865468719e-01
2.371037264285096313e+00
2.329976016071640732e+00
1.427642486640248398e+00
1.819493302785863964e+00
5.715284362562077503e-01
2.559799719006314866e+00
2.497943361226880210e+00
1.750361364028784505e+00
4.032118351752451146e-01
2.165121166072646819e+00
8.554166236395750467e-01
4.197978753621676162e-01
1.266841270788824803e+00
8.130609129136757707e-01
2.539832372936937643e-01
1.065201595569682080e+00
6.286812798152207060e-01
2.730794511652340884e+00
2.213720850401038831e+00
1.138468603921694466e+00
8.489256859654722431e-01
8.259768937914682141e-01
2.620345509773802206e+00
2.550849768376240334e+00
2.468271899801726565e+00
9.973163487454483889e-01
2.695824787210311380e-01
1.588572476906342956e+00
2.801480309667916835e+00
1.923758434603012768e+00
2.315934084666068760e+00
3.110466429228725960e-01
8.763243241424479857e-01
2.598627577228452168e+00
2.520357879628362330e+00
2.958011091457080965e+00
2.095004804096704643e+00
2.718862357846904221e+00
1.153814324057442331e+00
4.496537387739831249e-01
2.393182360208588211e+00
3.601278249781770802e-01
1.171034300244388371e+00
1.737623932219781286e+00
2.517273036489275029e+00
2.438528695452453654e+00
3.741124448516752743e-01
1.896978155697715218e+00
1.407268333977073960e+00
1.051771098314556507e+00
5.068549393604918629e-01
7.408297078893978371e-01
1.450312466573693504e+00
3.659581151857733139e-01
2.798784001511817721e+00
2.354968185670582859e+00
5.548841285094665565e-01
2.304568175490914861e+00
1.295211681834274042e+00
2.581251308572299230e+00
1.445982803406687056e+00
2.361084117979816099e+00
1.077682382609296274e+00
9.175911533803188247e-01
3.609666906285553534e-01
7.097099956128529730e-01
7.872748723001666837e-01
1.622892467069510847e+00
8.439524314235794522e-01
2.103788699014016661e+00
6.566271876491454051e-01
2.251131580392233822e+00
1.866915513442424013e+00
5.310143666443529753e-01
2.338558223612923204e+00
1.458699924744905951e+00
2.053404326096502697e+00
4.845049588657702744e-01
2.855043861516044057e+00
1.089920288787697533e+00
9.437916200779480347e-01
1.302889125129984338e+00
3.566351766673673263e-01
6.725114096284176002e-01
2.148382364838021363e+00
2.610359893911125440e+00
8.396885060093522979e-01
9.029580389489152425e-01
2.278848744038907803e+00
2.459485431187764082e+00
8.541556940833026079e-01
1.939250913046249636e+00
7.856911839287467059e-01
1.146384867719417944e+00
1.783381073345065682e+00
2.050181435376024819e+00
1.466695003918830897e+00
2.004263990208092761e+00
9.089130039470108002e-01
5.521977201232838306e-01
1.204805746504482578e+00
2.402099921494487145e+00
6.110420914543432946e-01
1.526000150209938733e+00
1.294731096182883956e+00
6.838187503663126776e-01
3.044193888115512614e+00
3.957728563231273089e-01
1.309875543787720975e+00
2.875425724675872097e+00
1.066300431073591959e+00
4.550144612421705981e-01
5.253961520092800264e-01
2.791337547378182737e+00
2.747069378162139586e+00
2.731187317277810500e+00
1.384433446200496354e+00
6.416342241740304875e-01
1.537557259430982204e-01
6.627243043720784099e-01
1.787880916816550370e+00
2.440533568015942123e+00
3.824798953033373139e-01
8.267280335603138797e-01
1.290730794713024210e+00
7.166204345608218063e-01
5.013724990990940933e-01
1.296869895870439438e+00
6.452835003721215656e-01
5.244923750098003934e-01
1.900431217450686106e+00
1.233539240527904424e+00
3.131011768013868268e-01
2.754082856380068112e+00
2.931306629911490935e-01
1.169090141356838419e+00
1.549673983358601959e+00
8.492082351197235424e-01
1.913593943941152897e+00
4.185371086949029040e-01
3.004776764855409343e+00
6.452006794068582129e-01
2.059358868562010780e+00
2.388775895464298582e+00
2.702345276764450244e+00
2.675453818101594550e+00
7.401982443788677202e-01
1.123441488090158868e+00
2.999057114536817004e+00
7.318797155851065606e-01
2.092176596696043944e+00
7.947477924385210057e-01
3.798625185743079724e-01
1.058286363856877133e+00
2.493314416677447465e+00
1.496638362463821315e+00
1.198369633497602837e+00
7.267479915356618303e-01
2.681534800654097328e+00
2.339076455979438141e+00
2.313087460438802534e+00
9.592302683362607940e-01
9.784892830590899981e-01
1.012757829720582592e+00
1.275144652156258829e+00
4.012370508884259834e-01
1.661295724670631913e+00
7.234821935664718096e-01
1.488606870959452433e+00
2.943229388164452232e-01
2.449139223985203895e+00
1.966302418270500008e+00
2.220839278034021369e+00
2.264250446300801300e+00
1.170475298907240891e+00
3.956512746314970741e-01
2.380317791141344674e+00
2.047791114399180878e-01
7.902834893424226514e-01
2.555905503804402734e+00
1.076541477889790599e+00
1.975846526244231960e+00
7.049134871583414563e-01
7.242106548366082919e-01
1.176791957527464350e+00
3.649564155227457141e-01
2.356448554738439949e+00
8.074732887953629534e-01
2.831798402144048987e-01
2.240561213774655780e+00
9.061632146011332489e-01
1.239304216618504872e+00
2.600075372053008427e-01
1.861437797441830355e+00
1.828472467789913569e+00
1.037082467730829904e+00
1.092078916021484103e+00
1.154451342443219453e+00
6.383889350403492147e-01
1.354009857112969950e+00
1.988438148860839583e+00
2.339370062493215219e+00
6.367775123035416263e-01
2.551903266041675167e+00
2.718097306687843329e-01
2.285817278602825020e+00
1.743136358602716207e+00
2.732369147334774429e+00
1.141962651790744188e+00
8.074640380223599978e-01
2.664094881474294851e+00
1.258426193434066587e+00
7.207546132281811291e-01
2.008398925668056112e+00
4.627279103720974840e-01
1.496545721674910734e+00
1.632301831493358835e+00
2.392543505311096386e+00
9.055609679899599973e-01
5.581108026534389310e-01
9.224654872884480161e-01
8.862617004375850094e-01
1.333760695805018104e+00
2.755085524063635383e+00
1.733141897134503395e+00
2.320253377087195812e+00
1.511234123181750322e+00
5.082501417963918300e-01
9.798692730887303970e-01
8.456448590141223132e-02
2.220935510084201425e+00
3.842099727948462551e-01
1.706622157125107675e+00
2.485511967136822875e+00
2.238992473028524000e+00
7.286014437167087632e-01
1.244731489425985993e+00
1.316674631773559812e+00
1.468620767988302322e+00
3.970138209675813101e-01
1.006541955930903454e+00
1.999806683943194052e+00
2.149909416805750428e+00
2.080432898982728318e+00
1.435843946940583704e+00
1.848156082283011203e+00
1.235031197421422755e+00
3.770274218408563305e-02
3.158964962905704832e-01
1.134755935318040310e+00
1.821362949037642398e+00
5.427952186088835784e-01
1.085820248385064746e+00
1.561331886634448884e-01
9.165069154660403505e-01
1.227484953229329268e+00
2.853886465391288207e-01
1.308889449847131514e+00
1.488042684978853725e+00
5.231809804480549442e-01
1.082260386496806337e+00
2.498298227132548011e+00
1.165462334688143864e+00
1.096921586879953558e+00
2.418219548758404169e+00
5.263577416938429732e-01
1.158359678047766295e+00
4.938302705203053145e-01
2.479485976270389802e+00
2.147091777310860206e+00
5.523372695114936448e-01
6.954627205178578464e-01
7.633692333372669170e-01
2.729272051077444416e+00
1.517017977711730747e+00
8.712467152162798323e-01
1.306801895151760595e+00
1.519225414742690239e+00
6.529544858979662303e-01
1.099847968900921291e+00
1.238542510368141197e-01
1.392745266379535218e+00
2.196971468959509011e+00
5.584119707889166895e-01
7.702478815545173996e-01
2.630314757885822807e+00
6.192769140692758745e-01
8.465208015577226908e-01
4.442181188565351158e-01
2.634974070027818804e+00
1.165775950573642444e-01
1.582467588565996897e+00
7.441070049093265748e-01
1.492476863762668415e+00
2.351462411078387493e+00
1.220148207877451707e+00
5.596712820229600149e-01
1.279499811614242200e+00
2.683005095105174487e+00
6.581374390495176030e-01
2.320523206933279958e+00
7.072853551652780180e-01
2.619075141414861640e+00
2.320929326568779150e+00
2.344231856860571117e+00
7.980857104108431965e-01
2.190145348788077595e-01
4.068170027305494374e-01
1.171356936953388272e+00
2.460160569300764988e-01
2.701063613649956174e+00
2.101692940258718334e+00
1.806464705907192769e+00
1.514826051314739352e-01
1.472247642047882277e+00
9.820380131722460382e-01
5.664474177645000275e-01
9.681751135668495989e-01
1.155032701034517828e+00
3.004920720047074223e+00
6.314529866006357572e-01
2.995697460294934444e+00
5.955484125869854317e-01
2.864072113634577477e+00
5.840067970057265523e-01
2.187822133078876075e+00
6.241061860549146356e-01
5.866231251071796216e-01
2.311310536536168581e+00
2.602175787281748143e+00
5.775161925690858178e-01
1.895586055867418462e+00
2.362156552119136776e+00
2.095050157945408664e-01
2.831889362963437407e+00
7.913622352951068528e-01
2.633110756695204557e+00
2.582771720029183538e+00
2.445752052026153867e-01
7.246122171314387517e-01
1.323738246609017510e+00
2.057681764277545788e+00
2.181228462762813791e+00
7.474360212035890960e-01
1.564892031404655937e+00
7.743556185653566182e-01
1.875868699779368765e+00
6.799091145938037650e-01
3.006308680195327820e+00
5.235483143340009977e-03
2.370031989219666180e+00
2.537345818019381749e+00
2.226198731041861389e+00
2.881321403359004663e+00
1.634423397708823611e+00
2.506034140391677489e+00
1.112319453342184294e-01
7.136362116543479850e-01
2.923101639726652046e+00
1.660428197239590897e+00
7.704445301200338880e-01
8.006097227667109406e-01
7.675100854261726058e-01
1.826367566856624824e+00
2.898254334672060173e-01
1.058716169690119502e+00
2.590041709073445997e+00
1.539693957139921299e+00
2.445290407941669297e+00
2.741559069725027165e+00
6.888189569108930099e-01
1.367695990327218336e+00
1.422501000999772280e+00
5.889938164642191110e-01
1.051938872749837106e+00
9.435686001067099538e-01
1.699812595746412303e+00
2.304848044755731795e+00
1.009357466468884024e+00
1.018079687335395223e+00
2.082583323145712928e+00
1.847418446613554366e+00
8.265421243789879968e-01
2.233044774510478447e+00
1.133651692622462015e+00
5.422630307198297306e-01
2.892462592573381119e+00
2.079398492076678373e+00
1.062961224904420243e+00
1.127650386119523063e+00
2.015027044196870065e+00
2.718576238509428311e+00
5.666173305229007529e-01
6.123045003740841263e-01
1.308310112402665704e+00
6.872536464944623003e-01
1.247382606227186441e+00
2.033404348884631396e+00
8.560887284532386898e-01
1.275663731480225493e+00
1.916713227555412402e+00
7.378348634189784150e-01
2.448403806062702248e+00
2.474709259166580910e+00
1.164405078164051588e+00
1.680039033449702846e-01
1.344327153143945131e+00
2.466695629880480300e+00
1.481164926942870830e+00
2.617512130126188108e+00
6.318640824903766218e-01
9.798470010219816340e-01
1.229952160726608817e-01
5.874456229305076160e-01
9.810390011546166189e-01
9.045671206443870460e-01
6.302748709653114290e-01
1.179942302326737025e+00
1.629384134907913007e+00
4.538579123058769094e-01
1.818134483922306366e+00
7.038358564793197880e-01
2.310649137701514810e+00
2.701734709843672810e+00
3.602619271649761257e-01
1.680655923446323918e-01
2.884742075606478107e+00
3.727511120906383257e-01
3.797916303215089773e-01
1.494260632332277794e+00
1.051299995988245195e+00
2.375726503123537725e+00
3.867877563531896823e-01
2.101251071805456672e+00
6.343345052986600896e-01
7.454926234666704454e-01
7.660102211055344057e-01
1.813168723908006319e+00
2.751455003260533605e+00
3.805292122054846904e-01
4.995674908994761076e-01
1.337361715234845150e+00
1.789832035869076465e+00
2.353918455573346780e+00
1.426186187839449948e+00
7.862929628294891282e-01
1.393583940883218242e+00
6.938329391461467432e-01
8.746443850598863978e-01
7.629242975654370040e-01
9.038348005068356228e-01
9.270055211239154325e-01
7.047527650212869199e-01
7.035964252050093126e-01
7.155160418273173173e-01
2.363946782657587953e+00
8.067532319636192550e-01
1.227572331148840235e+00
4.714140967611754052e-01
1.022295397830209840e+00
2.587690762778152909e+00
2.150832665003422850e+00
2.450155452269701328e+00
2.355429307286736940e+00
3.359133043987518885e-01
5.716077399451762187e-01
5.651950726627095190e-01
2.250857902002956656e+00
2.796725574200342290e+00
1.485755947047553649e+00
6.602089599276367293e-01
2.702916506745067227e-01
2.554429730084742944e-01
2.807016748219348656e+00
6.372048400230081455e-01
2.719386208446772368e+00
2.183214863521472981e+00
4.271218197837081121e-01
2.437619036234910386e+00
1.324765854965383127e+00
5.975581335590387511e-01
2.545839675493552612e+00
1.327043150300263596e-01
2.129306266076476106e+00
1.139652200384230207e+00
2.177186607641265148e+00
2.295073412222477405e+00
1.617257545500125238e+00
2.139469519535679876e+00
2.589635050566307051e+00
1.336888915933930999e+00
5.023898603858127920e-01
8.180013661081474430e-01
1.119803633732975534e+00
1.942561777058373185e+00
7.563683030853421974e-01
2.251008532043914823e+00
6.815765007489850147e-01
2.604614644168272708e+00
8.415621028457833663e-01
5.370517748204158837e-01
1.886921142628307901e+00
2.264597539357731559e+00
1.938310749180847115e-01
1.683324719269782443e+00
2.541492844157350550e+00
2.633193704256422851e+00
2.604782208332371951e+00
2.190614461199182905e+00
7.714604423667810185e-01
7.492574420602242657e-01
2.445038231040607801e+00
2.658909793415179745e+00
3.117775373613699275e-01
1.691705380387950708e+00
2.448294553029049414e+00
1.239572884696380495e+00
1.561185753585878411e+00
4.796910429407434950e-01
1.241587495420086729e+00
4.003045478979511129e-01
3.713460681171535938e-01
6.608940507363014749e-01
2.850925196930751415e+00
1.403502326181003124e+00
2.934846170303609725e+00
9.758183277677695555e-01
2.699198625240200933e+00
1.138496317077136055e+00
1.592374349952335955e+00
5.248956824613856265e-01
4.511181719839637005e-01
1.975070461261561272e+00
1.292180356049500878e+00
2.280904579897958584e+00
2.850008370787300738e+00
1.236611409735907108e+00
9.224805835409956023e-01
4.329940426304603740e-01
1.733564929901437457e-01
8.873963683302829031e-01
4.389127399843448241e-01
1.678229166093733182e+00
5.414330432675691362e-01
2.287487241192842191e+00
1.341772843651832359e+00
2.373581954419972551e+00
3.837073194220341765e-01
4.623126106524341195e-01
1.044717691822043104e+00
6.493410947641329312e-01
7.178790260247653876e-01
2.032658076420232884e+00
2.580285608778531525e+00
1.144851446991266508e+00
1.179878385016497555e+00
1.053132388720608992e+00
2.611508005566081092e+00
1.885802219955357684e+00
2.247906555929838568e+00
1.236467288056863012e+00
1.541726588646757934e+00
2.140180715016155588e-01
1.293453211896884003e+00
2.663135607555931816e+00
2.862552175677360866e-01
9.914083080105954293e-01
1.632745524612009058e+00
1.260548799677195797e+00
1.868888325244026039e+00
1.087933305239534354e+00
2.170503261118388760e+00
2.664280318145705539e+00
1.005958665687374909e+00
2.693003092754973515e+00
1.754651893116808470e+00
2.373341103034171784e+00
5.646467739348242088e-01
2.638786414607006137e+00
2.559165579345823005e+00
2.246439745552379907e+00
6.843254220403129917e-01
1.567737672104328350e+00
1.109232547673284719e+00
5.058435494495105988e-01
9.299394116481988215e-01
6.950885340152146430e-01
6.600579349248174577e-01
1.402215776546646309e+00
1.358036070222839564e+00
2.490055006431664442e+00
2.472517301913415011e+00
8.621093669097438239e-01
2.520289484901833799e+00
1.650287969823289069e+00
3.022668086470033377e-01
5.162085895987867934e-01
2.763671857048440206e+00
2.106509858322529016e+00
2.075220858518114220e+00
2.393435738828719295e+00
1.009938499147273516e+00
2.601893042564392466e+00
1.469799493016143321e+00
4.893768820940582742e-01
3.499423232567501763e-01
1.144783281683171561e+00
1.330027871843259824e-01
2.577525313625979031e+00
1.211956670289105142e+00
6.547204702772195795e-01
2.082049005660444596e+00
2.311978229237142912e+00
4.090616837872492750e-01
3.844326514997523092e-01
1.395270048905817850e+00
5.712496916125617830e-01
3.928955888243146344e-01
2.410727968239872787e+00
3.620256786768457080e-01
3.937350988214389225e-01
1.378225376201042796e+00
2.580844219061576794e+00
8.415721723166138535e-01
6.486384097758128853e-01
7.726731056814337695e-01
2.586530190778563387e+00
4.053447971757069279e-01
1.815226819752788101e+00
2.270951990038876378e+00
7.707525553099785487e-01
4.632024296255801143e-01
5.636089337085864459e-01
1.910493256406787577e+00
4.777398794368383772e-01
1.056726663327488103e+00
2.448543895551605676e+00
1.287438820403511874e+00
6.925716066445156693e-01
6.086695428582725720e-01
7.909677436614458435e-01
2.029478501039520655e+00
2.350167397451428108e+00
2.538604116824632051e+00
1.908081560140708843e+00
1.437274498929854705e+00
6.378667100862108752e-01
1.438314038528752059e+00
4.005901762497769414e-01
2.206114625036249333e+00
1.269812758121299234e+00
2.839223598940654458e+00
1.542431560838162685e+00
2.904506927058968735e+00
1.002273968647673152e+00
1.419830653752730321e+00
2.562573931259620519e+00
1.008291651969432712e+00
2.303834699697120125e-01
7.500464407486397977e-01
1.956495920532826061e+00
8.314312305335206377e-01
9.645649421534046031e-01
1.228803657937645566e+00
1.394094167938962681e+00
2.327036675510671504e+00
1.169349084546861040e+00
4.833314050861101108e-01
1.890401567500068047e+00
1.950498610945470723e+00
2.500372328173155800e+00
6.317337590822030835e-01
2.746404733242307827e+00
7.937381325838973600e-01
7.639796943555426934e-01
3.018133183435541600e+00
3.079773601259242488e-01
6.166614024927196125e-01
7.068642181025743820e-01
1.874329816876579624e+00
8.249802424053971350e-01
1.690493983088658059e+00
2.695496025090455827e+00
7.603428307903005168e-01
2.356899523047144562e+00
1.083070558050321930e+00
8.736585586206413456e-01
8.284488284624111909e-01
1.432204570761659967e+00
9.038622671334084480e-01
8.584405280203769584e-01
2.425574161381331084e+00
1.941335426717863966e+00
2.826059721650552081e+00
1.856970630232558372e+00
4.421330869352578796e-01
8.562186841235670531e-01
2.578404640558397798e+00
1.925271115856001192e+00
4.732794386293791011e-01
2.935117513965183278e+00
1.813599069963263144e+00
1.312477538221699103e+00
2.230420433449381790e+00
1.098087919717313898e+00
7.408374870182994343e-01
7.400925966041097537e-01
8.818646523138803373e-01
1.269329088005809458e-01
1.935916354028699216e+00
1.320974501115198763e+00
1.442125620245686912e+00
1.278811536637643576e+00
8.108234712403346034e-01
2.778443310306952796e+00
1.835471555183588066e+00
6.666497528720051191e-01
9.281133467350564104e-01
7.183614965287119514e-01
1.253570412968434633e+00
6.151560771612125667e-01
2.443318212531479183e+00
9.543026795833298159e-01
2.565060993082703966e+00
5.958720574764544420e-01
2.294213390862560598e+00
7.963517790885481507e-01
2.542494128647356799e+00
2.303340940807406589e+00
6.734617291836633157e-01
2.660327179665887165e+00
1.362571371849359059e+00
4.899427429098022202e-01
9.541960112727847498e-01
2.538361608867679919e+00
7.474530227962041806e-01
2.446679119097964428e+00
1.622362662306171543e+00
2.316247861328216973e-01
9.792636349748109481e-01
2.083620206353210769e+00
1.273447987259435310e+00
8.634930036926060648e-01
3.616391163138786280e-01
1.477225254082758399e+00
2.320160810358479431e+00
8.153012988749267498e-01
6.479019796331697556e-01
1.163255624975149782e+00
2.074484822781768933e+00
2.126060301668740049e+00
2.558997212156981504e+00
8.214617134140155263e-01
2.251266843609940782e+00
3.631601788495577576e-01
1.025224527632039528e+00
5.109628540178362544e-01
1.889804442542521556e+00
2.554392241748593140e+00
1.531245084812653090e+00
9.942511892610580437e-01
1.614424153594311573e+00
2.901088152096597650e+00
1.137209598820621448e+00
5.141982199179631063e-01
5.357140929379138328e-01
1.128292467694422818e+00
4.576923348791653856e-01
4.301254728008899741e-01
4.568829089811394240e-01
2.245629665239759820e+00
8.983592881964933552e-01
8.844754613774296059e-01
1.189994860976584246e+00
8.635840323203597402e-01
1.573586478285366352e+00
2.641640337626499413e+00
1.740651173481789993e+00
6.245985162254398260e-01
4.149746469523171166e-01
2.704969054735999023e+00
8.534064411182173959e-01
1.015742358229060338e+00
2.875302105283967791e+00
2.391787242270228209e+00
1.900938602661976784e+00
9.156063571657355737e-01
2.500277567047284766e+00
1.056680430275983129e+00
1.228143406392318449e+00
2.914769159596538373e+00
3.295341960183398866e-01
1.170397058724009121e+00
2.039533022514801175e-01
2.323535684759420850e+00
1.231487806852768596e+00
2.648914224354335101e-01
7.107065502697842430e-01
2.747451775742987490e+00
2.190862627296270126e+00
2.390235873750902462e-01
2.150623460249709407e+00
1.263921434058258020e-01
1.106221494003361450e+00
6.903957778249035782e-01
