redshift
1.055459561158992532e+00
7.219079147011970843e-01
7.041524446282058092e-01
9.934560946800010672e-01
6.749074861702931694e-01
1.016953936905246492e+00
1.345753782964911327e+00
5.161121957871253052e-01
1.020074240089188677e+00
8.868003604225094261e-01
8.236748417157053748e-01
1.074368228733848296e+00
1.003594927035874607e+00
9.200566687839856206e-01
8.980575249807438709e-01
1.166658459476282106e+00
1.242297189173267036e+00
1.006404962327374752e+00
7.080640984138014682e-01
3.640702506207275091e-01
7.164784858645852905e-01
1.050172224651819253e+00
6.902274290616887686e-01
1.197879480951433262e+00
7.501497927091937967e-01
3.997071952479560597e-01
8.559373486729271452e-01
5.445314009134527566e-01
1.546134431696279732e+00
1.074312007186370543e+00
7.937956746903090943e-01
8.885437419223923827e-01
1.645065723211509567e+00
5.387107309571488312e-01
1.088334359993264000e+00
9.638177305560965413e-01
9.776600173647923553e-01
9.004311742423525278e-01
9.313498774310960959e-01
7.211654780207683579e-01
6.348469284676546698e-01
1.050441625511162824e+00
4.751374882603903171e-01
1.219963017054982890e+00
8.954579720731165038e-01
1.018835470150855071e+00
1.019774292840773811e+00
8.756379795251204579e-01
1.471120992227078927e+00
1.093098865832803135e+00
1.005819112988782349e+00
7.074384083644079668e-01
8.039123164519667020e-01
7.674399674222390777e-01
7.346557277734824254e-01
7.008254536294236114e-01
4.702366769070516206e-01
7.907311695015371011e-01
1.332788170823808960e+00
6.786725664372734723e-01
1.180371892016702340e+00
1.024040079063292197e+00
1.019665414095755507e+00
7.817235215518131275e-01
1.285169589034848459e+00
7.135414965680223487e-01
1.046736510754302740e+00
4.490940989224849189e-01
1.162170012731524427e+00
7.900035593161240932e-01
1.124553503521325215e+00
1.281389844336928041e+00
8.334139476693410709e-01
1.400049486819804567e+00
6.399717211943543038e-01
7.851886798440954607e-01
5.788007839901366802e-01
1.038094664608353090e+00
9.258665737265578954e-01
5.557584424719054228e-01
1.483748605610525351e+00
1.017257986491753252e+00
8.018261533615483883e-01
1.027725016924160517e+00
8.053688059910661945e-01
7.941987503755268962e-01
1.091205771794799162e+00
1.272467145688898960e+00
1.122487246123271776e+00
1.256294345882920549e+00
7.808595552260021444e-01
8.649323485964240943e-01
7.645926102818459968e-01
9.603783617284790131e-01
9.091021916036319261e-01
7.350165854149227629e-01
1.091773885066341876e+00
4.929711122912278642e-01
7.035836596637473628e-01
2.919231633640678725e-01
1.004867021433510477e+00
9.672840067650301243e-01
9.669245185052112168e-01
1.104252574398761677e+00
9.361399281591186172e-01
1.174036314925086089e+00
3.856638397810340790e-01
6.712749515577258741e-01
9.745675324204698953e-01
8.725206481150740156e-01
6.424698374106042609e-01
7.570770009782800125e-01
1.187197751097189613e+00
1.694203759944310494e+00
3.936970138291583932e-01
8.259670686209462653e-01
8.572727149209299347e-01
1.054088878057356071e+00
7.797105456715346383e-01
8.568019545793646996e-01
9.513387845550463906e-01
7.198551486530153642e-01
1.127595334815795658e+00
8.503764556976699529e-01
1.007857423356043558e+00
9.411690289837514323e-01
6.090349996373679575e-01
1.003476442333376406e+00
9.188268364160337986e-01
6.741619303221819681e-01
8.712750995379427987e-01
8.305276427463057498e-01
8.192346544226846161e-01
9.445626301375551481e-01
1.247329605915897588e+00
6.361747873043018808e-01
9.874944153087705789e-01
3.134950329563960802e-01
7.643414746109075120e-01
7.200455088092244660e-01
8.297091216984046058e-01
9.944044082732914625e-01
6.671259806292968442e-01
1.568011442852967896e+00
1.161723821390570066e+00
7.982397231990758790e-01
9.877096345980980185e-01
6.123279338486381507e-01
5.296728484781159096e-01
8.725867743782332875e-01
2.003067519565248755e+00
5.919655898517238723e-01
5.430803255207382607e-01
6.305335446996007676e-01
1.910053807678212534e+00
9.480424614826851171e-01
1.014652176879878853e+00
9.021652815824503513e-01
6.935647804598006338e-01
1.014421179995079081e+00
6.654210709060350837e-01
1.134603982546529277e+00
7.224560095258213410e-01
7.169227278652268165e-01
8.054841810663806445e-01
7.000088095969696500e-01
1.110407689415271237e+00
1.106622988437441446e+00
4.908392546891491293e-01
1.077171650731818531e+00
1.444004792953064165e+00
1.423848123736858096e+00
1.373756265000843246e+00
5.318651142807225840e-01
1.346897221444800286e+00
9.442058725192550295e-01
6.291519991144334245e-01
8.674183641321340232e-01
1.046178075762658644e+00
1.077562300102113957e+00
6.565632991639210880e-01
1.044347523197360905e+00
6.182178366897679300e-01
7.645666582122147004e-01
1.410811519749836318e+00
5.881945620796418250e-01
8.717929716857204525e-01
1.084641217680471170e+00
1.144721616679780896e+00
3.582978860057535742e-01
8.008572187926729091e-01
1.251089950092373337e+00
1.011444695612073064e+00
1.595356234809567342e+00
7.230363479180537123e-01
1.374522895955260671e+00
5.944453263711182434e-01
1.101940985764868985e+00
7.272113813344763811e-01
6.485166489049416505e-01
1.416925101230990247e+00
7.214742100080139275e-01
8.881363334064431569e-01
9.669781482999282307e-01
6.748772474516471220e-01
8.447004744539040599e-01
7.504220765510165592e-01
1.362905403477545407e+00
1.251356862751174859e+00
8.955628282410595942e-01
6.938122814454935616e-01
1.500511205735807652e+00
7.540405381117244454e-01
7.517015475435054883e-01
1.035449306408304349e+00
4.085672657299749266e-01
1.183555300252960185e+00
1.394065824768256245e+00
1.146568348764009038e+00
1.546321543502342299e+00
6.794166108652143210e-01
1.282295703128315090e+00
7.889692000028738494e-01
7.806570987426028063e-01
1.910334535518297128e-01
1.450519471311996211e+00
6.224613706693526982e-01
1.321036211401740879e+00
1.475310247024808064e+00
5.961713632819635178e-01
9.967730758247481671e-01
1.137889248601502645e+00
5.198157424457718889e-01
6.255266331471400765e-01
5.787556418561132787e-01
8.264562174639658032e-01
1.611514148907717159e+00
1.447998460825272504e+00
8.012740225138464956e-01
1.175689877466014943e+00
6.522682139241733346e-01
1.088213127005582592e+00
1.048645525315212046e+00
1.183188640839626604e+00
1.195264986501348936e+00
9.706004316828494849e-01
1.326369003183792250e+00
1.118966343930653196e+00
1.060413502997459512e+00
9.401457356586160330e-01
8.250629787628649403e-01
1.552258682662650990e+00
5.816922936513945208e-01
9.133155658847713632e-01
8.270305856032705849e-01
1.709524722869046220e+00
7.448812511104473399e-01
1.089517338254988532e+00
1.173037039987568919e+00
1.316071753439941761e+00
1.150667356043089562e+00
1.184546557781946063e+00
8.739268765656282856e-01
7.972876411447464839e-01
8.176484755564192852e-01
1.532697399094182567e+00
1.531263256690502450e+00
8.759095922305749626e-01
6.183721721608824717e-01
1.405903554916559717e+00
6.471058871439399063e-01
9.500929048966850754e-01
1.250563086689317815e+00
5.490839617044765975e-01
1.220020770963464507e+00
1.247039873757965545e+00
8.428092656068406630e-01
1.162684731754840550e+00
6.457283695804151291e-01
9.195454724824007053e-01
1.134523241987058562e+00
1.036445387462787027e+00
7.239283481732133874e-01
1.130550860816611269e+00
1.364517262558289756e+00
7.002201340025933085e-01
1.263920776734342777e+00
1.389463331640970356e+00
6.172359762412595874e-01
1.580874129862508415e+00
1.108638000127934564e+00
1.851258062736277354e+00
9.600259015805545637e-01
4.442630297411392926e-01
6.534757020533475957e-01
1.470050676017809588e+00
1.423437108735831957e+00
9.612795261212263576e-01
1.329860728908230483e+00
8.339941136080515349e-01
6.179561324519938781e-01
7.169374029892665590e-01
5.299490212401696265e-01
4.241998157242639622e-01
4.812357156838340533e-01
8.373246547532650075e-01
1.157400386865906849e+00
8.301109018847694365e-01
1.241524166119943207e+00
6.467977189424184425e-01
7.089725753342541736e-01
1.148096842246347116e+00
1.107713214060922713e+00
1.414346576649038623e+00
7.733324646280728132e-01
1.241646159397323590e+00
9.741338597482986916e-01
1.065258174453044493e+00
7.083980952863051517e-01
8.952036561168253970e-01
1.501016291955659998e+00
8.376942331474325210e-01
9.009836209792860817e-01
8.721971229691231065e-01
7.030667382931967690e-01
7.041936183770514113e-01
3.466013056770504974e-01
8.838261607904348560e-01
9.716647006125079811e-01
8.882019213910715694e-01
1.208250545344035976e+00
9.051747774932821233e-01
9.823827767876376349e-01
5.126210642824535757e-01
1.203469598204807367e+00
9.186853040353956112e-01
8.391929742842282325e-01
8.689885780396223725e-01
8.071061942576291948e-01
1.200733377648004696e+00
9.467097192292769359e-01
9.000743536878893503e-01
6.151910086920624465e-01
7.349053018904930790e-01
1.664282540346381900e+00
5.230362846125236054e-01
5.787652246452781313e-01
1.189900299750796586e+00
9.572887401857007594e-01
2.916815574721984272e-01
7.292692402896104875e-01
1.075916890379114310e+00
1.051614900911206352e+00
8.705960212393285547e-01
6.112916514935724521e-01
1.079985448122410485e+00
8.837124516655389117e-01
1.182510634774358582e+00
1.042168613901059748e+00
1.321190669788696148e+00
9.392126895249666152e-01
6.180757918218224845e-01
7.059447317235527652e-01
5.908264067239568096e-01
6.866818434439327934e-01
7.804115268215946477e-01
1.696570987421418319e+00
6.251170238222349962e-01
9.395349219839432831e-01
1.445496684073985350e+00
1.250382016240197736e+00
9.115129191938798892e-01
8.411887405552695984e-01
9.713050826357642054e-01
5.375138097306846330e-01
1.386389097963016681e+00
5.088853310759151594e-01
1.113976496858928300e+00
1.061746990228602749e+00
3.729674940296164865e-01
9.803620718074852469e-01
1.103972953802107249e+00
6.987084932539273652e-01
6.301488418431762106e-01
7.534057955111255200e-01
9.704545029526856492e-01
1.097208643651664373e+00
1.373271092823567407e+00
1.297725200350923869e+00
1.283789159351516052e+00
7.150337823115452407e-01
9.682351813818872444e-01
7.496225987937612523e-01
1.390664386953345932e+00
4.381210669710269290e-01
1.261527902981902649e+00
5.501808780309076496e-01
1.195583420151455023e+00
1.232035249312116942e+00
8.908233377472367653e-01
7.321287363974651186e-01
1.329457941911203145e+00
8.082169033495468780e-01
9.874181848834933106e-01
5.516304083627432409e-01
4.981139723224474181e-01
7.862120308973015170e-01
4.811057340616410882e-01
1.157960932234219031e+00
7.937784928678690566e-01
7.792139436368292760e-01
1.141476107656732353e+00
1.018292462760991057e+00
1.163173186885521959e+00
8.925488759262223404e-01
1.174359479078951107e+00
1.231411046149141431e+00
7.264121963526820602e-01
4.074333212010249339e-01
5.842484953170440365e-01
1.043955632686676349e+00
1.426139295305150601e+00
8.569474368196021707e-01
7.365655569555499271e-01
5.447447666393883114e-01
1.153963806511587809e+00
1.332220477984502383e+00
7.028486958664069695e-01
9.284309331770503881e-01
1.007803110885795883e+00
1.646542503853186235e+00
1.173750983621814958e+00
9.715281658700644085e-01
1.417814216823400919e+00
9.734206763994635025e-01
9.440445952251103057e-01
7.482852188569286689e-01
6.864824258373911636e-01
1.015754916453359913e+00
8.967416701477700647e-01
7.011775643274511527e-01
1.246375176441268051e+00
6.384310362325807953e-01
7.089418339121037471e-01
1.002943236428917695e+00
8.066802033360195301e-01
1.224383394986549689e+00
9.099884384578850183e-01
1.206158872358723988e+00
7.718234635334731975e-01
8.477928742979480292e-01
1.291647342745629645e+00
9.319792954183494516e-01
4.778755823644834644e-01
9.225699233607285166e-01
5.377571071598934438e-01
1.048907355225487947e+00
4.432129642491717814e-01
1.273467801944452749e+00
1.023502511590713926e+00
8.417874654343209251e-01
7.144188905783750432e-01
1.033277501955434996e+00
6.494753543918443395e-01
9.726368522503593406e-01
1.203912296285102990e+00
9.642379252863734207e-01
1.489376438210124887e+00
7.214894920553086566e-01
8.053768275800397003e-01
5.605676752953446806e-01
1.112363288417223872e+00
9.727817767810431615e-01
6.076167174521981407e-01
5.832549933148727384e-01
5.352096275323718899e-01
1.405866984034156664e+00
1.473794162404857833e+00
6.024798347900303108e-01
5.257723588409537463e-01
8.292984961236373742e-01
1.642883275362164275e+00
6.084575025407293891e-01
5.516150135675296218e-01
8.721371769901635762e-01
4.307080073814111842e-01
9.834318664246761710e-01
1.502693821614077052e+00
1.543788554210013375e+00
1.293817219082251002e+00
6.972382095632537746e-01
4.187579528759517999e-01
8.181176185061755923e-01
4.216820264935251528e-01
9.724944532461563540e-01
6.147771123193586096e-01
8.678616922818780388e-01
6.532601441335851300e-01
1.198129624850140296e+00
4.144048661485229545e-01
1.069551715599004638e+00
1.275258267155124026e+00
1.145749644489492791e+00
1.618657682123475938e+00
4.830380123366565526e-01
1.059336890379194651e+00
6.362621144037546861e-01
5.748650982908901641e-01
8.821863269527601137e-01
9.484031096539827788e-01
6.029389548945552901e-01
1.186101591503675445e+00
6.332794327722360839e-01
7.809947793616955902e-01
9.179070636682872264e-01
8.508939963203425716e-01
6.485887547940701880e-01
5.303474734036379701e-01
6.179491178809199958e-01
7.516872640858603960e-01
9.681014432084377175e-01
1.090507228469521639e+00
9.315025141731904101e-01
1.256871581670602422e+00
9.626688111604696507e-01
1.017460370230848010e+00
8.647755888882509012e-01
1.093547592878074237e+00
1.187207999853007401e+00
9.371085232718961988e-01
1.556034043638917064e+00
1.214966670568278451e+00
4.235181013442769760e-01
5.798932310189914840e-01
9.947705408221201306e-01
9.103897867430920110e-01
8.968033814100416778e-01
9.897396205248671919e-01
1.337687305058696374e+00
7.545807696611834814e-01
6.892455878130649971e-01
6.328260425335541228e-01
1.046510967048321694e+00
3.969303002331371899e-01
1.100601300144280259e+00
1.123187938990121593e+00
1.048168803981351260e+00
8.352223675222469890e-01
9.448573578639487547e-01
1.168184662514736516e+00
1.042153289636010172e+00
9.357909043327952148e-01
1.180624628463678105e+00
1.591775100434233092e+00
5.328698168270928903e-01
5.138886855832719425e-01
1.090833534063936350e+00
4.913420648400407265e-01
1.200600007857030471e+00
2.067433321312302841e+00
7.926851385564427366e-01
5.745340118501851556e-01
7.979782159704182920e-01
1.108653214601215353e+00
5.856101229726525803e-01
1.216815673606963522e+00
6.417414037669888494e-01
7.316052938993813370e-01
8.340999832768539735e-01
1.455229712423126598e+00
8.598320517722386480e-01
1.008083556953323301e+00
1.055861308978752522e+00
8.722100525730013265e-01
1.034321104579118522e+00
4.673511571384215690e-01
1.135196104890463742e+00
1.297999458782365112e+00
1.666673512336591001e+00
1.149017431544833379e+00
6.467511910311100065e-01
8.609220446935330617e-01
5.325935997711338521e-01
1.070738493609949327e+00
8.248845567645091137e-01
1.354179603998045156e+00
1.459839863627591550e+00
1.178434396120284333e+00
4.235652602766220576e-01
8.669831005407386826e-01
1.215961339515809758e+00
1.343305609660880195e+00
6.543753251664967685e-01
8.014372008922506785e-01
8.877000292125631908e-01
8.764003647258038487e-01
8.252791977103124399e-01
8.282130257059182599e-01
1.441274393223852979e+00
9.778715157981913153e-01
9.655872839031387489e-01
7.051556064217613384e-01
6.724354510657081230e-01
7.892239753463468066e-01
5.189301906548627885e-01
7.886671425900421140e-01
6.210293907405853853e-01
1.035083372116446077e+00
3.935515991216426146e-01
7.940943986519586328e-01
6.686674018931051400e-01
9.494078260779982292e-01
1.078088585660715193e+00
9.033452450736051409e-01
8.295451324326497122e-01
8.662549653423324836e-01
1.404378512766613074e+00
1.135469395147900684e+00
8.767156961716956465e-01
3.415466841842447754e-01
8.541339198804753785e-01
8.735440324563663594e-01
4.606105621935216443e-01
8.165155447109947451e-01
1.037436008083609584e+00
1.864036142744466940e+00
8.145804957729976259e-01
1.204685145261698676e+00
7.098385980847156107e-01
8.496478858350321461e-01
3.014424139963481353e-01
5.320886686075169125e-01
5.683551206522502453e-01
1.004150751845837242e+00
1.390328951352843401e+00
9.988695162403560257e-01
1.295376982950186884e+00
1.440190226082347147e+00
9.655513617802329307e-01
4.881842222192363523e-01
1.245909640682152375e+00
8.983458515153894819e-01
1.021489554114353604e+00
1.196209716096301667e+00
8.110390703225277553e-01
1.022691512360978772e+00
5.946533421795292540e-01
7.392072535641828201e-01
1.394813876768380423e+00
1.156482043158000961e+00
5.919672900096800694e-01
8.631227547566038272e-01
1.238696086482542702e+00
7.414376658994685787e-01
1.217012621533599681e+00
1.190946564590954049e+00
1.361640133232693062e+00
6.971799316002287306e-01
9.439559695832092645e-01
6.633492046388680397e-01
1.301021438388492379e+00
1.333220449415869036e+00
1.020366613341004980e+00
8.398848873498568901e-01
1.440116421153464721e+00
7.288811940055235361e-01
6.261099805358536496e-01
6.522161461112890857e-01
8.911274309803747240e-01
1.298765759800925457e+00
6.937086186187945147e-01
8.155916300160918064e-01
8.374628770601709737e-01
1.594752793507452582e+00
1.310945287891304378e+00
7.650143396923098082e-01
1.036284342606577535e+00
1.525998451421521240e+00
1.094983067830884060e+00
1.135553458742714295e+00
8.411594957728769639e-01
9.558774553197028068e-01
1.109259586251465812e+00
7.279468298633363643e-01
4.753527709793946565e-01
8.842350972999246661e-01
6.839118064006776132e-01
8.064199528429638608e-01
9.270296345214424916e-01
1.330046902914241214e+00
1.171121515333150898e+00
1.101598417198927260e+00
7.129282495159255939e-01
9.415656737423792055e-01
1.302918390384027125e+00
8.595358232042061841e-01
1.319649810247358390e+00
6.385446221565361791e-01
1.156945295734799428e+00
9.158528738360486310e-01
1.404986418488381350e+00
8.472539913934423739e-01
7.945441949368918788e-01
6.651649956461930246e-01
9.558532187541046721e-01
7.432667325660820001e-01
8.542553235139179746e-01
1.044563213892899300e+00
1.070999773984518288e+00
7.791667076105249778e-01
6.611497014180259812e-01
9.101899220073809138e-01
1.924865785921304306e+00
5.192435897991984906e-01
7.700145961804421013e-01
8.861518196711832829e-01
9.104563145243969036e-01
7.581605919486813505e-01
8.236958622884408276e-01
6.985163240139993235e-01
4.505843387794998822e-01
6.369113887242010552e-01
8.848099255723503864e-01
1.148506216491200105e+00
1.004936657678237699e+00
8.487696589318636242e-01
7.661883799632819292e-01
6.079193711236142716e-01
7.746198641516585104e-01
8.032914848316906609e-01
9.585186251008582792e-01
7.416032483695979005e-01
1.028973037460118478e+00
1.185293227221285717e+00
8.655501093651888356e-01
9.353738253682328807e-01
6.275512605705044766e-01
1.332176409052919119e+00
6.315803531739355714e-01
7.934542517512515047e-01
1.141672119720593015e+00
8.383936245875764914e-01
1.267366247109624311e+00
5.763397680195498918e-01
6.472215914689792848e-01
1.178467647808173480e+00
1.124318103780497680e+00
6.039226059383242529e-01
1.179893684288572997e+00
4.897341501844125200e-01
1.221217451440134161e+00
1.230119899194006106e+00
9.024425320749636104e-01
7.912461159528196841e-01
4.125666523385306816e-01
7.009785371183255842e-01
8.666240159561471312e-01
1.181524158613416198e+00
1.043321172613276948e+00
7.155410774669930252e-01
7.046956486552892196e-01
9.028200595683956164e-01
1.007514791134369148e+00
1.071654482348202375e+00
8.218943971569352414e-01
6.076927507435386788e-01
1.885795089708419692e+00
6.997857621309038212e-01
1.236956417104795092e+00
4.079536156442001293e-01
1.385960313746307682e+00
9.576861909954660357e-01
1.642190957619572789e+00
6.393336565535567839e-01
6.773231371745631613e-01
9.355839922660302843e-01
1.015981779012069985e+00
1.090845168405612187e+00
9.061747760188304524e-01
1.351274071436739499e+00
8.668301052173731369e-01
5.378914375555431393e-01
1.487832913019762948e+00
9.003256025848869193e-01
8.345321827365180800e-01
8.940955963401431283e-01
1.226539881759763473e+00
7.995620763079446247e-01
5.370534689347602475e-01
1.459264693814076752e+00
6.837824311380832354e-01
9.693250642417873264e-01
8.114907414638629080e-01
1.154063914837256011e+00
6.108262346373640739e-01
5.017065500123704114e-01
1.052645114902685197e+00
1.045423255864683210e+00
3.997494048570878755e-01
6.142793783537270347e-01
9.678630725650244626e-01
1.165697720972216800e+00
1.001329578114811270e+00
4.049172776834584209e-01
8.629900459852096750e-01
8.556629129418569235e-01
8.427896477937921738e-01
3.881239617056742586e-01
7.031664261607377675e-01
1.010524829283896642e+00
3.629033803688581084e-01
1.056607224519932053e+00
1.128175520456014436e+00
8.954489096631667033e-01
4.083547050533676837e-01
1.036942411404261133e+00
8.099226364575555781e-01
7.787208003202621409e-01
7.421577057094780328e-01
1.328481299183263520e+00
8.134795062925345155e-01
5.763502754104006254e-01
1.460431689119659371e+00
1.041163933804838626e+00
7.548374104197346224e-01
8.155720732563364050e-01
9.602315267172215618e-01
1.089019586476182244e+00
6.139954821134905316e-01
8.205082355651032167e-01
1.426126502169762000e+00
1.429117039849823412e+00
8.316190538311620806e-01
1.166095035853946582e+00
1.353608113595974771e+00
7.618691985991106197e-01
1.219362637336308897e+00
6.004668318011771033e-01
1.069574851155321804e+00
4.845671659387981722e-01
1.937834501188932801e-01
8.506600794669432197e-01
8.452621902987518254e-01
6.007105134055407136e-01
8.751629422098275990e-01
9.803448124642953898e-01
8.972377127221992099e-01
9.134483625600361423e-01
1.015865893777096574e+00
1.330535000674765156e+00
7.341590823955942424e-01
1.192043772876584917e+00
4.865020479131783593e-01
1.288484902768190832e+00
1.059383345482304728e+00
6.425960934700331029e-01
1.091287591871381801e+00
6.376705008786058837e-01
7.583371630620797665e-01
1.349442863654713998e+00
1.175243380449149333e+00
9.921767986001800432e-01
7.714678095046442197e-01
1.181255919483546801e+00
4.436074174694532024e-01
4.671505138366622290e-01
6.624163560692921671e-01
8.318030657970332253e-01
8.965052281515063504e-01
1.036806896760148256e+00
7.376069790124296643e-01
1.366015283817560988e+00
1.002947390652868087e+00
8.969013318445916427e-01
4.648380758956590642e-01
4.803099893174164747e-01
1.336417183099368078e+00
6.745953356480506313e-01
7.762222987731447477e-01
8.202656342546762458e-01
7.967452944619024535e-01
1.005519847683055357e+00
1.068817345498408233e+00
9.919313575248451809e-01
9.563938314836345489e-01
7.589606334102584340e-01
1.056768047444921699e+00
9.748395718715374691e-01
9.956344810170307813e-01
1.222813086666336257e+00
8.159797870903351402e-01
7.413891294148143851e-01
7.140265195306589874e-01
1.185266577547660072e+00
1.227416851530278574e+00
1.373015902934589416e+00
9.376957622741006748e-01
1.503827281382890124e+00
9.764050410340519015e-01
9.406695150116777260e-01
1.095402236617158520e+00
5.884452569213471929e-01
9.457219213152943116e-01
6.101828167128144909e-01
1.042569071687593496e+00
6.297875559985079974e-01
1.055425696124266510e+00
1.705781177592806008e+00
4.494986040762011803e-01
7.433208640340159823e-01
1.281596277052905242e+00
8.573242137689341957e-01
7.852120599801715173e-01
9.918987587998712163e-01
1.054659774137088668e+00
1.003533858003633483e+00
1.019310025809898379e+00
1.578955487951432479e+00
5.676677631011584069e-01
8.959065223972388914e-01
9.419411373963187950e-01
1.425109125580993341e+00
9.869818207484271078e-01
7.396390937461544413e-01
9.175584845224553643e-01
1.260252052864691663e+00
8.384154088977859853e-01
9.318911217709985317e-01
1.250456755452110214e+00
1.145328583818584933e+00
1.079161848691851500e+00
4.850464218356809742e-01
9.021885754321705697e-01
9.027669311560043708e-01
5.913644339870807176e-01
1.512790055837243353e+00
9.964462543478723733e-01
7.480410180815391108e-01
9.400892867553387600e-01
6.229780832080200614e-01
9.244335275418877895e-01
5.268921589140975748e-01
6.491511863253695003e-01
9.933995342211142665e-01
9.557814103329663746e-01
1.077713060083345331e+00
7.233843811502933541e-01
5.474197574218097051e-01
9.897412387723204530e-01
4.795322854292112247e-01
5.956056475460065336e-01
5.532000013430050656e-01
6.465984770769758194e-01
4.661883441931248817e-01
1.144858585713621535e+00
7.168362618497303718e-01
1.071728234929919976e+00
1.494529634039276855e+00
1.722270105518351746e-01
1.356719230175923219e+00
1.706585149192297424e+00
7.263917133302399964e-01
6.838352005411231227e-01
7.786812304314612021e-01
8.221018025706161581e-01
1.225216046763006217e+00
6.014967636846961785e-01
8.688165203443091178e-01
1.310559127954083358e+00
7.808691963929123014e-01
8.921007892063040901e-01
9.445265520796296554e-01
1.195950864375868061e+00
8.719436104822662070e-01
9.502732961611520812e-01
9.688810115281683011e-01
1.164308259489422959e+00
8.337367969396368705e-01
6.524305813478796789e-01
7.862571663598774130e-01
9.435916907717064595e-01
5.550400463546451002e-01
6.683599764930641118e-01
5.200926649873880425e-01
6.413570905567157476e-01
7.565940550158057887e-01
1.132982459910850226e+00
9.869563790430018191e-01
9.412120206612414330e-01
1.023958654772122889e+00
8.915430769277071787e-01
6.777014477588206853e-01
8.296186944881859260e-01
1.213848798973391929e+00
8.658249691605240939e-01
1.017012136840514724e+00
7.017442463094494265e-01
6.151310021551021912e-01
4.180329392640347863e-01
1.080190727953531882e+00
5.793011207030523968e-01
5.416799570985771917e-01
8.586916482209558943e-01
1.037057022682084995e+00
6.690049306744486612e-01
1.028272915274848431e+00
6.242344935935559835e-01
7.782480179004545029e-01
9.872616888450655992e-01
1.017382544002081390e+00
4.752591495683516909e-01
1.156336772454744422e+00
6.632248322589042733e-01
9.494868894572440210e-01
9.606658287472157332e-01
8.820978199143736376e-01
6.503577993744605878e-01
6.022527993731038309e-01
1.065774412279369976e+00
7.179155134951035189e-01
9.990984941454856827e-01
1.115865498739991857e+00
6.355653364979024778e-01
4.014673033630637433e-01
7.807925484766466973e-01
9.533704970723807515e-01
7.484756968245879216e-01
1.755451631164186566e+00
6.200470636143645686e-01
9.852884994254456075e-01
5.600285862694076577e-01
4.937066088729082369e-01
4.839694603209356849e-01
1.010606746359513641e+00
3.639401301539955669e-01
5.852064179699392188e-01
9.822039059303083741e-01
4.974440707473926082e-01
8.886131994497379338e-01
8.922618610101140657e-01
8.649981763873292318e-01
1.530606372188670683e+00
5.727451084886157062e-01
1.318033838637157729e+00
1.125924177936162840e+00
1.391699626241492460e+00
1.175872147405184753e+00
1.598659294816385135e+00
4.517664362744945872e-01
7.555118189140505036e-01
8.516702340449227027e-01
1.988708759121521785e+00
6.076053019121715471e-01
9.997118962058813008e-01
8.577877106521568651e-01
5.244869331604136153e-01
6.335001756476708046e-01
9.596964499178942676e-01
8.729027041835071277e-01
5.189709421430849234e-01
6.420719021267982107e-01
1.278584470027712250e+00
1.097728380604576337e+00
7.900318828223737988e-01
1.180904632765011897e+00
6.331608866985647399e-01
9.502821704317331308e-01
7.973158222225157354e-01
8.237538904202793555e-01
1.018127798071309709e+00
2.658289733227525153e-01
8.341458695941776913e-01
4.953814318022015106e-01
1.103587237436888024e+00
9.779329391126816429e-01
8.589532136312878485e-01
6.187800858013755567e-01
1.042067773414541598e+00
1.206124540354456709e+00
5.575845943857919984e-01
7.362948579666930282e-01
7.083251826161063303e-01
1.594607205967295549e+00
1.189991367640286235e+00
1.456808234515796885e+00
7.701913824044994694e-01
6.290532132790328523e-01
9.586463266761569013e-01
7.334417968208650773e-01
5.002523470106448045e-01
9.868445153603433440e-01
1.242886979044302231e+00
1.913403511152631298e+00
9.454537113223004940e-01
1.179418727234233355e+00
1.575141625085525909e+00
1.077507686906608031e+00
1.191853613415973623e+00
1.144352471091059975e+00
6.977739801531241959e-01
1.719816599905579890e+00
7.783590247236908954e-01
4.447312076398751701e-01
7.681165968879388739e-01
6.334525799641572696e-01
6.589320593360786793e-01
9.224705098200652875e-01
2.316070494945849378e-01
9.755230063014430630e-01
9.130965167288566109e-01
3.559298410628527476e-01
1.062005051018424018e+00
9.467295604767280714e-01
1.033514267275822407e+00
9.302045634809676944e-01
1.111663521009676803e+00
8.564651168421416605e-01
1.193077673203361000e+00
1.304984177415709601e+00
9.152008608164269310e-01
1.149367385033352340e+00
6.137288281612044427e-01
1.390136668081754179e+00
9.128831492614880583e-01
7.972093669749774625e-01
7.687365466410738257e-01
7.635340785669209041e-01
1.025096408661597236e+00
7.514874484994719106e-01
8.208428376539660398e-01
6.155489253145122186e-01
1.061678452697788044e+00
7.187518786385291847e-01
9.327810858636719216e-01
3.664711082323749425e-01
1.048281936138512949e+00
1.044239209301143667e+00
6.316059215501504953e-01
6.366178118386095486e-01
1.393246736491292825e+00
1.237555776230373050e+00
9.630414518032246463e-01
1.560364040512586925e+00
1.342245537848742121e+00
1.061263700849202074e+00
1.235580071103882682e+00
1.009537342587056408e+00
5.928127229951890564e-01
9.601757346570588547e-01
7.455200478709320677e-01
6.967812691161633376e-01
1.070736710436616335e+00
1.082267832286626374e+00
1.260811888578852180e+00
5.942727356594990074e-01
7.709089235423318698e-01
1.167885668805652921e+00
1.073323363734815183e+00
1.030886974744617657e+00
9.018622591676581646e-01
1.470420200536539435e+00
1.489293202358617174e+00
1.739658643829588236e+00
1.372768372388546432e+00
8.859640510545935266e-01
9.345338483278218256e-01
1.073877650800316941e+00
7.446237147496997943e-01
4.334160796911898372e-01
7.440476264469387813e-01
1.153007035165790839e+00
1.014831428379334932e+00
6.158632978974513117e-01
1.049635776058383874e+00
7.409146075043331336e-01
9.805109206517219622e-01
9.724971981125629661e-01
1.123968970989690730e+00
8.699247502849641878e-01
1.535111671239160591e+00
8.600273212153091151e-01
1.442466497068064735e+00
7.738705221226610531e-01
8.501641141716701489e-01
1.161075092240219098e+00
1.139315612189544025e+00
1.121261563285170570e+00
8.403738386154051554e-01
1.335035260730437656e+00
1.287281035801286722e+00
1.259267970979527362e+00
7.982451398466662296e-01
7.345611066856595484e-01
7.727093226532706360e-01
1.119034707104569204e+00
6.742256492562310743e-01
1.255671876450786595e+00
5.337700084045521320e-01
1.313319571383646744e+00
9.955851370462601713e-01
7.151231820456864785e-01
3.258648137040336956e-01
9.520790566865486859e-01
5.371360456792694249e-01
7.450871342170114486e-01
9.315486965355254112e-01
1.369259857884171705e+00
7.047660821458650027e-01
9.915717983987366591e-01
7.483759290989513424e-01
1.451173016183998410e+00
9.159392731783844166e-01
1.244541664335910625e+00
1.038070570389101110e+00
6.067573087140342158e-01
1.249402124508347534e+00
7.260101296798195936e-01
9.158783897428065535e-01
1.013621008211230468e+00
9.039303737892446788e-01
7.771143537195059903e-01
8.657144136404548718e-01
7.534891277840158885e-01
7.847806560056497238e-01
6.112269017325216991e-01
6.449552148168499199e-01
9.439462603353256931e-01
1.118645442838702486e+00
8.927625899593769621e-01
6.046184748120331243e-01
4.575902679574128662e-01
1.952370748948689450e+00
1.192469819237809370e+00
1.488551846856233762e+00
7.456344580210499950e-01
1.095849546771106686e+00
5.704720139414652946e-01
9.938769956144281048e-01
1.104521995250229649e+00
1.242565269957204510e+00
5.690048151499310647e-01
7.711202928966059966e-01
1.217370981074134439e+00
6.100125150617939918e-01
7.245157915062145904e-01
7.605884651401839669e-01
1.037881765818797986e+00
8.079213795927112640e-01
5.341301775678383157e-01
1.033403954160022842e+00
7.186119855358472641e-01
1.157765541589361957e+00
1.260100299662090695e+00
7.114746259168700515e-01
8.726817518115510541e-01
8.013057569884407538e-01
1.146191986206842595e+00
5.729574380477391315e-01
1.011672161438902373e+00
1.324356574600633163e+00
7.895272380050626371e-01
7.796611259790928727e-01
1.002839213221978998e+00
1.207926474911727999e+00
7.554191716167720783e-01
7.474949414323807106e-01
5.530446556173792549e-01
1.105330470297374523e+00
9.461884584123845254e-01
8.546923566347056633e-01
1.108841732891615806e+00
1.562783071084808073e+00
1.391957845503093649e+00
9.016016644590255646e-01
8.123455551284088916e-01
7.580310424571926609e-01
1.102991575342278763e+00
5.711354667706843857e-01
1.051573176017054356e+00
5.366051082877120182e-01
4.534229629614910384e-01
2.708051030517204527e-01
8.802523608153299817e-01
1.792692137608424163e+00
9.220672480624353406e-01
7.894445869867616761e-01
7.053909772061734973e-01
5.180393757311652081e-01
9.659732713324823417e-01
9.298041486839332403e-01
1.385316680241693188e+00
1.507319488781857952e+00
7.555544229057120642e-01
1.499352644263929335e+00
1.048875362928943122e+00
3.431526970675856103e-01
1.566374103471515289e+00
7.957763203871812685e-01
1.055881597882403877e+00
6.260422414763168186e-01
1.469630681681818096e+00
1.043352983299265180e+00
6.174532329264889041e-01
7.165030541241305118e-01
6.815430047414445802e-01
9.686120904961884603e-01
5.961358181222694563e-01
7.682929842444866653e-01
8.952162744272537109e-01
1.137149212928224795e+00
1.585553942831537722e+00
9.750287536020457724e-01
9.316458962708149549e-01
8.119152791481697440e-01
1.620809785197864228e+00
7.609037472536769320e-01
1.522063469521643952e+00
5.986147097482635848e-01
8.237897494911874396e-01
6.589500099008103184e-01
6.343094836555857041e-01
1.284892537833670412e+00
7.424756793032545321e-01
1.110667139155801841e+00
1.116598485693435006e+00
2.446009928532123234e-01
1.032999410074974866e+00
2.215760838831046797e-01
1.421695324153747775e+00
9.429709091955932321e-01
8.176046756428133611e-01
1.451179135028679568e+00
9.076018331107643666e-01
1.211257968595752743e+00
1.134826792853943278e+00
6.462132593095433197e-01
8.389622413123987155e-01
8.942882288337669072e-01
1.335159677271207990e+00
1.153005673229945183e+00
1.061045912940878022e+00
4.654184094021535101e-01
8.786137147776896805e-01
8.315937659958835271e-01
7.490412992329086306e-01
1.143244128936961035e+00
6.548293342164513975e-01
8.130897209824733407e-01
1.429256744709693994e+00
6.671652198403925649e-01
9.794808790319948777e-01
1.626705497552111357e+00
6.645048156041348797e-01
1.620698129946753108e+00
1.034023350422196286e+00
1.265134165259097943e+00
1.102669803564835682e+00
1.614622494032929456e+00
4.814669093584845183e-01
1.602998817695201916e+00
1.251835362890008296e+00
6.564128388086742927e-01
7.842414270575939206e-01
7.203754543685788603e-01
1.306725459390862820e+00
9.398193675314199247e-01
1.268344713945621427e+00
1.069984967013089427e+00
1.269644014565916246e+00
5.317134460038959176e-01
1.073612745649546563e+00
6.916283323320658871e-01
9.604971372304248467e-01
1.562091478841429293e+00
8.804687875319420209e-01
1.412433780631569658e+00
6.374386213492436726e-01
9.546090069729524785e-01
7.881320192204812614e-01
1.192607106983029741e+00
4.550914743532629148e-01
6.834467276765917587e-01
8.198914272625260624e-01
7.928494820407909760e-01
1.206681597858199284e+00
8.300885472752786987e-01
8.183001113951340333e-01
1.108162430278967658e+00
1.122561371760672388e+00
9.013497946728635801e-01
1.161499161291876803e+00
1.611025029040168866e+00
7.613830392034159900e-01
8.071303729801097004e-01
4.266203571240788084e-01
8.081866602574431235e-01
2.856057799239435924e-01
9.965045458929514544e-01
9.874937050319787524e-01
5.944197229476984035e-01
6.359159646059637794e-01
9.648514425451341081e-01
1.240978826394441459e+00
8.786818851902609140e-01
5.940573354938369910e-01
1.029363914595454954e+00
1.844925404674565339e+00
1.152608704471935752e+00
6.075210029249394905e-01
1.318534166218263248e+00
5.974713387975193468e-01
8.600646608575819307e-01
1.140283147328510216e+00
9.523747522151606582e-01
3.483977062570885463e-01
1.062034468290133926e+00
1.578422789018925965e+00
5.245794613302523501e-01
3.569913905394359044e-01
7.713222985790160191e-01
7.783163230559181356e-01
1.129755931318586315e+00
1.009936994567718571e+00
9.014960851036889489e-01
9.618214033003766872e-01
1.092792672405650700e+00
1.597803215775823515e+00
7.911895999301229443e-01
1.289176766316905587e+00
1.137308071654728359e+00
1.600911943939443471e+00
1.114707832899518580e+00
7.467413144506247491e-01
1.434737449125795372e+00
9.031475049049552117e-01
7.403170694994271051e-01
6.972551581977873836e-01
1.107092380315097380e+00
1.076956881790903431e+00
6.586640315293885717e-01
1.379869557537925617e+00
1.097088070217000499e+00
5.710947959637581173e-01
1.105487217984851833e+00
5.868667829791893720e-01
8.374086638869993049e-01
5.268046598918034729e-01
6.924174075542208762e-01
8.783742244908768759e-01
1.005160849850506910e+00
7.756438082702188375e-01
1.026121792317343129e+00
1.225160196217065955e+00
1.115560957558681343e+00
9.266400189181487335e-01
9.909749193457304539e-01
8.936884663308106713e-01
4.435892532839634805e-01
9.349954359683270155e-01
7.441405997836779695e-01
8.124281926491013772e-01
7.470586452324590176e-01
7.517624107129031730e-01
1.139548365735505220e+00
9.158462927228254724e-01
9.625426171361920469e-01
5.822026077932495047e-01
1.131093204691356879e+00
1.183627855011064378e+00
8.284000505139647030e-01
1.383100436657204169e+00
6.988104584091490157e-01
8.113475612177741825e-01
9.790159028484166637e-01
4.896189619422603445e-01
1.204493175810476879e+00
4.661007452229728454e-01
1.068419173503330821e+00
6.272702327801423783e-01
9.353439920394596152e-01
1.256185039488102451e+00
1.185855213043121248e+00
7.904809830125858472e-01
8.165957443717022368e-01
1.038536229078792950e+00
9.305593316721694208e-01
8.886070528431515569e-01
4.553463742861319496e-01
8.516411393050778988e-01
1.195161565103858736e+00
9.512237324277503792e-01
1.091744083941098120e+00
6.113494816014301003e-01
1.016704735615307387e+00
1.118301007256161217e+00
6.094295967665707137e-01
8.283776734796022279e-01
7.511075222978090826e-01
9.016839394403267649e-01
9.565088277217405066e-01
1.441743705658496522e+00
1.461985094807033647e+00
1.117767034975269969e+00
9.578363331897420396e-01
1.034161793116143535e+00
9.236146749095757169e-01
1.075154680716955635e+00
6.468035686300688258e-01
8.454932516589703795e-01
5.176422718637502252e-01
7.864426015992512786e-01
5.979727431285559724e-01
1.025475091543296191e+00
9.992924156177066530e-01
1.147008702671820313e+00
6.231427014771774298e-01
9.362086868134437134e-01
9.369834352902087771e-01
8.322204878767118785e-01
8.976861038591915642e-01
1.097213599717359767e+00
1.233996027685165142e+00
1.972414153886382193e+00
7.102051135740236054e-01
8.684590135956414825e-01
6.149474632637169647e-01
1.096428516860580071e+00
6.654989532967859889e-01
9.320238701142384841e-01
1.447753512503764384e+00
4.066257243379636233e-01
8.422918043331488747e-01
8.303305845458984757e-01
1.049861170877723904e+00
7.004622126186702546e-01
7.282111467877406819e-01
1.155102715631313837e+00
6.947590073464567917e-01
6.211775139639609256e-01
1.225640308190862005e+00
1.418331364756097113e+00
1.134558746278726549e+00
5.232919945783828242e-01
8.584147004028670480e-01
8.250016191327226300e-01
7.698281449531230169e-01
1.277657666881505616e+00
7.371087512558840427e-01
5.782477967150008169e-01
6.115385212464774511e-01
7.882983399379887013e-01
1.251717424799527079e+00
4.356931817444661403e-01
5.595351846829338394e-01
8.691595059488339547e-01
9.720312759277985881e-01
1.302921677218474406e+00
1.490598373126880150e+00
1.038509563664340662e+00
6.277019821768491381e-01
1.086571798142952794e+00
8.710361948594543824e-01
1.301571298084293060e+00
7.080058856686715085e-01
1.421839521573418086e+00
9.719866429748155179e-01
8.338008798310381220e-01
8.432584582837033826e-01
7.872445814586349622e-01
1.218599954844960198e+00
8.428765934279708327e-01
6.598357255266523724e-01
8.296387728891453373e-01
7.219177760953533474e-01
8.633441750827721695e-01
5.982232396448364797e-01
9.675269140834462656e-01
1.430203441969320144e+00
5.605345495470169803e-01
8.577199019713193096e-01
6.845789775611911265e-01
8.781411625317738778e-01
5.885298374612631944e-01
8.873798398756455041e-01
1.479130763806270510e+00
1.204406624179107599e+00
1.406276900781837647e+00
1.047928300168855964e+00
8.086692162102669945e-01
1.266851564108588457e+00
7.225879251721584184e-01
1.029764959565828697e+00
5.877550348378492995e-01
5.587355312091767390e-01
1.175790228649301161e+00
8.602310905708945299e-01
1.048070657447726983e+00
1.025003839280171469e+00
9.542179157833121650e-01
5.515950488412607600e-01
6.983269165926571098e-01
7.917521858676517255e-01
7.426682140375637786e-01
7.465626950732345835e-01
1.585246232006232381e+00
5.344025555813393114e-01
6.702024767717692511e-01
9.906657316469171803e-01
8.867763927477654295e-01
1.160429383157923544e+00
6.522225289802250359e-01
8.163506249489380640e-01
1.197865527023972865e+00
7.361334705997283345e-01
1.198629550497242180e+00
6.292338504740209171e-01
1.243623500098328227e+00
1.075105776228801879e+00
1.273312794935140158e+00
7.089227026459137271e-01
5.617311274760105055e-01
5.425689253350911567e-01
1.097269242740187778e+00
6.793380702974830543e-01
1.269109955769626819e+00
1.044714531310028116e+00
1.573516768888120865e+00
3.742268665927699911e-01
1.247928122301778853e+00
9.084604412425806297e-01
7.231828058444241814e-01
1.235909689976736114e+00
1.626572035574257447e+00
1.223811702523054823e+00
1.182281816498338189e+00
9.963406449415804778e-01
7.256267356007131131e-01
1.019558992247165730e+00
1.033758881189868362e+00
1.297155818873180433e+00
8.253045083115111424e-01
9.664944683540336312e-01
1.061579419197914209e+00
5.517487218803716065e-01
9.383199458228478340e-01
1.020128833274870805e+00
6.004785190232465597e-01
1.127214757150288849e+00
1.339961111629918378e+00
6.836129675027894370e-01
4.746832584738577832e-01
1.270742827085510118e+00
6.512825231094075962e-01
6.609388548667273211e-01
1.293625655686921672e+00
1.279793706660849351e+00
8.345270743581100215e-01
1.466136604294171253e+00
1.207757683975970942e+00
1.188299610057916178e+00
7.974651246100259439e-01
9.012951572219178864e-01
8.902283515133283531e-01
1.009197009431720193e+00
1.359802960542925820e+00
4.047219559423620994e-01
6.477601369266535736e-01
9.156697481755943224e-01
1.265697609628394504e+00
6.255899969931820737e-01
1.290377798461684433e+00
8.403229457260910085e-01
5.678041699154277033e-01
7.635372942282258046e-01
8.653047642346194390e-01
9.173426750429801713e-01
5.740077454511400834e-01
1.119901301677418193e+00
7.155780055157264785e-01
4.419208210205686216e-01
1.084129001602329279e+00
1.134404343528771619e+00
7.521073377695602913e-01
9.064211093057329416e-01
1.246710354603835391e+00
8.336331634904006194e-01
7.759025130739430898e-01
8.041585003590001612e-01
1.484507916623203139e+00
7.096781857363511081e-01
1.137908010480571441e+00
5.011084420449009036e-01
1.318665935779331111e+00
1.214660691380711643e+00
1.016387286410858071e+00
1.386824425502791280e+00
9.122937194578938369e-01
9.115566967424953981e-01
8.775869228706282277e-01
7.624113237556471301e-01
8.405373334196332147e-01
1.090493684605706948e+00
9.832590614245858562e-01
1.192418790522375538e+00
9.991607421842479964e-01
6.336603348638085720e-01
9.883801350717003054e-01
4.590882369747740777e-01
6.393901311456110514e-01
8.608417720521682748e-01
6.720672838416152928e-01
1.038880178359941064e+00
1.076047624456388574e+00
1.585143205417712142e+00
7.263610954289829724e-01
6.633703811819700036e-01
1.090617284790548425e+00
5.233046630920066278e-01
6.295357423022810428e-01
7.611713816620081507e-01
1.116880085944511602e+00
9.674870149221502791e-01
1.172492492019207688e+00
1.436980599188711238e+00
9.898207341429572370e-01
1.071063995944344205e+00
9.368637189634703155e-01
7.252167707520572604e-01
9.858081772673238374e-01
1.255543366818531625e+00
1.231117830280945125e+00
1.257807981221366500e+00
9.215727233978487920e-01
6.103790955083091552e-01
7.342790870836867212e-01
9.169514573120747247e-01
6.106828973961692109e-01
5.522930332883323468e-01
7.143928873749907371e-01
6.460564804793418325e-01
1.526905112730586156e+00
8.922352323819141562e-01
9.319256482848606860e-01
9.451462340649015026e-01
1.052981018773708088e+00
7.405329443694489422e-01
1.233836845164368201e+00
9.031223874869571677e-01
6.610315708110288124e-01
4.750730103424822270e-01
1.159383898889305264e+00
7.695733631095350580e-01
7.597407228130587109e-01
8.788843500284618804e-01
5.784882454334885349e-01
7.767679579813783208e-01
8.593180955952698374e-01
9.454163339621687312e-01
7.785411832586408565e-01
5.144811998052684077e-01
9.321900859825487107e-01
6.048650324641329235e-01
9.329996381881392464e-01
8.004198311116023090e-01
9.231902613345005504e-01
1.240182013566257568e+00
1.403576640063992409e+00
5.825200636236679275e-01
1.796230652669787542e+00
4.558238224847090958e-01
6.313133453492528746e-01
5.190164137943276135e-01
5.598997744073818117e-01
9.450767745229277095e-01
8.624710420222719831e-01
6.563059472454708665e-01
9.237771107133009307e-01
1.165197421948262368e+00
8.638483977820954340e-01
1.184916139733007245e+00
1.156076606471658996e+00
5.908237620331859841e-01
1.340130117617597927e+00
9.135182929442640098e-01
7.155877125504985781e-01
1.301388495069905504e+00
1.211457325866731383e+00
5.324527350299331774e-01
7.615481156446938238e-01
5.365332010007962671e-01
9.201255562450278980e-01
7.291446241649310878e-01
1.047653580605429235e+00
8.786792706844094303e-01
1.270703784741501252e+00
8.974542854020430838e-01
1.017964416322171273e+00
1.428213734331494011e+00
9.376042423773548462e-01
8.017252371528804655e-01
8.409729802924253983e-01
1.096468538991077102e+00
7.876092292175370657e-01
7.228368121551400627e-01
8.362337837579977284e-01
1.213204341193766300e+00
7.795768269272044249e-01
1.074808323276382094e+00
1.074202955540137561e+00
5.343743100890471220e-01
7.053353272519842232e-01
9.162661555617355180e-01
1.414225995353074916e+00
1.005758458472601591e+00
3.062294939129032723e-01
1.642377672365677554e+00
5.186233370510995311e-01
8.297392991785166316e-01
6.643994271113594641e-01
8.510437962763348629e-01
8.484231408074309755e-01
7.644977636340704041e-01
6.000642799232061009e-01
7.469817815376920134e-01
1.600573880444796648e+00
9.486388577129564181e-01
9.805531292806415333e-01
6.189979416935412759e-01
6.477293629882392434e-01
1.180484827926966629e+00
8.912554191756739685e-01
9.871784176414168943e-01
7.122696961716346031e-01
5.449745350117094489e-01
9.255696069995108521e-01
3.964146208659746762e-01
6.599840916503595389e-01
1.408196873026730467e+00
7.402350863749971310e-01
7.777600733809388878e-01
9.989679739140068238e-01
8.352731406022961824e-01
7.068926757194512467e-01
6.356642236051888162e-01
1.437499420251571181e+00
1.188208244631661969e+00
1.022044261922256503e+00
1.388547908918002838e+00
8.967397169125287393e-01
9.401529388994132042e-01
9.441663249312564066e-01
1.184631817255257902e+00
5.701057643587432722e-01
8.846664679507773021e-01
5.911509159189823892e-01
7.509804057173768976e-01
1.117370617985873338e+00
7.951586284218677969e-01
1.214542695442014431e+00
8.996561084687345611e-01
1.172185077518826057e+00
8.767990119415423056e-01
1.543076877409597980e+00
8.948449072829697259e-01
1.115964028218250803e+00
1.326345038318438307e+00
1.188351798555633332e+00
7.977266908488769293e-01
1.311514485587810253e+00
5.642694634989439129e-01
8.977429029806797134e-01
8.339119938210984850e-01
8.262513811716015733e-01
9.083597108679393184e-01
8.994782214975728385e-01
7.813287589959970747e-01
1.222351539699702005e+00
9.945768926456942660e-01
1.128828774284471592e+00
1.234050363679230822e+00
7.314245457403085737e-01
9.136305509929811830e-01
6.627793109666635374e-01
6.437681205194925038e-01
1.243880988813169663e+00
6.900832278090148764e-01
1.090003747278796675e+00
1.033896854022022582e+00
1.269580688722811379e+00
1.018354646591135504e+00
1.601640370868186558e+00
1.298964077434358932e+00
7.526961623494462517e-01
1.385248338651374089e+00
6.035142051398367791e-01
5.287179752457522586e-01
1.014703399021100294e+00
1.182799649533291753e+00
7.411297145632752548e-01
7.484115612148838359e-01
9.184735073123316829e-01
1.333659559931807959e+00
6.592121355208943045e-01
7.714417609684462995e-01
7.842940911557896300e-01
7.926832163004794429e-01
8.909161350976367855e-01
8.818102384756045797e-01
1.069465457190734714e+00
8.002486945238693750e-01
1.203030738908164032e+00
9.909434460439618952e-01
9.236867936754533659e-01
9.064729716478394650e-01
8.844863459698943942e-01
1.684048534974554867e+00
1.007653308277392412e+00
8.496816925271452048e-01
1.132392476575249773e+00
1.191538041594324415e+00
8.094609685415061762e-01
1.069293469296997090e+00
7.193803648816241569e-01
7.646303351830405770e-01
7.020307610239103768e-01
8.251193341658983327e-01
8.220425366010011281e-01
1.408430899491586619e+00
9.927495785828445163e-01
1.427481750618662781e+00
8.681232839440524707e-01
9.737736103599539117e-01
5.707742100805318630e-01
6.938669832715143038e-01
1.246880147587505538e+00
8.219131580849350360e-01
9.572267780334500209e-01
9.073044726983482411e-01
8.386250975140482344e-01
1.056768467558825808e+00
9.673036744243277418e-01
5.920205080738532022e-01
6.733804424444189696e-01
1.215599316756617476e+00
9.105113172873074978e-01
1.135252823063203964e+00
1.941524236702043549e+00
9.059547883375659305e-01
8.061777439747841445e-01
8.428734754393557571e-01
7.464490941394521517e-01
1.383380666017584470e+00
1.324964028644698422e+00
1.078138699011367274e+00
5.828092868424791240e-01
8.417484339367533597e-01
1.391751353178189543e+00
1.076198871623373243e+00
1.095953242213133505e+00
1.043099345074107731e+00
1.340528335332523469e+00
7.873942384348671109e-01
1.131391294793997915e+00
9.735057739628881768e-01
9.735058942968732865e-01
9.555614353414056961e-01
8.812704280926410005e-01
7.180349703787968219e-01
5.804024090069184183e-01
3.854447663284965575e-01
1.332510179363526559e+00
4.543101209396682716e-01
8.138894380462694533e-01
6.754392149255940003e-01
8.883923375044839865e-01
1.095749860184118685e+00
5.341916544234033282e-01
8.259940617900520810e-01
1.078196616852885592e+00
9.408689671431380575e-01
8.348946885846433297e-01
6.744846124963431722e-01
1.100995864526685519e+00
6.957599996374047580e-01
1.094666857474769328e+00
1.322529814747151589e+00
7.068342285576766360e-01
7.572007171278580806e-01
1.055766940611282401e+00
6.876559544605624907e-01
1.146156552609360668e+00
8.337205467166795003e-01
6.671044917056432322e-01
5.839271274145316770e-01
1.298169109501397411e+00
6.957927419431287897e-01
4.545105139167168740e-01
6.000187084018453465e-01
5.119463501789602855e-01
6.232412073427932020e-01
6.886877184877854274e-01
7.113152294772238093e-01
8.460840224993129155e-01
6.541181012689391006e-01
7.361502066111050846e-01
1.172548218345285553e+00
8.977585136032213420e-01
1.366084273191758403e+00
6.716595373844904682e-01
7.099895234616513395e-01
1.001274750341776487e+00
1.167849875278273775e+00
5.988050989772831789e-01
1.166630167958403019e+00
7.523611002379746449e-01
1.054536122646948071e+00
1.089190597022186680e+00
9.672898238209585164e-01
1.370091807269544937e+00
5.988023421489606646e-01
9.935797706180077293e-01
8.396959106090499114e-01
1.447867308480851101e+00
1.054715967173267321e+00
1.214765927045764915e+00
8.362026274436669127e-01
6.281804978996647915e-01
1.095606980633389904e+00
4.463237348072045529e-01
7.199126716030062045e-01
8.703670078426255508e-01
1.218501445849416109e+00
8.335128494003016808e-01
1.076551866085406095e+00
7.152589407390465004e-01
8.802383380178694372e-01
1.220932828058940434e+00
1.119754736053280020e+00
7.620252493170347474e-01
8.943591927053446966e-01
7.243935332525487381e-01
8.559003275290645307e-01
9.751763426387776157e-01
1.004545603459170211e+00
5.989062468566495046e-01
1.342385588931472418e+00
1.687081783155788939e+00
9.266497506156127217e-01
1.157663176716312803e+00
5.878386849690907523e-01
7.713327752675646076e-01
8.483208061164113634e-01
9.948767309202171116e-01
9.941831094272908231e-01
1.038524622867050606e+00
1.531036413553617637e+00
8.237729035685660284e-01
1.029340062156846258e+00
1.063305380912516140e+00
6.639696476785769130e-01
6.800643281601073120e-01
1.143846124922276886e+00
9.279895382378355873e-01
1.165771584349639234e+00
8.134382622046847366e-01
1.293749384078675568e+00
1.144488505192535754e+00
1.227579465439046391e+00
1.014429765765840763e+00
8.527100409456772612e-01
6.475125281872331495e-01
5.510799456500480309e-01
6.876653260600071871e-01
6.068656499101507951e-01
9.532287117524821385e-01
1.030311685429603052e+00
1.162241237749942924e+00
1.207825757334853645e+00
9.915449364711406144e-01
8.530506894655587313e-01
7.468375279239889419e-01
8.265065141613957556e-01
9.047892124182507212e-01
8.495421703955566839e-01
9.539858643744955069e-01
8.173693191158232230e-01
8.044096143917554009e-01
1.022194101915047337e+00
1.008837479176501351e+00
9.182092871406539736e-01
1.977969461909582227e+00
9.342198201157148052e-01
1.060395217809728008e+00
1.571009231622675140e+00
9.176213278373972493e-01
1.243053433479927028e+00
7.772877999163895213e-01
5.971725658118507418e-01
5.338076673724794219e-01
1.246930980249146170e+00
3.702909145002390989e-01
6.840817519394792878e-01
1.079936743381875175e+00
7.297554603171770848e-01
6.730101828561700916e-01
1.063528252277512021e+00
8.115472111135210165e-01
2.933502864057215276e-01
1.249108483768389677e+00
7.047921088814962376e-01
4.183646052803557391e-01
1.487538607482507658e+00
1.343364786959362123e+00
1.320253964374431765e+00
1.068270058541872958e+00
6.502146327192055431e-01
7.541336018688310494e-01
1.124941464122729773e+00
1.449976964445419902e+00
1.135878929748155075e+00
1.188633627560939043e+00
1.300232947663078065e+00
8.129906047243111722e-01
5.106299701885764764e-01
6.185829179292605673e-01
1.350305899908016416e+00
1.376095337483967507e+00
1.097467910131260549e+00
1.389739168630529154e+00
1.154674946904373778e+00
9.416730742688516065e-01
1.458326592493627505e+00
1.149958687210953956e+00
9.732381029481713686e-01
7.929291298008253053e-01
8.887150057036411477e-01
1.213659903733117940e+00
1.187526961816852467e+00
8.624076054994002094e-01
1.065635680199156887e+00
1.043558844654898454e+00
8.282330421658867792e-01
7.115155007149978061e-01
8.045436733823161379e-01
1.427973049316699550e+00
1.015872009347298377e+00
8.707839428164342310e-01
6.295267413446604676e-01
8.370025983244012702e-01
8.507999924995902630e-01
6.551760146905285520e-01
8.721875550941048383e-01
1.160936658486634299e+00
1.226586120371421007e+00
1.137620103198173638e+00
1.151626673915928656e+00
1.233671815499582491e+00
1.196902920918818447e+00
1.341677261325678661e+00
1.280398747520486769e+00
8.047785830406679608e-01
8.181931406663931483e-01
8.765232703758417676e-01
8.860912398351572516e-01
9.319000242703027181e-01
8.727791476560129436e-01
7.603479486873534476e-01
1.113309176641572362e+00
1.050359564624257835e+00
1.102230667699891198e+00
1.614846379520849196e+00
9.298989239849041466e-01
7.151057073892498339e-01
1.054598066904389952e+00
5.310515789183027913e-01
4.790251158192465608e-01
1.177082804541764505e+00
1.035269937258623374e+00
1.220964163107633782e+00
2.182725037412696967e+00
7.140931253130736733e-01
8.568400950413105344e-01
5.313326231523608500e-01
6.962008774609866890e-01
7.509044604104108123e-01
8.657370154527531669e-01
7.100320117023125599e-01
1.016218101575883326e+00
5.876303304599324040e-01
1.662242744975192643e+00
1.006848242212704525e+00
1.018079442095697340e+00
6.048489015388058831e-01
8.594483137565110953e-01
8.903619680640594281e-01
1.239440262426887429e+00
1.263302425553941566e+00
9.526561406123863485e-01
9.166865319911818855e-01
5.839186057401077878e-01
1.004860843275645843e+00
1.309433793746570540e+00
9.232069387393954107e-01
4.524788455899934059e-01
5.042671368232664042e-01
5.390341452731984839e-01
1.310390734492308251e+00
1.252015937880049723e+00
7.287417083888620972e-01
9.407701225102702569e-01
9.207107788547225224e-01
8.770269425625200066e-01
1.179544560121686958e+00
5.702827014231883762e-01
5.921097438676187208e-01
1.074260108756430743e+00
1.414235473147152256e+00
7.975224913199897570e-01
7.832957258593806760e-01
1.243657701447377750e+00
1.470889578980430157e+00
8.957785179062262015e-01
7.062964797031928699e-01
6.378919829431207722e-01
1.047272174995202976e+00
9.887057740610311063e-01
1.035567720292746241e+00
9.944540917289897974e-01
5.089809845940922450e-01
4.817807131872270388e-01
7.610921092944989974e-01
8.911819300100664032e-01
1.165884187437542074e+00
9.137370703441226594e-01
9.187938454363052676e-01
9.066488126126862612e-01
1.073360923556663682e+00
6.851492797471815388e-01
1.247586483384698131e+00
6.242337137281396275e-01
7.267218738171353776e-01
9.137367373328906250e-01
3.112481910745031333e-01
9.156722821888674257e-01
1.098069038442211376e+00
7.021237092416252601e-01
4.774108608276250165e-01
8.254994712099122944e-01
1.041775354162678635e+00
5.990051025252539629e-01
1.023708017690668326e+00
1.417716545269371409e+00
1.007686716203691324e+00
1.229226999222855499e+00
7.938013711168901976e-01
1.121759932943843019e+00
6.275826603751986088e-01
1.024429543427071820e+00
1.243510645572594386e+00
8.848903786996046295e-01
9.040382311113724922e-01
1.494271637854670320e+00
1.051483555160312999e+00
8.840236914750552177e-01
1.041724118128921628e+00
3.816818434583588160e-01
1.167170840288091593e+00
1.091078849717652677e+00
1.450298394046811712e+00
9.334129536147782735e-01
6.066206495516124342e-01
8.799271886861975700e-01
8.901521697781327180e-01
1.363279560484150110e+00
8.316168491868173307e-01
4.990617214613589647e-01
5.858884619249236092e-01
1.024625696289244603e+00
7.743688700015499693e-01
7.606833732421387495e-01
8.655995142156999167e-01
1.439965437757600331e+00
9.698537222821859149e-01
1.339800259057632115e+00
1.186651808206981906e+00
1.282778596870184584e+00
8.472157671798260514e-01
5.938694559392031502e-01
5.311164787339062165e-01
1.101416353424137240e+00
7.271299330494548352e-01
1.594276449141680985e+00
1.050696924253375020e+00
5.220976540037486346e-01
4.878428398437836822e-01
1.141780763312532754e+00
1.373636910657050958e+00
1.278901547159604579e+00
7.623358899973303737e-01
7.282168668333531825e-01
6.187589953576817514e-01
1.109057524992197674e+00
8.467288765001922402e-01
1.211129419175333899e+00
1.241126006465623988e+00
1.128382663103412620e+00
8.520223876176257205e-01
6.851453514469576511e-01
8.392073117263290083e-01
1.484445120890680148e+00
1.233690914305836106e+00
6.085135295319860083e-01
1.167367113648198229e+00
1.000879551457643846e+00
1.126629874323572311e+00
5.938328008955648940e-01
1.255920252071083931e+00
1.114769031060940607e+00
7.991456775537784107e-01
1.080413758940758973e+00
5.591279329300199441e-01
5.661644264534183568e-01
8.483514011460965287e-01
7.392928520377088919e-01
6.607342574846100103e-01
6.855566422190344511e-01
1.092051997072719827e+00
7.086446062457200101e-01
1.018115670228624259e+00
7.082960673670911644e-01
8.862186685258545138e-01
1.206627735533600365e+00
1.047569696525606497e+00
1.546125518710926627e+00
1.301616249574180095e+00
4.885525989595060903e-01
1.254384901464017377e+00
5.161892522136104500e-01
1.480817089751417903e+00
6.972384084967399032e-01
8.573346907070656941e-01
1.397097950510546971e+00
1.505489070449945066e+00
6.798002661034157068e-01
7.677491751517956375e-01
8.928565732685742606e-01
6.858360108125052257e-01
8.611339339435648554e-01
1.099488740943624032e+00
1.061823812537395106e+00
7.176541791415445015e-01
1.007779505129880127e+00
1.178218007206409013e+00
1.011758382952058222e+00
4.484780260077220193e-01
8.617576053907234357e-01
7.960776902044548464e-01
6.716976761439785726e-01
6.233203601869181654e-01
1.681335846946901524e+00
1.073323507202892380e+00
1.129460003781334265e+00
9.289355631858119411e-01
4.895744188592457968e-01
6.216376947635339212e-01
9.667479472167078702e-01
9.544047550431652427e-01
9.995798987303751160e-01
1.162075508300925986e+00
1.013886410103221225e+00
1.750380157454086039e+00
1.137555825289512157e+00
1.202810363553348916e+00
8.490672783351619346e-01
6.053685884883445167e-01
1.379158635513930475e+00
1.031838418275193181e+00
7.427878479306233572e-01
6.588017987844673184e-01
9.298421674026844386e-01
8.294734269434521634e-01
8.768434215667474385e-01
7.242570268986996407e-01
7.583968450369187320e-01
9.624307868562694823e-01
9.539263242259652387e-01
8.033863016994229334e-01
7.612759848928962736e-01
5.584139896597180019e-01
7.601026253220301010e-01
1.195803905477295537e+00
9.993441542225944829e-01
1.265452741102067513e+00
9.012107085292769826e-01
1.064141104334466403e+00
6.439861796418865358e-01
1.272659645529648387e+00
1.326513861015273132e+00
5.482162158902802451e-01
9.386999021174369240e-01
8.364221122880426407e-01
5.718445758044894411e-01
8.780627679373984584e-01
1.066370124241925010e+00
7.511842138712375716e-01
1.216138740554919329e+00
6.762379970647034444e-01
5.690991901132801400e-01
7.756726305893696383e-01
5.657915024695684414e-01
7.574610004278167219e-01
1.108542976310572081e+00
8.368469333615458083e-01
2.187127032444178720e+00
1.131055960600909183e+00
7.549949956090742376e-01
8.300838962787573383e-01
6.034618906699892316e-01
6.993525127620076054e-01
1.290195447235820136e+00
7.772644203278626929e-01
6.357574527016442989e-01
9.944131576611737744e-01
1.014979541160745846e+00
5.712196673073598463e-01
1.166601363971373928e+00
5.310914435464926253e-01
6.578636044023208340e-01
8.524354517557913846e-01
1.261071727936622144e+00
1.178789589637985857e+00
1.083123471763403067e+00
5.830865539768439465e-01
1.017230094078328095e+00
9.789477888885204093e-01
7.378012576768908648e-01
8.060141750640490432e-01
1.433231336608941087e+00
1.126886934498149140e+00
1.409778445161074645e+00
7.173491881463720521e-01
8.700009766991321225e-01
1.394036357651737168e+00
5.710846614248688002e-01
9.326866614614802709e-01
9.834654417697475948e-01
1.252005990756782428e+00
1.308989723273668471e+00
5.791774758764535180e-01
7.330327792065108872e-01
1.104700915301151332e+00
7.195202601859904679e-01
9.686058722616981420e-01
7.083956389539703968e-01
1.435784055701031958e+00
9.373319498204196742e-01
9.629348678397524619e-01
9.173004471409782479e-01
1.207069906817307636e+00
9.358641593053214081e-01
1.224401838776070894e+00
1.065892475813705831e+00
1.404757035666679199e+00
4.679776229518733399e-01
7.355684272017294356e-01
8.927790795225657439e-01
7.372358066165124457e-01
8.583446531907475974e-01
8.934494630694065354e-01
9.334840751683264326e-01
4.702011306289284875e-01
5.968809972836864874e-01
6.769572374322022634e-01
1.090673314796902327e+00
1.448242657361901164e+00
7.328105738264147906e-01
8.919113682474293370e-01
5.761839429932694712e-01
1.109462151201050073e+00
6.409572317361985627e-01
9.402791956485826441e-01
9.759198968046659539e-01
8.076235018523180154e-01
9.464581299022206684e-01
9.053108004340852943e-01
4.416116897595063762e-01
1.154000148254196390e+00
7.806551782447588295e-01
1.271247076514482544e+00
1.032932576698232019e+00
8.725771956252589279e-01
9.178670620313852391e-01
9.664257771488985460e-01
5.570408017392104449e-01
8.955058479886470746e-01
9.501976380994175964e-01
7.785252483650108024e-01
1.285416316170030049e+00
8.027922232105562106e-01
8.551631252528653082e-01
1.035425494678603897e+00
6.067478061033874104e-01
8.721718273764095253e-01
6.205991616952005741e-01
4.947295721217810915e-01
6.994161949089741093e-01
5.694497419689094064e-01
1.663124557874205989e+00
7.595759570930374904e-01
6.888650198420273041e-01
8.855800750069758864e-01
1.519355324841544119e+00
8.831405427301465272e-01
1.956051895781571348e+00
1.022223659812695695e+00
1.354155453635758288e+00
1.377938130619296819e+00
1.181250125988368982e+00
4.802114871459910450e-01
9.493105226433031785e-01
1.023988354305245263e+00
1.147668019303820675e+00
1.035131993934086614e+00
1.400092804096370935e+00
6.961676615852064876e-01
1.257236662062182653e+00
1.527595759669707620e+00
4.983209575143333625e-01
8.519779367925450764e-01
1.043015161577174554e+00
1.342462499619094807e+00
6.951395569896446913e-01
1.416409851569910172e+00
8.592716532424360398e-01
1.040672981051245616e+00
4.595365969679354179e-01
1.105743025967752313e+00
1.298858936581252177e+00
9.673464345591745728e-01
8.949407861892566540e-01
1.161939903485103898e+00
7.293958628147783063e-01
8.070895849030983449e-01
7.823306291811145119e-01
7.364372046309987097e-01
1.524582868091427290e+00
1.634077937552851578e+00
1.133631168726092264e+00
1.205122276477412768e+00
1.214007483371833285e+00
1.160644674902488349e+00
9.350320419593344257e-01
1.004624617134448394e+00
8.172131314089305931e-01
1.122720568712869849e+00
1.242022862190288901e+00
7.987649452694274288e-01
8.749212450677186226e-01
7.117698194933494982e-01
8.471995363907079968e-01
8.133624339467748765e-01
8.892750671032685350e-01
1.162627153172717254e+00
1.429732977695325369e+00
1.355687852181211017e+00
9.213538284994141625e-01
8.996451684453643516e-01
1.173098167800098901e+00
7.510251945970383147e-01
9.324026914402958610e-01
1.207404312335771612e+00
6.358858555991403483e-01
1.353679413496545747e+00
7.248215088707319342e-01
8.741628891123324196e-01
1.057505729130935102e+00
1.562740940884887131e+00
1.046992420376895661e+00
8.703846172898100919e-01
8.096572538006292508e-01
1.306790671187169073e+00
5.768960125122322147e-01
9.299967216856642738e-01
1.654784567364810277e+00
9.515393804387718424e-01
1.260716427217789759e+00
7.020235350770824834e-01
7.481105443667882549e-01
1.180373158329024674e+00
1.029662937638195386e+00
6.386690203929945575e-01
1.206791553995926636e+00
6.873635370999329197e-01
8.837385199745744213e-01
6.253358308959150458e-01
6.868833530353646299e-01
1.166616615551128389e+00
1.024477661367830583e+00
9.932603118286550403e-01
6.938303415457727219e-01
1.479184559343106997e+00
1.029401671507689686e+00
9.758548853254728206e-01
8.599505817566546195e-01
9.911357106868161626e-01
8.726745969237426070e-01
9.358806561991606099e-01
8.806943075103206287e-01
5.690393232538271118e-01
1.147975627421828682e+00
9.391486274511011700e-01
3.495350270789820413e-01
1.090921464303304500e+00
1.410585854085143920e+00
7.652161822647238765e-01
8.930112631352447039e-01
7.502938285993139278e-01
8.907987484414036095e-01
8.777781673624847070e-01
1.124651980863842438e+00
1.037732366874147383e+00
6.330116441645345926e-01
1.015850554352098367e+00
7.740511306585176055e-01
1.024981658201508328e+00
9.732044516494479103e-01
1.383296188271755822e+00
5.251774390490328015e-01
6.112064632416022159e-01
5.209105771673366858e-01
7.366766728356662908e-01
7.337203677163921522e-01
1.049988158345686706e+00
9.320391088403350288e-01
6.818103912791335652e-01
5.012012244918226944e-01
1.020730386912782395e+00
1.307114907977192875e+00
6.132116062339666440e-01
1.249953911205806012e+00
8.066051751367788736e-01
6.667309210304447342e-01
1.910473169314846675e+00
9.729500521853314821e-01
8.503007164487266234e-01
9.177318538882316412e-01
9.018880518700830295e-01
8.322438056409051654e-01
7.749813254575178556e-01
6.904933731126402519e-01
8.015234359340274173e-01
1.050672373610908927e+00
1.470038525942303442e+00
9.566765856883102659e-01
6.782967115587028584e-01
1.429419467941616784e+00
5.157907738694696986e-01
7.194044410817597157e-01
7.568031897002553965e-01
1.004933352407917813e+00
8.132038114437177834e-01
1.208532337740845897e+00
6.111114884464230457e-01
9.660580723332977682e-01
5.173980008718045420e-01
1.151759453600127214e+00
1.078216940567675364e+00
8.585263447408294502e-01
4.745747727523439430e-01
7.117811512043121791e-01
8.768655703127460344e-01
5.336501159999750277e-01
6.404271344909366892e-01
5.266688076082022274e-01
9.934455513990999576e-01
5.578888065377666239e-01
1.337562516664066337e+00
1.184749178738194964e+00
8.364234654676481195e-01
7.807891694902923119e-01
8.671727878610440143e-01
7.499190369099136833e-01
1.160351228605081886e+00
8.621413772813442122e-01
4.268652836223185698e-01
1.530819423266857049e+00
5.055117404172850826e-01
1.050713721569235037e+00
1.038924618532646615e+00
1.144931460578508364e+00
1.090790826295260141e+00
1.022690896580946252e+00
9.004252027120510649e-01
1.406151569517275046e+00
9.010332772260299938e-01
1.205717928649123749e+00
6.745782425975155316e-01
1.143214988444453795e+00
9.343145853531511502e-01
1.176735989619777989e+00
1.140872459849554765e+00
1.022411364724866489e+00
1.141793715609417559e+00
9.645335828695845715e-01
1.255068246594866155e+00
6.819830364124560562e-01
8.168286544496061730e-01
9.863553515727107035e-01
6.013925140044917850e-01
1.329037675992297718e+00
6.801469649916842553e-01
6.636409275169639077e-01
6.919539690481049110e-01
5.672363049892861220e-01
8.862851438185361808e-01
1.182323062036278127e+00
7.722129974821144716e-01
5.496660032770270821e-01
1.087765793136669989e+00
1.037496215015360601e+00
4.602961681444596165e-01
7.771181534162112658e-01
1.077109003669648235e+00
7.790442098697266671e-01
8.341454218770665285e-01
1.379882743293840974e+00
1.202893333691329669e+00
9.921453927062121592e-01
8.418794075452988857e-01
1.130772177779486576e+00
1.148110735641034275e+00
6.237002656464324390e-01
9.985529944773648969e-01
9.381984889072799705e-01
1.278657701102950961e+00
1.082856133084404870e+00
6.553161306323486146e-01
8.726418133765334595e-01
8.993381487364974225e-01
1.382273713509245328e+00
9.384361446562882181e-01
7.024519122289961670e-01
9.556189938152158669e-01
5.029384103195664313e-01
6.175696399657635283e-01
9.859514889267114723e-01
4.748544492300355579e-01
1.015386385417579307e+00
5.917905810596693073e-01
7.837974917184048484e-01
1.514639843827381149e+00
3.750404359671406507e-01
1.115925099564627931e+00
9.998816614030670014e-01
6.396984428505061437e-01
8.780112006855217421e-01
5.774921815983478091e-01
9.261046042581391191e-01
1.294361869198557446e+00
6.580636405055876326e-01
3.993095743352783056e-01
6.783704464836344261e-01
6.693254496976046575e-01
7.902218996115180083e-01
9.016062819499933711e-01
1.045049275363943986e+00
1.374294911551177334e+00
1.297448640132090381e+00
1.124027864934067589e+00
9.404790474848919724e-01
7.371403410418815305e-01
1.180362093583607885e+00
1.139224725029839957e+00
9.033910753431855234e-01
1.275295440422662185e+00
8.705085057973853679e-01
4.202607061183056825e-01
1.288634239171507545e+00
1.486363768970056176e+00
7.960133133587319332e-01
1.015642640398084495e+00
5.432672016731381337e-01
9.369838481182192202e-01
9.727853977679720154e-01
1.806158979392868069e+00
9.093163183748752543e-01
8.108763651735009237e-01
9.371135596356324760e-01
7.038372643777175419e-01
7.705026237898118247e-01
5.314616456843445080e-01
1.188440550413058183e+00
1.100492705813926442e+00
8.567422985939768809e-01
5.640904695029225202e-01
7.132865566614962072e-01
7.459101183301204419e-01
5.481616624418153005e-01
7.915487279591073566e-01
2.227874631743135492e+00
8.982046749231035188e-01
1.136657186628134752e+00
9.003930360441343428e-01
9.884199800212535303e-01
1.105644721550449905e+00
8.461713756984707846e-01
7.440130376302761528e-01
1.061347415969969399e+00
1.257174457119050848e+00
6.612636301427747831e-01
4.934380237354750176e-01
7.157315506442429864e-01
9.587750673258568224e-01
6.200280775599098515e-01
1.016927370862502622e+00
8.451381222933429527e-01
4.887159899939441110e-01
7.260618316591179733e-01
1.234965040623534849e+00
5.987962922895231355e-01
1.003478531403532603e+00
5.932764496245132024e-01
1.528211996397194961e+00
1.484652505884211937e+00
1.402215205659041120e+00
1.506042969552009891e+00
1.040577599658537133e+00
1.153283729630253385e+00
1.118011044565690781e+00
7.288394815753795886e-01
7.321465549642002246e-01
8.649072570547343686e-01
8.248039353003078222e-01
5.177441377214816454e-01
1.055285279237859974e+00
1.279607361838384971e+00
1.131624721874304962e+00
9.290419252997001998e-01
7.860319058384072077e-01
1.147574233369000218e+00
9.339673370432501898e-01
1.184111336148583327e+00
5.202834630093321477e-01
1.146886383348338034e+00
1.029719811973389909e+00
9.021708070979183036e-01
1.480359196010142320e+00
8.550321448835394023e-01
7.861289015173589245e-01
1.071814987702071065e+00
9.503293288638167136e-01
1.223527351272708508e+00
8.881648721045404260e-01
1.250721985974215800e+00
8.113854004909910600e-01
6.357015766755170771e-01
9.322070966082238730e-01
9.023617101942769114e-01
1.418378818281901266e+00
1.026529186622641587e+00
5.612566411775350428e-01
9.817545252197774630e-01
1.060037411284689979e+00
1.167351489912097362e+00
4.612870860665301276e-01
5.306282933492065812e-01
8.619988703552127207e-01
1.009749026896135327e+00
8.616425871152432192e-01
7.900818939365559235e-01
1.090584666815743953e+00
7.769774570241611000e-01
7.854946974935276272e-01
7.873626425336676116e-01
4.786383699028904370e-01
1.090239285931691837e+00
1.513420857899487659e+00
7.846864031258660166e-01
1.387222666359455570e+00
4.863757281381525521e-01
8.420183378717834843e-01
1.083845413833628202e+00
6.208220881882020592e-01
1.018612517836084752e+00
8.030301437849505231e-01
6.366662825373246015e-01
7.534065544938300940e-01
5.269486807362769865e-01
6.521770916827605014e-01
4.689443477822179407e-01
4.542285544752506787e-01
5.059643505173612166e-01
8.506087870549799979e-01
7.295016345640072952e-01
1.323385709083477080e+00
6.620804174439297585e-01
7.388074242936372160e-01
9.810363182796388859e-01
1.359820636943517069e+00
1.175509437060638707e+00
6.685438954962861224e-01
9.871905817612771639e-01
9.662387476192271230e-01
1.304117165400591638e+00
1.169295292706003853e+00
8.587159785832130243e-01
8.698592271863833103e-01
1.192519860691794387e+00
7.425003235686731262e-01
8.886707727627184417e-01
9.719282591655120651e-01
8.103800344283640378e-01
5.832959493830064401e-01
8.433060243579407755e-01
5.918987831588170545e-01
5.868246043581675231e-01
7.121888972631389425e-01
9.661267164600382262e-01
7.660021745902160228e-01
1.235004834614819691e+00
1.249453500750508317e+00
6.130610275666514841e-01
6.612755474370467512e-01
8.274491772578295157e-01
9.202879939601198434e-01
6.279458372832038560e-01
1.118645074383376681e+00
8.268855977358037235e-01
8.028300017626337493e-01
5.473370127316004030e-01
6.020233395878745730e-01
6.397019310432656702e-01
1.345422816019807399e+00
9.282918629933041288e-01
1.583738713312744739e+00
6.583199884873218721e-01
6.288928216872539112e-01
4.536869304902879652e-01
5.456157252811894010e-01
6.295665440671182056e-01
6.662705321123743030e-01
7.940512181637737754e-01
6.523009145895182215e-01
7.774792025827989006e-01
1.205229958389954614e+00
7.092008088158264778e-01
6.770618665051810758e-01
1.038437433975556878e+00
9.664217396262926307e-01
9.878973859086289666e-01
8.128727095789808343e-01
1.336370423462715840e+00
7.464198882231403154e-01
8.368023278292766598e-01
1.219739301758909322e+00
8.750276957641999198e-01
8.828262256657519735e-01
1.003149300926117427e+00
5.895144940899976760e-01
1.254610910871601703e+00
7.660066124854848502e-01
9.571768929595705355e-01
1.600376601487486949e+00
7.299899247821278747e-01
9.520784464536689029e-01
1.097328108116901513e+00
9.023686698423342145e-01
1.257939466969245634e+00
6.553700650978020459e-01
1.041094305952192878e+00
1.396116700458184923e+00
6.256503745835989561e-01
1.176030627113312299e+00
1.246929801554826245e+00
1.138082062740319866e+00
1.014494964479717654e+00
9.632199498328835041e-01
1.056369872747252803e+00
1.418862219625931953e+00
7.023943882991462440e-01
1.240695408250702236e+00
9.275356546137946134e-01
6.174074367294128951e-01
8.765434706143737653e-01
4.098237281525786702e-01
6.771593290190658365e-01
9.733250608735487530e-01
5.948577427626182690e-01
3.536792711336277373e-01
1.363458040780235025e+00
1.646349483455783913e+00
1.133657714678569572e+00
1.195934071309486590e+00
8.362405553373748468e-01
1.620762931091561887e+00
6.457432457129190784e-01
6.292019801396819823e-01
6.526793599371295551e-01
6.837342189974481288e-01
1.061902844163862714e+00
1.001492882114996652e+00
9.426246552474147888e-01
5.423959095084222026e-01
9.938146456793266470e-01
8.151959760310828473e-01
9.485337700690703588e-01
1.038384312941474041e+00
9.295331353133299279e-01
1.177918586785274613e+00
8.951392404679558989e-01
1.007316263698845749e+00
8.451180448524966415e-01
4.883538026825125500e-01
8.697124648547328585e-01
1.266047578948286567e+00
8.490331567352918940e-01
3.769674012958130760e-01
1.154546886630053448e+00
1.188776502225389109e+00
5.536322110618153713e-01
9.432597843007782812e-01
8.566774669921538576e-01
1.100458746910772279e+00
1.649499604400981090e+00
9.528044946662951320e-01
8.432397298933099750e-01
8.586453652013987803e-01
9.429261865050166946e-01
8.455454441481582428e-01
8.148278146558955992e-01
7.303290465068440485e-01
1.058370025973589978e+00
