theta_jn
2.519410755177849293e+00
3.715343970794723338e-01
4.125528713210130927e-01
4.570768078513525179e-01
2.886549294353875528e+00
1.934810391012462327e+00
5.319468433413091502e-01
1.065582079637732882e+00
9.639611187304928386e-01
2.577068126494091782e+00
2.172067685848865004e+00
1.855945361532689075e+00
2.312796391810265639e+00
2.616166750187406187e+00
5.779945047775282285e-01
2.547308182723153624e+00
9.145594701069612587e-01
1.123008600230258613e+00
2.842188069504858472e+00
2.596292307640014840e+00
3.021463162292050253e+00
7.595874896370922169e-01
2.407615998178166128e-01
2.681669186888066214e+00
1.021983893986457170e+00
2.863145944287976086e+00
1.893081329750290753e-01
7.891800286402772535e-01
2.005151265989632225e+00
9.673041587425631471e-01
2.535876057685224172e+00
1.298395921255995344e-01
2.463790598023485767e+00
2.168232744525946831e+00
2.131661284576142901e+00
2.760801579708263898e+00
2.757839044911860604e+00
2.631153508408300201e+00
2.561998590597700964e+00
5.951647985862228429e-01
2.174708453436297262e+00
1.216837729835369197e+00
6.122437851072275450e-01
2.776092611701356905e+00
9.467527257515891970e-01
6.182472314963488591e-01
1.733713679723587031e+00
3.706838645396769438e-01
2.487451941139207090e+00
1.968059243597821695e-01
2.256450112462073054e+00
3.941268508533594117e-01
2.929319829133992137e+00
3.066364163000455001e+00
2.833501531101948245e+00
4.546811730524701889e-01
3.248537481894465673e-01
2.119907619355945627e+00
7.554941739885953078e-01
5.016460497184369594e-01
3.119377377941112139e-01
2.442163995557462552e+00
1.297161539027644472e-01
2.604386200775278937e+00
4.319971004387795355e-01
2.380416433788687502e+00
2.039799150573832875e+00
4.654967615237839418e-01
6.931438785774673983e-01
2.955534130053175446e+00
2.525542735691959084e+00
4.297580956744089242e-01
2.479732573246308025e+00
2.848033648810788798e-01
6.296380837192648849e-01
7.257374269742584705e-01
8.221644176585776176e-01
4.378515502649956148e-01
2.307271950004828653e+00
6.392030565871404946e-01
4.460481260904112233e-01
2.394947075939442449e+00
2.654767969445875675e+00
2.453106964348104935e+00
1.041372991823727792e-02
1.575682747264339545e+00
2.515901645471623205e+00
7.139221156928368117e-01
5.974589044522752301e-01
1.215987657999065386e+00
7.330393987976360215e-01
2.462402545395955933e+00
2.645057042250674062e+00
2.421586664831996583e+00
6.169261648093986583e-01
2.715127155445557605e+00
2.337919729134874558e+00
2.545151523216902856e+00
8.430741166122801555e-01
4.252045335676104543e-01
6.587372756749052538e-01
5.419327661384204520e-01
1.910585631570294041e-01
1.285863826106589780e+00
2.204665973612122798e+00
9.406384873161750815e-02
9.496863065311037522e-01
1.013188090439162137e+00
8.725756610702717353e-01
2.909869691719307649e+00
2.862674693678905147e+00
2.756672568542919421e+00
5.829784227088139481e-01
5.184478530564002874e-01
1.873420234942646090e+00
8.204794014303313787e-01
5.333588465718323013e-01
2.464513296490670857e+00
3.390106560368757460e-01
8.543937887302009981e-01
2.396479234760117372e+00
2.811766849479649277e+00
5.052693207223413197e-01
2.635892632819486270e+00
1.837401968653833151e-01
2.987338481398033707e+00
7.398941706640408400e-01
8.713648996107890010e-01
2.031054269022248560e-01
2.618127254889758948e+00
2.711049741216145836e+00
8.030821276673552056e-01
1.136328313452443561e+00
3.645352827837805565e-01
2.640026787663383168e+00
1.704390175171142330e+00
6.928551026771997412e-01
2.738139453950793722e+00
5.051157054334938223e-01
2.828586289310715429e+00
8.073122928378990704e-01
2.449452076823095847e+00
9.560428486666416870e-01
1.130977722653935036e+00
3.811944788063884038e-01
2.211299198282479228e+00
1.071574764979176697e+00
4.890602509375508999e-01
2.518454978746760831e-01
2.918464972531484403e+00
4.915383345704102958e-01
2.091366811877414467e+00
2.526096093904464990e+00
1.231064540144261032e+00
2.266161719059388790e+00
1.475578720303254876e+00
7.627522171733127632e-01
2.678663460281332842e+00
2.753065196291452299e+00
2.932769984228627891e+00
9.170902237935253387e-01
2.406621534713544452e+00
1.828712911238262073e+00
1.217255460504874376e-01
2.488965055802609960e+00
1.123169298579918873e+00
2.450001530539630823e-01
2.500343455405579451e+00
2.378386193114222280e+00
1.563005063054928589e+00
4.773375175886038213e-01
2.682876013181490826e+00
2.545025197082758872e+00
6.254984595539231362e-01
5.744059844331895759e-01
2.603024425618302828e+00
7.895426527026342400e-01
5.183918493950702144e-01
3.178992760231039716e-01
3.035229825039867269e+00
2.822322038279304834e+00
1.936456906508942311e+00
1.956840610838914030e+00
1.337808087845314020e+00
8.321842790726151629e-01
1.347805335075347832e+00
2.182759931579534296e+00
2.939887622080372132e-01
2.997332933542734335e+00
2.826471655811609196e+00
3.628701674415922285e-01
2.943624262588289131e+00
2.510210724624078793e+00
5.299852282412367277e-01
6.998866678460609059e-01
2.981971070211159702e+00
3.025837494931870264e+00
5.953160509977445392e-01
2.427766105290286858e-01
2.669517247892741807e+00
7.671480833327820603e-01
1.365491126950562961e+00
5.762584677449046344e-01
2.645340038688875683e+00
8.771993300758673673e-01
2.523045914018045899e+00
2.093856813869628741e+00
4.795256304587302010e-01
2.385785470994033819e+00
5.489086969177997544e-01
1.141610558023094635e+00
4.681375698808739605e-01
2.557029082021403887e+00
2.296795574492199510e+00
1.522786623439166265e+00
5.560969694713542300e-01
5.169077088312702406e-01
7.088964065729284059e-01
2.200268757855242008e+00
1.911147903772282719e+00
2.633902937261992871e+00
3.798770081748446548e-01
2.657999693065786317e+00
3.555816953575811623e-01
3.361611336859285926e-01
2.279004791903698646e+00
2.896153277492761635e+00
1.072686972035620689e+00
3.279425263515340361e-01
5.627662959014898547e-01
7.171467416635527448e-01
2.361637364487517488e+00
2.750995667804248535e-01
4.564225949781115510e-01
2.618905591994159732e+00
8.773959238999886612e-01
8.462600950446109715e-01
3.009655442147017190e+00
2.576902500067327129e+00
6.983983295719095041e-01
6.264580286765022432e-01
2.791866933702213061e+00
2.598355853396511872e+00
7.102159931092104639e-01
1.609657669458975648e-01
2.062240189924143152e+00
5.166547713626410410e-01
7.226580333594413430e-01
2.909894441123897835e+00
2.833057235553164688e+00
2.181178246800278275e-01
1.927801330437588501e+00
2.871876164411439336e-01
2.933187869259555658e+00
3.516855106807785236e-01
2.621561231457206986e+00
2.130019754089303774e+00
2.319985469490114305e+00
4.204047028745246939e-01
1.338261080875430720e+00
2.556357522658924797e+00
4.462444679912961343e-01
2.137059741250333378e+00
2.444658884282711331e-01
4.750134832528282169e-01
2.723526883668504706e+00
2.997916557191703024e+00
2.811105971762929201e+00
8.704380231446233462e-02
2.425039585747561066e+00
8.618613561369837806e-01
1.842547460354575506e-01
4.084039926904998730e-01
8.247964474711980687e-01
3.825436573041108290e-01
1.065832978076081128e+00
5.268382490480258973e-01
2.855440341199835697e+00
2.841195029114531145e+00
2.525023473322450585e+00
8.810411532119358791e-01
2.061639996472246494e+00
3.040878551409095243e-01
9.186432931145289693e-01
5.321362296530360858e-01
1.932073339591023231e+00
2.784183580644982392e+00
2.553263229571991477e+00
7.914085406100315190e-01
2.807129187076274235e+00
4.961471337217893129e-01
2.568993861326182682e+00
1.236652813200913359e+00
7.121494725659384128e-01
2.527778051167003937e-01
2.703192380010113638e+00
2.922332861337570087e+00
2.408476546659128026e+00
3.263454674892339868e-01
8.536963158420447506e-01
2.931420140561749044e+00
1.755382925970796038e+00
5.063802513753189460e-01
1.717733511844167893e+00
2.728633848735449785e+00
2.744464332509377158e+00
4.859937628040029711e-01
3.394725575505753712e-01
5.094727403053240788e-01
2.061694034951975230e+00
1.100454532618020620e+00
3.456566447721852731e-01
2.512987870296277126e+00
6.920226361606677257e-01
5.974401659219497063e-01
1.042494239157758962e+00
1.933737177275486108e+00
2.440362334773136688e+00
2.604516051002854216e+00
2.710442206972448975e+00
5.481183722003908354e-01
5.141386526436542148e-01
3.925615838952102310e-01
1.316463903427131932e+00
5.880388185497271714e-01
1.375150903971288585e+00
6.064945528579697154e-01
9.763377030031338277e-01
4.859960178535569497e-01
4.415207394399994212e-01
1.222826775883824046e+00
2.762950915728433099e+00
1.215873215002949870e+00
3.913101994027329278e-01
3.614611934536454685e-01
7.519186623886043863e-01
4.680558886874365832e-01
2.415966055696539438e+00
2.910684694180174503e+00
1.162103082840934443e+00
2.227208051679034018e+00
9.608006569052089940e-01
1.381246121900395529e+00
8.720806835397644230e-01
2.464932930420630885e+00
2.554495573529380614e+00
2.715566346083509774e+00
1.999547703844314572e+00
6.848956737291794772e-01
4.545533667344160422e-01
2.937407262446807832e-01
1.098046261253627476e+00
6.793353756850967207e-01
2.066043689423123109e+00
7.988225596707558829e-01
5.836693491383070365e-01
2.647860258947662082e+00
1.948997625949926427e+00
2.762831438943267770e+00
2.613612920607083723e+00
3.676754874297791797e-01
6.064822924272864624e-01
6.801258484765291268e-01
2.385564847228543339e+00
2.377687315942752733e+00
2.407695013318001287e+00
2.719997878671783109e+00
9.872160464053132412e-01
2.761288638849394239e+00
1.771391042508581037e-01
2.321296879349456166e+00
2.348897516755489079e+00
2.818347699266463557e+00
5.705944708067234306e-01
3.739588387656596624e-01
8.001277628647688323e-01
7.888125845918391166e-01
4.128113632480135409e-01
5.688154542914576339e-01
4.164869348899685186e-01
8.055922968427002839e-01
5.764172243474978696e-01
2.572565554519821163e+00
8.006267960199303646e-01
3.364506293115049340e-01
2.614212616712865866e+00
2.381885526250476559e+00
1.115440242544789795e+00
1.734047622239601294e+00
2.659034390088474975e+00
3.340059766138757658e-01
2.686990310103877788e-01
2.600485618828914269e+00
9.208196588313726227e-01
2.662723537566569210e+00
2.766890053800196370e+00
4.884622522389929777e-01
2.075542786467638123e+00
1.056973727135664509e+00
1.342485612566998165e+00
2.874315781254105584e+00
3.453256735359926943e-01
8.958188475273752838e-01
2.916943098755957475e+00
2.396159036718525925e+00
2.781412231727583340e+00
2.490279155076055240e+00
7.264994262927375601e-01
1.664273270750298295e+00
7.509493475639874571e-01
1.012495424277032763e+00
1.055579144716140005e+00
5.371491322435472116e-01
5.298857751738981214e-01
2.388582583063802556e+00
1.160579690220605809e+00
7.637606552546427618e-01
7.278291770973188690e-01
2.567478000564812568e+00
5.245121521038350609e-01
1.205925766364281060e+00
1.355698048267421907e-01
2.438427606098958922e+00
2.877054950150771950e-01
6.070018374241715753e-01
1.004646298618390388e+00
3.127420194268600628e+00
2.612725331901773806e+00
2.470294547553722353e+00
1.986226614212827535e+00
3.914754265656008592e-01
2.776544459786292052e+00
2.700142054833577276e+00
2.336995792012754425e+00
8.081366639444343969e-01
2.015898917127647849e-01
8.720369035897342913e-01
5.502358130922102575e-01
8.289078766928344999e-01
4.529414138075152363e-01
1.011826204400410489e+00
2.411395074459629750e+00
2.802962012740565001e+00
2.616177571649188849e+00
2.697044156125116832e+00
3.622717807756639652e-01
3.169274648909186642e-01
7.758442228525755935e-01
9.861589989243193521e-01
2.275726513928266304e+00
2.415496257260405955e+00
1.640595655130322739e-01
1.373669847271621614e-01
6.990659420430606064e-01
2.525573119554471280e+00
1.677030352123543677e+00
7.995172934892869065e-01
8.012604163400764978e-01
8.709838704195044246e-01
2.746622940320899264e+00
8.011442635436977211e-01
2.191042266864675625e+00
2.638634662600218839e+00
2.993336116101086741e+00
2.471061074156453596e+00
4.694230834177544609e-01
5.087962810204853525e-01
3.447696405600656488e-01
2.076944148504484389e+00
6.281369867106928462e-01
9.671449901281539141e-01
2.294129021243510813e+00
1.279494805708525140e+00
2.540797575133993291e+00
2.629871799023638435e+00
2.980486944734511479e+00
2.930844207148119107e+00
2.971384005995334476e+00
1.029286242642602156e+00
5.924940214954416140e-01
7.498231004443474124e-01
5.596453007101994670e-01
6.133202162046226258e-01
2.559644920028826487e+00
1.094232767701499798e+00
2.734854361192052608e+00
3.559373805924438416e-01
2.928144763539203277e-01
1.604231381524853450e+00
1.076282964198435721e+00
2.290323938679164506e+00
2.925113505508124545e-01
1.145254709854324870e+00
1.947974601143693363e+00
1.292300348722160708e+00
2.905909258771970816e+00
1.542667739472800337e+00
2.180249910148396530e+00
1.751766097218422080e-01
2.470276072097936204e+00
2.918624198635050515e+00
2.682984782625525533e+00
7.276329246777900606e-01
7.198981413131615437e-01
2.887650867088592310e+00
2.174387305918219493e+00
4.821718528680369320e-01
2.757718192234346333e+00
1.064110375756543103e+00
2.840800564033473918e+00
7.392162924903148413e-01
2.453941641290417586e+00
6.475983900077704192e-01
3.327067730998739536e-01
6.158188009705100052e-01
7.178320478353378276e-01
2.333770461387063566e-01
2.799635964287567003e+00
1.961994859168511907e+00
1.939953565057009444e+00
4.463387265092559342e-01
2.457921578710835497e+00
2.293009122970754987e+00
2.499781080785681731e+00
2.287220822305585377e-01
2.890176764542760957e+00
1.511325512318913100e+00
2.884584028636046238e+00
5.824920097917151152e-01
2.886709565650667830e+00
1.721170530827081269e+00
4.066333742717967992e-01
2.350302330302127540e+00
2.599818525932400703e+00
2.458836693229886627e-01
2.808873567541632088e+00
2.052838420288084276e+00
1.026352064254202556e+00
1.377755069130961019e+00
8.669033926287824654e-01
3.230303688130446438e-01
1.304393407064451171e+00
7.775981607765077852e-01
2.164691460992542726e-01
3.789631111995515611e-01
2.289392759120109311e+00
2.368416872655144445e+00
5.289339136050841272e-01
2.889668034955242160e+00
1.031271824121196445e+00
2.436026401471135028e+00
3.709297499686046162e-01
5.231040696711807270e-01
8.284958331036702539e-01
1.774587942028435616e+00
4.652205996521697751e-01
2.586511356703916853e+00
2.246782646270494954e+00
2.576830018231541342e+00
2.379245571049519281e+00
4.897909127803465879e-01
6.706810843812101020e-01
2.706012214177937025e+00
6.287911059160333771e-01
3.807333245673411581e-01
1.845464992460024711e-01
8.162755603952052130e-01
2.565382401576346005e+00
1.490564430419300646e+00
7.429568445207290761e-01
2.016131649275548110e+00
2.809442937197018431e+00
2.421528219431592355e-01
5.835099261678476923e-01
1.188440953662234234e-01
1.672007523119235506e+00
3.455540491631288735e-01
8.901001604139993084e-01
2.654109677576723225e+00
2.015547216433062783e+00
9.751492327888638956e-01
2.279505189214451999e+00
8.181617883589320517e-01
7.138232849095068611e-01
2.307517793612146484e+00
2.711747239839920276e+00
2.185623453949521622e+00
1.963726873986463561e-01
7.842658360692510155e-02
1.145201826081069019e+00
5.446574211918059349e-01
6.732210736424422137e-01
1.968901797561233069e+00
1.260794868917711198e-01
5.566682637933354494e-01
3.009684933141830054e+00
1.228138193937946099e+00
4.269120988807231232e-01
2.474271868463674640e+00
3.481995641281956932e-01
2.799204618722999083e+00
7.259414329180774450e-01
2.563721775507001865e+00
2.039739295711981981e+00
5.354023513936654322e-01
2.603298383802821636e+00
2.696166059200826748e+00
5.519599369579206716e-01
1.207794809996184160e+00
2.406365328240884338e+00
8.639632010398941020e-01
8.265985026495550336e-01
2.749463743928858062e+00
8.556406787929455859e-01
2.321446438221006492e+00
2.656398709302854599e-01
2.173588383425591353e+00
2.520418216203562434e+00
2.717729392260298305e+00
4.284032515639469851e-01
3.007610805401490950e+00
2.820071781316192627e+00
2.893552349226167775e-01
2.691572525312436959e+00
2.269026127033714424e+00
4.775718402216617697e-01
1.213612106558106696e+00
7.373356906892294393e-01
5.601345465906416576e-01
1.685537550333871815e-01
8.460876944241245701e-01
2.435758191686157481e+00
1.893294003060132846e+00
3.052438153600988358e+00
2.648064638234859824e+00
4.486611643412559691e-01
6.943475165791489490e-01
9.667435710646965497e-01
6.007963421701906226e-01
2.488315432939746774e+00
3.914660524677116005e-01
2.579532277453604472e+00
1.848626592019213977e+00
2.626905675860809364e+00
2.427153104590074939e+00
2.659690397261230910e+00
2.195459958096150077e-01
2.406329466803855954e+00
7.074544333352611458e-01
1.699128887822981993e+00
1.928506128697178079e+00
3.444649596807893843e-01
1.222023751270137071e+00
8.891780935924245011e-01
4.445403478155408594e-01
7.042349871749931101e-01
2.395195339709976334e+00
2.438380194183424443e+00
9.054365633559012805e-01
1.877118158207385035e+00
2.934847501357459865e-01
6.266161307411070025e-01
5.483591582749667293e-01
8.153051330458532808e-01
9.015758648920825236e-01
1.347032399733252006e-01
1.481181943108534682e+00
2.005520313123967391e+00
1.101238930851261122e+00
1.044050092714614353e+00
2.363079687430365894e+00
1.521289538642772998e-01
8.173632655230606003e-01
1.438574802494961835e+00
2.278051276357987653e+00
2.857879860024117313e+00
3.986996680832254336e-01
2.519302828623567692e+00
2.677013457210431380e+00
2.406576210117382875e+00
7.667538570483932725e-01
2.837059794134735302e+00
8.458461100118311871e-01
2.103003557417653990e+00
3.111726486046472173e-01
2.544674309451735450e+00
2.305745942261373305e+00
1.710157802002816307e+00
1.982293452214382579e-01
2.373751092304297483e+00
1.327602864132710891e+00
2.353120250395413837e+00
6.392176666819142650e-01
5.842716242377069547e-01
2.328995014326133983e+00
2.424350995389866981e+00
1.978091600156041796e+00
2.098044833334753445e+00
5.193388078891804094e-01
8.819824998148884099e-01
6.887477863599974492e-01
1.738081335581346809e-01
4.622233639379442760e-01
2.051323037766342949e+00
6.690764479949434795e-01
1.121045501060779603e+00
3.555123525629053649e-01
2.214888734938631198e-01
8.105204513061816662e-01
3.347924100253477642e-01
1.269960564658326074e+00
9.298868510525081232e-01
2.994214084957392275e-01
2.371690893505637110e+00
1.193611885759283231e+00
9.126661436618149770e-02
2.955938676776776131e+00
2.468089876137192551e+00
2.455891328875034585e+00
7.247116824074761876e-01
9.285982889411188435e-01
2.156092129514194600e+00
2.307355358354181263e+00
1.769536951970123617e+00
2.976215530698143485e+00
1.470313311968731940e+00
1.246325305498261204e-01
6.685056011680742261e-01
7.376833273075213970e-01
2.932646155162610846e+00
2.085821041764332140e+00
2.806347664369533756e+00
5.182557807944527806e-01
5.944451034909273845e-01
2.686790551665861670e+00
2.179086113639268074e+00
2.971617274158570243e+00
2.056846004939625328e+00
7.351171347971084957e-01
2.457987733296338462e+00
3.265317507030044419e-01
1.061601210047169008e+00
1.170571289910422585e+00
8.841991783869981303e-01
2.697892470196399106e+00
2.821389359464985258e+00
9.727177761975355219e-01
2.698976275468392583e+00
4.460341697332295130e-01
2.522860561952700476e+00
3.966464360270828826e-01
2.526320534789723737e+00
2.539344292478085130e+00
8.423617702888988035e-01
7.207796321161927811e-01
2.619388021840470815e-01
2.252538513661697106e+00
3.323830417505208579e-01
7.397481115177234612e-01
2.817581905473547810e+00
9.895572677927102490e-01
7.009500907505405998e-01
2.065255268091665819e+00
4.159422030916760660e-01
6.869338629314419853e-01
8.481013919560842496e-01
2.253513303633847720e+00
1.239578123350554506e+00
2.655109582649140432e+00
1.152559460324975582e+00
2.639649662604111935e+00
2.381418584585838438e+00
2.673522308199634878e+00
2.951914991674564614e+00
1.562595069102762579e+00
4.746273661659132781e-01
5.162828347771830639e-01
1.503712917403532856e+00
5.481236675013484438e-01
6.414985826514894018e-01
2.777520010344193935e+00
2.613941015323411499e+00
1.565586784682726496e-01
7.613907630236548263e-01
1.651175490962910331e-01
2.652349741525775073e+00
1.588793264232107649e+00
1.724769806665736038e-01
2.393170725105072005e+00
7.144567125101205507e-01
2.062589391356361102e+00
5.283218746483822059e-01
1.507033757746481850e+00
9.578477619183647374e-01
6.133423458813415108e-01
2.594870235277597192e+00
6.914946266355428417e-01
1.433596161195593299e-01
2.172520473760118698e+00
2.472010360266016615e+00
2.437748878885153569e+00
2.272141316632905639e+00
2.742181266063472012e-01
4.597566032978803729e-01
2.890283428112646824e+00
8.254063745390779472e-01
8.552511311530627269e-01
3.765671896644038896e-01
2.347569663510988391e+00
5.864355503508386080e-01
2.489862108646695660e+00
2.182452455600260244e+00
2.738137350556373306e+00
2.499969233021301029e+00
6.500738805704118217e-01
8.277774321474868913e-01
1.003509365821477983e+00
1.650720342075043590e+00
1.781968053468360180e+00
5.053019467210049243e-01
4.978611801961146943e-01
1.920995898935978330e+00
2.352830512982989397e+00
3.446799908213054459e-02
3.528283407687425322e-01
7.499937873109852049e-01
1.078935968351184549e+00
2.832888652206240199e+00
3.708697568893721819e-01
2.838065670946596786e-01
1.159671821637684896e+00
2.756542404477074992e+00
4.760590391798575904e-01
2.996831572527933751e+00
1.796487962977283859e+00
2.642895245982274766e+00
2.396974129613728355e+00
1.304815753342181139e-01
5.588899898042151149e-01
5.654644879610302155e-01
1.053281922514920366e+00
2.699832837380724104e+00
2.085470776042353869e+00
1.209112104145792843e+00
1.639466085143554297e+00
2.684426744742053117e+00
4.904894816714544525e-01
9.060271859001189920e-01
2.550517795306558089e+00
7.654600547671919220e-01
9.653167754965000791e-01
1.912944096131450777e+00
8.061312139872376381e-01
7.877379522969335524e-01
8.079965141054650246e-01
8.569253892188469779e-01
1.669991257074277813e-01
1.311450953407994557e+00
7.324054920577933725e-01
2.422265761151912500e+00
7.837414029690725759e-01
2.142679241626207709e+00
1.761874633654678668e+00
2.828253143933400438e+00
1.484666011846539901e-01
2.397210052995518981e-01
6.397189615706517785e-01
2.154712495253015447e+00
4.290704248161681944e-01
1.478406018787446374e+00
2.898452760529623973e+00
6.927723380273943521e-01
5.267504596628254099e-01
1.101747766311559573e+00
1.819269400905835665e+00
1.955217013508322443e+00
2.678936953354582151e+00
2.404198423608996382e+00
3.563377995588342673e-01
2.835443383451924593e+00
8.533918346400817256e-01
2.870417005430531798e+00
5.827477096977246029e-01
2.070756526069530867e+00
6.260502348902471370e-01
1.622113599735379497e+00
2.006778225151449213e+00
9.497715398182082769e-01
2.520187869565000849e+00
1.172258926516307614e-01
4.936152070574997830e-01
2.375442942875735319e+00
2.110670458024860974e+00
2.262493581255249797e+00
5.957568605359655489e-01
2.747241068266208064e+00
4.920636875051222492e-01
1.223894370186798586e+00
2.210452089877172899e+00
8.655518928106356036e-01
1.955664188678845505e+00
1.163807091652512726e+00
2.781805071277153818e+00
1.949796331374108682e+00
4.333795656401788765e-01
2.797449628660369836e+00
9.694123686289302100e-01
1.012847171812809588e+00
6.131009918290268867e-01
4.044717100184926362e-01
4.710194698849335948e-01
1.328407569439885361e+00
2.240787678283296391e-01
8.492476921089050501e-01
4.703057322880616065e-01
2.733663165166531628e-01
2.843762829374732348e+00
3.309952122561223287e-01
2.489677662069032404e+00
1.382404331435808376e-01
3.055961107353006856e+00
2.590288355732960568e+00
1.710246308855118968e+00
2.436626311226804287e+00
1.076692670057210588e+00
8.760289271334575911e-01
3.849581474003264114e-01
7.501310203285030953e-01
6.251150055887574331e-01
2.551395226897784863e+00
2.425603363515612454e+00
1.298641613372697012e+00
1.959072018736790044e+00
2.335804832832911515e+00
8.449361664100045743e-01
2.643395271288985771e-01
3.310162101011172031e-01
2.696365833083383734e+00
6.174446583873512973e-01
9.660553020121978030e-01
2.370698326753113871e+00
2.563481138189621422e+00
8.712164355953425643e-01
2.670954248544218590e+00
2.886253833458964912e+00
5.529644860182173494e-01
7.419725095439059226e-01
1.219590199027987820e+00
5.585211787335432332e-01
1.770816735391351759e+00
2.865964173474158994e+00
2.353230836039931440e+00
2.458444674436744304e+00
2.790021740806342798e+00
2.930093350020896992e+00
8.898623535402588880e-01
4.083899638643856411e-01
2.540436161850992303e+00
7.492490325037638454e-01
4.612320598860380483e-01
2.785289377915354692e+00
2.619512518202123719e+00
1.030780743124185328e+00
1.021745246047865541e+00
5.821602143190389711e-01
6.052906576419347928e-01
9.348047544627275940e-01
4.351661108478647177e-01
2.267252050224022764e+00
4.604252328840755526e-01
8.760201574935260194e-01
2.768858259935842447e+00
2.924699313937338951e-01
4.300563706678819931e-01
8.388541083654442732e-01
2.262241295719700673e+00
2.976805166962125160e+00
8.469827690039227752e-01
2.214083837681564582e+00
2.644480238463158828e-01
2.506779293687654953e+00
1.747532255670261048e+00
7.231361430365734755e-01
1.466722519899687605e+00
2.846553718982649972e+00
3.192576651403287169e-01
1.451995730527119610e+00
1.292783073023370033e+00
3.069219015780455528e+00
7.516528302030914821e-01
2.417462794050816655e+00
2.724763034265774486e+00
6.275415448387017259e-01
6.741034545960621349e-01
2.948292129809697126e+00
4.527812930854283047e-01
2.417644513015092755e+00
2.469714501437879850e+00
9.694647408714076597e-01
8.908937019183659212e-01
1.600262148545831487e+00
2.719108961813433201e+00
2.537722651427106957e+00
2.423081427536569743e-01
1.014739275524417783e+00
2.757629881068402344e+00
1.332845304162389111e+00
2.434819361348871780e+00
5.423764889457648453e-01
8.067596680211699400e-01
7.148218739962466373e-01
2.555955214536031583e+00
4.110582871302639885e-01
2.076911286701024206e+00
5.022053482982093975e-01
2.498101202228548701e+00
2.552353991110420384e-01
2.620733204465007127e+00
6.770396815759429643e-01
2.616453997981848634e+00
2.697298548065444113e+00
3.893805934707090799e-01
6.773215428699905782e-01
3.989350409018017629e-01
6.971457980422324230e-01
2.455743856829149419e+00
8.327126557959426689e-01
4.842760099231822046e-01
6.944223203600135008e-01
1.195467296941801427e+00
2.074315837104510951e+00
1.820437618256734780e+00
1.556962374138925187e-01
8.164253057105238520e-01
2.113680633145144760e+00
8.391685934371465594e-01
2.519279245588727179e+00
3.131766915218685554e-01
2.117837942088925729e+00
1.408054527921868138e+00
2.769297822028795153e+00
8.065084478937194490e-01
2.972693289689511076e+00
7.763017357340079583e-01
8.005364457369206210e-01
2.669214349004978559e-01
2.479279383189074426e-01
1.078086930337153637e+00
7.506483091763912485e-01
5.178473279558107878e-01
4.830310912707003190e-01
2.374892671865305172e+00
5.489587365799802887e-01
7.419707430563911021e-01
2.425389061343126595e+00
2.341335506652801435e+00
2.706044473533952832e+00
6.579234922546765008e-01
2.555081603634454357e+00
4.797836350088317547e-01
2.587205826117382479e+00
2.930656812990050319e+00
2.139052530468908309e+00
2.318443636111177097e-01
6.041754920052969657e-01
2.890007911752393799e+00
8.779119298090534151e-01
2.236144984669588276e-01
2.886949624480090737e+00
1.186341277819549928e-01
2.591346937694259278e+00
5.481157354841282858e-01
2.708260112428639843e+00
6.626744297698615727e-01
1.009918258275394054e+00
2.765963959644097692e+00
2.173980754746678734e+00
8.910178929175205376e-01
2.395837539197414934e+00
2.491515283747388398e+00
5.430790600382842115e-01
7.846577353749110140e-01
3.555462767297229987e-01
2.194953758227278673e+00
8.613449879947858712e-01
2.322937542196818139e+00
5.465818199146718070e-01
1.475742310156420434e+00
2.375127576684128439e+00
4.103126793327819266e-01
1.793035635287203444e+00
5.906343299369075650e-01
7.689744361367178982e-01
1.157820557010504237e+00
2.093004216675395934e+00
8.111933458886201320e-01
9.521915801088578490e-01
2.874550365445099231e+00
1.736020511463079119e+00
2.733010678483283939e+00
2.380179060839667571e+00
2.918760752670078951e+00
2.593559223363680388e+00
3.662905980872293576e-01
2.635191182703112922e+00
1.946375042601739214e+00
5.879044435553199000e-01
2.823417918569400609e+00
2.210861556544400308e+00
2.294639874229547905e-01
7.344111836301595586e-01
1.219714941574469691e+00
6.795310172145592187e-01
1.556973903879962817e+00
6.035089541251202894e-01
2.431697824056506807e-01
2.862372645383169711e+00
4.461301361264582432e-01
2.666547370216892698e+00
2.631498701812355900e+00
5.705982271073635204e-01
4.963267677006075185e-01
6.421154234361858837e-01
2.477788566185541441e+00
3.005976673685026412e+00
3.249943539292861061e-01
2.706890429581554791e+00
1.069942636872841968e+00
7.477307776653491223e-01
3.781505894704491610e-01
1.319828128202819917e+00
1.000125039539609517e+00
3.023534856138739180e+00
2.447243649435754120e-01
1.624698838769886855e+00
4.632690789106979068e-01
3.692603253223453730e-01
9.723371787914745212e-01
2.563470162394577923e+00
1.984648393147020906e+00
1.766031775835800177e+00
3.827919453781651327e-01
5.434107506357496176e-01
1.146645304878139093e+00
2.771957986167611132e+00
2.233301519809487434e+00
2.114241038477119972e+00
4.671455285831134230e-01
9.078102797326478290e-01
2.705876197806008854e+00
8.743426402521989882e-01
2.589795641585232566e+00
2.728605214974674897e+00
2.817039959528759407e+00
1.027964120189461150e+00
6.015587408735659780e-01
1.819886189466104920e+00
1.377525734521899858e+00
3.027852042689465950e+00
5.708929067675965197e-01
6.979607760172921171e-01
2.802523339556511672e+00
3.474290858358327072e-01
2.804665267299139675e+00
2.277283865463304302e+00
9.447880443371489134e-01
1.957141443811394099e+00
6.078094765024688595e-01
5.181097113409248722e-01
1.904789205007796138e+00
9.046457070626311436e-01
1.774942324723289833e+00
3.728691648558485894e-01
2.210969072841063809e+00
8.322427445638472809e-01
2.431754417344980546e+00
5.182993849226763539e-01
4.584391393417148186e-01
2.332139350634943931e+00
2.445001250565648654e+00
2.920891159864785536e+00
3.005582332609185059e+00
2.310001947336103978e+00
2.259606641503539848e+00
8.588976686139551675e-02
6.937745362194404075e-01
2.674050769668257388e+00
8.172102377015491026e-01
2.698018754722604218e+00
7.757905421711134286e-01
2.178746855054121134e+00
7.004269069505284495e-01
2.181920536592758975e+00
2.930947175474011068e+00
1.487591046733287847e-01
2.361842736848040580e+00
2.834705811035060030e+00
2.709222253797346713e+00
6.513841878259323259e-01
1.068757372936012251e+00
2.459082713931065367e+00
6.096232592981213338e-01
2.096739092102253288e-01
2.450796680827066254e+00
9.543233425777983836e-01
5.133157530453673623e-01
2.816148521610526423e+00
8.370569817542166113e-01
1.008564454993927439e+00
4.820434657850727889e-01
7.224717397107096595e-01
5.875687809330718547e-01
7.837049309922320406e-01
8.999798846102845529e-01
2.567133531309027994e+00
2.918035931303478492e+00
1.066414582712602144e+00
8.809130768146391510e-01
8.205167794980802176e-01
2.837412977295426852e+00
2.673009386282851896e-01
1.055002608242502804e+00
2.796119246971520145e+00
2.143888703745734592e+00
3.999571064112863450e-01
3.055117272065161482e-01
2.986791188899121652e-01
1.054505261133106053e+00
1.224593183024990095e+00
1.332991749584210850e-01
9.897996325891399438e-01
2.044693015127882596e+00
5.070896532373363463e-01
1.146384601067456543e+00
1.892922631768065578e-01
2.747322942720531014e+00
1.347908314776411043e+00
8.115057202365886235e-01
2.794190927428151117e+00
2.890592030025598280e+00
2.295800035715855614e-01
7.730269113866893305e-01
3.100501473226464189e+00
4.072907693369381410e-01
9.198954113628642348e-01
1.270432823404004319e+00
8.469842725568794695e-01
2.694677070373035832e+00
6.281532083193235305e-01
3.191727297369494898e-01
3.900473550232686493e-01
1.067059300440354574e+00
3.710617265629366224e-01
2.023351374668178160e+00
1.050390340049121463e+00
2.504724626686522182e+00
2.890451036670494744e+00
1.309021412327517897e-01
1.010365801065316482e+00
5.112514078861347677e-01
1.980286372022248331e+00
1.652316677425383684e+00
1.370390435692355524e+00
2.377560401083718133e+00
8.417386150528938238e-01
4.547333106223178795e-02
1.013940067857907357e+00
7.666074466036335577e-01
2.661243814898727855e+00
3.596757861277057877e-01
6.958427453764354231e-01
2.444739151135930211e+00
1.817183292631892044e+00
1.996809017948937282e+00
2.621440293800374022e+00
2.121608198422472835e+00
9.241346253674048716e-01
8.134758747937606005e-01
2.746910972104398274e-01
4.113023093596635538e-01
4.618809529940570147e-01
2.779416576947921769e+00
2.213697785157196396e+00
5.026779882254241993e-01
4.908566382058863753e-01
2.088425859274575913e+00
1.089314334126745054e+00
2.708606528836439598e+00
8.813610901176942569e-01
1.311598940430452664e+00
1.817895595279407583e+00
2.990553327601215727e+00
2.164234592969631166e+00
2.986529167862655765e+00
1.138912865000635044e+00
5.604999303842657099e-01
7.700969690506342946e-01
1.187560233963904643e+00
2.599639461372448945e+00
8.624216483646132136e-01
7.687367690891258043e-01
8.147277599693715233e-01
2.266632452421970978e+00
7.607917214348428603e-01
1.468986032657670082e-01
1.766118786897932780e-01
6.742770049053654624e-01
4.418120697321035184e-01
2.720050582903913217e+00
8.051146164164667551e-01
2.099472431060797284e+00
2.237029495118882938e+00
8.213234003353535595e-01
2.410756667703133349e-01
2.697693807956675904e-01
2.235297996301303769e+00
6.401601558124904168e-01
1.270101092773451568e-01
1.022137574942679095e+00
2.507214139878524151e+00
2.637227532192989443e+00
1.026739863539610775e+00
2.525642648452268268e+00
4.018685267102435899e-01
2.747698928130700935e+00
1.750049881988890110e+00
2.597388574884346824e+00
9.654385936820673031e-01
5.199633847789438823e-01
2.634867390787697605e+00
3.215227237743266131e-01
1.226117242147262698e-01
2.106533548265391520e+00
1.919063961111097782e+00
2.719207827689355650e+00
9.266121592049513245e-01
1.982797337229142087e+00
3.633416588880568621e-01
1.220290153108530146e-01
7.571413849475163715e-01
2.913982709984850761e+00
8.605512591745441142e-01
7.757133915354937070e-02
2.982569713703732139e-01
1.532367629097947326e+00
6.997521487171395327e-01
4.755295595500141914e-01
7.661726484675608351e-01
1.645720850792948164e+00
9.004361552835805638e-01
1.219044391633334445e+00
2.863557467156951919e+00
2.410186407887744409e+00
1.873118899640874080e+00
7.823975678829456770e-01
1.289697354444848010e+00
2.257235875065245256e+00
1.067902748040759242e+00
7.157285901239723858e-01
2.464036155194827327e+00
1.206500614221773349e+00
2.367230367851401063e+00
2.079518135412488533e+00
2.516068998074730168e+00
2.431865688926088787e+00
2.469369402269398606e+00
2.415127714143897819e+00
5.133732315526172707e-01
2.897743564339505529e-01
4.072627936741561316e-01
1.868511573322324537e-01
9.780677348561030993e-01
3.632712074338018682e-01
9.695245657277801188e-01
2.800424270120009940e+00
2.199870539368493194e+00
1.940021782645369841e+00
2.925733283426273257e+00
2.463168659706500563e+00
1.409123424613360376e+00
7.723263198457493983e-01
2.814489716134266128e+00
2.311509004745722518e+00
2.816725771170996762e+00
4.742328997226727960e-01
5.608563204968266547e-01
2.713676791215675621e+00
2.503484047177040317e+00
9.564160468877667132e-01
2.979625806316306136e-01
5.090803636411305177e-01
2.837036840607419230e-01
2.151414063320078895e+00
3.182681283159790597e-01
2.702773149654966289e+00
7.936115538394803437e-01
7.001249353835248268e-01
1.268700757589851458e+00
4.552978263259661595e-01
1.097667951226266592e+00
4.626010503121505413e-01
2.157710066353165868e+00
2.201322163525976094e+00
2.601394246808165001e+00
2.229301604015155203e+00
2.597152414138508725e+00
3.766807261477347901e-01
3.438809863065362959e-01
2.092231610502077288e+00
2.491521471207497118e+00
2.840470395631999434e+00
2.853116451067675974e-01
1.883515692354720272e+00
5.543247295306543698e-01
1.965477415955013463e+00
2.953527867166088505e+00
2.307919632095564832e+00
2.602398545676877006e+00
8.950166174537514951e-01
2.511552782958124119e+00
2.490299875743145375e+00
8.300109297084115045e-01
3.892707875817238983e-01
2.454255268462709694e+00
9.050522627762861427e-01
9.446908780549683193e-01
1.919697618023461783e-01
1.312389074970385483e+00
2.626464049913269871e+00
2.562743847012550091e+00
1.599479208347387660e+00
2.942247547661402507e+00
1.004703903986102098e+00
6.376403203282007270e-01
2.235894258548931202e+00
2.188200513632338140e+00
2.373842020766677496e+00
5.247554919834970244e-01
2.289929423795118435e+00
2.841784309687076071e+00
7.516149758294665695e-01
5.353055614362846326e-02
2.340158612930827609e+00
1.004027553508557435e+00
8.802105709335049655e-01
1.769808770050551594e-01
2.558412090438925368e+00
1.966000431584930208e+00
3.234696535478497337e-01
1.464400607911662711e+00
7.080405984345899961e-01
6.653927384815985224e-01
6.362429098612404355e-01
2.526006663441274114e+00
4.606363461800458969e-01
7.416386066745108696e-01
3.254002803322830206e-01
9.506050850050934420e-01
1.668411141222854610e+00
2.471092170749568384e-01
2.958571210207487479e+00
8.229631278846020193e-01
2.187950664952400537e+00
2.480962861736545566e+00
1.326635214083684122e+00
2.771773367329186666e+00
2.109168847188053419e+00
2.894129558735495156e+00
2.775873217588991970e+00
7.436241995149304174e-01
8.098186854589303207e-01
6.761751600048164779e-01
2.537132934935066864e-01
4.561400657487453825e-01
1.007654306299560876e+00
4.720158971359357802e-01
9.461434957975457527e-01
2.107227651201686314e+00
1.048578234025829836e+00
6.650372859633287836e-01
2.962534259286782934e+00
2.722539507010687032e+00
1.158053815970596867e+00
2.690384717519792357e+00
2.764673057810431267e+00
1.379732132502320630e+00
6.862660666336964921e-01
2.461957765130979414e+00
5.873431886148149372e-01
2.185409331501127816e+00
2.974430201990970524e+00
9.163340755013795746e-01
1.321634397209768830e+00
1.589425897729226156e+00
1.530597959438352973e+00
5.620210546212081049e-01
7.766645696973586421e-01
7.366342483906446192e-01
1.120931647557940725e+00
3.035641427013487270e+00
3.987624898217507763e-01
2.468524703975210510e+00
3.105166118297555400e+00
2.832729948103889672e+00
5.926384906923098939e-01
1.003476367068217634e+00
9.383738935534258196e-01
6.302018378418283717e-01
1.977887339289195801e+00
2.727570312622601412e-01
7.519938128952637912e-01
3.617856515096625619e-02
2.291067132912299797e+00
2.043337036166581466e+00
9.688286445323929241e-01
1.994074460668143312e+00
8.685844791714214530e-01
2.209136178500597403e+00
1.382085075911728245e+00
6.456778230727872048e-01
2.442594185060144696e+00
2.274634792896460755e+00
2.246402764594235268e+00
1.928892545615735477e-01
8.920749995173828939e-01
1.473316567189937976e+00
1.369987473358997843e+00
4.366343364803200733e-01
6.621766876344529207e-01
2.380526721647977795e-01
4.061072010124373577e-01
1.035965229454952619e+00
7.078420310911728297e-01
2.412571251241709458e+00
2.445083755796866765e+00
1.196786551727944126e+00
7.619753436269944835e-01
2.395261062827414023e+00
2.944427152252484081e+00
9.258105311384317027e-01
2.760299823863289426e+00
2.343769989229949946e+00
1.256912629564226336e-01
7.213235077067570167e-01
2.475145040045204414e+00
2.474586313786088621e+00
1.021558490618011295e+00
2.212835676114615957e+00
5.400014574616500695e-01
2.696462745557217655e+00
2.592833280912016036e+00
2.575383727190882599e+00
2.035746752429940631e+00
6.629925808536317744e-01
6.515409495494889347e-01
2.680620415998279160e+00
4.391596742305918233e-01
2.825127823414999462e+00
1.948329994758573713e+00
4.734073063255923586e-01
7.286406862510662608e-01
2.930187811315783541e+00
2.905306413255158482e+00
4.983861682457342845e-01
1.097250292134475336e+00
9.055010511581591537e-01
2.426157804209682300e+00
8.140333103686513416e-01
2.902696009833149571e+00
6.722501254375178315e-01
1.578525538393139360e+00
2.876343323328300006e+00
9.078563009069980927e-01
8.687627606528597335e-01
9.452809202666954125e-01
2.387396342701373353e+00
2.208983408702680507e-01
1.553722995368354898e+00
2.821646384532412011e+00
2.071603758434590326e+00
8.095721101667121555e-01
2.686514658925505117e+00
2.512044321720840578e+00
2.348646945344967207e+00
2.649494339263792853e+00
1.966011537228777417e+00
1.119549863241644960e+00
4.892472246523155710e-01
2.470193469958977150e+00
7.861850203670894821e-02
2.323829851699575677e+00
6.053504760376478000e-01
8.896386948515770943e-01
4.289175657241404704e-01
1.954910417286397140e+00
2.933975116944222972e+00
2.449179898378885056e+00
7.469663734488336537e-01
4.305920844929996827e-01
7.365564740573998792e-01
2.067813835385009735e+00
7.580632015913997268e-01
1.611512032937514105e+00
9.510808465223079544e-01
2.586033456462808910e+00
1.206353805722029104e+00
2.818559594075349395e+00
2.300695434994934896e+00
7.602116904547324694e-01
1.662506951770824859e+00
2.494054860128847861e-01
1.053507272418486851e+00
2.768314365217260153e+00
5.385019154918433415e-01
2.820073115655721274e+00
2.311384380026012320e+00
5.216781329710005188e-01
7.520169638591911454e-01
7.100709036259990059e-01
9.986867958714951143e-01
1.543647187001618626e+00
2.096751159216535765e+00
6.587062462537546237e-01
2.718694060990176631e+00
4.399441558059757340e-01
1.210347177531212459e+00
2.099647479186447008e+00
1.651368475168221162e+00
4.522923257382042705e-01
3.727022582037793352e-01
4.736933702135431301e-01
1.477681090399047159e+00
8.094871539947092742e-01
2.981443936353861623e+00
1.349791123331485654e+00
2.301204609683457303e+00
6.629770777388389602e-01
1.915936177925590345e+00
1.978058874058027161e+00
1.557266913733080793e+00
9.901225505988647813e-01
1.343704358481239425e-01
1.585310349103556393e-01
4.633939881459248067e-01
9.794893216629310118e-01
6.088723949024473781e-01
9.837390629398982123e-01
2.728275877219365153e+00
2.964559236659733976e-01
4.988713142397256939e-01
2.587801767966006139e+00
2.566436295984823257e+00
3.365635075976111668e-01
5.865467555954720913e-01
2.542925763731257227e+00
4.229212961749562738e-01
2.483144280899711454e-01
5.069772338293933034e-01
2.261077189967442891e+00
5.087228645938070004e-01
1.399126292101622093e+00
1.372913757076747565e+00
5.324256359279939677e-01
2.235791828370767842e+00
4.850612377937575936e-01
4.293040652581480154e-01
1.157208179069052711e+00
1.071605483722189556e+00
1.115104929591515193e+00
1.169981199095271762e+00
2.803306651987108822e+00
2.803509368205793884e+00
2.642121882617311179e+00
7.000457878030181824e-01
2.185047900860407122e+00
8.866071862451289087e-01
2.583532158025481973e+00
2.070090901247087167e+00
6.155560926951294531e-01
7.843168800927712292e-01
1.752681153313044415e+00
1.142254042396644076e+00
1.478246297823942790e+00
3.777146225226034604e-01
3.334950008415385470e-01
2.527928171971003390e+00
2.491361906055761910e+00
2.339689642063142117e+00
2.341857537195723538e+00
2.731998986239744909e+00
2.473378096000607762e+00
3.436557210021313202e-01
9.507982705421700320e-01
2.255367394749079324e+00
2.803076977400908998e+00
7.098176737136633330e-01
3.016771732239102444e-01
1.081976796106932870e+00
2.701675529466244008e+00
2.874313752169843639e+00
1.246029293057737908e+00
1.490603407812102654e+00
2.627315944806796644e+00
1.409214682925301609e-01
2.299858806595399319e+00
2.682430718571582329e+00
8.946341187751747359e-01
2.668587065447648676e+00
2.424720527846146167e-01
1.309996390925503462e+00
1.197348022383743826e+00
4.023659899606367163e-01
2.465956321494646719e+00
5.922594410161721168e-01
2.268281617623161939e+00
2.943447694048082042e+00
2.560244906451566216e+00
7.223650439551304592e-01
2.649736839345452566e+00
2.201714093241741832e+00
6.154621374259219291e-01
9.905185255009641976e-01
2.789032357016823838e+00
7.818347348912033645e-01
6.960318786293244742e-01
2.626314036976795108e-01
2.610292209037485378e+00
2.090277517012674391e+00
9.778082707268892504e-01
2.724414978036407309e+00
2.296228453464708608e+00
2.237674355197096343e+00
2.366054311130913135e+00
1.732565255693145900e+00
2.125427680445025835e+00
6.386982503112743625e-01
1.047030000655054138e+00
2.748820323400839705e+00
3.043237669580479032e+00
1.194610626021349153e+00
5.223100132200326762e-01
1.194727821022279590e+00
1.297919637271894577e-01
1.243210971770060125e+00
2.394224673044239804e+00
2.501432313723092271e+00
6.886386526836649757e-01
2.703436675630170871e+00
5.588930892199051037e-01
3.578655143285198181e-01
2.675011753279700866e+00
7.540002928254154746e-01
1.911696976813995752e+00
2.200005951500508594e+00
8.348629161636411666e-01
8.913023237475269367e-01
7.105104994418476316e-01
7.766300993579040579e-01
1.749963789847217122e+00
7.596078553118794652e-01
8.896377913988775532e-01
1.385744091593272831e+00
1.750720952722124357e+00
2.402964063718290522e+00
4.720111434324222310e-01
8.193304171860313900e-01
2.461469550107919790e+00
9.828466513482532196e-01
4.182939521780655312e-01
1.264632863143656749e+00
2.294948129405460335e+00
4.047229126052384607e-01
1.322575191598707622e+00
1.208260077430035051e-01
8.723209281763447676e-01
2.243321998363243974e+00
2.420187751689287126e+00
8.230470411969158517e-01
5.906678062980269539e-01
1.947929425722876307e+00
3.592719223565939979e-01
1.237450901986644869e+00
5.519120805857276046e-01
3.031146820615019166e+00
4.325424208874555920e-01
2.276817713259878584e+00
6.744860940626856705e-01
2.911135869959725397e+00
5.094905912032028361e-01
3.096782369915293542e-01
2.555136262226463728e+00
7.720808004115604639e-01
8.871122191466132012e-01
2.206428054488278334e-01
1.119698296129479465e+00
2.887377072157629954e+00
2.715043233973464254e+00
9.539461068545347366e-01
2.926063639232207580e-01
4.617107171514473474e-01
3.038836523146963398e+00
5.747151974456823353e-01
5.262892213331316071e-01
3.936234686122926929e-01
2.795650223879969865e+00
4.127799251832502403e-01
4.958523116964740352e-01
2.842314929208573204e+00
3.444357980630280425e-01
2.109263296480361038e+00
1.199507039297507793e+00
1.006480049967130252e+00
6.538982087194178394e-01
8.817638601468894555e-01
7.553645514347123724e-01
6.361826002289044935e-01
2.669345803436382614e+00
9.520722959577648803e-01
2.206119766687173467e+00
9.878976544444149077e-01
5.215960819982293772e-01
2.600005063519420290e+00
2.691356584591546586e+00
2.478724175708416411e+00
2.180285715135618307e+00
1.155665249675088102e+00
2.653218028913856497e+00
1.663900713608238158e-01
1.595303426828265092e-01
2.225838243217326262e+00
2.695000160537590617e+00
2.398527777379927173e+00
2.255964130132862344e+00
1.779923427310838191e+00
2.279160860387585696e+00
2.826110156773513182e+00
2.659621176524864072e+00
2.475999044682458461e+00
1.359853546838885707e+00
2.256657055403394008e+00
4.336697897911021005e-01
7.194157668018104079e-01
2.346959257925930853e+00
2.055569354405550886e+00
7.682710226758968641e-01
1.895948972710249647e+00
5.039012535754445743e-01
1.443523924329216168e+00
6.542613961295312697e-01
6.815668016930054307e-01
1.940021129331198357e-01
5.526033567889633291e-01
7.175155151411266585e-01
1.516261336944895177e+00
4.577752774148362569e-01
2.930396629063566571e+00
2.496963361441220108e+00
5.979926996514391968e-01
2.018210783929448582e-01
2.407173563193282462e+00
1.038061271122004081e+00
6.167793988941351335e-01
3.016580062688327679e+00
5.453858841680114811e-01
5.746745713050890325e-01
3.249510123815719798e-01
6.265680781542936062e-01
1.221969666204175020e+00
8.753195246617304637e-01
2.082090294944588749e+00
7.614692906985192078e-01
7.045443804933464449e-01
2.973476738665079555e-01
2.573465776509170411e+00
1.515696327775038599e+00
7.736253889994295641e-01
1.741524320794367364e+00
1.033204775092792405e+00
2.918359995813072150e+00
5.191845254822460842e-02
5.153676890749293582e-01
1.071584528147735194e+00
1.430870292733809057e+00
4.021204627037811008e-01
6.490169317573937224e-01
2.150273954773573859e+00
1.017222241648081615e+00
3.377943212929881978e-01
2.792671716657580738e+00
3.096135059714697046e+00
1.742270972347722824e-01
1.679495474223440254e+00
6.486035303319587220e-01
2.644877759293288833e+00
2.889800756816457206e+00
9.464385234069910835e-01
2.991023837045802214e+00
8.673448965646890496e-01
4.920837832975580861e-01
1.328745103582678055e+00
7.220339408936269354e-01
1.069260306259160881e-01
6.620477733392291508e-01
1.735304495225020061e+00
7.013849507250319304e-01
2.837806192991620513e+00
6.791911396396838052e-01
2.620436816165508276e+00
1.511713660286809535e+00
8.457080372723394524e-01
2.236120507302552518e+00
1.757677432471257961e-01
2.186027570747037796e+00
1.736311042234540691e+00
6.672469329827890316e-01
8.229730441637276295e-01
2.933779920936612218e+00
2.752118866524901453e+00
3.142919604323796134e-01
7.316183291381324061e-01
4.368902621272381936e-01
5.566679141964016031e-01
2.763727707363746067e+00
3.001672512220974753e-01
2.231179817397446197e+00
2.848279932133083836e+00
2.105433082996011507e+00
1.404558406448643604e+00
2.144513873240732060e+00
2.011947843821919601e+00
1.971663005400159152e+00
1.311448880729283006e+00
1.898586439500765666e+00
7.114953259524963158e-01
2.336070508536111756e+00
1.379120248609863708e+00
4.135673636531986830e-01
2.649024885432675891e+00
9.773968920446949316e-01
2.622066548550043841e+00
2.831972535033649763e+00
5.210893589213592136e-01
5.909788410651473090e-01
1.809378475182339185e+00
1.084854013014396878e+00
3.104142167113405071e-01
2.781190881065731535e+00
3.812250177888263369e-01
1.375709457279498560e+00
8.019999104086052988e-01
2.689463317734112735e+00
4.340602587103830623e-01
2.336353488414279200e-01
2.802168778859498222e+00
9.062325633296948180e-01
7.673762089183598922e-01
6.686026048826844148e-01
5.974028307435246266e-01
1.035305690662374101e+00
2.638881394419226645e+00
2.474092792897426563e+00
8.958295068873413092e-01
1.431813939707760941e+00
2.710785608716505202e+00
2.085516473555835970e-01
3.815783689656965239e-01
2.247614894626098092e+00
1.755539271799362977e+00
4.880286023145017915e-01
7.199888524492357167e-01
2.750264251898117518e+00
2.416704954686287543e+00
1.095582063304221476e+00
1.067678656941071669e+00
2.141060119951712526e+00
2.533562379148557309e+00
2.680163195486603644e+00
1.027313162933708446e+00
2.915533407502862051e+00
1.178294726772583401e+00
2.478042824466964777e+00
2.938848208337502488e+00
2.455537828804243095e+00
2.466631540267406386e+00
1.162454402455072033e+00
7.086067958850525983e-01
1.984228219562433615e-01
2.248652143730244912e+00
1.519166147328802730e+00
2.474836807809053241e+00
9.361233215100904503e-02
9.789940030172608054e-01
2.563771625087067907e+00
6.000561357111783289e-01
2.554880458664189558e+00
2.720699924497661737e+00
2.348237905850351304e+00
9.531438918387771242e-01
7.643238652187106519e-01
2.821951484038133007e+00
2.569043056233971001e+00
2.247062719959423749e+00
2.048566433092937178e+00
1.499943662410069267e+00
2.685951220233033787e+00
2.724326920402930785e+00
2.677378327135493397e+00
9.205983862946874874e-01
1.643252534022353828e+00
2.214148469577957190e+00
1.363252728580200301e+00
1.993250713948971464e+00
2.775486116265734715e+00
7.380571357862876214e-01
2.469189122945288251e+00
6.772334269667275031e-01
8.098659401465119201e-01
2.588388955580849693e+00
1.490344059661711240e+00
6.217199695772729351e-01
2.020812050155619932e+00
5.956074223750926766e-01
2.815474951985048158e+00
1.869447003772278793e-01
2.853744391993048524e+00
1.803319181980383434e-01
8.166669529943317851e-01
5.493707758434293043e-01
6.581542300003884183e-01
2.725019550515633604e+00
1.013866029698991200e+00
2.553858829671126429e+00
2.683531200338825418e+00
7.902996798582211380e-01
4.881165323875387152e-01
2.945290526684599008e+00
1.961654114660794923e-01
2.714633617247456332e+00
9.902303454335771304e-01
1.625448887681858245e+00
8.344463461119011605e-01
9.411524889245739267e-01
9.067506679803231107e-01
1.092714102900356865e+00
1.076218770852198192e+00
2.584882271387470620e+00
2.672278726792401304e+00
2.760065080307884333e+00
1.788591713358139268e+00
2.713276090194701506e+00
3.019454907832322399e-01
1.231882515349364438e+00
7.932548556095899706e-01
2.441052814053629838e+00
2.705021619221649409e+00
2.274186873854912250e+00
2.023935603658260085e+00
1.191365594024685892e+00
4.975419539623951448e-01
2.375991270823677670e+00
2.959053787782861544e+00
1.230495597313468886e-01
2.704078419568789471e+00
2.975061447894500777e+00
1.728277629363908607e+00
2.796589028757947126e+00
7.036120227575077823e-01
2.417922427534525909e+00
7.088759149958762107e-01
2.350062002775277215e+00
2.771560079259253406e+00
7.367211990184565629e-01
7.402963387642957915e-01
1.906135392282930274e+00
2.813481477729899538e+00
1.736467447209750992e+00
2.251480365075595014e+00
2.420230976350021823e+00
1.304757532473858284e+00
5.771364444953407391e-01
6.986389718535909177e-01
5.953607182049128754e-01
2.621925812190959437e+00
6.268853205535870332e-01
2.716802925910875022e+00
2.983738077820528023e-01
1.054424900742986004e+00
2.635336490809899068e+00
2.612412362763945506e+00
1.632836740279979271e-01
7.431902038117090825e-01
2.370111446827392498e+00
7.109238407963589523e-01
2.950493749875860994e-01
2.878124416761262072e+00
2.484876970557457376e+00
4.870803282611664842e-01
2.800867879661051774e+00
1.444006677997576649e+00
2.423624429543694614e+00
2.601256498215520629e+00
8.370862259696822960e-01
2.998232514999204401e+00
1.724533349730315246e+00
1.153285735265616285e+00
2.926785277583412448e-01
1.297708519853250975e+00
2.577329871042856713e+00
2.815107283877720690e+00
8.678371596729260729e-01
6.872684429333928424e-01
4.951457315334515941e-01
1.731797989130169135e+00
1.167817498088500605e-01
7.543380419647629509e-01
1.991548403481337992e+00
2.422771743627519569e+00
2.082011158869243150e+00
1.344395389323796763e+00
2.038461951112560122e+00
1.659893826652381277e+00
8.596730792226249251e-01
8.651191939116549268e-01
2.048796846259763438e+00
2.474074067263004384e+00
1.555340002397621602e+00
2.782813627129156142e+00
1.964764533920092537e+00
8.980921178569438723e-01
2.528904181619721636e-01
2.453413098747989629e+00
2.368234731723569464e+00
2.571168784857398748e+00
5.869555639774183264e-01
1.484722504238325635e+00
1.001600553588607667e+00
5.951977446487032308e-01
1.004576506596899899e+00
2.907945037244186626e+00
2.194996788644468566e+00
2.224336360262067824e+00
2.368162199855102124e+00
7.988834507305071497e-01
6.423931578524164077e-02
7.222005482367660489e-01
9.337082335167393721e-01
2.738324394015656083e+00
8.829420886270661351e-01
4.057977553984227215e-01
1.022945452988560877e+00
3.002195810461590231e+00
3.099477768886621520e-01
6.263082288613780468e-01
2.325375609170187818e+00
2.258875444796917265e+00
2.145559064580175423e+00
2.712867366528731505e+00
6.281973667986630039e-01
9.459043105148814412e-01
2.349079528053405141e+00
2.466216264176416484e+00
7.391719107318416304e-01
3.301324351667200285e-01
2.213416513098514837e+00
2.569204565559451980e-01
6.699268025725603204e-01
2.316228589862341813e+00
6.985808899446914744e-01
1.096965594455348719e-01
2.089484164717218206e+00
2.471346695857444598e+00
1.489502134122818511e+00
8.281736448182061006e-01
3.009024629172255549e-01
4.573786294641981054e-01
4.390960267590474086e-01
9.045167694075511022e-01
8.980361696018777928e-02
1.814066269770554296e+00
2.404402988526960439e+00
2.441666014607646318e+00
2.260172470360951369e+00
8.813959592364842832e-01
5.123643851096767454e-01
2.981883278660202308e+00
2.685070177111346656e-01
5.920671686468500505e-01
1.001676020661472988e+00
6.158990799118730930e-01
5.043218732085466005e-01
1.247352886754682810e+00
2.533667487034608978e+00
1.392307667880391842e+00
2.494273062422307952e+00
1.850992216660843681e+00
2.346154092150582127e+00
1.055787744200018086e+00
1.120640529200832569e+00
2.870936669961939636e+00
3.043682351815067300e+00
8.188208007990244175e-01
1.288765366730620476e+00
3.262245470657749724e-01
4.668107418597355340e-01
2.265932080962038964e-01
1.061166147129882331e+00
2.441895103247991639e+00
2.540759091545469861e+00
7.573813478249302733e-01
3.224895676460493577e-01
2.495389226658457638e+00
2.600262547093129761e+00
1.385887262435785416e+00
2.561182158955932930e+00
5.151861906434256344e-01
2.372713174896659893e+00
2.169911884252763823e+00
2.736314011615680108e+00
8.931192001575765094e-01
2.801608445842616923e+00
4.808810120060113547e-01
8.464351257775198922e-01
7.079613369609784046e-01
1.342774764228609197e+00
3.143830132533898536e-01
8.392308747492344123e-01
2.967773878937065568e+00
3.829232680138617839e-01
1.103006653032659656e+00
6.261195966190842288e-01
8.725285883053329750e-01
2.812333022421780182e+00
9.459846492182754085e-01
3.852553733631551292e-01
3.023387432335873815e+00
4.833007659894197894e-01
2.851610155459470608e+00
5.088090963975691050e-01
2.144476867466822423e+00
6.993057617353933830e-01
6.926585952029929993e-01
2.615774585953828613e+00
2.618591327738785779e+00
2.300896612007951259e+00
1.311500103360034419e+00
1.301329402086613740e+00
3.048811268885840864e+00
2.619251022402294460e+00
4.652182520965614798e-01
2.600594048988022600e+00
9.482760101244230855e-01
9.036288061039488007e-01
2.433731928879098838e+00
7.012653289313568461e-01
1.110027585513492010e+00
9.174530223087965508e-01
7.564732242880587432e-01
1.544752751740948171e-01
2.723813379967447545e+00
7.444933760327130390e-01
1.422173113846276760e+00
9.768072236388829488e-01
2.602524837254913681e+00
2.865557739365930168e+00
6.167619116967177906e-01
4.866481247187740000e-01
2.252894765433520519e+00
1.895211842680722958e-01
2.260482227309563275e+00
2.860820687737135604e+00
5.771893756756121263e-01
1.877278871940110117e+00
1.641753502751848171e+00
9.423074149945036559e-01
7.017730545935805253e-01
7.505049764540100421e-01
2.560462252187547527e+00
1.893338481340482105e+00
2.222897452006502572e+00
5.615774909444486429e-01
2.740897023104853947e+00
2.065660025240405595e+00
4.179013831110945931e-01
2.199182004276043045e+00
5.321162431992483288e-01
7.242029366581445027e-01
2.970554700117403968e+00
2.206320263646016411e+00
1.717297836873159511e+00
2.406256614543734962e+00
4.414182459182835472e-01
3.012452342234179237e-01
2.286533531663310193e+00
2.255100651091420438e+00
1.546253792739982869e+00
2.262882712234527638e+00
2.676680274138324656e+00
6.066524691429260319e-01
1.851936985897152388e+00
2.857266846240425373e+00
8.002981974195347847e-01
2.256814417066149936e+00
5.844719997836660408e-01
2.709630998420989201e+00
5.991368461460786499e-01
2.155838626399715796e+00
2.340320850186229151e+00
2.936369895874343605e+00
2.525298787124687472e+00
8.243641943186292842e-01
9.824405331007398656e-01
1.461148446162851444e+00
1.789492371563203565e-01
9.840075080323268386e-01
1.796257838807954865e+00
2.112493610370790531e+00
2.545350719209410251e+00
2.454628503762835923e+00
2.110221204315291921e+00
2.624784233797505806e+00
9.620662815359446451e-01
5.282654678091197598e-01
2.345960162184908437e+00
2.310375484943695490e+00
2.613975604382642537e+00
1.078067619386747999e+00
5.495309130494349104e-01
1.113942311096943971e+00
3.659167034398274621e-01
2.941789712504310761e-01
4.196925560217318329e-01
5.786601981612795598e-01
1.639148172981484963e+00
3.016108302600972735e+00
1.957255404301192048e+00
2.302555709429698894e+00
2.504917099846394546e+00
1.944197801213921384e+00
9.442593308714433142e-01
8.290095738956831939e-01
2.603994902204997075e+00
2.635833942645377626e+00
2.035569378327136469e+00
2.567206879348754356e+00
2.166365614070248746e+00
6.752455189779370537e-01
2.915656366840090108e+00
1.075668652737020281e+00
6.168812300975292651e-01
2.436992596418011914e+00
7.013829243619634779e-01
8.268760266694841210e-01
2.781739642213249653e+00
5.093989735112163242e-01
2.409251458719197103e+00
1.548971085171479523e+00
4.987019426332767735e-01
6.527567371111857586e-01
3.209431214832676460e-01
2.933335839224497033e+00
2.760058216234224648e-01
2.972885716624981689e-01
9.257205101879287801e-01
2.330539019046683702e+00
1.444515934395720624e-01
2.705415122633518354e+00
2.525110871589407946e+00
2.545799002027417490e+00
2.808133416392553650e-01
1.082912468187566812e+00
3.026739151152168628e+00
2.397699879342924056e+00
8.994323883118415797e-01
2.498516350357000704e+00
2.428555746115806269e+00
2.674711215800845032e+00
3.071720795935188431e+00
2.611474396030902145e+00
1.121147930080359512e+00
2.274613693046979357e+00
1.211477808821702862e+00
8.584908963767184931e-01
1.651782297056026749e+00
6.549796461505700274e-01
1.600027855824843748e+00
5.497615338203400981e-01
1.120096204282717389e+00
2.018218187317633916e+00
4.805612086577397135e-01
1.254761581878360177e+00
6.375002940704597165e-01
8.182632683302049070e-01
2.389403876899431012e+00
6.318230718502444443e-01
1.210377675922656104e+00
2.120979596073984563e+00
2.190201424962441745e+00
2.802375154888984810e+00
1.929355340629984594e+00
1.848060968530834014e+00
6.437960475868853560e-01
2.945822735616808519e+00
7.986312578225422953e-01
9.296261160171446214e-01
2.795023436538094597e+00
7.800092873837898289e-01
1.194838424569541369e+00
4.087511595333527259e-01
2.450982361494972728e-01
2.439204971252952603e-01
2.726729459483781870e+00
1.006820645698318417e+00
8.957335881594837845e-01
3.148693311201046230e-01
1.476686116156989748e+00
2.660823813769007673e-01
3.554106837374204630e-01
6.668296268941228400e-01
2.311093990522776753e+00
2.743730687617097486e-01
2.429562476020762585e+00
1.907768549493456200e+00
9.716508810092517878e-01
1.632578579103062033e+00
5.178432907516605788e-01
1.941023737905011037e+00
1.713517154193822667e-01
1.772692604995383059e+00
2.643232616433776716e+00
2.198620516102716138e-01
9.012906854051507821e-01
2.278339962283945308e+00
1.896213842606024880e+00
1.289103509199266862e+00
8.553444250910240410e-01
6.803174409612170459e-01
5.591983381661527197e-01
1.156698240427227242e+00
2.365682852463419916e+00
1.253732954033193625e+00
8.329804867868378926e-01
3.168752256830348890e-01
2.978997404770932000e+00
7.380434493363908777e-01
2.719437484102073643e+00
1.295792316528857402e+00
2.085237963803612260e+00
1.973467618007353819e+00
3.567328340188788971e-01
2.396622597386233178e+00
1.441284679241662259e+00
1.983567576584130077e+00
2.607690707736403990e+00
2.411649149205299381e+00
2.112553970523886271e+00
1.326398553810067771e+00
2.556776600054870396e+00
1.972339846154711251e+00
6.331896968079890886e-01
2.637740321581819813e+00
3.911775814469665713e-01
2.465250882586159431e+00
5.947609984652848514e-01
1.047972872103778208e+00
2.141852283111735478e+00
2.518847269031805780e+00
2.425158805964152453e+00
6.583918779216429984e-01
7.365326859948105875e-01
7.418138536907641356e-01
2.851861862315091312e+00
2.369848547192810462e-01
9.479517374724661938e-01
2.143253336793336850e+00
2.518962902404628945e-01
2.320669783341573478e+00
1.695897837278760090e+00
1.930895427015548282e+00
2.800603770007244808e+00
2.874065079384668042e+00
2.532477328466955946e+00
2.662464865447294216e+00
2.965283685730765395e+00
6.870299322217100491e-01
6.292337802387580892e-01
7.170912427843254555e-01
1.488665760583458786e+00
5.367479994463154602e-01
8.095410474009384627e-01
2.594421766410502261e+00
6.256195599252923900e-01
1.956687197672826617e+00
5.355262117145270784e-01
3.752561025905283287e-01
2.460466154932658078e+00
2.060606122411708263e+00
2.752618684497864621e+00
1.778976374545057082e-01
2.435740469070636571e+00
1.750097077028109238e+00
7.666905437876012641e-01
2.431604514449067000e+00
6.801501424801049689e-01
8.020282081916094707e-01
3.014693051164821558e+00
5.071844997938770305e-01
1.259319652407932200e+00
2.586176032074927189e+00
2.385892068266059596e+00
2.237115404964715282e+00
1.953314083256093348e+00
5.691855781269081760e-01
5.070074896324120450e-01
6.627562344765358660e-01
1.069931018550992263e+00
2.600726776064770651e-01
9.211769829957903166e-01
2.803341764943987791e+00
2.387234743303023432e+00
2.405880889829055125e+00
8.617700642016369317e-01
2.547902813540289468e+00
1.041894581988816570e+00
1.248417688247848378e+00
1.452655168663006036e+00
2.670041149060899066e+00
2.661395255155358242e-01
2.448696577434534560e-01
4.939823949770952294e-01
1.127187589722119521e+00
6.593423999725499529e-01
2.252297382483315236e+00
5.336028156282132118e-01
7.015202633245344599e-02
4.649286264304444694e-01
2.392933436905413824e+00
1.075432619061108097e+00
2.726541359466352898e-01
2.594537437203013663e+00
8.613169133531665134e-01
2.636688575147990043e+00
2.499628821594494177e+00
2.492813642960854281e+00
2.945334013240749726e+00
2.871428290796355753e+00
2.204314229907808009e+00
4.703973266885052018e-01
6.606964920973924515e-01
2.624655990920672921e-01
2.653323252088451767e+00
9.878337155913947676e-01
5.027036441627701358e-01
2.554864749902445720e+00
5.570006257980875120e-01
1.605187314606691507e+00
1.019829718067046587e+00
7.908837847380075781e-01
8.481890216717763442e-01
4.500317707580043236e-01
2.137963622151462850e+00
2.075427502685171177e+00
1.694821955963842219e+00
4.733638695981421396e-01
5.462377555312007971e-01
1.091715352354878821e+00
2.340252198282785745e+00
2.189904748146739522e+00
2.313539472193479885e+00
9.515475624812033129e-01
2.498466022002150844e+00
2.429572099086679149e+00
2.554019200585144311e+00
4.356845568797022561e-01
2.881225097906270349e+00
3.014843553471115101e+00
1.511788092900414160e+00
2.169237628660633188e+00
2.362996790850469431e+00
8.496536075195046944e-01
1.114402671066659245e+00
6.690986603683017897e-01
4.237029055601105876e-01
2.657194141205701410e+00
2.240749876719313693e+00
2.734530071596519285e+00
1.978210270116538494e+00
1.021722711287994745e+00
3.085472804929147994e-01
6.519809803931992942e-01
2.348728838756978521e-01
9.277996810441395681e-01
1.810688441384349812e+00
3.036345927110437160e+00
1.041284901396113405e+00
1.023749217895105978e+00
1.207160661561850645e+00
1.856363708625510034e+00
1.385341448588222946e+00
1.012102361832754038e+00
9.220554202846422687e-01
2.604401095432668178e+00
1.152096134496026325e+00
8.634037761228349206e-01
2.087317029897117315e+00
6.564232104792311340e-01
1.579855189241876179e+00
8.380074566530691937e-01
3.818484112203455738e-01
2.476187314335333234e+00
2.456550987938921793e+00
2.730406775893743365e+00
2.809536041365039871e+00
2.647132290161744450e+00
2.315475675755646057e-01
5.464658775549543490e-01
3.376843060558676890e-01
5.632222037189047459e-01
5.485135409611074930e-01
3.610963920934390226e-02
9.617524767301327548e-01
1.511319789686777604e+00
1.513360178500853692e+00
2.837991762413160646e-01
1.252164492970614607e+00
1.745489489412973771e+00
4.975719319753093006e-01
5.992258571463421335e-01
2.957886250037945697e+00
2.468222182784511887e+00
5.860947473859524637e-01
2.107995613359523901e+00
2.644707783417657332e+00
8.722822828990884902e-01
5.594862794700511399e-01
2.527431433132254490e+00
2.701471770011131923e+00
1.821888172151505225e+00
2.134021222906214099e+00
2.482932213623612938e+00
1.482231732779507150e+00
2.636319743930156445e+00
1.269050169423688867e+00
2.630097529432639636e+00
5.379041164674255304e-01
1.005947118946059371e+00
2.489761726929711649e+00
1.480694561679171573e+00
2.402360507620952657e+00
2.423087221387616896e+00
1.836468022163828540e-01
2.759236046473202197e+00
9.791557605672238651e-01
7.490856106836434325e-01
2.768627138019143175e+00
2.773793541424962594e+00
5.068859996586185801e-01
2.497931378826274695e-01
6.402807502757810187e-01
2.753424569051445392e+00
4.091644063789798280e-01
1.339476611174831744e+00
4.844436315345301280e-01
5.531914936279016537e-01
1.264270202694901535e+00
1.938837463799111704e+00
1.013199054907438112e+00
3.344096122587525421e-01
5.854375279841547153e-01
2.521765665594389638e+00
1.951288156709749311e+00
2.653600344995393545e+00
2.182538595951769800e+00
9.456812099170531782e-01
8.916294381092148003e-01
3.808861280873754307e-01
6.838077106563338337e-01
9.023265484146009152e-01
1.248680459797838926e+00
1.111679491908745820e+00
2.349525653556544302e+00
1.247407507541407057e+00
2.972666342635672532e+00
7.652311018784725416e-01
2.050082749606191967e+00
2.747742894558204974e+00
8.638920900747759646e-01
5.715412689108049227e-01
2.499978129069556410e+00
1.572528397443624604e+00
2.139337805421823169e-01
1.299361395486972715e+00
3.401158187298287672e-01
5.601525404695980592e-01
2.940362809376207753e+00
6.900562232839989596e-01
8.507474038030542474e-01
1.198923089966391187e+00
2.966303568582452588e+00
7.902350751858456812e-01
3.184344517126821983e-01
2.611247317174091087e+00
2.178391183041316292e+00
1.406748912319672196e-01
3.955304352578428162e-01
8.159857400566501440e-01
2.988185748878307901e+00
1.024490282561733689e+00
1.059146157655395104e+00
2.522948126643566269e+00
2.339971921288893086e-01
1.172504169206260105e+00
1.003810933270061101e+00
1.128329668480916093e+00
2.572411098845140298e+00
1.969083359566685232e+00
3.103915153448105535e+00
8.464297444702092443e-01
3.008013925472940997e+00
1.318701272543651548e+00
2.843217937522063199e+00
2.384523368151448608e+00
2.196065379022482222e+00
2.740662015465642032e+00
4.776448258056313345e-01
1.476621000479215462e-01
2.722852138898446128e+00
2.649883479476777826e+00
2.697956208983416371e+00
2.852202031872018928e+00
2.732192883070216904e+00
2.006453826798366702e+00
2.343920633009467791e-01
1.148150598673793432e+00
2.432835581561420657e+00
