total_mass
1.593983759999999847e+02
1.473509219999999971e+02
1.537162130000000104e+02
1.547545360000000016e+02
1.633354679999999917e+02
1.605077970000000107e+02
1.757202149999999961e+02
1.513351020000000062e+02
1.582304110000000037e+02
1.549688679999999863e+02
1.604155700000000024e+02
1.604155700000000024e+02
1.623906859999999881e+02
1.583519560000000013e+02
1.517536580000000015e+02
1.469337050000000033e+02
1.556971819999999980e+02
1.556971819999999980e+02
1.690304260000000056e+02
1.497142760000000123e+02
1.767856669999999895e+02
1.471238859999999988e+02
1.471238859999999988e+02
1.714169469999999933e+02
1.730778660000000002e+02
1.730778660000000002e+02
1.335942950000000167e+02
1.777540970000000016e+02
1.517498130000000174e+02
1.558641090000000133e+02
1.344140769999999918e+02
1.474437110000000075e+02
1.848744429999999852e+02
1.382803539999999884e+02
1.736154179999999769e+02
1.646530989999999974e+02
1.629185329999999965e+02
1.817319259999999872e+02
1.499852220000000216e+02
1.569947390000000098e+02
1.796720270000000141e+02
1.404417379999999866e+02
1.570903059999999982e+02
1.609067619999999863e+02
1.819764089999999896e+02
1.755921779999999899e+02
1.612591859999999997e+02
1.612591859999999997e+02
1.697913360000000011e+02
1.360880400000000066e+02
1.706299889999999948e+02
1.311663819999999987e+02
1.662704549999999983e+02
1.510554740000000038e+02
1.593278239999999926e+02
1.374832529999999906e+02
1.692410659999999893e+02
1.425149690000000078e+02
1.776778719999999794e+02
1.620094870000000071e+02
1.682280039999999985e+02
1.681482239999999990e+02
1.607214089999999942e+02
1.607214089999999942e+02
1.725917509999999879e+02
1.723932419999999865e+02
1.487597119999999791e+02
1.493542370000000119e+02
1.387064750000000117e+02
1.387064750000000117e+02
1.528906860000000165e+02
1.312728690000000142e+02
1.422706680000000006e+02
1.597627709999999865e+02
1.457127879999999891e+02
1.434784240000000182e+02
1.434784240000000182e+02
1.381703039999999874e+02
1.615041160000000104e+02
1.692214500000000044e+02
1.474762920000000008e+02
1.540463670000000036e+02
1.540463670000000036e+02
1.447645229999999970e+02
1.493442959999999857e+02
1.779840320000000133e+02
1.779840320000000133e+02
1.488031689999999969e+02
1.608673980000000086e+02
1.537642250000000104e+02
1.483159519999999816e+02
1.574396889999999871e+02
1.539366410000000087e+02
1.699036710000000028e+02
1.491245999999999867e+02
1.473360940000000028e+02
1.473360940000000028e+02
1.367690589999999986e+02
1.678400499999999909e+02
1.433223340000000121e+02
1.433223340000000121e+02
1.491358600000000081e+02
1.675826339999999846e+02
1.484948119999999960e+02
1.870184399999999982e+02
1.590134590000000117e+02
1.619516909999999825e+02
1.389051059999999893e+02
1.685799099999999839e+02
1.643945009999999911e+02
1.643945009999999911e+02
1.566420739999999796e+02
1.566420739999999796e+02
1.710537640000000010e+02
1.565422399999999925e+02
1.295950620000000129e+02
1.580835109999999872e+02
1.525300940000000196e+02
1.542428889999999910e+02
1.332716680000000053e+02
1.332716680000000053e+02
1.477432900000000018e+02
1.524473869999999920e+02
1.353770829999999989e+02
1.606345369999999946e+02
1.626053620000000137e+02
1.676193470000000048e+02
1.656345059999999876e+02
1.656345059999999876e+02
1.794864350000000002e+02
1.598795209999999827e+02
1.389439320000000180e+02
1.453445590000000038e+02
1.453445590000000038e+02
1.376404190000000085e+02
1.521514510000000087e+02
1.440134160000000065e+02
1.649713370000000054e+02
1.543930809999999951e+02
1.442711109999999906e+02
1.379154740000000174e+02
1.379154740000000174e+02
1.539219170000000076e+02
1.450193749999999966e+02
1.581942559999999958e+02
1.603981750000000090e+02
1.593525850000000048e+02
1.310111850000000118e+02
1.636626660000000015e+02
1.546365160000000003e+02
1.418883890000000179e+02
1.544881860000000131e+02
1.428234070000000031e+02
1.433617929999999774e+02
1.433617929999999774e+02
1.486225090000000080e+02
1.486225090000000080e+02
1.565813150000000178e+02
1.402461590000000058e+02
1.291366730000000018e+02
1.496108169999999973e+02
1.567801670000000058e+02
1.345113829999999950e+02
1.701919780000000060e+02
1.701919780000000060e+02
1.416198809999999924e+02
1.416198809999999924e+02
1.355084410000000048e+02
1.652240899999999897e+02
1.440886840000000007e+02
1.488434220000000039e+02
1.426188809999999876e+02
1.426188809999999876e+02
1.289036059999999964e+02
1.289036059999999964e+02
1.270752279999999956e+02
1.631840669999999989e+02
1.588053929999999809e+02
1.588053929999999809e+02
1.452511299999999892e+02
1.577595180000000141e+02
1.577595180000000141e+02
1.635234679999999798e+02
1.531446459999999945e+02
1.706762239999999906e+02
1.454837950000000149e+02
1.399904480000000149e+02
1.630205679999999973e+02
1.630205679999999973e+02
1.397311210000000017e+02
1.539650540000000092e+02
1.539650540000000092e+02
1.391823390000000131e+02
1.550151789999999892e+02
1.660588300000000004e+02
1.550688629999999932e+02
1.449382750000000044e+02
1.384178699999999935e+02
1.477983629999999948e+02
1.521645890000000065e+02
1.521645890000000065e+02
1.479165999999999883e+02
1.468325609999999983e+02
1.380647579999999834e+02
1.491898759999999982e+02
1.491898759999999982e+02
1.501706890000000101e+02
1.553769310000000132e+02
1.492172699999999850e+02
1.492172699999999850e+02
1.449608109999999783e+02
1.440451209999999946e+02
1.356217849999999885e+02
1.422652009999999905e+02
1.596713179999999852e+02
1.589352829999999983e+02
1.349260940000000062e+02
1.521895680000000084e+02
1.497795979999999929e+02
1.605979379999999992e+02
1.613608929999999759e+02
1.545779540000000054e+02
1.488893160000000080e+02
1.564991840000000138e+02
1.569891739999999913e+02
1.616554790000000139e+02
1.511861079999999902e+02
1.320542449999999803e+02
1.455793459999999868e+02
1.660834270000000004e+02
1.705556100000000015e+02
1.530626179999999863e+02
1.530626179999999863e+02
1.467716900000000066e+02
1.452299879999999916e+02
1.675642930000000206e+02
1.512041959999999960e+02
1.645592879999999809e+02
1.633056339999999977e+02
1.468363339999999937e+02
1.672422179999999798e+02
1.672422179999999798e+02
1.494243779999999902e+02
1.570982130000000154e+02
1.756781080000000088e+02
1.510408709999999814e+02
1.447102170000000001e+02
1.588854979999999841e+02
1.502773669999999981e+02
1.595597459999999899e+02
1.595597459999999899e+02
1.292134890000000098e+02
1.606002579999999966e+02
1.631193159999999978e+02
1.631193159999999978e+02
1.229013080000000002e+02
1.492048869999999852e+02
1.510932379999999853e+02
1.523921480000000201e+02
1.560047299999999950e+02
1.374738090000000170e+02
1.399805979999999863e+02
1.423923149999999964e+02
1.520488589999999931e+02
1.620003739999999937e+02
1.454140930000000083e+02
1.632130429999999990e+02
1.404203410000000076e+02
1.497681959999999890e+02
1.610479660000000024e+02
1.304127650000000074e+02
1.565798839999999927e+02
1.419171289999999885e+02
1.465490039999999965e+02
1.465490039999999965e+02
1.672816770000000020e+02
1.672816770000000020e+02
1.583980559999999969e+02
1.476289259999999786e+02
1.476289259999999786e+02
1.373153570000000059e+02
1.508996740000000045e+02
1.471801260000000013e+02
1.442755999999999972e+02
1.589651110000000074e+02
1.495642740000000117e+02
1.495642740000000117e+02
1.495642740000000117e+02
1.495642740000000117e+02
1.651838680000000181e+02
1.790091469999999845e+02
1.536048470000000066e+02
1.656466449999999782e+02
1.680632709999999861e+02
1.706616439999999955e+02
1.471062780000000032e+02
1.638345029999999838e+02
1.544712490000000003e+02
1.397827760000000126e+02
1.397827760000000126e+02
1.463090710000000172e+02
1.463090710000000172e+02
1.508877449999999953e+02
1.700488740000000121e+02
1.497709880000000169e+02
1.497709880000000169e+02
1.682073819999999955e+02
1.509736289999999883e+02
1.505257609999999886e+02
1.613972540000000038e+02
1.699710390000000189e+02
1.683366159999999923e+02
1.537656739999999900e+02
1.537656739999999900e+02
1.296019399999999848e+02
1.585381780000000163e+02
1.429976419999999848e+02
1.665346299999999928e+02
1.545586059999999975e+02
1.566530339999999910e+02
1.725880429999999990e+02
1.426408160000000009e+02
1.762930529999999862e+02
1.670840380000000209e+02
1.643575600000000065e+02
1.643575600000000065e+02
1.602158509999999865e+02
1.602158509999999865e+02
1.602158509999999865e+02
1.515674740000000043e+02
1.600237730000000056e+02
1.551872070000000008e+02
1.440790369999999996e+02
1.353675660000000107e+02
1.450338320000000181e+02
1.450338320000000181e+02
1.377163199999999961e+02
1.503955459999999960e+02
1.272587320000000091e+02
1.272587320000000091e+02
1.493742719999999906e+02
1.830273439999999994e+02
1.578565439999999853e+02
1.578565439999999853e+02
1.585534509999999955e+02
1.376813850000000059e+02
1.372283089999999959e+02
1.383114360000000147e+02
1.438831250000000068e+02
1.438831250000000068e+02
1.431989629999999920e+02
1.744706869999999981e+02
1.636514669999999967e+02
1.528545799999999986e+02
1.453777800000000013e+02
1.539067009999999982e+02
1.376821479999999838e+02
1.719089280000000031e+02
1.387429769999999962e+02
1.371003609999999924e+02
1.560491330000000119e+02
1.331845360000000085e+02
1.434937319999999943e+02
1.532131469999999922e+02
1.431219790000000103e+02
1.579028999999999883e+02
1.376546319999999923e+02
1.557477609999999970e+02
1.339680869999999970e+02
1.838104170000000011e+02
1.352309119999999893e+02
1.352309119999999893e+02
1.656744610000000080e+02
1.625744329999999991e+02
1.471963959999999929e+02
1.551059070000000020e+02
1.533583710000000053e+02
1.557280609999999967e+02
1.497811660000000131e+02
1.581721800000000258e+02
1.608876349999999888e+02
1.517153059999999982e+02
1.316405829999999924e+02
1.708627390000000048e+02
1.708627390000000048e+02
1.339956400000000087e+02
1.485251880000000142e+02
1.697271039999999971e+02
1.488228110000000015e+02
1.755089419999999905e+02
1.512297709999999995e+02
1.633495629999999892e+02
1.460138010000000008e+02
1.620651619999999866e+02
1.770534279999999967e+02
1.364128309999999829e+02
1.364128309999999829e+02
1.471584930000000213e+02
1.515316430000000025e+02
1.515033789999999954e+02
1.515033789999999954e+02
1.386252900000000068e+02
1.386252900000000068e+02
1.495861510000000010e+02
1.544152569999999969e+02
1.500963399999999979e+02
1.395397829999999999e+02
1.486359479999999849e+02
1.659805680000000052e+02
1.434534490000000062e+02
1.362334779999999910e+02
1.402241060000000061e+02
1.581208499999999901e+02
1.510712550000000078e+02
1.510712550000000078e+02
1.357757189999999810e+02
1.472287780000000055e+02
1.472287780000000055e+02
1.382241899999999930e+02
1.521276780000000031e+02
1.521276780000000031e+02
1.671086119999999937e+02
1.480391010000000165e+02
1.648834530000000029e+02
1.546130949999999871e+02
1.529652560000000108e+02
1.412513999999999896e+02
1.629436650000000100e+02
1.615010690000000011e+02
1.445362660000000119e+02
1.800983039999999846e+02
1.418516539999999964e+02
1.646517330000000072e+02
1.495056569999999851e+02
1.493115229999999940e+02
1.621901780000000031e+02
1.625345070000000192e+02
1.329256479999999954e+02
1.523115730000000099e+02
1.523115730000000099e+02
1.642707909999999742e+02
1.525392219999999952e+02
1.525392219999999952e+02
1.581679990000000089e+02
1.679655539999999974e+02
1.610564350000000218e+02
1.487842289999999821e+02
1.320178109999999947e+02
1.357765729999999849e+02
1.488844650000000058e+02
1.622401499999999999e+02
1.435196190000000058e+02
1.554306870000000060e+02
1.492972489999999937e+02
1.527911760000000072e+02
1.527911760000000072e+02
1.414677470000000028e+02
1.636715320000000133e+02
1.616830059999999776e+02
1.512106249999999932e+02
1.233195550000000082e+02
1.428478049999999939e+02
1.539411920000000009e+02
1.539411920000000009e+02
1.539984400000000164e+02
1.539984400000000164e+02
1.326803319999999928e+02
1.366000400000000070e+02
1.467508699999999919e+02
1.486422080000000108e+02
1.519377599999999973e+02
1.480049740000000043e+02
1.255641320000000007e+02
1.255641320000000007e+02
1.663531409999999937e+02
1.417664900000000046e+02
1.456354169999999897e+02
1.307136610000000019e+02
1.307136610000000019e+02
1.528246719999999925e+02
1.800120469999999955e+02
1.800120469999999955e+02
1.385651169999999865e+02
1.302663540000000069e+02
1.434536819999999864e+02
1.434536819999999864e+02
1.443645659999999964e+02
1.488098679999999945e+02
1.405603059999999971e+02
1.629481430000000159e+02
1.563662180000000035e+02
1.486678039999999896e+02
1.486678039999999896e+02
1.630315860000000043e+02
1.460250050000000215e+02
1.486483989999999835e+02
1.557879409999999893e+02
1.466889229999999884e+02
1.493271029999999939e+02
1.493271029999999939e+02
1.495310329999999794e+02
1.530844010000000139e+02
1.713657910000000015e+02
1.455799640000000181e+02
1.491633950000000084e+02
1.679367599999999925e+02
1.570415570000000116e+02
1.466544729999999959e+02
1.428583260000000053e+02
1.622783059999999864e+02
1.481553079999999909e+02
1.329351729999999918e+02
1.329351729999999918e+02
1.719254379999999855e+02
1.719254379999999855e+02
1.544375190000000089e+02
1.538093639999999880e+02
1.538093639999999880e+02
1.349208869999999933e+02
1.349208869999999933e+02
1.444995910000000094e+02
1.444995910000000094e+02
1.409076009999999997e+02
1.663076560000000086e+02
1.663076560000000086e+02
1.663076560000000086e+02
1.485513300000000072e+02
1.492900119999999902e+02
1.456963269999999966e+02
1.456963269999999966e+02
1.544342690000000005e+02
1.317586630000000127e+02
1.545315089999999998e+02
1.542988090000000057e+02
1.519481619999999964e+02
1.519481619999999964e+02
1.406107069999999908e+02
1.406107069999999908e+02
1.569725950000000125e+02
1.327057039999999972e+02
1.384139590000000055e+02
1.732380989999999770e+02
1.531439560000000029e+02
1.640832369999999969e+02
1.499829860000000110e+02
1.547100489999999979e+02
1.547100489999999979e+02
1.606928249999999991e+02
1.422889020000000073e+02
1.422889020000000073e+02
1.436254920000000084e+02
1.605949479999999880e+02
1.591366109999999878e+02
1.602423630000000117e+02
1.272683250000000044e+02
1.433752289999999903e+02
1.602039570000000026e+02
1.724356839999999806e+02
1.487720219999999927e+02
1.541955600000000004e+02
1.541955600000000004e+02
1.541955600000000004e+02
1.545254820000000109e+02
1.528177760000000092e+02
1.625560299999999927e+02
1.558372269999999844e+02
1.563747630000000015e+02
1.149439789999999988e+02
1.791074140000000057e+02
1.535340459999999894e+02
1.549514310000000137e+02
1.653928980000000024e+02
1.192206419999999980e+02
1.396067919999999845e+02
1.396067919999999845e+02
1.396067919999999845e+02
1.396067919999999845e+02
1.381070129999999949e+02
1.468954319999999996e+02
1.531876220000000046e+02
1.575933540000000050e+02
1.584330600000000118e+02
1.584330600000000118e+02
1.624860309999999970e+02
1.433057860000000119e+02
1.433057860000000119e+02
1.520875970000000166e+02
1.442108880000000113e+02
1.468148199999999974e+02
1.468148199999999974e+02
1.332762639999999976e+02
1.652433470000000000e+02
1.648183369999999854e+02
1.487909889999999962e+02
1.550882489999999905e+02
1.550882489999999905e+02
1.545347820000000070e+02
1.601997830000000249e+02
1.601997830000000249e+02
1.703685219999999845e+02
1.579144590000000221e+02
1.579144590000000221e+02
1.720840069999999855e+02
1.498339039999999898e+02
1.523063740000000053e+02
1.415573699999999917e+02
1.356640470000000107e+02
1.635290380000000141e+02
1.415943179999999870e+02
1.441437909999999931e+02
1.501849060000000122e+02
1.389069829999999968e+02
1.367007480000000044e+02
1.502404170000000079e+02
1.529509319999999946e+02
1.529509319999999946e+02
1.529509319999999946e+02
1.668315809999999999e+02
1.508763160000000028e+02
1.584200739999999996e+02
1.478581700000000012e+02
1.478581700000000012e+02
1.376502229999999827e+02
1.184727530000000115e+02
1.184727530000000115e+02
1.520938600000000065e+02
1.520938600000000065e+02
1.776067580000000135e+02
1.443041350000000023e+02
1.443041350000000023e+02
1.359973949999999832e+02
1.561549459999999954e+02
1.733927530000000274e+02
1.686974030000000084e+02
1.686974030000000084e+02
1.292889439999999865e+02
1.449624629999999854e+02
1.449624629999999854e+02
1.637367399999999975e+02
1.540529639999999745e+02
1.480662540000000149e+02
1.576254890000000159e+02
1.519613380000000120e+02
1.439806020000000046e+02
1.605316619999999830e+02
1.355361179999999877e+02
1.562158890000000042e+02
1.321977150000000165e+02
1.503228909999999985e+02
1.588531800000000089e+02
1.588531800000000089e+02
1.588531800000000089e+02
1.519199480000000051e+02
1.422807540000000017e+02
1.642417910000000063e+02
1.481010510000000124e+02
1.573008499999999970e+02
1.573008499999999970e+02
1.523569789999999955e+02
1.523569789999999955e+02
1.486474609999999927e+02
1.409163360000000011e+02
1.409163360000000011e+02
1.509050970000000120e+02
1.394351159999999936e+02
1.735435559999999953e+02
1.604548500000000217e+02
1.529674180000000092e+02
1.552155230000000188e+02
1.611464540000000056e+02
1.502888379999999984e+02
1.418880530000000135e+02
1.430646289999999965e+02
1.430646289999999965e+02
1.630301660000000084e+02
1.396609689999999944e+02
1.551469950000000040e+02
1.388578029999999899e+02
1.616724619999999959e+02
1.598316039999999987e+02
1.598316039999999987e+02
1.481441499999999962e+02
1.670504839999999831e+02
1.479946790000000192e+02
1.422631230000000073e+02
1.422631230000000073e+02
1.524409559999999999e+02
1.670173800000000028e+02
1.481187510000000032e+02
1.481187510000000032e+02
1.481187510000000032e+02
1.685662079999999889e+02
1.423472409999999968e+02
1.550607219999999984e+02
1.381815369999999916e+02
1.418127939999999967e+02
1.357704119999999932e+02
1.624193190000000016e+02
1.457004849999999863e+02
1.460668149999999912e+02
1.475423810000000060e+02
1.475423810000000060e+02
1.354555629999999837e+02
1.354555629999999837e+02
1.354555629999999837e+02
1.650899279999999862e+02
1.460839609999999880e+02
1.464764590000000055e+02
1.567641610000000014e+02
1.567685010000000148e+02
1.465603289999999959e+02
1.465603289999999959e+02
1.702240299999999991e+02
1.452700350000000071e+02
1.452700350000000071e+02
1.726526640000000157e+02
1.726526640000000157e+02
1.568428419999999903e+02
1.393038860000000057e+02
1.711961589999999944e+02
1.490492169999999987e+02
1.738848950000000002e+02
1.474747230000000116e+02
1.541875079999999798e+02
1.390852090000000203e+02
1.518128389999999968e+02
1.624990540000000010e+02
1.588727799999999775e+02
1.588727799999999775e+02
1.592373349999999732e+02
1.592373349999999732e+02
1.532351079999999968e+02
1.373488649999999893e+02
1.398701970000000188e+02
1.398701970000000188e+02
1.549811860000000081e+02
1.692621149999999943e+02
1.509051479999999970e+02
1.509051479999999970e+02
1.437272680000000094e+02
1.503937339999999949e+02
1.503937339999999949e+02
1.503937339999999949e+02
1.503937339999999949e+02
1.661364899999999807e+02
1.756235500000000229e+02
1.756235500000000229e+02
1.460520669999999939e+02
1.415209539999999890e+02
1.371332930000000090e+02
1.371332930000000090e+02
1.463584170000000029e+02
1.531253120000000081e+02
1.531253120000000081e+02
1.528850860000000011e+02
1.498310890000000200e+02
1.512949710000000039e+02
1.397018160000000080e+02
1.519857519999999909e+02
1.454371299999999962e+02
1.668403710000000046e+02
1.492647130000000004e+02
1.650546039999999834e+02
1.507288890000000094e+02
1.304235040000000083e+02
1.267183650000000057e+02
1.267183650000000057e+02
1.622162319999999909e+02
1.247799870000000055e+02
1.632112799999999879e+02
1.667319099999999992e+02
1.616465599999999938e+02
1.519070250000000044e+02
1.464818229999999915e+02
1.340527759999999944e+02
1.550858920000000012e+02
1.708395989999999927e+02
1.512470280000000002e+02
1.675793380000000070e+02
1.347612190000000112e+02
1.451961479999999938e+02
1.451961479999999938e+02
1.721816180000000145e+02
1.564878150000000119e+02
1.401997369999999989e+02
1.631737599999999873e+02
1.486803510000000017e+02
1.223071060000000045e+02
1.609451520000000073e+02
1.569766690000000153e+02
1.333472709999999779e+02
1.384112279999999942e+02
1.532968529999999987e+02
1.532968529999999987e+02
1.655850599999999986e+02
1.655850599999999986e+02
1.308098750000000052e+02
1.602604519999999866e+02
1.547172390000000064e+02
1.547172390000000064e+02
1.671395269999999869e+02
1.643755639999999971e+02
1.576676019999999880e+02
1.666327289999999834e+02
1.474029800000000137e+02
1.474029800000000137e+02
1.525077590000000214e+02
1.439933359999999993e+02
1.513716320000000053e+02
1.643593520000000012e+02
1.558993679999999813e+02
1.542330170000000180e+02
1.563763659999999902e+02
1.514881359999999972e+02
1.525570759999999950e+02
1.568624350000000049e+02
1.426455730000000131e+02
1.391221879999999942e+02
1.391221879999999942e+02
1.490244680000000130e+02
1.421528670000000147e+02
1.414382630000000063e+02
1.496728439999999978e+02
1.560491480000000024e+02
1.633090139999999906e+02
1.341585690000000000e+02
1.441851230000000044e+02
1.441851230000000044e+02
1.498205949999999973e+02
1.498205949999999973e+02
1.490116460000000131e+02
1.640838699999999903e+02
1.587996830000000159e+02
1.433431050000000084e+02
1.411288910000000101e+02
1.329611810000000105e+02
1.310390479999999798e+02
1.396937179999999898e+02
1.534512709999999913e+02
1.433581540000000132e+02
1.404631960000000106e+02
1.448507189999999980e+02
1.630690769999999929e+02
1.552421499999999810e+02
1.738729629999999986e+02
1.508510740000000112e+02
1.628600079999999934e+02
1.564964830000000120e+02
1.569633029999999962e+02
1.431820639999999969e+02
1.431820639999999969e+02
1.677055279999999868e+02
1.364896050000000116e+02
1.565797579999999982e+02
1.437588580000000036e+02
1.468831369999999765e+02
1.469329189999999983e+02
1.677699049999999943e+02
1.733131789999999910e+02
1.274478610000000032e+02
1.618304750000000070e+02
1.618304750000000070e+02
1.492299500000000023e+02
1.468777389999999912e+02
1.680505909999999972e+02
1.403270880000000034e+02
1.403270880000000034e+02
1.410791739999999947e+02
1.599300839999999937e+02
1.733243790000000217e+02
1.733243790000000217e+02
1.686801300000000197e+02
1.385754959999999869e+02
1.272240520000000004e+02
1.445608139999999935e+02
1.388165050000000065e+02
1.388165050000000065e+02
1.348675340000000062e+02
1.589472499999999968e+02
1.395944059999999922e+02
1.579019539999999893e+02
1.496928369999999973e+02
1.496928369999999973e+02
1.575942610000000172e+02
1.333364369999999894e+02
1.333364369999999894e+02
1.333364369999999894e+02
1.333364369999999894e+02
1.459390980000000013e+02
1.625745850000000132e+02
1.514187200000000075e+02
1.514187200000000075e+02
1.537126230000000078e+02
1.361841390000000160e+02
1.361841390000000160e+02
1.521436840000000075e+02
1.544056160000000091e+02
1.498912129999999934e+02
1.500144920000000184e+02
1.584462819999999965e+02
1.647614209999999844e+02
1.536137699999999882e+02
1.703560709999999858e+02
1.167416100000000085e+02
1.503722610000000088e+02
1.698865589999999770e+02
1.432099570000000028e+02
1.407066000000000088e+02
1.496537549999999896e+02
1.282882690000000139e+02
1.550557870000000094e+02
1.465385739999999828e+02
1.371234320000000082e+02
1.694956359999999904e+02
1.373076020000000028e+02
1.577863540000000171e+02
1.562690279999999916e+02
1.562690279999999916e+02
1.528382189999999810e+02
1.709157030000000077e+02
1.618876270000000090e+02
1.331228949999999998e+02
1.378527679999999975e+02
1.537076880000000187e+02
1.514708550000000002e+02
1.370275689999999997e+02
1.492243809999999939e+02
1.398741760000000056e+02
1.522598260000000039e+02
1.647921220000000062e+02
1.422436369999999783e+02
1.458558470000000113e+02
1.513409040000000232e+02
1.473616749999999911e+02
1.473616749999999911e+02
1.619503399999999829e+02
1.499167019999999866e+02
1.285777239999999892e+02
1.558617399999999975e+02
1.706570279999999968e+02
1.706570279999999968e+02
1.509156649999999900e+02
1.651562799999999811e+02
1.651562799999999811e+02
1.564420240000000035e+02
1.437577100000000030e+02
1.548925169999999980e+02
1.593984069999999917e+02
1.341921920000000057e+02
1.711888199999999927e+02
1.711888199999999927e+02
1.701502459999999814e+02
1.628120499999999993e+02
1.499523430000000133e+02
1.608208690000000161e+02
1.660582890000000020e+02
1.605091560000000186e+02
1.399541439999999852e+02
1.555594100000000140e+02
1.567163079999999979e+02
1.647733839999999930e+02
1.422654569999999978e+02
1.358842769999999973e+02
1.500437320000000057e+02
1.609116210000000251e+02
1.505869600000000048e+02
1.441428490000000124e+02
1.501374700000000075e+02
1.612190319999999986e+02
1.289680899999999895e+02
1.289680899999999895e+02
1.289680899999999895e+02
1.533579100000000039e+02
1.459936600000000055e+02
1.459936600000000055e+02
1.544292760000000158e+02
1.647092360000000042e+02
1.401739230000000020e+02
1.401739230000000020e+02
1.534742430000000013e+02
1.714388799999999833e+02
1.518003309999999999e+02
1.286650620000000060e+02
1.286650620000000060e+02
1.696788020000000188e+02
1.696788020000000188e+02
1.374232599999999991e+02
1.434096450000000118e+02
1.392012589999999932e+02
1.345839760000000069e+02
1.345839760000000069e+02
1.508916849999999954e+02
1.508916849999999954e+02
1.444454499999999939e+02
1.481149290000000178e+02
1.481149290000000178e+02
1.354520789999999977e+02
1.559389720000000068e+02
1.461535759999999868e+02
1.509297940000000153e+02
1.553266679999999837e+02
1.476357570000000123e+02
1.497464600000000132e+02
1.391840329999999994e+02
1.640039370000000076e+02
1.361474080000000129e+02
1.361474080000000129e+02
1.361474080000000129e+02
1.544656830000000127e+02
1.544656830000000127e+02
1.544656830000000127e+02
1.430253299999999967e+02
1.381625030000000152e+02
1.381625030000000152e+02
1.589277349999999842e+02
1.293507079999999974e+02
1.293507079999999974e+02
1.375952560000000062e+02
1.546695100000000025e+02
1.342712669999999946e+02
1.342712669999999946e+02
1.519675520000000120e+02
1.316031729999999982e+02
1.693589330000000075e+02
1.530208820000000003e+02
1.396365659999999878e+02
1.499049949999999853e+02
1.344613150000000132e+02
1.344613150000000132e+02
1.437977720000000090e+02
1.611703949999999850e+02
1.494138980000000174e+02
1.695620579999999791e+02
1.695620579999999791e+02
1.641020279999999900e+02
1.607133779999999774e+02
1.522966619999999978e+02
1.362197419999999966e+02
1.640689009999999826e+02
1.481212040000000059e+02
1.481212040000000059e+02
1.623810880000000054e+02
1.421294790000000035e+02
1.510029839999999979e+02
1.370950890000000015e+02
1.513556899999999814e+02
1.633615419999999858e+02
1.633615419999999858e+02
1.630395729999999901e+02
1.171529979999999966e+02
1.559207690000000071e+02
1.522322770000000105e+02
1.439129599999999982e+02
1.620870740000000012e+02
1.620870740000000012e+02
1.579245369999999866e+02
1.389502489999999852e+02
1.444285930000000064e+02
1.606414110000000051e+02
1.485502920000000131e+02
1.502374110000000087e+02
1.560468900000000190e+02
1.464995120000000099e+02
1.424010690000000068e+02
1.276029429999999962e+02
1.655372089999999901e+02
1.378064420000000041e+02
1.390135460000000194e+02
1.377544060000000172e+02
1.384016530000000103e+02
1.493410920000000033e+02
1.548312379999999848e+02
1.446426920000000109e+02
1.512882000000000176e+02
1.393147510000000011e+02
1.436728479999999877e+02
1.250998840000000030e+02
1.250998840000000030e+02
1.480238879999999995e+02
1.480238879999999995e+02
1.480238879999999995e+02
1.545426329999999950e+02
1.430825009999999793e+02
1.500366440000000239e+02
1.500366440000000239e+02
1.523569640000000049e+02
1.523569640000000049e+02
1.434543840000000046e+02
1.608297049999999899e+02
1.576259760000000085e+02
1.576259760000000085e+02
1.588213499999999954e+02
1.656034240000000182e+02
1.446015439999999899e+02
1.446015439999999899e+02
1.617988510000000133e+02
1.482808569999999975e+02
1.368911019999999894e+02
1.622231669999999895e+02
1.539042049999999904e+02
1.446024590000000103e+02
1.608906029999999987e+02
1.484334870000000137e+02
1.484334870000000137e+02
1.340103000000000009e+02
1.340103000000000009e+02
1.340103000000000009e+02
1.498665310000000090e+02
1.489838599999999929e+02
1.260531499999999880e+02
1.260531499999999880e+02
1.641302799999999991e+02
1.530433580000000120e+02
1.577883830000000103e+02
1.577883830000000103e+02
1.555233609999999942e+02
1.555233609999999942e+02
1.658049849999999878e+02
1.658049849999999878e+02
1.434809190000000001e+02
1.434809190000000001e+02
1.571773530000000108e+02
1.630065460000000144e+02
1.630065460000000144e+02
1.677067870000000198e+02
1.426929739999999924e+02
1.496119769999999960e+02
1.552732770000000073e+02
1.460049630000000036e+02
1.616379170000000158e+02
1.631659549999999967e+02
1.433843689999999924e+02
1.426070250000000215e+02
1.419736139999999978e+02
1.394448580000000106e+02
1.600955660000000194e+02
1.532522280000000023e+02
1.532522280000000023e+02
1.438814470000000085e+02
1.475070460000000026e+02
1.495591890000000035e+02
1.621522449999999935e+02
1.320062299999999880e+02
1.476733470000000068e+02
1.593694079999999929e+02
1.456077349999999910e+02
1.456077349999999910e+02
1.683334429999999884e+02
1.402522700000000100e+02
1.402522700000000100e+02
1.342111250000000098e+02
1.471236420000000180e+02
1.471236420000000180e+02
1.478689880000000016e+02
1.593637850000000071e+02
1.552113570000000209e+02
1.504901049999999998e+02
1.548263860000000136e+02
1.645657580000000166e+02
1.232085799999999978e+02
1.330874519999999848e+02
1.304380800000000136e+02
1.561148299999999836e+02
1.601734849999999994e+02
1.201672210000000121e+02
1.370079189999999869e+02
1.253918989999999951e+02
1.459359739999999874e+02
1.459359739999999874e+02
1.637323309999999879e+02
1.459197619999999915e+02
1.276759419999999920e+02
1.637800980000000095e+02
1.637800980000000095e+02
1.398525159999999801e+02
1.327214589999999816e+02
1.613837740000000167e+02
1.613837740000000167e+02
1.605423349999999800e+02
1.554218970000000013e+02
1.506032179999999983e+02
1.506032179999999983e+02
1.503589479999999980e+02
1.647330099999999788e+02
1.614268640000000232e+02
1.601372140000000002e+02
1.601372140000000002e+02
1.528355940000000146e+02
1.593670119999999883e+02
1.593670119999999883e+02
1.628341300000000160e+02
1.655542679999999791e+02
1.443463140000000067e+02
1.443463140000000067e+02
1.443463140000000067e+02
1.645852590000000077e+02
1.482981829999999945e+02
1.509060670000000073e+02
1.483469499999999925e+02
1.404354170000000011e+02
1.484059790000000021e+02
1.461158220000000085e+02
1.441723559999999793e+02
1.552161169999999970e+02
1.343742909999999995e+02
1.485979800000000068e+02
1.498822859999999935e+02
1.464972799999999893e+02
1.530465239999999767e+02
1.458338430000000017e+02
1.458338430000000017e+02
1.295302470000000028e+02
1.277942579999999992e+02
1.523158040000000142e+02
1.638791130000000180e+02
1.638791130000000180e+02
1.348104319999999916e+02
1.494910199999999918e+02
1.494910199999999918e+02
1.426249240000000214e+02
1.244804570000000012e+02
1.425343780000000038e+02
1.577769169999999974e+02
1.463623010000000022e+02
1.388696290000000033e+02
1.650204929999999877e+02
1.439812430000000063e+02
1.614869310000000269e+02
1.614869310000000269e+02
1.614869310000000269e+02
1.286743430000000217e+02
1.329810070000000053e+02
1.529409029999999916e+02
1.365039170000000013e+02
1.365039170000000013e+02
1.365039170000000013e+02
1.607995149999999853e+02
1.526703719999999862e+02
1.510689320000000180e+02
1.341390879999999868e+02
1.341390879999999868e+02
1.634074939999999856e+02
1.384644470000000069e+02
1.390007860000000051e+02
1.346162909999999897e+02
1.458034480000000030e+02
1.525586700000000064e+02
1.466940649999999948e+02
1.502588350000000048e+02
1.317482109999999977e+02
1.426292569999999955e+02
1.317626270000000090e+02
1.607080159999999864e+02
1.495286409999999933e+02
1.491286539999999832e+02
1.405303040000000010e+02
1.415572280000000092e+02
1.637071839999999838e+02
1.637071839999999838e+02
1.388942040000000020e+02
1.388942040000000020e+02
1.549134679999999946e+02
1.367902909999999963e+02
1.521853790000000117e+02
1.521853790000000117e+02
1.396862219999999866e+02
1.551097719999999924e+02
1.505767900000000168e+02
1.451574600000000146e+02
1.464836090000000013e+02
1.401999590000000069e+02
1.525427630000000079e+02
1.410543059999999969e+02
1.472751010000000065e+02
1.304289359999999931e+02
1.304289359999999931e+02
1.598225400000000036e+02
1.387403099999999938e+02
1.284013060000000053e+02
1.616827240000000074e+02
1.636073450000000093e+02
1.474421849999999949e+02
1.474421849999999949e+02
1.455559650000000147e+02
1.455559650000000147e+02
1.387647890000000075e+02
1.387647890000000075e+02
1.387647890000000075e+02
1.488211370000000215e+02
1.488211370000000215e+02
1.676815789999999993e+02
1.495149999999999864e+02
1.460604359999999815e+02
1.610933610000000158e+02
1.324969260000000020e+02
1.457065240000000017e+02
1.416787459999999896e+02
1.416787459999999896e+02
1.556671369999999968e+02
1.457401199999999903e+02
1.457401199999999903e+02
1.283090180000000089e+02
1.408053130000000124e+02
1.469818879999999979e+02
1.460288360000000125e+02
1.460288360000000125e+02
1.544334870000000137e+02
1.487063980000000072e+02
1.443970150000000103e+02
1.673488770000000159e+02
1.446695249999999930e+02
1.446695249999999930e+02
1.500604470000000106e+02
1.370765189999999905e+02
1.370765189999999905e+02
1.507518919999999980e+02
1.351738849999999843e+02
1.615950930000000199e+02
1.486486049999999750e+02
1.374034379999999942e+02
1.455201079999999934e+02
1.357530590000000075e+02
1.357530590000000075e+02
1.616057059999999979e+02
1.404282380000000217e+02
1.404282380000000217e+02
1.404282380000000217e+02
1.404282380000000217e+02
1.509695130000000063e+02
1.486548610000000110e+02
1.478093460000000050e+02
1.566124350000000049e+02
1.462593990000000019e+02
1.462593990000000019e+02
1.360422059999999931e+02
1.475892110000000059e+02
1.673730009999999879e+02
1.395536349999999857e+02
1.544663699999999835e+02
1.527653050000000121e+02
1.532343520000000012e+02
1.606060630000000060e+02
1.390193030000000078e+02
1.426060029999999870e+02
1.169932369999999935e+02
1.461090769999999850e+02
1.598050769999999829e+02
1.339728729999999928e+02
1.339728729999999928e+02
1.482173839999999814e+02
1.482173839999999814e+02
1.482173839999999814e+02
1.395480430000000069e+02
1.565689470000000085e+02
1.588397899999999936e+02
1.455311820000000012e+02
1.649029999999999916e+02
1.286399959999999965e+02
1.650388790000000085e+02
1.307458230000000015e+02
1.368979109999999935e+02
1.635391920000000141e+02
1.554385910000000024e+02
1.501381230000000073e+02
1.512800829999999905e+02
1.572656870000000140e+02
1.602446370000000115e+02
1.401294560000000047e+02
1.420349160000000097e+02
1.600076599999999871e+02
1.530806809999999984e+02
1.626251599999999939e+02
1.358195880000000102e+02
1.381800850000000196e+02
1.301009750000000054e+02
1.301009750000000054e+02
1.574225089999999909e+02
1.393840720000000033e+02
1.393840720000000033e+02
1.632871240000000057e+02
1.365624390000000119e+02
1.606720880000000022e+02
1.650617220000000032e+02
1.650617220000000032e+02
1.582778859999999952e+02
1.631403510000000097e+02
1.492349480000000028e+02
1.492349480000000028e+02
1.527279130000000009e+02
1.496388929999999959e+02
1.542975380000000030e+02
1.246532479999999907e+02
1.423619160000000079e+02
1.368320119999999918e+02
1.468463439999999878e+02
1.324021909999999878e+02
1.607785420000000158e+02
1.409927670000000148e+02
1.574470900000000029e+02
1.574470900000000029e+02
1.574470900000000029e+02
1.321321709999999996e+02
1.503000640000000203e+02
1.596573940000000107e+02
1.420514650000000074e+02
1.269123040000000060e+02
1.353034399999999948e+02
1.526276780000000031e+02
1.484536509999999794e+02
1.552192840000000160e+02
1.447136800000000108e+02
1.447136800000000108e+02
1.354661749999999927e+02
1.607381440000000055e+02
1.579753109999999765e+02
1.341714099999999803e+02
1.341714099999999803e+02
1.492835389999999904e+02
1.389872129999999970e+02
1.471122129999999970e+02
1.426939690000000098e+02
1.426939690000000098e+02
1.557127380000000016e+02
1.611577139999999986e+02
1.569569999999999936e+02
1.569569999999999936e+02
1.565894930000000045e+02
1.565894930000000045e+02
1.375725330000000213e+02
1.574722830000000044e+02
1.633896480000000224e+02
1.633896480000000224e+02
1.163750459999999975e+02
1.550956959999999754e+02
1.357060740000000010e+02
1.303599619999999959e+02
1.468714329999999961e+02
1.335907060000000115e+02
1.335907060000000115e+02
1.486923449999999889e+02
1.290981529999999964e+02
1.290981529999999964e+02
1.535309599999999932e+02
1.318657530000000122e+02
1.491044770000000028e+02
1.491044770000000028e+02
1.585490800000000036e+02
1.358278880000000015e+02
1.424460870000000057e+02
1.547810890000000086e+02
1.576868289999999888e+02
1.576868289999999888e+02
1.493242569999999887e+02
1.594754409999999893e+02
1.579685589999999991e+02
1.444628450000000157e+02
1.444628450000000157e+02
1.444628450000000157e+02
1.486440890000000081e+02
1.473676609999999982e+02
1.473676609999999982e+02
1.470738869999999849e+02
1.331339460000000088e+02
1.331339460000000088e+02
1.589422380000000032e+02
1.434477689999999939e+02
1.368703999999999894e+02
1.420959009999999978e+02
1.420959009999999978e+02
1.401155590000000188e+02
1.401155590000000188e+02
1.294873090000000104e+02
1.635925980000000095e+02
1.531188129999999887e+02
1.640216829999999959e+02
1.506243670000000066e+02
1.530015409999999747e+02
1.421755249999999933e+02
1.348998259999999902e+02
1.483535610000000133e+02
1.536881940000000100e+02
1.572255480000000034e+02
1.127769619999999975e+02
1.579206540000000132e+02
1.579206540000000132e+02
1.508903660000000002e+02
1.469300460000000044e+02
1.351269879999999830e+02
1.465313109999999881e+02
1.608324120000000050e+02
1.533494029999999952e+02
1.323806689999999833e+02
1.538120949999999993e+02
1.538120949999999993e+02
1.487089310000000069e+02
1.627581099999999878e+02
1.473666690000000017e+02
1.464244270000000085e+02
1.349060289999999895e+02
1.495138239999999996e+02
1.463617509999999982e+02
1.538136979999999880e+02
1.538136979999999880e+02
1.377792200000000093e+02
1.308493809999999939e+02
1.586072990000000118e+02
1.498402790000000095e+02
1.535439450000000079e+02
1.369038320000000226e+02
1.650145640000000071e+02
1.375263449999999921e+02
1.383745429999999885e+02
1.383745429999999885e+02
1.383745429999999885e+02
1.593827670000000012e+02
1.650664590000000089e+02
1.385194630000000018e+02
1.528118289999999888e+02
1.402107730000000174e+02
1.291233789999999999e+02
1.296307899999999904e+02
1.273687019999999848e+02
1.549395059999999944e+02
1.547593300000000056e+02
1.480431209999999851e+02
1.480431209999999851e+02
1.525365219999999908e+02
1.503158180000000073e+02
1.587493519999999876e+02
1.568404770000000212e+02
1.541673660000000154e+02
1.405592340000000036e+02
1.424129179999999906e+02
1.452598350000000096e+02
1.401558459999999968e+02
1.497072750000000099e+02
1.533963469999999916e+02
1.530374380000000087e+02
1.317994499999999789e+02
1.317994499999999789e+02
1.556719429999999988e+02
1.469466019999999844e+02
1.523879400000000146e+02
1.523879400000000146e+02
1.471282039999999824e+02
1.440495799999999917e+02
1.592930220000000077e+02
1.337900510000000054e+02
1.337900510000000054e+02
1.337900510000000054e+02
1.297250250000000165e+02
1.512877809999999954e+02
1.512877809999999954e+02
1.435568959999999947e+02
1.388178560000000061e+02
1.370131989999999860e+02
1.389630359999999882e+02
1.439253270000000100e+02
1.439253270000000100e+02
1.326695629999999824e+02
1.575608450000000005e+02
1.575608450000000005e+02
1.407280880000000138e+02
1.422288100000000099e+02
1.595226670000000126e+02
1.595226670000000126e+02
1.498723610000000122e+02
1.555599209999999744e+02
1.286521989999999960e+02
1.528939359999999965e+02
1.378841020000000128e+02
1.378841020000000128e+02
1.445298159999999825e+02
1.406270409999999913e+02
1.406270409999999913e+02
1.347259139999999888e+02
1.430763579999999990e+02
1.523381339999999966e+02
1.499223780000000090e+02
1.472498850000000061e+02
1.321596220000000130e+02
1.413815000000000168e+02
1.413815000000000168e+02
1.536909640000000081e+02
1.536909640000000081e+02
1.351080200000000104e+02
1.492719879999999932e+02
1.490041049999999814e+02
1.519593580000000088e+02
1.548817520000000059e+02
1.510735170000000096e+02
1.497904809999999998e+02
1.410534519999999929e+02
1.463246460000000013e+02
1.463246460000000013e+02
1.463246460000000013e+02
1.441595690000000047e+02
1.453967169999999953e+02
1.480325320000000033e+02
1.480325320000000033e+02
1.546636200000000088e+02
1.356181219999999996e+02
1.572613220000000069e+02
1.484175789999999893e+02
1.505496979999999780e+02
1.533355099999999993e+02
1.508098909999999933e+02
1.489053729999999973e+02
1.582268829999999866e+02
1.448175810000000183e+02
1.455698360000000093e+02
1.373597369999999955e+02
1.373597369999999955e+02
1.375073700000000088e+02
1.518959580000000074e+02
1.410235779999999863e+02
1.386175269999999955e+02
1.592839589999999816e+02
1.592839589999999816e+02
1.592839589999999816e+02
1.391273719999999798e+02
1.511293190000000095e+02
1.512011029999999892e+02
1.474513619999999889e+02
1.559870760000000018e+02
1.464626549999999838e+02
1.527936710000000176e+02
1.526383210000000190e+02
1.544845970000000079e+02
1.544845970000000079e+02
1.465594409999999925e+02
1.279068299999999851e+02
1.279068299999999851e+02
1.524273150000000214e+02
1.622418289999999956e+02
1.479463430000000130e+02
1.234412000000000091e+02
1.462468339999999785e+02
1.624635769999999866e+02
1.438287280000000123e+02
1.411704870000000085e+02
1.581338660000000118e+02
1.433392489999999952e+02
1.487946400000000153e+02
1.526969760000000065e+02
1.259152569999999969e+02
1.259152569999999969e+02
1.492951130000000148e+02
1.441040879999999902e+02
1.500338130000000092e+02
1.404868010000000140e+02
1.404868010000000140e+02
1.404868010000000140e+02
1.499892429999999877e+02
1.468647689999999955e+02
1.327648930000000007e+02
1.445223579999999970e+02
1.497452240000000074e+02
1.497452240000000074e+02
1.499277950000000033e+02
1.426299199999999985e+02
1.401507609999999886e+02
1.401507609999999886e+02
1.538503269999999929e+02
1.538503269999999929e+02
1.445355690000000095e+02
1.325485229999999888e+02
1.413922469999999976e+02
1.570977019999999982e+02
1.457971119999999985e+02
1.457971119999999985e+02
1.550030059999999992e+02
1.550030059999999992e+02
1.467641059999999982e+02
1.404052580000000034e+02
1.435686420000000112e+02
1.597308499999999754e+02
1.585542220000000100e+02
1.585542220000000100e+02
1.243319670000000059e+02
1.231409720000000050e+02
1.435691150000000107e+02
1.537689900000000023e+02
1.585678869999999847e+02
1.491890260000000126e+02
1.359505039999999951e+02
1.584442290000000071e+02
1.584442290000000071e+02
1.559738470000000063e+02
1.559738470000000063e+02
1.389214210000000094e+02
1.456907659999999964e+02
1.456907659999999964e+02
1.599835970000000032e+02
1.599835970000000032e+02
1.516479870000000005e+02
1.449313359999999875e+02
1.565770870000000059e+02
1.517045750000000055e+02
1.455789949999999919e+02
1.604247129999999970e+02
1.529626539999999864e+02
1.379306259999999895e+02
1.584067990000000066e+02
1.537769470000000069e+02
1.537769470000000069e+02
1.442816849999999818e+02
1.388921200000000056e+02
1.388921200000000056e+02
1.388921200000000056e+02
1.513503800000000012e+02
1.597415159999999901e+02
1.591570049999999981e+02
1.397384720000000016e+02
1.390767740000000003e+02
1.533808060000000069e+02
1.533808060000000069e+02
1.411666000000000167e+02
1.411666000000000167e+02
1.545727770000000021e+02
1.454459610000000112e+02
1.454459610000000112e+02
1.619938129999999887e+02
1.531794810000000098e+02
1.531794810000000098e+02
1.349603460000000155e+02
1.349603460000000155e+02
1.478596269999999890e+02
1.318667220000000100e+02
1.388621600000000171e+02
1.458587799999999959e+02
1.578174280000000067e+02
1.550770269999999869e+02
1.479473270000000014e+02
1.479473270000000014e+02
1.315257339999999999e+02
1.507205129999999826e+02
1.507205129999999826e+02
1.310204269999999838e+02
1.489077300000000150e+02
1.416213040000000092e+02
1.410670430000000124e+02
1.453170470000000023e+02
1.155841149999999971e+02
1.592258600000000115e+02
1.616117780000000153e+02
1.544889220000000023e+02
1.498955770000000030e+02
1.542992239999999811e+02
1.438489869999999939e+02
1.294921070000000043e+02
1.550375670000000241e+02
1.550375670000000241e+02
1.539749909999999886e+02
1.432347340000000031e+02
1.480899049999999875e+02
1.589799879999999916e+02
1.283032039999999938e+02
1.595511089999999967e+02
1.441654050000000211e+02
1.538384009999999762e+02
1.564561089999999979e+02
1.544383930000000191e+02
1.439461970000000122e+02
1.407920609999999897e+02
1.387877389999999878e+02
1.446299970000000030e+02
1.516720510000000104e+02
1.403545609999999897e+02
1.240606080000000020e+02
1.454166710000000080e+02
1.541687469999999962e+02
1.508616870000000176e+02
1.282985299999999995e+02
1.495587229999999863e+02
1.543531340000000114e+02
1.561728739999999789e+02
1.561728739999999789e+02
1.561728739999999789e+02
1.507904280000000199e+02
1.507904280000000199e+02
1.507904280000000199e+02
1.465184790000000135e+02
1.549343719999999962e+02
1.421561700000000030e+02
1.542449189999999817e+02
1.527446060000000045e+02
1.483779370000000029e+02
1.427736319999999921e+02
1.207062080000000037e+02
1.300226979999999912e+02
1.300226979999999912e+02
1.440445520000000101e+02
1.450178070000000048e+02
1.431131210000000067e+02
1.265069579999999974e+02
1.434668690000000026e+02
1.540197369999999921e+02
1.493020940000000110e+02
1.461374969999999962e+02
1.580630030000000090e+02
1.580630030000000090e+02
1.561216049999999882e+02
1.355047490000000039e+02
1.311537739999999985e+02
1.518419030000000021e+02
1.365355449999999848e+02
1.365355449999999848e+02
1.557126690000000053e+02
1.484702530000000138e+02
1.489610519999999951e+02
1.559165950000000009e+02
1.559165950000000009e+02
1.607982789999999795e+02
1.607982789999999795e+02
1.607982789999999795e+02
1.548592530000000238e+02
1.548592530000000238e+02
1.608385389999999973e+02
1.495612720000000024e+02
1.545744250000000193e+02
1.545744250000000193e+02
1.454090499999999793e+02
1.486341780000000199e+02
1.515853040000000078e+02
1.466800920000000019e+02
1.466800920000000019e+02
1.466800920000000019e+02
1.318773689999999874e+02
1.599454420000000141e+02
1.459018709999999999e+02
1.456010440000000017e+02
1.501552970000000187e+02
1.546778100000000222e+02
1.431858139999999935e+02
1.480908120000000281e+02
1.593871460000000013e+02
1.353496900000000096e+02
1.549169390000000135e+02
1.366349940000000061e+02
1.366349940000000061e+02
1.508538740000000189e+02
1.469649579999999958e+02
1.574502330000000256e+02
1.481395489999999882e+02
1.539406890000000203e+02
1.522276380000000131e+02
1.431048309999999901e+02
1.431048309999999901e+02
1.454071579999999813e+02
1.454071579999999813e+02
1.388256220000000098e+02
1.348194770000000062e+02
1.576961820000000216e+02
1.518793560000000014e+02
1.518793560000000014e+02
1.543946919999999920e+02
1.498207940000000065e+02
1.425246850000000052e+02
1.316754919999999913e+02
1.200818250000000091e+02
1.454984359999999981e+02
1.454984359999999981e+02
1.448271939999999915e+02
1.448271939999999915e+02
1.474873279999999909e+02
1.469421240000000068e+02
1.464310220000000129e+02
1.425966370000000154e+02
1.559592509999999947e+02
1.447522270000000049e+02
1.322601239999999905e+02
1.536466900000000066e+02
1.388306200000000104e+02
1.378944199999999967e+02
1.512388619999999833e+02
1.512388619999999833e+02
1.461969599999999900e+02
1.394322129999999902e+02
1.394322129999999902e+02
1.405065950000000043e+02
1.194615859999999827e+02
1.505423590000000047e+02
1.505423590000000047e+02
1.505423590000000047e+02
1.569054800000000114e+02
1.446939700000000073e+02
1.583007130000000018e+02
1.458849559999999883e+02
1.356696579999999983e+02
1.588655390000000125e+02
1.395457230000000095e+02
1.509390339999999924e+02
1.468087079999999958e+02
1.437589800000000082e+02
1.437589800000000082e+02
1.361781770000000051e+02
1.361781770000000051e+02
1.361781770000000051e+02
1.543667750000000183e+02
1.430562860000000001e+02
1.433054889999999943e+02
1.334193339999999921e+02
1.430024070000000052e+02
1.341291659999999979e+02
1.459213179999999852e+02
1.459213179999999852e+02
1.459213179999999852e+02
1.583822789999999827e+02
1.583822789999999827e+02
1.374595979999999997e+02
1.374595979999999997e+02
1.503176880000000040e+02
1.568597800000000007e+02
1.588121790000000146e+02
1.440073739999999987e+02
1.429256359999999972e+02
1.522272110000000112e+02
1.546766360000000020e+02
1.546766360000000020e+02
1.453953779999999938e+02
1.453953779999999938e+02
1.432899280000000033e+02
1.388027989999999932e+02
1.388027989999999932e+02
1.500561680000000138e+02
1.563193280000000129e+02
1.321239360000000147e+02
1.581359939999999824e+02
1.508504110000000082e+02
1.460415649999999914e+02
1.460415649999999914e+02
1.563349840000000199e+02
1.563349840000000199e+02
1.533415290000000084e+02
1.509054029999999784e+02
1.449505080000000135e+02
1.444138649999999870e+02
1.530244209999999896e+02
1.407362820000000170e+02
1.407362820000000170e+02
1.407362820000000170e+02
1.464439699999999789e+02
1.464439699999999789e+02
1.464439699999999789e+02
1.488923489999999958e+02
1.318174750000000017e+02
1.410163809999999955e+02
1.488115389999999820e+02
1.526698299999999904e+02
1.459327319999999872e+02
1.573795389999999941e+02
1.471096729999999866e+02
1.577118449999999825e+02
1.577118449999999825e+02
1.565018539999999803e+02
1.518537600000000225e+02
1.465781250000000000e+02
1.449941180000000145e+02
1.467669980000000010e+02
1.483583830000000034e+02
1.456222989999999982e+02
1.401171640000000025e+02
1.401171640000000025e+02
1.373619610000000080e+02
1.434747389999999996e+02
1.585547030000000177e+02
1.433087649999999940e+02
1.564098820000000103e+02
1.458527679999999975e+02
1.473023840000000177e+02
1.551908569999999941e+02
1.551908569999999941e+02
1.377171400000000006e+02
1.407267490000000123e+02
1.502708739999999921e+02
1.421934160000000134e+02
1.421934160000000134e+02
1.365314099999999939e+02
1.365314099999999939e+02
1.365314099999999939e+02
1.541892859999999814e+02
1.467038810000000240e+02
1.437839199999999948e+02
1.440661010000000033e+02
1.425424730000000011e+02
1.419385000000000048e+02
1.419385000000000048e+02
1.366363149999999962e+02
1.438133009999999956e+02
1.438133009999999956e+02
1.547578809999999976e+02
1.506570970000000216e+02
1.460690460000000144e+02
1.460690460000000144e+02
1.437100599999999986e+02
1.275932389999999970e+02
1.275932389999999970e+02
1.493193590000000199e+02
1.275405389999999954e+02
1.432995070000000055e+02
1.492903749999999832e+02
1.417833750000000066e+02
1.348228369999999927e+02
1.467169410000000198e+02
1.482762069999999994e+02
1.482762069999999994e+02
1.328483390000000099e+02
1.495769649999999729e+02
1.495769649999999729e+02
1.450027999999999793e+02
1.450027999999999793e+02
1.533520819999999958e+02
1.533520819999999958e+02
1.347935520000000054e+02
1.347935520000000054e+02
1.385138969999999858e+02
1.487441330000000050e+02
1.487441330000000050e+02
1.251221240000000137e+02
1.528335960000000000e+02
1.256026650000000018e+02
1.436814499999999839e+02
1.145153310000000033e+02
1.465701290000000085e+02
1.402396050000000116e+02
1.548347400000000107e+02
1.514362260000000049e+02
1.353269430000000000e+02
1.476585390000000189e+02
1.476585390000000189e+02
1.515091320000000223e+02
1.359715850000000046e+02
1.453149879999999996e+02
1.516183780000000070e+02
1.476273340000000189e+02
1.573183060000000069e+02
1.433905639999999835e+02
1.540945360000000051e+02
1.540945360000000051e+02
1.544047170000000051e+02
1.544047170000000051e+02
1.287726440000000139e+02
1.493249509999999987e+02
1.493249509999999987e+02
1.533965529999999831e+02
1.514236530000000016e+02
1.568520120000000020e+02
1.505518789999999854e+02
1.411019890000000032e+02
1.411019890000000032e+02
1.357035020000000145e+02
1.466574860000000058e+02
1.495810010000000148e+02
1.495810010000000148e+02
1.545830990000000043e+02
1.379170609999999897e+02
1.523631210000000067e+02
1.254823489999999993e+02
1.254823489999999993e+02
1.503847129999999765e+02
1.532254489999999976e+02
1.481962049999999920e+02
1.481962049999999920e+02
1.415620380000000011e+02
1.248951300000000089e+02
1.494740219999999908e+02
1.343339430000000050e+02
1.357783540000000073e+02
1.357783540000000073e+02
1.463192520000000059e+02
1.547762979999999970e+02
1.547762979999999970e+02
1.516568070000000148e+02
1.339765739999999994e+02
1.365775529999999947e+02
1.325735329999999976e+02
1.433225860000000011e+02
1.440025400000000104e+02
1.345193249999999807e+02
1.554812630000000127e+02
1.499898299999999836e+02
1.499898299999999836e+02
1.469250409999999931e+02
1.318737289999999973e+02
1.198439639999999997e+02
1.427245910000000038e+02
1.427245910000000038e+02
1.452707440000000076e+02
1.419673380000000122e+02
1.388271560000000022e+02
1.460947800000000143e+02
1.323104280000000017e+02
1.323104280000000017e+02
1.485629339999999843e+02
1.485629339999999843e+02
1.534496839999999906e+02
1.370224350000000015e+02
1.448183139999999867e+02
1.441758570000000077e+02
1.373753169999999955e+02
1.373753169999999955e+02
1.373753169999999955e+02
1.317983010000000093e+02
1.265609170000000034e+02
1.482868349999999964e+02
1.482371749999999793e+02
1.476072920000000011e+02
1.443574749999999938e+02
1.443574749999999938e+02
1.467370070000000055e+02
1.399716990000000010e+02
1.566506500000000131e+02
1.484372329999999920e+02
1.408448490000000106e+02
1.548568270000000098e+02
1.484403689999999756e+02
1.414627299999999934e+02
1.339812239999999974e+02
1.339812239999999974e+02
1.534349819999999909e+02
1.416765560000000050e+02
1.278659059999999954e+02
1.278659059999999954e+02
1.452484890000000064e+02
1.359305870000000027e+02
1.316134110000000135e+02
1.556850739999999860e+02
1.263768310000000099e+02
1.391648299999999949e+02
1.391648299999999949e+02
1.415226509999999962e+02
1.384769060000000138e+02
1.428170929999999998e+02
1.356470229999999901e+02
1.356470229999999901e+02
1.382176929999999970e+02
1.382176929999999970e+02
1.439376750000000129e+02
1.439376750000000129e+02
1.439376750000000129e+02
1.269661179999999945e+02
1.396850929999999948e+02
1.517893980000000056e+02
1.416975219999999922e+02
1.474066010000000233e+02
1.534112010000000055e+02
1.216176260000000013e+02
1.509198539999999866e+02
1.509198539999999866e+02
1.515345149999999990e+02
1.321771810000000187e+02
1.321771810000000187e+02
1.521451109999999858e+02
1.521451109999999858e+02
1.543733740000000125e+02
1.562796020000000112e+02
1.419236070000000041e+02
1.419236070000000041e+02
1.208531869999999913e+02
1.208531869999999913e+02
1.404843180000000018e+02
1.463592150000000061e+02
1.419250680000000102e+02
1.436682589999999777e+02
1.436682589999999777e+02
1.533733440000000030e+02
1.341636049999999898e+02
1.341636049999999898e+02
1.548888320000000078e+02
1.507419590000000085e+02
1.540625459999999975e+02
1.353882910000000095e+02
1.357465440000000001e+02
1.415951650000000086e+02
1.415951650000000086e+02
1.236430769999999910e+02
1.319856000000000051e+02
1.419652829999999994e+02
1.321487620000000049e+02
1.321487620000000049e+02
1.321487620000000049e+02
1.378862960000000157e+02
1.246943859999999944e+02
1.379509199999999964e+02
1.521051560000000222e+02
1.456847610000000088e+02
1.389944490000000030e+02
1.389944490000000030e+02
1.389944490000000030e+02
1.415873330000000010e+02
1.226862409999999954e+02
1.484658200000000079e+02
1.475649030000000153e+02
1.342788810000000126e+02
1.358876230000000191e+02
1.508319700000000125e+02
1.494597019999999929e+02
1.492509990000000073e+02
1.365988120000000094e+02
1.477479549999999904e+02
1.456825259999999957e+02
1.520731279999999970e+02
1.217715800000000002e+02
1.459845730000000117e+02
1.409509889999999928e+02
1.409509889999999928e+02
1.440015799999999899e+02
1.418990479999999934e+02
1.515739510000000223e+02
1.341951329999999984e+02
1.356387019999999950e+02
1.348611449999999934e+02
1.348611449999999934e+02
1.361585039999999935e+02
1.361585039999999935e+02
1.315566059999999879e+02
1.315566059999999879e+02
1.477808840000000146e+02
1.437084350000000086e+02
1.505994039999999927e+02
1.496481630000000109e+02
1.554533769999999890e+02
1.554533769999999890e+02
1.522010799999999904e+02
1.402015580000000057e+02
1.416999360000000081e+02
1.438456039999999803e+02
1.399655950000000075e+02
1.397969480000000146e+02
1.317184249999999963e+02
1.490979839999999967e+02
1.490979839999999967e+02
1.490979839999999967e+02
1.212865600000000086e+02
1.403315999999999804e+02
1.403315999999999804e+02
1.446412890000000004e+02
1.505465619999999944e+02
1.514985050000000228e+02
1.444505310000000122e+02
1.444505310000000122e+02
1.523606419999999844e+02
1.523606419999999844e+02
1.418179620000000227e+02
1.472603530000000092e+02
1.472603530000000092e+02
1.448152089999999816e+02
1.540128480000000195e+02
1.509984200000000101e+02
1.509984200000000101e+02
1.435326159999999902e+02
1.435326159999999902e+02
1.456792529999999886e+02
1.474801790000000210e+02
1.549367220000000032e+02
1.549367220000000032e+02
1.500728679999999997e+02
1.500728679999999997e+02
1.427999189999999885e+02
1.414867739999999969e+02
1.442341920000000073e+02
1.481776969999999949e+02
1.451774599999999964e+02
1.451774599999999964e+02
1.395227240000000108e+02
1.475159909999999854e+02
1.475159909999999854e+02
1.404889610000000175e+02
1.279020469999999960e+02
1.475452650000000006e+02
1.414229660000000024e+02
1.543933329999999842e+02
1.543933329999999842e+02
1.313377759999999910e+02
1.419723819999999819e+02
1.468975980000000163e+02
1.461596759999999904e+02
1.170163039999999910e+02
1.536452719999999772e+02
1.536452719999999772e+02
1.410444109999999966e+02
1.427396090000000015e+02
1.477921069999999872e+02
1.417622140000000002e+02
1.417622140000000002e+02
1.520872569999999939e+02
1.243867569999999887e+02
1.394810830000000124e+02
1.394810830000000124e+02
1.394810830000000124e+02
1.452527620000000184e+02
1.452527620000000184e+02
1.380302849999999921e+02
1.269988180000000000e+02
1.407449760000000083e+02
1.520092999999999961e+02
1.377233160000000112e+02
1.486380690000000016e+02
1.455229500000000087e+02
1.483833690000000161e+02
1.464773099999999886e+02
1.288460310000000106e+02
1.528766630000000077e+02
1.434061049999999966e+02
1.453899150000000020e+02
1.487098990000000072e+02
1.432619399999999814e+02
1.540409539999999993e+02
1.461300969999999779e+02
1.396630710000000022e+02
1.536269909999999754e+02
1.494812009999999987e+02
1.512765190000000075e+02
1.443714760000000012e+02
1.345617300000000114e+02
1.389717170000000124e+02
1.460732419999999934e+02
1.460732419999999934e+02
1.412184599999999932e+02
1.495822979999999802e+02
1.299531549999999811e+02
1.299531549999999811e+02
1.328813130000000058e+02
1.328813130000000058e+02
1.382681279999999902e+02
1.432126390000000242e+02
1.432126390000000242e+02
1.523647530000000074e+02
1.538114929999999845e+02
1.354862439999999992e+02
1.383196480000000008e+02
1.301681250000000034e+02
1.425544590000000085e+02
1.414644629999999950e+02
1.453643260000000055e+02
1.273225249999999988e+02
1.321381910000000062e+02
1.442256169999999997e+02
1.291858110000000011e+02
1.291858110000000011e+02
1.375830530000000067e+02
1.521402740000000051e+02
1.521402740000000051e+02
1.293414009999999905e+02
1.293414009999999905e+02
1.400675580000000195e+02
1.281117900000000134e+02
1.525998529999999960e+02
1.525521850000000086e+02
1.488157039999999824e+02
1.439628979999999956e+02
1.420728070000000116e+02
1.504516070000000241e+02
1.492999570000000062e+02
1.400860210000000166e+02
1.396135519999999985e+02
1.458376309999999876e+02
1.472941440000000171e+02
1.425646820000000048e+02
1.445291440000000023e+02
1.422504729999999995e+02
1.510640030000000138e+02
1.484738309999999899e+02
1.240123900000000106e+02
1.405546950000000095e+02
1.510503309999999999e+02
1.437526320000000055e+02
1.473648989999999799e+02
1.473648989999999799e+02
1.452286000000000001e+02
1.503730239999999867e+02
1.493062899999999900e+02
1.438320540000000278e+02
1.438320540000000278e+02
1.276356430000000017e+02
1.276356430000000017e+02
1.433753810000000044e+02
1.515737829999999917e+02
1.515737829999999917e+02
1.492877649999999790e+02
1.459910280000000000e+02
1.467581480000000056e+02
1.481551210000000083e+02
1.507148809999999912e+02
1.363760070000000155e+02
1.402646480000000224e+02
1.482249150000000100e+02
1.395632779999999968e+02
1.395632779999999968e+02
1.501521840000000054e+02
1.501521840000000054e+02
1.492194979999999873e+02
1.371209650000000124e+02
1.522473980000000040e+02
1.361399839999999983e+02
1.308350560000000087e+02
1.464320900000000165e+02
1.510972439999999892e+02
1.285681260000000066e+02
1.402456170000000100e+02
1.436780090000000030e+02
1.494522090000000105e+02
1.492476350000000025e+02
1.477521590000000060e+02
1.326690519999999935e+02
1.406509169999999926e+02
1.377616610000000037e+02
1.446955570000000080e+02
1.288258669999999881e+02
1.379514849999999910e+02
1.395196040000000153e+02
1.350762710000000197e+02
1.350762710000000197e+02
1.404481809999999768e+02
1.404481809999999768e+02
1.371252250000000004e+02
1.398276979999999980e+02
1.504493180000000052e+02
1.504493180000000052e+02
1.504493180000000052e+02
1.379936710000000062e+02
1.299340139999999906e+02
1.420575939999999946e+02
1.461626130000000217e+02
1.439756470000000093e+02
1.439756470000000093e+02
1.519759829999999852e+02
1.423016279999999938e+02
1.409493170000000077e+02
1.497130359999999882e+02
1.458279499999999871e+02
1.446400529999999947e+02
1.454961849999999970e+02
1.454961849999999970e+02
1.454961849999999970e+02
1.396535220000000095e+02
1.396535220000000095e+02
1.443562319999999772e+02
1.508723370000000159e+02
1.343095930000000067e+02
1.248470039999999983e+02
1.460352940000000217e+02
1.499256129999999985e+02
1.405215380000000209e+02
1.482492450000000019e+02
1.333102450000000090e+02
1.469790120000000115e+02
1.382072530000000086e+02
1.353606680000000040e+02
1.306910019999999975e+02
1.421543050000000221e+02
1.344564440000000047e+02
1.468446420000000217e+02
1.438995439999999917e+02
1.187634199999999964e+02
1.438541639999999973e+02
1.365212930000000142e+02
1.470813440000000014e+02
1.425359799999999950e+02
1.394823570000000075e+02
1.510543210000000158e+02
1.510543210000000158e+02
1.233222510000000085e+02
1.418409809999999993e+02
1.443832479999999805e+02
1.471722100000000069e+02
1.370366589999999860e+02
1.492828220000000101e+02
1.413106229999999925e+02
1.346939729999999997e+02
1.443908920000000080e+02
1.469122389999999996e+02
1.481130679999999984e+02
1.452652059999999778e+02
1.452652059999999778e+02
1.387391769999999838e+02
1.281770899999999926e+02
1.281770899999999926e+02
1.409268799999999828e+02
1.467915649999999914e+02
1.166296429999999873e+02
1.379622149999999863e+02
1.386114699999999971e+02
1.411745070000000055e+02
1.405670849999999916e+02
1.414819479999999885e+02
1.296897890000000189e+02
1.491721949999999879e+02
1.438843380000000138e+02
1.246047750000000036e+02
1.501160199999999918e+02
1.501160199999999918e+02
1.480977019999999982e+02
1.444992829999999913e+02
1.255843550000000022e+02
1.255843550000000022e+02
1.504956589999999892e+02
1.461766969999999901e+02
1.477341230000000110e+02
1.425907589999999914e+02
1.377254440000000102e+02
1.377254440000000102e+02
1.383401460000000043e+02
1.358141640000000052e+02
1.437438890000000242e+02
1.446114279999999894e+02
1.446114279999999894e+02
1.439732970000000023e+02
1.455217660000000137e+02
1.455217660000000137e+02
1.336323849999999993e+02
1.440228960000000029e+02
1.440228960000000029e+02
1.428636700000000133e+02
1.393800200000000018e+02
1.393800200000000018e+02
1.502572549999999865e+02
1.373514979999999923e+02
1.335164189999999849e+02
1.362269180000000119e+02
1.416136170000000050e+02
1.493544840000000136e+02
1.446966479999999819e+02
1.446966479999999819e+02
1.475047220000000152e+02
1.458570629999999824e+02
1.427089609999999880e+02
1.452316590000000076e+02
1.356369239999999934e+02
1.222974019999999911e+02
1.222974019999999911e+02
1.222974019999999911e+02
1.222974019999999911e+02
1.481813129999999887e+02
1.481813129999999887e+02
1.481813129999999887e+02
1.481813129999999887e+02
1.353062929999999824e+02
1.390970269999999971e+02
1.390106470000000058e+02
1.434576569999999833e+02
1.434576569999999833e+02
1.452119059999999990e+02
1.452119059999999990e+02
1.392199170000000095e+02
1.488730770000000234e+02
1.488730770000000234e+02
1.471108399999999961e+02
1.471108399999999961e+02
1.471108399999999961e+02
1.440274890000000028e+02
1.407821659999999895e+02
1.345963249999999789e+02
1.391575770000000034e+02
1.300238110000000233e+02
1.300238110000000233e+02
1.300238110000000233e+02
1.431356739999999945e+02
1.451228030000000047e+02
1.400374979999999994e+02
1.469473879999999895e+02
1.458132170000000087e+02
1.458132170000000087e+02
1.287967800000000125e+02
1.418254999999999768e+02
1.472108529999999860e+02
1.405562970000000007e+02
1.356792560000000094e+02
1.360091630000000009e+02
1.428764729999999759e+02
1.428764729999999759e+02
1.428764729999999759e+02
1.384674420000000055e+02
1.319454430000000116e+02
1.319454430000000116e+02
1.446704169999999863e+02
1.440116580000000113e+02
1.481931069999999977e+02
1.441856610000000103e+02
1.438378829999999766e+02
1.438378829999999766e+02
1.438378829999999766e+02
1.445525210000000129e+02
1.182262460000000033e+02
1.295228390000000047e+02
1.295228390000000047e+02
1.427408219999999801e+02
1.465030289999999979e+02
1.465030289999999979e+02
1.465030289999999979e+02
1.330157580000000053e+02
1.353461419999999862e+02
1.353461419999999862e+02
1.457031860000000165e+02
1.360804980000000057e+02
1.454712529999999902e+02
1.396715389999999957e+02
1.466579130000000077e+02
1.466579130000000077e+02
1.365112530000000106e+02
1.203045769999999948e+02
1.203045769999999948e+02
1.295291780000000017e+02
1.401118549999999914e+02
1.417555389999999989e+02
1.358047720000000140e+02
1.457907260000000065e+02
1.457907260000000065e+02
1.338054199999999980e+02
1.312351380000000063e+02
1.447711710000000096e+02
1.471747139999999945e+02
1.445175780000000145e+02
1.370090260000000058e+02
1.433847959999999944e+02
1.332293200000000013e+02
1.460885620000000245e+02
1.460885620000000245e+02
1.460885620000000245e+02
1.467772219999999948e+02
1.487079160000000115e+02
1.487079160000000115e+02
1.389411620000000198e+02
1.332554210000000126e+02
1.422805789999999888e+02
1.422805789999999888e+02
1.239741559999999936e+02
1.366501159999999970e+02
1.355988920000000064e+02
1.365475240000000099e+02
1.322118079999999907e+02
1.360340239999999881e+02
1.376626279999999838e+02
1.376626279999999838e+02
1.301807090000000073e+02
1.427036659999999983e+02
1.427036659999999983e+02
1.403068159999999978e+02
1.484518659999999954e+02
1.297077479999999809e+02
1.297077479999999809e+02
1.256211889999999869e+02
1.434529039999999895e+02
1.383452000000000055e+02
1.430369489999999928e+02
1.204132429999999943e+02
1.204132429999999943e+02
1.205777510000000063e+02
1.422657699999999750e+02
1.429944990000000189e+02
1.415273520000000076e+02
1.454841839999999991e+02
1.454841839999999991e+02
1.480939480000000117e+02
1.412051930000000084e+02
1.412051930000000084e+02
1.426835030000000017e+02
1.465790330000000097e+02
1.456577220000000068e+02
1.460883400000000165e+02
1.366319729999999879e+02
1.282670630000000074e+02
1.464569319999999948e+02
1.437394259999999804e+02
1.338849799999999846e+02
1.325685310000000072e+02
1.469354940000000056e+02
1.146943359999999927e+02
1.146943359999999927e+02
1.146943359999999927e+02
1.442618339999999932e+02
1.379796629999999880e+02
1.416628650000000107e+02
1.233294520000000034e+02
1.422240679999999884e+02
1.317402910000000134e+02
1.468380659999999978e+02
1.468380659999999978e+02
1.468380659999999978e+02
1.410856239999999957e+02
1.410856239999999957e+02
1.415739899999999807e+02
1.415739899999999807e+02
1.394875109999999836e+02
1.448192829999999844e+02
1.451549369999999897e+02
1.451549369999999897e+02
1.272878529999999984e+02
1.373543200000000013e+02
1.373543200000000013e+02
1.421318819999999903e+02
1.325786980000000028e+02
1.314944069999999954e+02
1.314944069999999954e+02
1.276026799999999923e+02
1.276026799999999923e+02
1.405268629999999916e+02
1.405268629999999916e+02
1.279568780000000032e+02
1.298886339999999961e+02
1.244923479999999927e+02
1.284443090000000041e+02
1.284443090000000041e+02
1.284443090000000041e+02
1.401874540000000025e+02
1.366188500000000090e+02
1.366188500000000090e+02
1.470640409999999747e+02
1.470640409999999747e+02
1.366268079999999827e+02
1.357003789999999981e+02
1.403452990000000113e+02
1.439641349999999989e+02
1.439641349999999989e+02
1.437999800000000050e+02
1.336694899999999961e+02
1.292303200000000061e+02
1.397420650000000251e+02
1.397420650000000251e+02
1.342823139999999853e+02
1.292348979999999870e+02
1.354738159999999993e+02
1.202543599999999913e+02
1.464803770000000043e+02
1.464803770000000043e+02
1.401791160000000218e+02
1.395788039999999910e+02
1.369586950000000058e+02
1.422087629999999763e+02
1.403089380000000119e+02
1.396526719999999955e+02
1.254411310000000128e+02
1.379375840000000153e+02
1.414692840000000160e+02
1.391825860000000148e+02
1.259199710000000039e+02
1.216688809999999989e+02
1.399515299999999911e+02
1.366261400000000208e+02
1.366261400000000208e+02
1.366261400000000208e+02
1.441174090000000092e+02
1.384535139999999842e+02
1.388122779999999921e+02
1.392675780000000145e+02
1.416196209999999951e+02
1.414508440000000178e+02
1.394065850000000069e+02
1.279113429999999880e+02
1.439756160000000023e+02
1.423058619999999905e+02
1.442203450000000089e+02
1.286855539999999962e+02
1.445997090000000185e+02
1.445997090000000185e+02
1.382331009999999765e+02
1.429382709999999861e+02
1.347566300000000012e+02
1.347566300000000012e+02
1.441921079999999904e+02
1.376718979999999988e+02
1.410878979999999956e+02
1.410878979999999956e+02
1.448548279999999977e+02
1.448463590000000067e+02
1.287823830000000100e+02
1.421071019999999976e+02
1.283081970000000069e+02
1.276914449999999874e+02
1.307610740000000078e+02
1.307610740000000078e+02
1.307610740000000078e+02
1.201127400000000023e+02
1.386856310000000008e+02
1.328629830000000140e+02
1.406821439999999939e+02
1.407572399999999959e+02
1.416813659999999970e+02
1.356514779999999973e+02
1.435512769999999989e+02
1.317883459999999900e+02
1.385166550000000143e+02
1.440911249999999768e+02
1.379256819999999948e+02
1.270665239999999869e+02
1.267680510000000140e+02
1.193676979999999901e+02
1.335779229999999984e+02
1.444332269999999880e+02
1.175860140000000058e+02
1.175860140000000058e+02
1.394757920000000126e+02
1.425830689999999947e+02
1.383017429999999877e+02
1.383017429999999877e+02
1.378666069999999877e+02
1.410586389999999994e+02
1.345644880000000114e+02
1.381082150000000013e+02
1.437999960000000215e+02
1.409724729999999795e+02
1.439919510000000002e+02
1.439919510000000002e+02
1.355090950000000021e+02
1.345761449999999968e+02
1.439500050000000044e+02
1.383489759999999933e+02
1.383489759999999933e+02
1.383489759999999933e+02
1.417801819999999964e+02
1.270385630000000106e+02
1.270385630000000106e+02
1.417410810000000083e+02
1.228062700000000120e+02
1.324876519999999971e+02
1.324876519999999971e+02
1.333891909999999825e+02
1.430236130000000117e+02
1.275319709999999986e+02
1.421406399999999906e+02
1.421406399999999906e+02
1.397714080000000081e+02
1.322749819999999943e+02
1.403492889999999989e+02
1.403492889999999989e+02
1.273456419999999980e+02
1.346623040000000060e+02
1.356099159999999983e+02
1.433983309999999847e+02
1.423555299999999875e+02
1.396107639999999890e+02
1.396107639999999890e+02
1.323921770000000038e+02
1.377473909999999933e+02
1.377473909999999933e+02
1.407845389999999952e+02
1.286955790000000093e+02
1.286955790000000093e+02
1.401907119999999907e+02
1.401907119999999907e+02
1.228361669999999890e+02
1.228361669999999890e+02
1.387312160000000176e+02
1.409435650000000066e+02
1.338645439999999951e+02
1.338645439999999951e+02
1.423126910000000009e+02
1.423126910000000009e+02
1.370807869999999866e+02
1.397461619999999982e+02
1.313769719999999950e+02
1.396972969999999918e+02
1.418100739999999860e+02
1.400871119999999905e+02
1.379887549999999976e+02
1.379887549999999976e+02
1.379887549999999976e+02
1.383828659999999786e+02
1.383828659999999786e+02
1.368261569999999949e+02
1.373804240000000050e+02
1.311327929999999924e+02
1.311327929999999924e+02
1.403881460000000061e+02
1.377862629999999911e+02
1.382085339999999860e+02
1.382085339999999860e+02
1.410603710000000035e+02
1.410603710000000035e+02
1.415561299999999960e+02
1.326537519999999972e+02
1.326537519999999972e+02
1.326537519999999972e+02
1.372478409999999940e+02
1.419724809999999877e+02
1.255289040000000114e+02
1.349522399999999891e+02
1.404567179999999951e+02
1.410253060000000005e+02
1.410253060000000005e+02
1.310833820000000003e+02
1.379538190000000100e+02
1.283067320000000109e+02
1.283067320000000109e+02
1.362753149999999778e+02
1.362753149999999778e+02
1.332010190000000023e+02
1.387097089999999753e+02
1.420489350000000002e+02
1.420489350000000002e+02
1.420489350000000002e+02
1.420489350000000002e+02
1.364633410000000140e+02
1.364633410000000140e+02
1.418089219999999955e+02
1.383040849999999864e+02
1.383040849999999864e+02
1.341371649999999818e+02
1.319130020000000059e+02
1.319130020000000059e+02
1.319130020000000059e+02
1.296422689999999989e+02
1.409770200000000102e+02
1.299905929999999898e+02
1.299905929999999898e+02
1.397669220000000223e+02
1.231464050000000157e+02
1.380429230000000018e+02
1.383826139999999896e+02
1.383826139999999896e+02
1.377608109999999897e+02
1.399045869999999923e+02
1.246483010000000036e+02
1.301047859999999901e+02
1.336614800000000116e+02
1.315526879999999892e+02
1.338580289999999877e+02
1.338580289999999877e+02
1.338580289999999877e+02
1.356476749999999925e+02
1.348779599999999732e+02
1.405649950000000104e+02
1.276935009999999977e+02
1.400312729999999988e+02
1.352635960000000068e+02
1.276230620000000044e+02
1.379835130000000163e+02
1.379835130000000163e+02
1.248317910000000097e+02
1.348797380000000032e+02
1.328620300000000043e+02
1.328620300000000043e+02
1.249381520000000023e+02
1.249381520000000023e+02
1.349463719999999967e+02
1.398805690000000084e+02
1.322090680000000020e+02
1.332724190000000135e+02
1.322812849999999969e+02
1.341456909999999993e+02
1.341456909999999993e+02
1.369612799999999879e+02
1.356021499999999946e+02
1.356021499999999946e+02
1.340146599999999921e+02
1.399618230000000096e+02
1.394664379999999824e+02
1.116250540000000058e+02
1.116250540000000058e+02
1.317759010000000046e+02
1.317759010000000046e+02
1.389083479999999895e+02
1.224828109999999981e+02
1.219050180000000125e+02
1.219050180000000125e+02
1.219050180000000125e+02
1.219050180000000125e+02
1.394555129999999963e+02
1.281196600000000103e+02
1.371163789999999949e+02
1.239312290000000019e+02
1.389503249999999923e+02
1.369835130000000163e+02
1.333162120000000073e+02
1.354793399999999792e+02
1.301046180000000163e+02
1.301046180000000163e+02
1.322498209999999972e+02
1.322498209999999972e+02
1.278755189999999970e+02
1.230248179999999962e+02
1.369759750000000054e+02
1.373238829999999950e+02
1.326672090000000139e+02
1.322671510000000126e+02
1.287264900000000125e+02
1.324706189999999992e+02
1.379720689999999763e+02
1.374329220000000191e+02
1.327899130000000127e+02
1.340970010000000059e+02
1.340970010000000059e+02
1.370348809999999844e+02
1.370348809999999844e+02
1.386427150000000097e+02
1.175505059999999986e+02
1.175505059999999986e+02
1.368893889999999942e+02
1.292525779999999997e+02
1.283007170000000201e+02
1.255386850000000010e+02
1.376962430000000097e+02
1.361319740000000138e+02
1.343843840000000114e+02
1.343843840000000114e+02
1.376162719999999808e+02
1.357606279999999970e+02
1.357606279999999970e+02
1.357606279999999970e+02
1.317204100000000153e+02
1.317204100000000153e+02
1.317204100000000153e+02
1.362963939999999923e+02
1.362963939999999923e+02
1.354484860000000026e+02
1.373000869999999907e+02
1.373000869999999907e+02
1.344620209999999929e+02
1.326838840000000062e+02
1.373821719999999971e+02
1.227805170000000032e+02
1.265643919999999980e+02
1.265643919999999980e+02
1.333489079999999944e+02
1.293208930000000123e+02
1.359044039999999995e+02
1.359044039999999995e+02
1.359044039999999995e+02
1.277018170000000055e+02
1.285418930000000159e+02
1.225777549999999962e+02
1.199312280000000044e+02
1.368807219999999916e+02
1.352575380000000109e+02
1.325348510000000033e+02
1.370577020000000061e+02
1.320944870000000151e+02
1.278670050000000060e+02
1.289588779999999986e+02
1.201530759999999987e+02
1.361674810000000093e+02
1.261514999999999986e+02
1.304320449999999880e+02
1.337655869999999823e+02
1.337655869999999823e+02
1.337655869999999823e+02
1.242760619999999960e+02
1.242760619999999960e+02
1.234098089999999956e+02
1.329226069999999993e+02
1.343163910000000101e+02
1.349812009999999987e+02
1.243539579999999916e+02
1.319602659999999901e+02
1.229922139999999899e+02
1.320553899999999885e+02
1.288758129999999937e+02
1.279294550000000044e+02
1.313556250000000034e+02
1.304535679999999900e+02
1.257293810000000036e+02
1.320510330000000181e+02
1.320510330000000181e+02
1.322801900000000046e+02
1.246869320000000130e+02
1.180774189999999919e+02
1.325823670000000050e+02
1.336350550000000226e+02
1.319324190000000101e+02
1.319324190000000101e+02
1.310876010000000065e+02
1.250201840000000004e+02
1.299474869999999953e+02
1.168187449999999927e+02
1.168187449999999927e+02
1.276683999999999912e+02
1.285647429999999929e+02
1.285647429999999929e+02
1.284165079999999932e+02
1.291443370000000073e+02
1.306770209999999963e+02
1.273981279999999998e+02
1.250229920000000021e+02
1.320621800000000121e+02
1.320621800000000121e+02
1.333315580000000011e+02
1.333315580000000011e+02
1.248703040000000044e+02
1.305598140000000171e+02
1.323374860000000126e+02
1.151400150000000053e+02
1.213647229999999979e+02
1.310208289999999920e+02
1.330796659999999747e+02
1.330796659999999747e+02
1.285702170000000137e+02
1.284367640000000108e+02
1.284367640000000108e+02
1.306150130000000047e+02
1.251324500000000057e+02
1.250750419999999963e+02
1.250750419999999963e+02
1.328884049999999775e+02
1.263759539999999930e+02
1.263759539999999930e+02
1.230598030000000023e+02
1.265826270000000022e+02
1.307294769999999744e+02
1.240653230000000065e+02
1.308686450000000150e+02
1.286508870000000115e+02
1.245948300000000017e+02
1.126768679999999847e+02
1.191279670000000124e+02
1.270070189999999855e+02
1.242128830000000050e+02
1.253621440000000007e+02
1.283184770000000015e+02
1.234961320000000029e+02
1.279318580000000054e+02
1.265018929999999955e+02
1.277579079999999863e+02
1.277579079999999863e+02
1.288002809999999840e+02
1.288002809999999840e+02
1.285537410000000023e+02
1.238894849999999934e+02
1.238894849999999934e+02
1.226169239999999974e+02
1.226169239999999974e+02
1.283139039999999795e+02
1.208285300000000007e+02
1.247640070000000065e+02
1.242942079999999976e+02
1.232409889999999990e+02
1.250001450000000034e+02
1.268040620000000018e+02
1.268040620000000018e+02
1.257337500000000006e+02
1.268879389999999887e+02
1.251321910000000059e+02
1.251321910000000059e+02
1.209327770000000015e+02
1.186597440000000034e+02
1.205005570000000006e+02
1.204537430000000029e+02
1.204537430000000029e+02
1.234159999999999968e+02
1.167774619999999999e+02
1.167774619999999999e+02
1.169508749999999964e+02
1.175474279999999965e+02
1.175474279999999965e+02
1.166899950000000104e+02
1.143517420000000016e+02
1.060321769999999901e+02
1.138805880000000030e+02
1.870563050000000089e+02
1.652242559999999969e+02
1.652242559999999969e+02
1.812361789999999928e+02
1.812361789999999928e+02
1.668243669999999952e+02
1.640507869999999855e+02
1.640507869999999855e+02
1.639792360000000144e+02
1.625952879999999823e+02
1.605388389999999958e+02
1.771292210000000011e+02
1.595958810000000199e+02
1.379674559999999985e+02
1.379674559999999985e+02
1.813614259999999945e+02
1.797230160000000012e+02
1.797230160000000012e+02
1.556275959999999827e+02
1.629157730000000015e+02
1.599057389999999828e+02
1.592720459999999889e+02
1.826507880000000057e+02
1.826507880000000057e+02
1.770494559999999922e+02
1.559655730000000062e+02
1.746431990000000098e+02
1.497679669999999987e+02
1.497679669999999987e+02
1.567243359999999939e+02
1.646055949999999939e+02
1.606860910000000047e+02
1.606860910000000047e+02
1.704667479999999955e+02
1.584355400000000031e+02
1.524712810000000047e+02
1.557076580000000092e+02
1.461354400000000169e+02
1.542400939999999991e+02
1.519509109999999907e+02
1.519509109999999907e+02
1.603581680000000063e+02
1.614507120000000100e+02
1.511865549999999985e+02
1.644537980000000061e+02
1.520899819999999920e+02
1.773445110000000113e+02
1.626630930000000035e+02
1.435800409999999943e+02
1.695779449999999997e+02
1.367719969999999989e+02
1.621403829999999857e+02
1.616485920000000078e+02
1.680455959999999891e+02
1.586791090000000111e+02
1.689081429999999955e+02
1.641759580000000085e+02
1.645399810000000116e+02
1.645399810000000116e+02
1.667274040000000070e+02
1.759905969999999797e+02
1.759905969999999797e+02
1.622153910000000110e+02
1.622153910000000110e+02
1.652185089999999832e+02
1.727115380000000187e+02
1.727115380000000187e+02
1.465096340000000055e+02
1.674382980000000032e+02
1.479832949999999983e+02
1.479832949999999983e+02
1.485526810000000069e+02
1.485526810000000069e+02
1.647261269999999911e+02
1.647261269999999911e+02
1.515924390000000130e+02
1.773850699999999847e+02
1.531531039999999848e+02
1.766958940000000098e+02
1.742083169999999939e+02
1.565225760000000150e+02
1.764675050000000169e+02
1.734528320000000008e+02
1.581200029999999970e+02
1.538450890000000015e+02
1.451132010000000037e+02
1.451132010000000037e+02
1.667360060000000033e+02
1.667360060000000033e+02
1.793802589999999952e+02
1.793802589999999952e+02
1.706734109999999873e+02
1.731031690000000083e+02
1.685058620000000076e+02
1.567760440000000131e+02
1.567760440000000131e+02
1.678347799999999950e+02
1.752687569999999937e+02
1.656808300000000145e+02
1.698164909999999850e+02
1.600691190000000006e+02
1.506519260000000031e+02
1.823591620000000262e+02
1.823591620000000262e+02
1.628162010000000066e+02
1.478500080000000025e+02
1.374555880000000059e+02
1.531192040000000247e+02
1.513229739999999879e+02
1.513229739999999879e+02
1.755905129999999872e+02
1.535253989999999931e+02
1.542996330000000000e+02
1.685701249999999902e+02
1.467517699999999934e+02
1.480368829999999889e+02
1.552048970000000168e+02
1.564341860000000111e+02
1.439947359999999890e+02
1.619518860000000018e+02
1.540044000000000040e+02
1.540044000000000040e+02
1.310275839999999903e+02
1.310275839999999903e+02
1.652833249999999907e+02
1.357864390000000014e+02
1.357864390000000014e+02
1.540826099999999883e+02
1.707044260000000122e+02
1.656274939999999845e+02
1.697106540000000052e+02
1.453992619999999931e+02
1.520175780000000145e+02
1.820625830000000178e+02
1.655816250000000025e+02
1.655816250000000025e+02
1.655816250000000025e+02
1.510274399999999844e+02
1.510274399999999844e+02
1.466028839999999889e+02
1.698757439999999974e+02
1.774446970000000192e+02
1.774446970000000192e+02
1.636340109999999868e+02
1.651940179999999998e+02
1.580015119999999911e+02
1.642025289999999984e+02
1.720807100000000105e+02
1.468444130000000030e+02
1.440660809999999969e+02
1.530082360000000108e+02
1.562486690000000067e+02
1.831671830000000227e+02
1.738247569999999769e+02
1.467173690000000192e+02
1.670602719999999977e+02
1.626474369999999965e+02
1.519204280000000153e+02
1.564250179999999943e+02
1.342623340000000098e+02
1.342623340000000098e+02
1.816679950000000190e+02
1.544813419999999837e+02
1.544813419999999837e+02
1.619154240000000016e+02
1.529946410000000014e+02
1.700444449999999961e+02
1.649306720000000155e+02
1.454766339999999900e+02
1.739653690000000097e+02
1.734772530000000188e+02
1.472318219999999940e+02
1.449987590000000068e+02
1.494680140000000108e+02
1.667086549999999932e+02
1.667086549999999932e+02
1.518461790000000065e+02
1.518461790000000065e+02
1.495987739999999917e+02
1.770594619999999964e+02
1.605828060000000050e+02
1.523151750000000106e+02
1.725983059999999796e+02
1.474107819999999833e+02
1.488643119999999840e+02
1.488643119999999840e+02
1.676425460000000101e+02
1.445167439999999885e+02
1.856201930000000004e+02
1.619197479999999985e+02
1.418541969999999992e+02
1.770376120000000242e+02
1.369364659999999958e+02
1.369364659999999958e+02
1.466082440000000133e+02
1.466082440000000133e+02
1.466082440000000133e+02
1.509071840000000009e+02
1.644124089999999967e+02
1.782135759999999891e+02
1.495435889999999972e+02
1.495435889999999972e+02
1.804544750000000022e+02
1.578156079999999974e+02
1.748692179999999894e+02
1.580828389999999786e+02
1.529620130000000131e+02
1.461577990000000113e+02
1.520830169999999839e+02
1.520830169999999839e+02
1.679583330000000103e+02
1.484271850000000086e+02
1.484271850000000086e+02
1.470784700000000100e+02
1.484838200000000086e+02
1.484838200000000086e+02
1.484668360000000007e+02
1.354288380000000132e+02
1.486824149999999918e+02
1.494252829999999790e+02
1.651999440000000163e+02
1.711081379999999967e+02
1.502818770000000086e+02
1.604601710000000026e+02
1.560659050000000150e+02
1.627267640000000029e+02
1.801696929999999952e+02
1.660229209999999966e+02
1.493192799999999920e+02
1.493192799999999920e+02
1.638020999999999958e+02
1.638020999999999958e+02
1.777070479999999861e+02
1.423215399999999988e+02
1.550944010000000048e+02
1.285749350000000106e+02
1.553301319999999919e+02
1.713593040000000087e+02
1.550339400000000012e+02
1.575019310000000132e+02
1.684507120000000100e+02
1.655392919999999890e+02
1.655392919999999890e+02
1.506611619999999903e+02
1.487033040000000028e+02
1.668661999999999921e+02
1.484871200000000044e+02
1.495561189999999954e+02
1.495561189999999954e+02
1.576175120000000049e+02
1.491198880000000031e+02
1.614991970000000094e+02
1.473823580000000106e+02
1.565637250000000051e+02
1.699186779999999999e+02
1.809659090000000106e+02
1.691497430000000008e+02
1.583046999999999969e+02
1.437381080000000111e+02
1.437381080000000111e+02
1.437381080000000111e+02
1.278040719999999908e+02
1.547504429999999900e+02
1.547504429999999900e+02
1.603739679999999908e+02
1.447013150000000223e+02
1.678225209999999947e+02
1.362565229999999872e+02
1.746289510000000007e+02
1.732976909999999862e+02
1.355329179999999951e+02
1.355329179999999951e+02
1.490816389999999956e+02
1.392151250000000005e+02
1.508118230000000040e+02
1.508118230000000040e+02
1.568571010000000001e+02
1.707917659999999955e+02
1.697329500000000166e+02
1.383451919999999973e+02
1.383451919999999973e+02
1.627711590000000115e+02
