mass_2_source
3.247573932409318331e+01
2.724000607065823587e+01
2.783602261377954790e+01
3.415985040733611555e+01
3.611027710122489509e+01
3.434352406424760318e+01
4.479238740763600646e+01
2.987143099581643213e+01
3.161345545663064627e+01
3.134232277681163126e+01
3.695717903610276522e+01
3.068333842547063384e+01
4.028525899258615794e+01
3.392495208345096103e+01
2.902604188870031621e+01
2.662089513513076255e+01
3.135988174470144685e+01
2.906583121534077563e+01
3.602263817891129349e+01
2.883934818693927937e+01
4.352968926108071912e+01
2.680458810070942377e+01
2.585532341292038438e+01
4.558054360584092279e+01
4.257182912053306723e+01
4.592113362290096745e+01
2.272208742336180975e+01
5.076566731727248794e+01
2.613123578725168272e+01
3.650274635904339959e+01
2.212669104046619850e+01
3.145396728468251979e+01
5.316487031895339044e+01
2.418402763112364440e+01
3.793509156424939732e+01
3.760381159420111885e+01
3.605798408383634523e+01
4.268765014259462021e+01
2.922510338311798606e+01
3.164253903454151029e+01
3.708459974883830768e+01
2.500968552478750695e+01
3.231910131140885767e+01
3.784016434710054000e+01
4.459982394120378046e+01
4.005257340180185111e+01
3.643602291900764101e+01
3.334317239493559981e+01
3.410342356063681990e+01
2.341889298152695886e+01
4.611061278367038341e+01
2.071877441492607019e+01
3.726445337514460476e+01
3.014916865989736294e+01
3.808600757762925326e+01
2.580897509630105446e+01
4.859628547123914899e+01
2.957052702385421483e+01
4.674936316223619315e+01
3.347932215608443585e+01
3.327785906842940733e+01
3.798990992977624614e+01
3.245125043578232038e+01
4.302939965701820313e+01
3.875211492057345453e+01
5.050521108489207478e+01
2.771747984133524412e+01
2.958122054122258859e+01
2.566125387252835210e+01
2.480443623527356323e+01
3.108038311596759939e+01
2.254332012922597883e+01
2.649972027358615279e+01
3.593363225142037720e+01
2.667691565680004118e+01
2.461735754548246646e+01
2.649618396444108015e+01
2.477713445567134798e+01
3.399123251682382829e+01
4.377310277053830134e+01
2.963404462097220460e+01
3.451151108783027865e+01
3.109286666046223857e+01
3.211293902370709219e+01
3.321375287589239633e+01
4.993145323527645019e+01
5.210773112925003403e+01
3.392694019012650131e+01
3.392784100899026356e+01
3.047184043106534901e+01
2.604931160012300850e+01
3.678145513770440544e+01
3.004938351561271404e+01
4.182042913635076786e+01
2.990289131202998973e+01
2.740207036140541064e+01
2.599615112149038865e+01
2.559834647324222345e+01
3.930872545299836673e+01
2.711429855572496450e+01
2.956775549334955855e+01
3.110758180107233173e+01
4.384803631238303723e+01
3.023356170078534788e+01
5.498977853526027104e+01
3.635271129910790222e+01
3.792026638477049261e+01
2.582738509118359360e+01
3.768134015228616107e+01
3.999487877839865035e+01
3.778033053173714961e+01
3.251292422516937108e+01
3.687939482135654146e+01
4.663673546132203285e+01
3.372468590469792105e+01
2.007826829092333654e+01
3.216205978946631916e+01
2.937360319905164729e+01
3.437026209787993736e+01
2.411200786064625134e+01
2.260757000181027365e+01
2.851145954735424937e+01
2.950240144803129283e+01
2.349224883578176559e+01
3.298216242725808200e+01
3.965280261790758232e+01
4.043611750902601898e+01
3.778987147071849506e+01
3.202239251425209687e+01
4.680710009514837111e+01
3.660806562212419379e+01
2.604885839250756163e+01
3.194378491953628441e+01
2.943735646822045737e+01
2.574188678599790592e+01
3.491722699411931785e+01
3.011381829720676606e+01
3.853984096045975605e+01
3.031074704745832094e+01
2.802078612990657902e+01
2.318437525890175621e+01
2.615072792325250006e+01
3.070400873287004373e+01
2.691354923849659286e+01
3.323708635524361910e+01
3.898435877137320205e+01
4.634864527090698516e+01
2.032162634196462747e+01
3.595806608508205215e+01
3.371304996446800573e+01
3.366695977231108827e+01
3.686472807420241793e+01
2.843524921913690662e+01
2.578999745645225161e+01
2.681877516148497520e+01
3.002909188574087196e+01
2.902884200888560429e+01
3.622666949144321791e+01
2.919051662113291812e+01
2.280793725009382200e+01
3.450488637510166967e+01
3.389370972297757589e+01
2.407655475772629927e+01
3.691544350880970882e+01
3.718419406865286447e+01
2.833335242785343056e+01
2.766114488353036194e+01
2.317043241319247571e+01
4.238354814676020510e+01
2.784767557693764317e+01
2.979193141392888222e+01
2.768410934526850653e+01
2.869147952860611284e+01
2.470914353724101176e+01
2.150199617138460439e+01
2.125672288970423196e+01
3.363664036043602579e+01
4.186708435771132741e+01
3.520527089031730839e+01
2.665453733682686277e+01
3.804194819937961825e+01
3.259946319447545449e+01
4.420737045980642677e+01
2.937269598137192261e+01
4.030960910817193366e+01
3.025849956156846687e+01
2.861699180312137969e+01
4.550376513378976284e+01
3.550682953943920239e+01
2.421187459752773563e+01
3.822611483031006685e+01
3.167056998943126089e+01
2.493395123909836997e+01
3.234397266502522683e+01
4.390437619779397238e+01
3.697892575200502563e+01
2.595227265607719858e+01
2.396348888865133020e+01
3.205044782918857749e+01
3.175838367999381262e+01
2.788762421047103146e+01
3.302746833054023057e+01
3.086164688512867826e+01
2.574175848101875275e+01
2.684870050564837385e+01
3.390773535467076272e+01
3.246157289430760784e+01
3.362945498852646153e+01
2.587103687568853161e+01
3.151727114373992578e+01
2.772926613037974519e+01
3.115797641251612760e+01
2.604440643852395709e+01
2.849093809702099378e+01
3.744374077457126049e+01
3.910201188934897942e+01
2.585300774884606057e+01
3.375230954857995158e+01
2.994149727501532610e+01
3.667972843513620518e+01
3.586023541469160136e+01
3.947542719971189484e+01
3.075007258704409097e+01
3.242477640468214162e+01
3.194930982906979722e+01
4.328640889194463881e+01
3.056801619896484112e+01
2.281062069851148522e+01
2.960016301764903091e+01
4.291515877029789294e+01
3.937504604139262909e+01
3.262234567293868537e+01
3.480197771255721761e+01
2.931971483254741528e+01
3.174470873618885847e+01
3.851249676825813140e+01
3.732549793170319674e+01
3.207201438962852791e+01
4.224179066181916653e+01
3.434734482398462774e+01
4.540441012620766514e+01
3.690290941748386189e+01
3.470440287260068146e+01
3.399255228211222146e+01
4.143524366321150865e+01
3.120092352157560711e+01
3.402355139566222419e+01
3.424061520832812988e+01
2.698675408517064156e+01
3.760382019648912433e+01
3.713939943982956748e+01
2.344224248931174870e+01
3.982770242886484624e+01
4.138367573056368798e+01
4.067936946165792023e+01
1.866011663407122612e+01
3.625423133787683838e+01
3.088836912633457388e+01
3.302271610728637086e+01
3.530313050027130828e+01
2.834956704860364596e+01
2.855216407951899171e+01
2.796274571391112218e+01
3.244500084961615727e+01
4.042445088267752595e+01
2.898941526505023347e+01
3.723589301619408332e+01
2.722805142737158235e+01
3.250072242798378852e+01
3.992699706050368746e+01
2.398742296774855731e+01
3.436054736450697789e+01
2.887670182842289890e+01
2.877278802884878317e+01
3.353806305471381677e+01
3.967167155354768227e+01
3.652387006207376174e+01
3.504028283677507005e+01
2.712799271469167195e+01
3.263899006363031674e+01
2.463671302629741078e+01
3.140983360567406280e+01
3.116876859522848875e+01
2.885193184610376704e+01
3.721468132740051260e+01
3.712361303248363242e+01
3.275555647950327653e+01
3.288285255833474707e+01
3.408873012879771380e+01
3.615947195954256443e+01
5.037763705644594836e+01
3.599508559838911737e+01
3.602010577808472647e+01
4.074317231133836970e+01
4.677865239000941955e+01
2.738502449703234731e+01
3.664382576930177038e+01
3.353572408482271783e+01
2.626220006557102593e+01
2.804665827134006761e+01
3.062329163086851835e+01
2.924312672882309627e+01
3.481993525995388694e+01
3.775586037025075825e+01
3.227184056977537807e+01
3.498201399606725914e+01
4.002056195013564377e+01
3.169308709918435696e+01
3.377761752582578936e+01
4.225955029663668938e+01
3.917383656817969495e+01
3.561918717627496989e+01
3.214186758318188453e+01
4.044804900407034154e+01
2.064202560690429777e+01
3.475520978361856095e+01
2.920131434288278172e+01
3.947785590132719591e+01
3.355574335871042280e+01
4.008537390881856055e+01
4.279921716595028869e+01
2.762016298236372336e+01
5.569786119258380808e+01
3.926652013894526760e+01
3.838386135757242812e+01
4.332620113411063301e+01
3.944250109754656819e+01
4.235697376718408691e+01
4.588769270342828577e+01
3.200893328265492244e+01
3.695453675569546448e+01
3.269675189264732040e+01
2.774864344874988120e+01
3.318024926637760075e+01
2.866242498901001312e+01
3.600614498887485837e+01
2.817076450214664618e+01
3.461240854459650507e+01
2.551000228981143891e+01
2.307081402093495015e+01
3.075584320371122971e+01
6.237653654941282610e+01
3.504441565007358150e+01
3.710913974219192824e+01
3.581745609609411929e+01
2.614403824352299210e+01
2.524911882886779679e+01
2.593987692277911350e+01
2.724607483757407778e+01
2.932639215714904424e+01
2.762013036615585904e+01
4.252078427118799198e+01
3.877884069975875292e+01
3.622917068908372329e+01
3.118166352723670798e+01
3.363175015321888850e+01
2.685462017465694018e+01
3.908115593213204164e+01
2.612707078939866889e+01
2.935159661538245857e+01
4.518630977021049233e+01
2.466663474414000490e+01
3.444504386403038154e+01
3.250162712930732312e+01
3.096976166812710929e+01
3.610098995949293510e+01
2.614683132306318569e+01
4.006260170146054378e+01
2.349426636269166124e+01
5.301611174271000948e+01
2.410530068246765367e+01
2.572781970159979181e+01
3.649115121699139053e+01
4.116382446850752075e+01
3.798108179091876480e+01
3.700483195374498990e+01
3.604324646129276033e+01
3.806144922331336744e+01
3.451251643325915097e+01
3.374852330381430221e+01
3.865680397705554583e+01
3.209588736134495690e+01
2.616475426717612862e+01
3.926391337734555265e+01
5.102997591032256253e+01
2.646819012447532415e+01
3.728926349722790690e+01
4.631207276229570624e+01
3.603743926812680343e+01
4.777753886946621265e+01
3.433845686613754822e+01
4.708697826770977457e+01
2.850151191299211462e+01
3.673944642072617484e+01
5.230319987777686919e+01
2.779427132590979355e+01
2.554839430490786967e+01
3.245413870930109113e+01
3.714062956267824234e+01
3.233950958760009087e+01
3.318005074535755483e+01
3.190646958518068388e+01
3.268476302310885728e+01
3.456756584506965169e+01
3.563582178367989428e+01
3.393614657536633672e+01
2.914703471959202830e+01
3.721189957904859114e+01
4.395498207995799334e+01
2.928548370507335008e+01
2.769805192939400840e+01
3.311557061133164837e+01
3.861610342720305766e+01
3.302786307777627428e+01
4.075491292864364112e+01
2.876527609026000221e+01
3.327043945415903892e+01
3.062747503676546046e+01
2.828611265726082280e+01
3.624205266657497049e+01
3.447840967586714100e+01
4.143492657733644791e+01
3.040812899851286133e+01
4.283847431754217894e+01
3.652507643981917340e+01
3.399217216602960434e+01
3.320907594679986374e+01
3.948087215241621806e+01
3.812593624631792011e+01
3.126180931261693985e+01
4.548282387374535318e+01
2.779950050175476051e+01
3.822162091081051472e+01
3.729037909254933680e+01
3.013026779416701117e+01
4.217369186535165682e+01
4.711757970966267806e+01
2.975102235624793323e+01
3.411762311249739810e+01
4.233101128013117176e+01
4.437977693123315248e+01
3.335120646554521784e+01
3.557385424621034531e+01
4.352949808228623851e+01
4.313864788796136907e+01
3.547480051935256995e+01
3.608907175827222602e+01
2.347567453244926838e+01
2.528702297403208732e+01
3.117636186703966672e+01
3.897734968353653784e+01
3.208797520356890942e+01
3.263374789145377974e+01
3.116793686019109444e+01
3.255576804944153224e+01
4.307789454009738250e+01
3.512194183237605216e+01
3.834027627963621399e+01
4.006392030369298141e+01
3.369472917194320871e+01
2.018700273373255172e+01
2.804615630992718778e+01
4.198312822118298726e+01
4.023205571822064996e+01
3.251773421226019423e+01
3.267126815319576849e+01
2.599792552685536862e+01
2.438865286143344235e+01
3.310736389100582500e+01
3.175294814417863876e+01
4.049831689373487364e+01
3.980890979443120870e+01
2.240705423480178382e+01
2.011690725105834332e+01
3.842728809619515573e+01
2.960026018282072613e+01
2.998177902322782629e+01
2.609042755157289761e+01
2.627229413412500847e+01
3.131567528989385707e+01
5.291875542321313475e+01
5.160114758423489434e+01
2.590832432673702002e+01
2.569343354636909638e+01
3.490156067752478464e+01
2.881013662524600250e+01
3.130730549186853651e+01
3.237566178833276354e+01
3.255467227231535787e+01
3.551521826265683046e+01
3.629938535548245682e+01
3.851973613205956326e+01
3.511808959152672571e+01
4.562767385548384880e+01
3.029190720017308536e+01
3.032430109652971950e+01
3.326876709309246394e+01
3.140229586870300338e+01
3.711603080816585276e+01
3.434005980638450239e+01
3.404777392932648894e+01
3.930043694580849944e+01
4.725867405377130126e+01
3.691700037860740480e+01
3.340925409255805789e+01
4.572610837369649062e+01
3.582654948931991612e+01
3.629726353151169604e+01
2.908690877761516802e+01
4.157351158223892185e+01
3.666874208211898889e+01
2.475705697129288652e+01
2.969268800033229994e+01
4.127724425241194695e+01
3.889799696765584258e+01
3.481694031604932604e+01
3.409535327187731468e+01
3.249201813846367770e+01
2.753374122078609787e+01
2.791810542678210538e+01
2.925714515265940463e+01
3.109330757857647143e+01
3.049000935824743408e+01
3.852998473087204445e+01
3.627747415548083154e+01
4.141272420745335126e+01
3.239136363425298271e+01
3.526847338377594099e+01
2.980894622667046079e+01
3.149483682890085490e+01
3.591352946276198566e+01
2.326389923031358009e+01
3.615450371226961579e+01
3.624347364040861663e+01
3.905333478802416636e+01
3.336015410510736956e+01
3.289999395185628117e+01
3.064388878115157766e+01
4.293678641509858807e+01
2.493919104815740440e+01
2.761636628065238241e+01
5.336272572178406648e+01
3.542995978766873577e+01
4.166944401377158869e+01
3.536848356016648154e+01
3.910559229158813821e+01
3.335742453367724636e+01
3.681464987225601959e+01
2.907957386186198079e+01
2.774675098983163224e+01
3.230669865118687767e+01
4.529222592200382280e+01
3.602878515363583745e+01
3.533915201594118827e+01
2.302567364946696671e+01
2.927536528636625235e+01
4.028502284243753451e+01
3.693998394293392806e+01
4.017617024791082514e+01
3.577461146485666887e+01
3.480706593304028473e+01
3.843751974721302389e+01
3.726903045621719457e+01
3.714264605593882607e+01
4.109327497408714436e+01
3.586506335514803112e+01
3.587020718999792024e+01
1.811529609717874578e+01
5.835216945414607181e+01
3.437019657133998862e+01
3.581980980752736343e+01
4.545919206708445870e+01
1.874350726749137408e+01
3.229241031820047425e+01
3.323143991974503564e+01
3.402698847334465881e+01
2.900038924223853698e+01
2.600228285721780352e+01
3.919694634794844035e+01
4.020891227732438722e+01
3.634718112721065353e+01
3.663293214453497626e+01
3.845525975271124963e+01
3.757897303714955228e+01
3.548760040639596980e+01
3.376987901253343693e+01
4.455993405486790238e+01
3.296196463821405587e+01
3.106466942713826640e+01
3.329887403719141048e+01
2.600761748440977428e+01
5.181281157221723532e+01
4.427022153778400337e+01
3.428244019913408636e+01
4.088447999105608943e+01
3.494083600329204842e+01
3.335023457325141294e+01
4.628122746602809201e+01
3.704421058144806977e+01
4.845266781679748647e+01
3.751895593855095257e+01
4.337635109343024453e+01
4.211096530111820613e+01
3.582583087437286906e+01
3.629232831681947147e+01
2.987655593557936129e+01
2.647708058984347446e+01
4.792970900381144617e+01
3.121637254835697561e+01
3.067971147487458694e+01
3.530685466389326876e+01
2.989358398470483280e+01
3.699050738636417890e+01
3.872449276369165005e+01
3.411766580381134872e+01
3.333875500215943788e+01
3.417423959247293652e+01
4.929086137995781058e+01
3.644186801404807596e+01
3.823856918950928474e+01
3.544132813662080395e+01
2.944117008232932875e+01
3.368577060762404329e+01
2.110644404030522736e+01
1.863006245647628845e+01
4.111911909280121336e+01
3.674477931662087826e+01
4.813359420280516332e+01
3.427937472299572619e+01
3.390951989072090811e+01
2.653058059412628822e+01
3.930876231694826828e+01
5.176792912542930480e+01
4.460870191321257039e+01
4.183991393388519953e+01
2.477240164634214992e+01
2.830728400299798508e+01
3.003289816584346994e+01
4.841084304693294627e+01
4.060190688708750884e+01
3.634072002690180625e+01
3.908336044604321557e+01
3.568022859977081396e+01
3.764129098098612758e+01
3.702484116770227729e+01
2.717478420710858700e+01
3.654072744585277377e+01
2.560043550222891540e+01
3.245918491687381646e+01
4.627991871308361027e+01
3.778381765967001371e+01
4.182602830285204476e+01
4.021925784047832053e+01
3.792059692426995099e+01
3.982946436035696536e+01
3.282154190060330734e+01
3.739736094431843583e+01
4.529592039584630214e+01
3.557201818613399524e+01
3.286143578547545019e+01
2.937426400051247910e+01
2.853906565914116555e+01
2.953418325997633431e+01
3.365086631843173848e+01
2.919199681295905080e+01
4.675686841370108482e+01
4.262451696286174041e+01
3.459714216764640327e+01
3.873677558511374031e+01
3.581626132553888198e+01
3.193559448693001457e+01
3.041780073034727394e+01
3.766587407116175967e+01
3.533164839890260822e+01
4.520294791284405989e+01
3.057682785830402494e+01
4.469608361103658467e+01
2.863979723906296471e+01
4.343509434186284324e+01
3.738821927113449561e+01
4.271705801958837156e+01
3.149312020090132336e+01
4.032320329918391622e+01
3.478436324568417604e+01
3.047667648982952571e+01
3.269275482392892229e+01
3.403911590505577323e+01
4.282452194520902111e+01
3.418859612593234942e+01
3.364455817365436019e+01
3.222949017675021821e+01
4.778952750723122023e+01
3.064809070447766004e+01
3.405939209961928782e+01
2.880055935744109874e+01
3.122503374728050574e+01
3.020232326334286199e+01
4.524302402690104685e+01
3.530076210746071297e+01
3.881493374549335584e+01
3.652873608102874670e+01
3.290407688240551209e+01
3.032283975084407857e+01
2.696528505133271025e+01
2.701587257752231608e+01
4.755466422440866836e+01
3.441416511723476646e+01
3.749022509754399124e+01
3.665753979475361746e+01
3.751973697510605632e+01
3.115806718487984028e+01
3.805900394947902043e+01
5.011670293497088124e+01
2.785786438213294147e+01
3.065107913029213194e+01
4.318294917677201994e+01
5.435877122098860070e+01
4.068187004948967456e+01
3.259238718616838071e+01
4.476243945659513912e+01
3.445627933542768062e+01
4.459738746207594318e+01
3.616976011469777319e+01
3.516106629689915053e+01
3.398650396928064765e+01
4.129555095185683911e+01
4.109944977544932954e+01
3.506829217561695344e+01
3.697088173295041713e+01
4.453223865950158000e+01
3.909610776647263464e+01
4.673112417296314192e+01
2.589513296832955191e+01
3.171572709661347744e+01
2.900055591713600833e+01
4.490758278383517421e+01
3.929926494703859419e+01
3.753801348047259978e+01
4.173128848849692929e+01
3.358692086546135869e+01
3.312681108011606312e+01
3.227672381645506050e+01
3.587219757572448486e+01
3.453699562212917584e+01
4.531987707814891309e+01
5.411871357651042302e+01
5.202857003920686907e+01
3.639052424264561836e+01
3.781339286211310480e+01
3.113917405781246117e+01
2.792738636229094240e+01
3.591765016941617716e+01
3.646332361913033537e+01
3.376703599721867732e+01
4.018168181173632547e+01
3.366489422269008003e+01
3.342219097973428177e+01
2.988256686680710317e+01
3.527747914222836556e+01
3.851235153933058797e+01
4.153327208833692907e+01
3.556516423944502492e+01
4.972982669050640681e+01
3.678217572151370973e+01
2.687300785821643601e+01
2.353118214919100026e+01
2.596321003558103158e+01
4.797004824659953215e+01
2.433941158403949245e+01
4.467096764164980982e+01
4.369752301384733784e+01
3.678032043462872736e+01
3.642348355167997909e+01
3.289635315934653192e+01
2.704680546209658232e+01
3.276395544446164365e+01
4.084358542844707785e+01
4.415878192216992915e+01
4.274979471272806109e+01
2.697249733446325592e+01
3.093615531975838095e+01
3.392607304842301374e+01
5.355962420418085657e+01
3.565350454655004597e+01
3.703959202588249866e+01
4.685983143119912597e+01
3.284645530993810070e+01
2.238199115200685796e+01
4.990042751096031282e+01
3.964258717494453066e+01
2.691376400142415548e+01
3.010333536673140387e+01
3.592198311771880270e+01
4.118971552747221665e+01
4.403139099462814698e+01
4.449376288089093379e+01
2.609151334850888304e+01
4.785890362548496313e+01
4.084569283371875770e+01
3.361851092418810083e+01
4.616986807061239517e+01
3.957881808851004024e+01
3.519714532717429023e+01
4.902870837402193871e+01
3.357623723472327981e+01
3.855834441733360052e+01
3.395875642010794593e+01
3.166972250020587509e+01
3.196548815810942656e+01
4.763722089312533825e+01
3.749934160058833044e+01
3.675365535819260288e+01
4.440731588484327830e+01
4.191749291496078200e+01
4.224457795548202910e+01
4.393916575288388771e+01
2.929198142825284279e+01
2.892040048002974117e+01
3.252686580473964995e+01
3.617602499420252116e+01
3.438553869857847189e+01
3.072599896091934468e+01
4.306010751021588590e+01
4.527030312158279912e+01
4.406522195609839088e+01
2.822917536113058645e+01
3.226743438627656246e+01
3.421740304903497076e+01
3.572279732909673555e+01
3.686660177827400986e+01
3.549761690548455562e+01
3.891402318022569062e+01
4.207637858163106870e+01
3.260385771363286977e+01
3.089136433777359159e+01
2.835669485264317657e+01
2.879447840683870297e+01
3.177276879628453088e+01
3.547139474047515506e+01
3.101691788085519619e+01
3.100661399474329727e+01
3.574808535176307345e+01
4.181740787454038610e+01
3.875848832525950627e+01
5.345271805526758868e+01
3.786403281907537632e+01
4.439613822529008758e+01
4.510652916915013577e+01
3.909806469887548275e+01
4.032626291401758323e+01
3.587966177569769144e+01
4.108888595820827305e+01
2.912404374196563950e+01
3.702873585732282891e+01
2.969466797963858440e+01
3.546308679691361476e+01
3.516433231789160629e+01
4.384574816925061214e+01
4.012275443520304208e+01
2.701563239949128814e+01
4.548555310615883229e+01
4.814264908235259810e+01
3.828506659718157579e+01
3.404160638574842324e+01
5.044107117986675348e+01
3.177672304955814298e+01
3.092333410701046859e+01
3.178655238130865257e+01
3.947524684941616613e+01
4.741530302309775635e+01
5.493470867452250417e+01
4.403780789641245264e+01
3.479668834114117715e+01
2.298320795171592223e+01
3.840721494368699496e+01
3.588762799653608937e+01
3.180005702201497186e+01
2.513704439517464095e+01
4.781376005476576552e+01
3.232324640717693143e+01
3.602285539027245420e+01
3.413391065923477896e+01
3.608545029431085993e+01
3.700272657521318820e+01
2.754669417988813862e+01
3.063329927769040140e+01
2.724063845629778058e+01
2.582080600598422393e+01
3.585846331700869882e+01
4.575467131968137835e+01
3.455632372103377037e+01
3.486345684692059166e+01
3.880143718790322538e+01
3.281960581514018571e+01
3.190802303159924946e+01
3.743252756575793683e+01
3.592431702808638505e+01
3.462383567928820582e+01
3.654435502289214810e+01
4.193696820776315803e+01
4.605989207106599537e+01
3.625251658460002346e+01
5.625286022679129871e+01
1.974794733250032763e+01
3.740470007000266861e+01
4.989053594402786018e+01
3.743657814259914574e+01
3.089168650114795867e+01
4.039147092093448066e+01
2.490666139285680103e+01
3.833889712323853161e+01
3.507631345365376774e+01
2.814439062009335046e+01
5.388035257697455904e+01
2.937872938482800222e+01
3.559618413166069928e+01
3.608721838258049530e+01
4.188633963174998343e+01
4.252017554429284019e+01
3.897852197725086398e+01
4.129055133177300263e+01
2.902070172042382268e+01
3.130262134688761932e+01
3.725885054433793897e+01
4.081494572688874456e+01
3.073359575138173483e+01
3.428777251308516583e+01
3.624017011716944126e+01
4.680444913751212965e+01
4.477534576251591147e+01
3.413467075459223565e+01
3.543614749953051302e+01
3.718558036856783389e+01
3.564860338311990517e+01
3.221061364771748714e+01
4.269759518417073707e+01
3.436487449313051457e+01
2.621899718235828303e+01
4.107195603027528819e+01
4.754457510205681103e+01
4.863166787673514335e+01
3.839546702122792965e+01
4.146908468155950800e+01
3.968511173317814666e+01
3.612806563616834410e+01
3.328452516162632691e+01
4.624945999494794791e+01
4.961501853439192899e+01
2.678956864065184362e+01
5.120250908021801450e+01
4.593708005273756356e+01
4.035945188822859819e+01
3.616433041348226851e+01
3.187773578159496779e+01
3.871749422215009417e+01
4.144757573436589837e+01
3.897320998207983678e+01
3.105681481167614422e+01
3.881805690220493688e+01
3.948161649045068344e+01
4.711322016698190396e+01
3.267843739933630332e+01
3.234258819102327465e+01
3.693193995963079601e+01
3.742334489872529701e+01
3.159910618470329879e+01
2.921288939503694948e+01
3.911548183123639433e+01
4.849221946378727210e+01
2.716357443570856844e+01
2.517310913235039393e+01
2.550798170703925649e+01
4.311584598341151775e+01
3.746096587690102098e+01
3.660182820403418447e+01
3.643715523533806078e+01
5.041613865038416264e+01
3.127952767216245888e+01
2.922438611312949774e+01
4.177139326349220738e+01
4.981459677527394092e+01
3.824001087457796189e+01
2.681077894994916022e+01
2.748488187207852462e+01
3.845314723769483578e+01
4.675737557193696858e+01
3.663316743826393207e+01
3.121167651558720024e+01
3.023489012942988552e+01
2.639301632087163441e+01
2.847439409522505116e+01
4.102848356130750318e+01
3.728804259045972458e+01
3.427327017110145135e+01
3.736200693495900538e+01
3.618806009738944596e+01
2.832612891998971705e+01
3.916621785796787947e+01
3.168004861844713105e+01
4.286091266757512130e+01
3.571455354353411593e+01
3.658418675268764275e+01
4.242973164788311635e+01
3.190736162029252299e+01
3.953297745453386369e+01
3.584468045774378453e+01
3.332539989398883762e+01
2.967065816902942288e+01
3.815703808282103893e+01
4.504198564905885149e+01
4.351265754988206425e+01
3.386180789873524333e+01
3.315926148915662708e+01
2.881431242416017469e+01
3.884179556327897131e+01
2.418631885179668473e+01
2.763591437132007300e+01
3.034086489850578516e+01
4.033214881979281330e+01
3.165848687391870797e+01
2.689938031695790599e+01
4.378928473716969449e+01
2.468779653435802857e+01
4.741470107880527252e+01
3.934470757142469211e+01
2.899236469842337982e+01
3.664971185089963512e+01
2.976802947985100545e+01
3.225273555316660890e+01
3.610930060716925283e+01
4.379648693490486266e+01
3.745823030224392625e+01
4.742184335241528004e+01
5.145834688656275802e+01
4.623341705234341248e+01
3.846844223482494840e+01
3.569824563904072079e+01
2.792187700308136655e+01
4.505488853081649836e+01
3.319959913996576972e+01
3.468111238715619749e+01
3.997132424121709704e+01
3.419909836452709584e+01
3.652890189083407790e+01
3.162256534105289774e+01
3.781755107218517509e+01
5.066457123720665123e+01
4.649643955148907537e+01
4.970446566599866856e+01
1.966118696555300716e+01
4.460857614836726981e+01
4.398315928310233147e+01
3.738623404123237037e+01
4.083766505547954040e+01
5.180420682212920269e+01
4.460908008025514704e+01
3.498814808490411821e+01
3.500231760956124560e+01
4.260677668295327436e+01
3.247453335590967072e+01
4.126355063151779490e+01
3.799678177516643984e+01
3.164428002965359710e+01
3.669087246394502699e+01
2.453582453972450139e+01
4.366301395255550943e+01
3.322708847137245414e+01
3.199892342081680141e+01
2.849396158617228636e+01
3.362156687762870888e+01
3.763165252525783444e+01
3.816774632324067085e+01
3.809289479816565205e+01
3.768273040171776955e+01
2.990434106759814981e+01
3.353723800839646429e+01
2.470657872281433143e+01
2.807753466491787719e+01
3.592911656440679735e+01
3.927849123321293945e+01
4.429885046899661916e+01
4.366521595737459194e+01
3.295910659636384565e+01
4.273607448680979104e+01
3.835592119221787044e+01
4.128090383285036324e+01
4.151246310001419459e+01
3.254884696297488489e+01
4.334935764853439366e+01
3.955571306119411901e+01
3.663696878298053861e+01
4.273017177315174564e+01
5.169610487454485792e+01
3.193274669860226922e+01
3.775539748336156975e+01
4.802217531414250828e+01
3.488819698842998918e+01
3.221129085763915612e+01
5.108763885867292487e+01
4.416566892141792522e+01
3.303819808202551656e+01
4.116067435022075216e+01
3.845587932754357041e+01
3.253403610370178001e+01
2.560452955673210340e+01
2.844147331841618964e+01
3.658839663485110805e+01
3.755613220442204181e+01
3.616375475787425131e+01
2.731079950218555652e+01
2.700557317075817565e+01
4.161990576729549929e+01
4.458519600456140353e+01
3.997396331328203445e+01
3.813681339897255640e+01
3.660385313377247485e+01
4.665239937413783622e+01
4.905982966518729427e+01
4.878790393608284148e+01
3.227381117596235072e+01
3.948666033974341616e+01
3.903268602467468185e+01
5.045177731046914005e+01
5.412094764110366896e+01
5.435267491793522510e+01
3.112935857203311585e+01
3.431363779253577206e+01
4.794035983146002877e+01
3.597454952967892439e+01
4.077203966936410495e+01
4.082571368011450375e+01
3.398958878976328180e+01
3.560631203435222147e+01
3.634040349699644423e+01
3.305754083734512250e+01
4.055090579308026832e+01
4.067787597971241809e+01
4.536345738373219660e+01
3.462880652004928805e+01
3.545854993140297040e+01
3.825467660600759956e+01
4.457562347435474948e+01
2.649964399354415434e+01
3.692116537551098787e+01
3.955106803755971612e+01
3.293848661721243332e+01
3.317663656594406518e+01
4.569277137765943309e+01
3.538119681329460775e+01
3.099436981138605418e+01
3.305652807757407885e+01
3.577439419236379337e+01
4.218485257290963375e+01
3.890744576691461276e+01
4.832076813631241663e+01
3.878018893699128711e+01
3.578598507756235136e+01
3.847527997049737536e+01
4.692030816341234356e+01
2.399159079608767797e+01
2.733549246031811109e+01
3.010624773931230891e+01
4.456541310197792427e+01
5.089782434018161439e+01
2.302630476310553576e+01
2.924144929232211254e+01
2.591746809250715344e+01
3.499984474791949651e+01
3.515176265075947981e+01
4.176518112978080666e+01
3.992799440474892947e+01
2.757362548773523159e+01
5.174008226511315911e+01
3.955098583664994294e+01
3.674697341050470101e+01
2.914889546104025086e+01
4.792332301946093054e+01
4.466681850593160163e+01
5.186754384449248079e+01
3.518245371025079749e+01
3.316080717262607180e+01
3.751943701963259059e+01
3.887262651579603556e+01
4.874093766450130261e+01
3.991840898319166087e+01
4.085914245619639473e+01
4.208931388114181971e+01
4.719803269781284172e+01
4.502716149894258280e+01
4.256659888727246965e+01
3.988247254515280105e+01
4.161794453307351915e+01
3.125069916383006330e+01
3.413978994115149845e+01
3.378262780711995106e+01
4.706952523377391628e+01
3.620555667827731838e+01
4.270685092351501311e+01
3.572606524024624974e+01
3.200436066036648697e+01
3.287071444332391223e+01
4.462396570557897491e+01
3.527005252568636706e+01
3.844467542814598460e+01
3.082324149592444584e+01
3.609089872536844723e+01
3.708201355098736940e+01
3.797423116985213909e+01
3.612750484647904869e+01
3.647353192467977578e+01
3.433192567923570948e+01
2.745315094827614644e+01
2.544303359045051494e+01
4.705761417817142700e+01
4.143698747612624800e+01
4.405305347354786250e+01
2.919936098021692317e+01
3.576575272335062294e+01
4.145855319306722464e+01
4.104946948585580202e+01
2.348448716917399182e+01
3.566335583821197019e+01
4.510963428827027144e+01
3.851759290586702633e+01
3.228093766604752801e+01
4.079352473412699709e+01
3.304720274570295402e+01
5.356436482919065867e+01
4.136416664511419583e+01
4.269636308489054244e+01
3.124034833776012832e+01
2.745091897858840113e+01
4.504580418117457441e+01
2.982679596301164082e+01
3.014149685963067782e+01
3.287114302372282282e+01
4.618236433659029672e+01
3.834701655265875786e+01
3.986593304589274567e+01
3.052741228165782417e+01
2.913430957741225313e+01
4.029048691482755373e+01
3.075714503776785946e+01
3.303703510983397251e+01
2.668098494148425459e+01
3.568477212605493065e+01
3.774456167009972063e+01
3.975094670648764605e+01
4.457510104521719541e+01
3.002588893984621521e+01
3.366529496829002710e+01
2.835274465337423422e+01
4.073001900421662214e+01
3.516059538938522877e+01
3.804919377491169286e+01
2.999373042683012613e+01
3.090364638775998429e+01
4.230991586355126799e+01
4.744622717802354828e+01
3.174857187408056447e+01
3.096974983179547891e+01
3.679930113112615686e+01
2.981937935025342412e+01
4.318199376311669369e+01
3.643078006753990650e+01
3.086907847292620133e+01
4.540723185059443523e+01
3.977270522130008601e+01
4.308462564586504584e+01
3.469059139592960861e+01
3.394177757540138174e+01
4.490698112581236501e+01
3.437830254943605013e+01
3.582070780794788334e+01
2.656460146994265870e+01
2.808454795658640180e+01
4.497466753721275268e+01
2.966300074283958566e+01
2.903513750386175474e+01
5.057764187123508037e+01
4.482935373622069619e+01
3.690118713360537583e+01
3.896677884063079489e+01
3.575568145346902327e+01
3.254978074117592968e+01
3.849206178832464786e+01
3.368060316110536689e+01
3.177816880395585031e+01
3.653779435826785260e+01
3.857512945788987224e+01
4.802684465154045057e+01
3.681694905783022875e+01
3.703257764538069097e+01
5.172917320570498845e+01
3.235307292154050174e+01
4.193640423146267437e+01
3.864112239822439676e+01
3.918606319590627152e+01
3.702116933970383172e+01
3.373940008750540187e+01
3.810597406363137907e+01
2.802810489125557325e+01
3.280445151653078995e+01
3.498090909065317078e+01
3.226052948381931174e+01
4.280739224644287333e+01
4.644762277286589125e+01
3.826135991854488339e+01
3.351356750446189636e+01
4.327784621998054604e+01
3.058015475933327920e+01
3.639555196892071365e+01
3.504445951009408589e+01
3.071712326482740352e+01
3.529231040031028499e+01
3.576625851222116381e+01
3.664527695893490744e+01
4.338977190379142002e+01
3.972529336927738797e+01
2.919105577325068879e+01
3.372977032570781120e+01
3.033617228973223945e+01
3.601558973155822940e+01
4.169363422361623606e+01
3.699806256475905286e+01
3.303416921678032736e+01
3.289261470728916947e+01
3.327121104888856706e+01
3.536058787610148357e+01
3.216944028728944005e+01
3.840790154171163806e+01
4.356117111687014898e+01
3.975842443852050678e+01
3.718338092301934950e+01
3.190726651117109114e+01
3.414126950982545594e+01
4.931294767340449425e+01
3.682302806619004798e+01
3.976027824446135384e+01
3.622898697688354730e+01
3.896784648054797628e+01
4.154854367426663231e+01
3.236947127950327285e+01
4.004295994754416910e+01
2.282657459877379580e+01
3.692260992133859787e+01
4.210064253401643697e+01
2.963965506056527843e+01
2.957200661454032442e+01
3.601989015182044795e+01
4.031187005427850778e+01
3.516179569916373282e+01
3.592150591490080558e+01
4.600303211953471560e+01
3.729878145198655659e+01
3.373727496039760609e+01
4.763107498936845730e+01
2.534139653700766459e+01
3.807238105604298539e+01
2.768544765227238003e+01
3.635071834889788533e+01
4.751000943509988161e+01
4.081281934431316927e+01
4.590551645019652227e+01
3.542289070999976275e+01
5.076687536261828626e+01
4.222423280843688076e+01
3.015387019129629564e+01
3.597222422502055394e+01
4.044800123727931407e+01
4.583872069748459666e+01
5.046040671949284473e+01
3.218373148697980923e+01
3.373825097341111245e+01
2.868332161018193460e+01
3.132612121555490958e+01
4.135759788021642436e+01
3.164495060505289459e+01
3.456350367211943109e+01
4.690262309968090904e+01
3.593054779129262499e+01
3.986416610003339400e+01
4.551541358111519742e+01
4.746587439172515133e+01
4.728241698924669123e+01
4.466379289238352612e+01
3.866842208052085539e+01
3.894788305374140691e+01
4.436819300355512752e+01
4.155546586100435746e+01
3.989908376641378140e+01
2.579654576108280040e+01
3.825962996413195327e+01
3.100405646205872046e+01
3.760004414545260687e+01
2.845448553225896404e+01
5.187449450678307272e+01
3.528744986369704861e+01
4.378410773638205455e+01
4.382925699056452373e+01
4.336250296280638139e+01
2.911738976240835797e+01
4.482941164308833493e+01
4.298923065624376960e+01
3.937201297149173485e+01
2.879980670019388356e+01
3.144807176860976838e+01
4.560386798750366921e+01
4.262940526595475177e+01
4.214735201267905040e+01
3.514857841715404163e+01
4.149294087719223256e+01
3.395837335399053103e+01
5.556734811901566928e+01
5.435248084765731136e+01
3.271403380995563026e+01
2.922443659907515112e+01
3.798353157800108448e+01
3.211801305706262610e+01
3.808893312995454750e+01
4.080390019906194254e+01
4.184810148289260923e+01
4.245865142143673410e+01
4.383453337122171689e+01
4.714450578622719945e+01
3.738751014236179770e+01
4.219643520334182085e+01
4.938040134536601755e+01
3.072823585760086829e+01
3.844983532810382343e+01
4.061032972253848783e+01
5.076422534614371784e+01
2.162687060094630453e+01
3.922283709338043423e+01
3.311725460077376226e+01
3.041844932685500069e+01
4.118120953133413309e+01
2.855530344663001685e+01
2.975882899702375539e+01
3.523707377819594200e+01
2.800006409553975217e+01
2.768533148015714929e+01
4.376853226638644401e+01
2.936246793783220710e+01
3.435503051323236434e+01
3.985526881515767883e+01
4.217103547465310953e+01
3.422721517613531006e+01
3.321963974007012155e+01
4.502427371628638753e+01
4.259709142178232355e+01
4.099448842582004460e+01
4.188712418193480858e+01
4.845126538895848256e+01
4.534508711526391522e+01
4.296960425541064410e+01
3.903097526729199984e+01
3.706066669145415915e+01
3.708927648484814910e+01
3.755825211987203005e+01
4.111937680372797388e+01
3.655169182431168196e+01
3.038281878115582302e+01
3.410553989542593456e+01
3.948205152932285245e+01
4.013185631531126063e+01
3.355505513636758508e+01
3.123149756340508887e+01
3.422008699404109677e+01
3.912415162918365041e+01
3.919209487868708663e+01
3.122574523223812903e+01
5.313830882999624095e+01
4.068461672641563354e+01
4.114683642785854545e+01
4.395713044480220333e+01
4.666207844149588624e+01
3.446437568995970224e+01
3.061431279295614161e+01
3.539241755705469927e+01
4.438167589514758760e+01
4.694023840384085844e+01
2.028358995425550404e+01
4.755357569149980179e+01
4.376653692652472216e+01
4.096601518757127280e+01
3.737018946716986534e+01
3.324765392548904686e+01
3.817758723214366512e+01
5.299085421536771179e+01
3.955239602239441155e+01
3.206645307138590084e+01
4.760346363552606874e+01
4.171359984251183306e+01
3.221890441805316385e+01
4.476635787725824400e+01
4.230070497790397610e+01
3.629957622229316883e+01
3.420969533541289564e+01
3.485754174606509537e+01
3.728756262439580382e+01
3.940152526044300174e+01
4.699404071480158507e+01
3.130673396998560420e+01
2.908615257262303544e+01
3.855832896663287812e+01
3.636591869410949585e+01
4.653566445904788651e+01
3.458622619443092105e+01
5.244428942347591516e+01
3.226023794261595157e+01
3.283749543002244309e+01
3.321867069162527031e+01
3.331940816668131333e+01
3.637110893164894776e+01
4.195607209572017382e+01
3.618446566095089878e+01
4.006592176388401327e+01
3.511360969467603610e+01
2.627438861920039770e+01
2.894025889786274064e+01
2.697205986747340845e+01
3.858360875255056044e+01
4.473337202791272915e+01
4.408311245087545416e+01
4.027653199925227767e+01
4.296259487275501954e+01
3.758625539662059367e+01
4.902344287292807934e+01
4.371135565813416690e+01
3.701848542260376007e+01
3.627433053994277401e+01
3.312118631490933751e+01
4.376336295769370111e+01
3.234743829406748716e+01
3.953495585769548626e+01
4.238141226708344078e+01
4.615774379775476888e+01
2.910261935779105968e+01
2.797498972539916196e+01
4.006361126306138942e+01
3.691483760932860037e+01
4.539913708231989631e+01
4.827882865246629507e+01
4.427386332226689092e+01
3.641728739202093124e+01
4.263364632273560773e+01
3.034457187164629488e+01
3.491359072568705102e+01
3.010853253491035986e+01
2.920973409504401630e+01
4.783902132678060326e+01
4.344534128671681827e+01
4.056000097142661787e+01
3.305239460784176231e+01
2.943854492255663047e+01
3.098850478786668461e+01
4.325573768921337603e+01
3.949913516325148066e+01
3.372918410546381551e+01
5.042300598994713567e+01
3.850768862345751842e+01
3.763945139409039342e+01
4.326457403975074101e+01
4.649831275302116040e+01
4.330432631975614299e+01
3.541851315560072067e+01
4.587906662962030424e+01
2.882158969273589477e+01
4.627190035840363436e+01
3.384231336906212562e+01
3.423280331538360599e+01
4.331605204530261943e+01
3.631003362435185977e+01
3.436943852100904451e+01
3.718053473299972467e+01
4.095814023203919874e+01
4.390686180395253047e+01
3.853627344141445832e+01
3.820765482305326088e+01
2.870917140336565510e+01
3.702543219127347385e+01
3.869999995439527396e+01
4.218490761912882903e+01
4.769616129872784427e+01
3.628214366179568628e+01
3.785666841354535705e+01
4.319381679087460668e+01
4.220227072466709473e+01
4.636474533893234451e+01
4.470685073272219512e+01
3.998541695797719342e+01
3.224830994662685413e+01
4.089206514368785150e+01
4.399547270676701771e+01
3.584440671399526934e+01
3.429608707000866019e+01
4.319467471742104436e+01
3.943863297980242066e+01
4.144612102032154155e+01
4.344627648083681493e+01
3.259544195365488406e+01
4.054708586275676652e+01
3.852726971315110660e+01
3.946134872779465752e+01
4.876554211517131421e+01
4.790164244532073212e+01
3.445455523814917598e+01
4.299303191621435616e+01
3.573839277968158967e+01
4.306666890039251427e+01
3.185917029387697141e+01
3.368395735007787550e+01
3.160450459554496661e+01
3.834858230480784158e+01
3.714049465456754717e+01
3.375474528501465699e+01
4.485899296670932301e+01
4.806572069105842360e+01
3.936414048281412192e+01
3.449211004490991428e+01
3.686076716377544216e+01
4.034683362114928684e+01
3.922377880133249306e+01
4.489299567314824913e+01
3.405895372543410815e+01
4.327887219812863151e+01
3.634023591395887820e+01
4.614926072122167966e+01
3.936049506417999311e+01
3.739622014292923069e+01
2.655533795627566462e+01
2.717535338805641842e+01
3.535057127135630850e+01
4.312271562645697287e+01
4.072504768589258362e+01
2.617874147174847721e+01
3.823807181432162139e+01
4.882743273744659973e+01
3.827376814775514902e+01
3.427352225509027761e+01
4.551670576698445814e+01
3.722126679318273546e+01
4.207114763494382714e+01
4.487160404917104017e+01
2.895023208684624905e+01
2.536314196169946555e+01
3.447938624138046748e+01
3.753869357604160228e+01
4.280430521594264803e+01
3.217910346050207693e+01
3.368589973085445877e+01
3.572093123923164626e+01
3.609922039347687672e+01
3.756755147029178232e+01
2.815344767259287195e+01
3.934854021202377794e+01
3.511639705563504776e+01
3.993018635360745350e+01
3.747964215633069784e+01
3.886181403433580783e+01
3.239818249936167405e+01
3.093439888035030094e+01
3.994186088691424885e+01
3.873510829103298647e+01
3.615712105984169256e+01
3.106428546052273987e+01
3.045658182460808661e+01
4.782746261299315904e+01
3.924885792541733309e+01
4.296610967792462787e+01
4.967474437954051325e+01
4.929037504070227271e+01
4.353378205793415390e+01
3.569821253166026054e+01
4.326412436823852659e+01
4.978845512525614225e+01
4.903890489789700524e+01
4.137012291277654441e+01
2.991193661530703807e+01
2.408566395909120317e+01
3.428233569827993676e+01
4.124352497737513090e+01
4.289012308803462759e+01
3.880838947976111797e+01
3.658732144234680561e+01
3.760543020444251994e+01
4.132332355456521356e+01
3.884173015732375944e+01
4.425206554173448126e+01
3.282775704841987618e+01
3.430471030783378694e+01
3.621457509016711640e+01
3.888718539915409167e+01
4.073353314797624591e+01
3.735441646418421158e+01
4.085493261851997460e+01
4.460434331985435819e+01
4.213085135304034878e+01
3.446062523022533242e+01
5.497349959738987479e+01
3.651982651269014468e+01
3.284772239336801647e+01
4.886345624667807641e+01
3.971171510987448983e+01
4.800701130432768338e+01
4.064479491023033120e+01
3.534999241645252965e+01
3.972691686694538049e+01
3.641878374285352038e+01
3.651287946492364256e+01
5.305818795934345644e+01
4.101299375016518667e+01
3.422909981420853853e+01
3.723407797287428878e+01
4.688038076401177534e+01
4.845771557902887139e+01
3.463583806966252610e+01
4.262496935247347096e+01
4.461886406087815260e+01
3.585990994741742099e+01
4.359923669138711233e+01
4.951063598406395982e+01
3.915739248560097252e+01
4.682533302453000346e+01
3.276619556693100321e+01
3.219609687692356914e+01
4.307363660485887635e+01
2.988799925729944817e+01
3.255801820258680124e+01
3.719297094708873885e+01
4.161624917364286347e+01
4.422924489339202125e+01
4.680738716987330150e+01
3.598796855155450203e+01
2.973754207248402892e+01
4.306465094893233214e+01
4.643093174825965264e+01
3.017266187907230446e+01
3.796554361988467718e+01
3.283675629244735461e+01
3.390325260966996268e+01
3.296509184724019548e+01
2.326319795255193412e+01
4.946069851766834091e+01
4.983499319905998703e+01
3.913183068820107025e+01
4.390444478189228761e+01
3.937941774485764057e+01
3.504379120098785449e+01
3.267378287946952753e+01
4.256155321249695334e+01
3.800456646433128327e+01
4.209376341130658261e+01
3.408326583250864417e+01
3.818005277683158027e+01
5.169170816105462762e+01
3.373230642149674452e+01
4.203174418082873842e+01
4.255588173153155651e+01
4.105054763521937389e+01
4.842547512231775642e+01
4.360936796964435302e+01
3.297807687173536095e+01
3.343049312924021166e+01
3.255153405013162171e+01
3.841788485054686930e+01
3.963001556568656980e+01
3.927736779440484582e+01
2.729109034566410230e+01
3.799983484002569867e+01
3.914076767406235291e+01
3.874157294350177949e+01
2.721538364430147183e+01
3.394825996338201435e+01
4.869640648466486965e+01
4.904250058080857144e+01
4.468975180971970218e+01
4.629580463028957382e+01
4.782714908726594416e+01
3.680277434754138710e+01
4.132859698203439081e+01
3.550120914259748872e+01
4.308417937417918608e+01
3.255586426912281439e+01
4.104797977007413579e+01
4.649394134421358160e+01
3.689940952891941350e+01
3.614819367462387589e+01
2.545669295550864675e+01
2.751177109392457609e+01
3.046052661439366460e+01
3.351894764734172583e+01
3.449816867637709805e+01
3.418737388833006463e+01
2.776154014686812488e+01
3.397271495742738523e+01
3.822127075550756103e+01
3.973860581670805203e+01
3.999445581666066829e+01
4.246510347506815464e+01
4.419261468442643803e+01
4.752371100023563599e+01
3.457188062380259197e+01
3.293347045757188596e+01
4.226500692997195330e+01
3.648859695889854748e+01
3.180278488289999217e+01
3.906063964802201127e+01
3.579425405666235349e+01
3.557522221889825431e+01
4.380147611494907522e+01
4.860525520091282914e+01
4.475492015170532767e+01
4.253823497148966482e+01
4.021892076245310932e+01
4.415711354107140352e+01
4.991996126322198535e+01
4.234977588086165667e+01
4.256030786525685272e+01
4.629275540993863558e+01
4.774240853059393430e+01
3.621597172549130050e+01
4.545961453043217659e+01
3.907300216952165783e+01
3.514740597463568861e+01
4.031988689893325528e+01
3.889497648672220009e+01
2.830607298376910563e+01
4.687906143784183399e+01
3.706774111941072647e+01
4.530372718452617420e+01
4.635244678757833725e+01
3.922746792674565341e+01
3.118736384104222026e+01
3.733712022322147561e+01
4.596642302336035613e+01
3.204636300973926666e+01
4.485412580056436838e+01
3.060682995680731366e+01
3.303230137954210477e+01
3.583748974962602318e+01
4.075445248628660977e+01
4.507147656581510375e+01
4.327953943293756822e+01
4.304233859705457377e+01
4.071912353154714737e+01
3.620795837246223670e+01
3.501029173773545722e+01
3.837751086953240076e+01
3.542160745370210151e+01
3.189778588775839907e+01
2.987671667679220988e+01
5.084549991233537014e+01
4.804933327799976439e+01
4.639773643440669559e+01
4.625883675911985193e+01
4.523136442254887868e+01
3.959499816846242481e+01
3.067983834637912111e+01
2.412133627213483322e+01
4.092850354236649224e+01
3.669323090006933086e+01
3.744030340769064935e+01
3.895094935213560206e+01
3.892442880761358026e+01
3.432406592340477403e+01
4.446770353002713705e+01
3.721790694310946890e+01
3.718005316586979347e+01
3.645845153767083247e+01
3.185543778801029191e+01
3.612120458934381872e+01
3.396000209589525554e+01
3.075864056570131666e+01
4.047146361353539845e+01
4.022777309368129295e+01
3.903179785208173769e+01
3.178433402382871265e+01
3.550208331141455176e+01
4.253029172295885729e+01
2.634267738394328262e+01
4.270789291221073825e+01
3.862636201231370592e+01
4.308743395961587908e+01
4.345842258906237987e+01
3.597486842742544866e+01
4.913235058318772275e+01
4.431426479616690273e+01
3.380687851873755534e+01
4.305442147449217316e+01
3.150846216760901441e+01
4.823450101896429487e+01
4.050712756223517630e+01
3.484771652899367922e+01
3.497698353471960786e+01
3.066096753893012306e+01
3.871015844615141788e+01
3.614867150484426617e+01
4.552453002602764798e+01
3.958714805518624047e+01
3.993439116636272956e+01
3.504844954138915369e+01
4.130474795472095195e+01
3.279728513602321271e+01
3.308885571291334315e+01
3.786771568306811986e+01
3.367323935659172207e+01
4.122039452870757970e+01
4.645096888676273750e+01
4.210897533293706374e+01
4.234506482943182704e+01
4.339973973879015290e+01
5.432775843131162929e+01
4.183683995543607637e+01
3.307888885824041125e+01
4.306449578304551551e+01
4.460835518236787323e+01
3.803173565780726051e+01
4.157093603383586355e+01
4.333957224881573467e+01
3.299985324794712227e+01
3.545012508228102632e+01
3.654046261484719338e+01
4.061870634867948837e+01
4.774213568850673539e+01
4.207865943184221891e+01
2.788795709075633056e+01
4.064945889724572226e+01
4.395568257476428897e+01
4.443415003050229473e+01
3.567663035272366301e+01
4.809795179055593906e+01
4.221276361798303611e+01
4.839680826998053931e+01
4.142971517364118483e+01
3.609046115995044346e+01
3.541525421120027062e+01
4.743778265506215064e+01
3.816032227334057580e+01
3.364310118616784706e+01
3.629734204363089134e+01
4.389472566082641691e+01
3.346481438133211839e+01
3.825286653323501440e+01
5.075853236798076296e+01
3.498933539365470580e+01
3.765583278612463403e+01
3.715683526203150677e+01
5.135091562489454020e+01
4.354971217070187350e+01
3.668225840914065117e+01
3.662469635027038350e+01
4.846039891487171758e+01
4.544117720862909948e+01
4.100383510050414770e+01
4.206665373954346165e+01
3.985756190609284033e+01
4.070414871469089491e+01
4.098068712080219456e+01
4.743299457745582970e+01
3.732114636508465111e+01
3.619614808838952058e+01
3.584205899834166331e+01
3.587402919038602533e+01
4.104090140712506241e+01
4.311213978717463391e+01
3.986853602083193238e+01
4.868716569672691463e+01
3.848172550708693507e+01
3.738455637113520424e+01
4.073278823846327157e+01
4.218404824526438546e+01
3.503622432600624137e+01
3.673823323763167537e+01
3.899804604470404712e+01
4.248533138022747835e+01
3.589291675866627429e+01
3.334767698309389772e+01
2.996486818806338093e+01
3.438933610966562782e+01
4.204491232914976706e+01
4.419593596651167644e+01
3.394699138130982163e+01
3.521748615815167227e+01
3.659738407733820509e+01
3.474128382250642488e+01
3.575852552858446387e+01
3.940546766453210381e+01
4.036973256354461626e+01
3.853811254957977894e+01
4.870157122224937751e+01
4.278386405496040368e+01
3.467457509706535035e+01
3.518594640282363883e+01
3.736074924137169972e+01
2.825827742106540086e+01
2.954818839987710533e+01
3.797244441834514816e+01
2.781406494069419821e+01
3.649803577347650219e+01
4.387966720748549676e+01
3.339735692832862668e+01
3.292912421204390228e+01
3.826360077124451209e+01
3.778570642237434640e+01
4.700191815025493725e+01
3.703823907414047056e+01
3.441536975201590565e+01
4.501471193525332382e+01
4.282556622206499952e+01
4.530019767474442460e+01
3.246227835615921720e+01
4.135596057742824172e+01
3.075598669303849064e+01
3.198048605896292074e+01
3.116771051494667333e+01
4.948121361955552544e+01
4.071145115935430425e+01
2.794471085388100207e+01
4.565170055615146083e+01
3.484756227393476280e+01
4.121162347012322158e+01
2.349351700243316543e+01
4.477376607343731507e+01
4.330678766128302470e+01
5.036014881298896739e+01
4.872710979740819681e+01
3.206134193536357202e+01
3.790841624568943757e+01
4.967611496849109187e+01
4.121626670841173024e+01
3.908399970484908437e+01
3.715791516355348278e+01
4.729828710967712624e+01
3.860026302565788114e+01
4.379046189811450063e+01
3.678702982977326030e+01
5.039226850966483795e+01
4.626675790429622737e+01
4.253027152389567078e+01
4.879314114825231030e+01
3.023159592685397001e+01
3.644191179632815647e+01
4.126663976098555509e+01
4.953291491474578834e+01
4.967235279560180317e+01
4.694026039559464891e+01
3.808430313671424727e+01
3.888586839364133141e+01
3.299856929039157194e+01
3.167124942704905166e+01
4.559644001341195008e+01
4.626693955147813142e+01
4.787572186412098318e+01
4.472031518650407378e+01
3.356543700303683408e+01
4.153931478574946112e+01
3.202322720336685080e+01
3.483201459826000956e+01
3.702635359559099015e+01
4.972755661976759711e+01
3.895732759819498625e+01
4.644378420382916772e+01
3.855478443357290530e+01
2.794164766544870204e+01
3.552250994717749677e+01
3.127407765248863569e+01
3.248900345359896136e+01
3.415673250982237619e+01
3.700025215264950162e+01
4.784952164719692291e+01
4.231340273753012582e+01
3.803724812051812165e+01
4.169107876085406161e+01
3.699924381914563298e+01
3.331782934819877084e+01
4.069732822492998991e+01
3.703788207868115023e+01
3.164064045826616578e+01
3.828400399156723211e+01
4.852020871326618590e+01
4.227573584605885060e+01
3.935906685918372006e+01
2.992267907213755862e+01
2.681979387984776153e+01
3.388888706911178161e+01
3.450741500389697336e+01
4.273490321852916196e+01
4.156168405378410569e+01
3.978570273490468168e+01
3.995936138321170716e+01
3.100258165713955094e+01
3.020731864216883267e+01
4.698106146015870621e+01
4.295323108369471043e+01
4.115668130340419850e+01
3.383011121888134198e+01
3.957748101437694288e+01
4.064161119075642858e+01
3.093696282705304412e+01
3.149765095314346297e+01
3.181330400380089785e+01
3.101427537066183149e+01
2.843385863776692446e+01
3.807472830221315263e+01
4.266540614321778691e+01
4.538628898505866971e+01
4.085201134974458625e+01
3.688984177910233342e+01
3.887556217739699349e+01
4.036692244390910389e+01
4.393678647727120534e+01
4.614327671487927063e+01
3.833303335844226467e+01
5.008930208099572212e+01
4.319535785549931006e+01
4.067868492222140731e+01
3.398313362832629281e+01
3.473602632575860127e+01
4.773394309904897881e+01
3.748344073272564003e+01
3.288258767372185787e+01
2.847014238545728304e+01
4.032991605281031156e+01
3.785003825761634744e+01
3.153862628037343185e+01
3.998457091523486184e+01
2.781525765701059072e+01
3.496639362402014228e+01
3.500892841653003273e+01
3.645395301589365999e+01
3.375452208609955562e+01
4.390053338184005582e+01
3.705280525047954399e+01
3.363258692841528585e+01
3.932912859426091501e+01
3.592488050979108039e+01
4.238396435320456135e+01
3.956141234219958847e+01
3.648830497277288742e+01
2.941653428426609196e+01
3.374177942533871999e+01
4.038832624156298579e+01
3.773288172681382946e+01
3.965960078712834758e+01
3.997454399196811892e+01
2.733354769979208143e+01
4.106365867716729667e+01
4.531163719697416070e+01
3.768339263101413650e+01
2.948138597397972660e+01
3.255465166033613400e+01
3.963135507018778725e+01
4.680663501178452179e+01
4.730128663058695793e+01
4.391635742472612947e+01
3.563120344814622342e+01
3.969438576416121123e+01
3.153654865684569231e+01
2.883015876132832744e+01
4.303241938624680785e+01
3.703331002651409420e+01
3.745715510456106756e+01
3.909631038015456994e+01
3.478731678053021881e+01
4.720544583868726107e+01
3.185164130536917781e+01
3.469619312440210734e+01
5.048858686933042605e+01
4.077336388995144034e+01
3.670728157780494882e+01
3.385735004396607195e+01
3.967669029597265506e+01
4.234312919475735271e+01
3.617335794741644150e+01
2.481117385950081911e+01
3.508855183597592742e+01
3.776277659513801410e+01
3.237263536627276750e+01
3.010861032449489727e+01
3.639663513412789086e+01
3.752508730556829875e+01
2.828022723288118101e+01
3.702697229092079567e+01
4.693160394315319905e+01
3.930177617887614616e+01
4.172936092208786363e+01
4.518045862260571255e+01
4.196633039938198095e+01
3.642036920912043030e+01
3.021074282689580315e+01
4.334820104818500397e+01
4.343660928188981529e+01
3.260177060738103449e+01
3.506791453103790701e+01
3.981651306244695121e+01
3.977716706046560091e+01
4.343352198343062298e+01
3.593278394163329637e+01
4.178866878440383914e+01
4.167307433642174175e+01
3.864777285201743950e+01
2.861635669185723074e+01
3.561494668447941336e+01
3.751818880007930090e+01
4.116836727152553266e+01
3.578078599005008442e+01
3.794594659541387927e+01
3.741471519222841380e+01
3.524325406397883143e+01
3.972603801271187507e+01
3.721810007286613597e+01
3.558976484791828909e+01
3.684260902706044760e+01
3.306197736877746962e+01
3.233015122040497147e+01
3.303331854608829588e+01
4.005074766802957953e+01
4.683581536705568737e+01
4.150846481090810869e+01
4.749647516000590741e+01
4.392952997225741996e+01
4.689359159460916970e+01
4.707809337616327383e+01
3.430724966220638805e+01
3.722379626721841106e+01
3.698950134394777223e+01
4.025626307101996559e+01
4.093179672234555255e+01
2.981174092129723263e+01
3.929228443657564895e+01
4.726475904074007417e+01
3.995399366063512048e+01
2.524515013526957574e+01
4.105270115924015073e+01
3.527770906895508318e+01
4.027386230302075631e+01
4.167412419518525013e+01
4.796852368882669992e+01
3.558184869993773702e+01
4.405727791581816888e+01
3.890979922889687259e+01
4.579291199132683943e+01
4.142599965148176011e+01
4.725843029963503739e+01
3.855748866404713482e+01
3.629136154432149652e+01
4.556046693164085326e+01
3.773774101744688636e+01
4.660496741380241303e+01
3.654769465072264012e+01
3.889685645141862125e+01
4.306558314363972784e+01
4.652276111095449096e+01
6.435265622416103781e+01
4.725360453085242085e+01
4.170493312131440433e+01
4.347536459595111324e+01
3.758101763189958433e+01
3.319067013235208918e+01
3.552498661624938592e+01
3.531806400028858661e+01
3.854781243230817722e+01
4.190016343421120126e+01
3.834721463053783452e+01
3.999615889527409962e+01
4.492637762036995497e+01
3.871865491478188659e+01
2.952521804266829619e+01
3.787936971030274691e+01
5.022534860917441080e+01
4.460161715296938212e+01
4.531146353189378573e+01
3.142508676148837665e+01
4.578354460945137561e+01
3.390858210454595678e+01
3.602508321999722085e+01
2.407999604488343337e+01
4.039581387622808251e+01
3.724939861381714223e+01
4.398483097582816725e+01
3.913055201243790293e+01
3.752071857264964905e+01
3.996551140785322076e+01
4.405994082400877687e+01
4.465625145934503593e+01
3.232598220765929398e+01
3.415082055463128796e+01
3.623253953223536428e+01
3.707456778055497892e+01
4.199781383608480212e+01
4.018117832917971555e+01
3.472697244159855501e+01
3.369300561820843853e+01
3.755626543704821785e+01
4.516658614141346106e+01
3.928322132706320957e+01
3.768800886034814823e+01
4.410904216061175731e+01
4.361814781868351076e+01
3.813570320390280699e+01
3.127977186672859133e+01
4.525659846508806794e+01
3.770222168515239503e+01
3.435786506851868438e+01
4.472350597438556719e+01
4.026064986524886535e+01
3.908452843594568549e+01
4.322647918627396990e+01
4.133244406758100098e+01
4.928034414464342916e+01
4.525919670120477889e+01
5.180477004729862500e+01
4.690569719019246975e+01
3.158333915261778202e+01
3.977674443849731745e+01
3.629373673810869150e+01
4.152186326017094586e+01
4.375952340773576310e+01
3.538160381046286318e+01
3.326662319397436107e+01
3.108819340773954565e+01
3.153297941796869353e+01
3.129715795602966466e+01
4.106334502671715825e+01
3.456371635099958439e+01
3.494888542694951639e+01
4.351110564748613285e+01
4.565413917160146440e+01
3.415726117956511132e+01
3.401703619652672472e+01
3.335094900134908613e+01
3.927650109252276422e+01
4.392364870587302761e+01
3.939087877657726722e+01
3.478331378536184815e+01
3.025948339201190862e+01
3.478931717606208451e+01
3.657198926984207077e+01
3.512197053365704136e+01
2.947144721962246194e+01
4.748897898178719146e+01
4.222598148778185845e+01
3.309311564496010760e+01
3.004927164437403420e+01
3.561277576179907811e+01
2.977523964229786557e+01
4.393785475933456297e+01
4.081395368505380361e+01
3.967863675703576121e+01
4.515815372718321896e+01
3.358519549342528165e+01
4.628124075005029425e+01
3.817700533881102842e+01
3.624073871660773705e+01
3.460962766166924354e+01
4.450396891000187338e+01
4.038346961416517189e+01
4.431446189765006949e+01
3.882069301837350395e+01
4.396398459880665399e+01
4.859267933437534737e+01
4.450678277211696354e+01
2.761462315960022096e+01
3.230214114434478034e+01
4.859406107241595407e+01
3.646935004709882833e+01
4.269929146652676621e+01
4.029395229695792580e+01
4.266983341055226475e+01
3.981539250366150640e+01
3.928046557463724042e+01
3.933016028279221388e+01
4.536956146305003301e+01
3.132851354549232425e+01
3.169569472526733023e+01
3.701696137117991725e+01
4.760961869242485989e+01
4.759091059472315521e+01
3.949430281287277467e+01
4.171377977236103618e+01
4.268797824472822100e+01
4.220676250700976340e+01
4.142094329277680487e+01
3.186544441671223993e+01
3.745674547834402546e+01
3.891439166434369668e+01
4.393261656775060686e+01
3.522512859661529205e+01
4.251337674606763528e+01
4.249894700556293969e+01
4.549498967361414969e+01
3.891975837378618053e+01
4.835566456419857673e+01
3.572102547323278543e+01
3.007576044087074152e+01
3.881413917393314961e+01
4.914641053017490435e+01
3.350304100916548578e+01
3.495689141733708283e+01
4.435161670310870363e+01
4.409129263331018223e+01
3.874562788420602999e+01
4.098768070929968133e+01
2.922330744270151115e+01
3.575382289636639399e+01
3.569525297382379136e+01
3.910091588889761027e+01
3.380953446677976615e+01
3.601684397328153864e+01
3.532222663490248493e+01
3.240828551750648501e+01
3.571627560999108653e+01
3.259494090383405762e+01
4.099026072159625045e+01
4.123525781446200966e+01
3.904177326138181314e+01
3.982030704783637987e+01
4.309087355751566406e+01
3.803207345615489743e+01
3.684405231407190229e+01
3.704034440364520009e+01
3.387656075131226885e+01
4.926596729895275928e+01
4.162443684610540373e+01
4.433091939404918236e+01
4.309649674205421377e+01
3.722601885565245539e+01
4.062149844567021972e+01
4.243020770709755141e+01
4.653667666773803546e+01
4.271343533474720289e+01
3.819458166781078035e+01
4.140947476462590515e+01
4.658011981244572297e+01
4.173628721447818180e+01
3.543472539312266889e+01
4.237018868857899889e+01
4.047653045971562591e+01
3.665545283615898597e+01
3.075020054464334152e+01
3.893381258853490579e+01
4.057792899107374751e+01
3.885183655801289149e+01
4.581451327634579229e+01
3.408660026061015458e+01
4.141083127917035966e+01
3.715350419835063178e+01
3.981965766767224579e+01
3.162273092681382636e+01
3.067686598309910906e+01
3.830263127672903067e+01
4.290170794754168782e+01
3.980795063948134072e+01
2.582521594868749659e+01
4.029847632212855757e+01
3.833492613307313945e+01
4.139542467760232114e+01
4.060049747688331223e+01
3.435493380278132491e+01
4.155306961739383809e+01
4.343199827586327189e+01
2.862446353435531421e+01
4.454997685509162864e+01
4.577258669751442000e+01
3.799080727641847943e+01
4.345150182178689846e+01
4.051688889366460700e+01
3.923015608168918078e+01
3.869903365641260962e+01
3.786685525013967180e+01
5.150505552981978497e+01
3.825382692141622698e+01
3.963541022886237641e+01
4.815750561806056140e+01
3.265925521486150984e+01
3.615933158239862877e+01
2.922087448766079376e+01
4.754643747548949761e+01
4.511841210079404618e+01
2.644924922064907591e+01
3.376286311833786158e+01
3.346578900996414774e+01
3.501408088137501551e+01
3.517542168004360548e+01
3.882154440087221303e+01
3.228772531849793381e+01
4.293381938313761736e+01
3.502302532019610481e+01
3.414577763696789958e+01
4.000073279737411980e+01
3.914722281881983434e+01
4.327616078719174908e+01
4.914298875213344786e+01
3.541494762317185518e+01
3.253589734874846329e+01
4.289937425249402736e+01
3.845998995401205889e+01
3.949949191258656356e+01
3.848653007358822720e+01
3.656557969132951769e+01
4.344841345954351652e+01
4.186070874916973850e+01
3.745799775497393824e+01
3.709468901699490573e+01
3.941786390682609209e+01
3.927927133205640331e+01
3.711411195411007924e+01
4.041125717127718531e+01
4.215340484571766666e+01
4.540062912966172348e+01
4.401116898205523142e+01
3.997184729679167958e+01
4.532140688942846651e+01
3.239185018004985750e+01
3.754312421257905896e+01
3.745273255075576202e+01
3.491675235987268877e+01
3.697908377894628984e+01
4.107589710597570587e+01
4.040601904791470389e+01
4.981182818407521751e+01
3.748370867050806510e+01
4.261628224940845655e+01
4.275054647378727424e+01
4.025532279142704084e+01
3.875264324048224296e+01
4.473201384510914380e+01
3.513805842324465090e+01
2.631353620829499107e+01
3.165823104264670818e+01
2.751265218386671663e+01
2.997627729994874102e+01
4.098457907777438436e+01
4.159412809280430423e+01
3.797465684249561235e+01
4.262184877790852511e+01
3.209436661149515402e+01
3.558371639932109787e+01
3.869129600806206071e+01
3.700967718568858089e+01
4.534611805405979368e+01
4.132452848894055109e+01
4.621108864291706197e+01
3.493542170606639274e+01
4.811912976898845784e+01
4.851389148675541207e+01
4.791494838725375160e+01
4.413973088567325931e+01
4.287384537236989956e+01
4.621851675071970789e+01
3.824487046806110868e+01
3.134864210201051904e+01
3.475422907664989935e+01
3.275858072279686439e+01
3.987899924069139246e+01
3.342805304881530049e+01
4.395585742990861888e+01
4.176563050227571949e+01
4.459687719277783202e+01
4.427308629292311792e+01
4.132035833094797539e+01
4.808044431149954079e+01
3.370983368502902522e+01
3.660958083007277253e+01
4.893887841409117812e+01
3.607912472589300990e+01
4.108028324347669979e+01
3.553497072515098409e+01
4.348113566983811751e+01
3.577641521744565978e+01
4.335853663136209235e+01
4.219699445425392526e+01
3.530056966221005155e+01
3.880962527027553932e+01
3.866882220391077141e+01
4.145084459314166025e+01
4.411912574632181361e+01
4.098337078773106867e+01
4.427032017398055785e+01
3.826775487730713365e+01
3.828838844731939162e+01
4.151736282359934904e+01
2.943494273842349074e+01
3.713398857890830840e+01
3.298532235464688256e+01
4.222789688214938053e+01
4.492304879779244686e+01
4.181377223397384313e+01
4.445859315520832666e+01
3.428806911325704476e+01
4.339927274036340066e+01
3.686686575319084369e+01
3.722089719378420369e+01
3.881293612473241694e+01
4.335693175975011115e+01
3.392643657584417127e+01
4.397675979354463038e+01
4.871007509290063098e+01
3.611462801296456604e+01
3.008513613061228398e+01
2.919387884670366873e+01
3.717839901553062276e+01
3.929231036113466047e+01
4.046343882082714316e+01
3.771143585972512824e+01
4.294096661342008048e+01
4.476343091768859495e+01
3.838254065069475729e+01
3.052853728282983781e+01
4.115935037590892875e+01
4.183981230335879786e+01
4.690362225054955303e+01
3.402322972890478781e+01
3.852255747892814952e+01
3.865179315100558455e+01
5.026199423851242187e+01
4.609766089465436778e+01
4.218687053115212393e+01
4.013285552360053998e+01
4.650225781893171018e+01
4.997774640542620972e+01
4.106133388920381577e+01
3.788255682862936879e+01
4.210550759165191437e+01
4.145332637112673524e+01
3.688312774530214000e+01
3.379217828976941718e+01
3.358373283774179185e+01
4.281913717563062960e+01
3.986801660681199877e+01
3.412226431662309523e+01
4.268621555992368855e+01
4.249612273205891455e+01
3.558326932064048265e+01
3.625337859786704797e+01
4.716860799703476204e+01
4.446214882423843306e+01
4.835431137005802071e+01
3.215644542396045580e+01
3.186860579641839664e+01
3.364776439316160150e+01
3.897274662520101884e+01
3.560126868144909196e+01
3.867503746405515130e+01
2.695196843481261340e+01
2.922499468284176771e+01
2.889312034781520921e+01
4.422607540841649154e+01
3.801243054747222772e+01
4.672956164305613669e+01
5.098843557425649919e+01
4.080399687898012928e+01
4.229496761598237953e+01
3.631686417390389465e+01
3.891420622943998353e+01
5.091987814930127598e+01
4.238861122522600766e+01
4.046698006054000984e+01
4.897924124692321612e+01
3.581700667069459598e+01
3.112167327815662432e+01
4.417091731891611772e+01
4.373206681102382731e+01
4.352744450941155918e+01
3.460312584419101256e+01
4.057504241814513080e+01
2.465868836053533641e+01
2.617606271874179669e+01
2.460074496201384164e+01
4.646925555515122142e+01
3.625650435872922372e+01
4.015652996506964456e+01
3.496247870262783408e+01
3.789021254540747918e+01
3.535730837776545599e+01
4.284242359721124416e+01
4.853032547235311966e+01
4.619632374814621301e+01
4.218557986531599369e+01
4.251593314706884996e+01
4.516500547703350321e+01
4.111213114104586452e+01
3.993649820316942112e+01
4.337465717063792425e+01
3.980143682770450653e+01
4.670334758569759970e+01
3.151633088901078139e+01
4.302324188051876774e+01
3.248181071573701928e+01
3.481271415573178274e+01
3.702612923610747231e+01
3.158817121322924848e+01
3.340889623850213752e+01
3.372045609343587813e+01
3.307363065736711860e+01
4.206983118838398639e+01
4.705372648884278419e+01
3.914991343754375208e+01
3.174444249809395302e+01
3.090847902268971126e+01
3.090292550134414640e+01
2.968494372871739628e+01
3.661789885845991677e+01
4.308343761879880418e+01
3.710830109528631482e+01
3.459271564363373841e+01
4.735102465458081156e+01
4.558592413488132422e+01
4.215742388812911656e+01
3.456686861654790022e+01
4.164339075542979174e+01
3.595261054098689613e+01
3.734645599030651653e+01
3.648081419850137763e+01
3.678953645463121802e+01
3.152486451992853844e+01
3.955139856456490577e+01
3.499392588806608728e+01
3.699029368791045158e+01
3.228506539738495462e+01
3.881644384422565253e+01
2.759406348223237870e+01
5.033156241868110925e+01
4.075777424334097532e+01
3.892972806249179030e+01
4.265411495652819696e+01
3.601262444438985710e+01
3.638932494222640912e+01
3.656220169425569111e+01
3.652252269822789543e+01
3.095892898603327126e+01
3.899441582650525362e+01
3.852855459413029138e+01
3.545540046549575663e+01
3.371246117433383205e+01
3.025316944480183068e+01
4.475427153893513577e+01
3.537179861346557885e+01
3.520242074306266744e+01
4.042216324255055326e+01
4.378400552844396287e+01
3.789849390941768092e+01
4.192018371917595232e+01
4.144161225499420453e+01
4.359839147845912777e+01
3.827512071501453050e+01
4.550302199900120570e+01
3.193800608810312269e+01
3.725343656304067963e+01
4.083341230941380928e+01
4.157806046270292910e+01
3.224748282557481360e+01
5.026296638219594826e+01
4.012004937811563821e+01
4.317145210398941657e+01
4.026455272012698572e+01
3.731712051603688707e+01
3.758359570716113041e+01
3.692509954388181370e+01
3.541123501480021929e+01
3.935388506980887513e+01
3.617179143570835720e+01
4.931296721163357688e+01
4.617493113923746506e+01
3.351377876330466421e+01
4.415694456859655759e+01
3.132830945613996931e+01
3.465750360593484913e+01
3.910950813885750676e+01
3.983686034928872743e+01
3.208054967391973378e+01
3.143618082377256684e+01
4.005471816457383483e+01
3.596826310231429602e+01
3.786313518273968981e+01
3.897642069222058581e+01
4.234659742473390054e+01
3.998782805086386105e+01
5.174885883697148614e+01
3.504259622310756583e+01
3.821928113188590004e+01
5.016145601641314755e+01
4.508549271799082447e+01
3.291566423335887492e+01
3.580155934330856837e+01
2.953322139405636548e+01
3.598802605862430681e+01
3.975848414696248057e+01
2.762538668333744596e+01
2.759465209130943464e+01
3.889950459225006085e+01
4.801880771526995062e+01
4.641577765589716620e+01
3.794153097792842999e+01
4.464743249894235788e+01
4.394788592534246163e+01
4.039140589142456150e+01
4.401024436722174471e+01
4.645119070891807667e+01
3.501409176845015736e+01
4.406902893589241188e+01
3.710718054037113234e+01
4.115192570551634788e+01
3.609836866823847146e+01
4.047259604123836141e+01
4.251227628231538347e+01
3.429513471560898097e+01
4.127944072757386351e+01
4.297902583248075814e+01
3.851101746813948523e+01
3.666499719573638316e+01
4.541142328609595324e+01
2.984512746911903136e+01
3.251921984710767077e+01
3.743292833365902084e+01
3.806048661274037670e+01
4.589301383265105017e+01
3.391609453158583420e+01
3.830711704301968012e+01
4.074841006220938056e+01
3.828516028182366426e+01
3.211377365823835106e+01
3.880840418383981216e+01
4.528272122030963232e+01
4.179296389649089605e+01
4.306784689548224776e+01
4.142971798656797944e+01
4.645743076239430280e+01
4.720808793931253433e+01
3.788157993881729624e+01
3.751061261874262698e+01
4.202673847068553670e+01
4.277838765380074193e+01
3.676324742004805302e+01
4.269008280016173984e+01
3.524025889077982043e+01
3.965904526573628175e+01
4.356820243522061986e+01
4.497334706243967872e+01
3.792201486876077610e+01
3.450739967831007959e+01
4.298572035139681446e+01
4.573517498495054667e+01
3.639274151423516912e+01
4.314572771724373013e+01
4.735461812842613938e+01
3.807841185024140884e+01
4.173220167219244559e+01
3.716985946458770229e+01
3.649237461842125896e+01
3.856098169043640667e+01
4.311776661085039564e+01
3.970772051168812311e+01
3.778168939625406608e+01
3.980815885469230153e+01
4.105957839165167655e+01
4.188737715495694403e+01
4.359567152341716678e+01
4.104896438461819486e+01
4.109458912614560688e+01
3.628223817844976651e+01
3.860500736589254700e+01
4.170965883023949772e+01
3.718102703180782953e+01
4.115110219704781258e+01
4.068984684887821146e+01
4.278766522420782081e+01
4.296135380160782802e+01
4.331102264583914518e+01
3.268888795143006121e+01
3.571852674181987197e+01
3.507096878469373991e+01
3.496020544640330030e+01
4.307504415824426047e+01
3.164841522841164334e+01
3.703237567455573043e+01
4.104196413934398890e+01
4.401506823554297654e+01
4.158898683510222583e+01
3.515134137822128935e+01
3.712142668537758539e+01
3.204741148121324557e+01
3.547789655596309188e+01
3.361258106123403167e+01
4.565858005137070563e+01
3.425423003318572768e+01
3.971922180733604790e+01
5.052087929705815128e+01
4.476441058987572319e+01
4.993761780636981484e+01
4.164715260199416491e+01
3.879632949177259604e+01
3.420254530422533890e+01
3.799968831559969118e+01
3.926293551877774490e+01
3.833109677700361573e+01
3.968337114433192170e+01
3.914873119690031444e+01
4.063944153852929020e+01
3.617390066214778699e+01
3.330138479492661219e+01
3.590992260331680797e+01
3.600838094693443736e+01
3.440119771343378119e+01
3.937976682311719401e+01
3.382271356591261480e+01
3.786330308724367200e+01
3.637526556897545049e+01
3.947423841271820777e+01
3.623514730697710462e+01
3.894803515222395873e+01
3.668179863918100381e+01
3.384449586877921234e+01
3.647491003695613188e+01
3.627539675603787828e+01
4.337100999937741364e+01
3.959511268405609030e+01
3.767238076338282582e+01
3.971170853487888053e+01
3.560313223021803708e+01
4.063761392417984553e+01
3.184447656578028685e+01
4.270346340261676943e+01
4.840004494062025486e+01
4.360562061160384673e+01
3.572905961084564552e+01
4.448054679361995056e+01
2.987137537434287182e+01
4.155445327936828903e+01
3.606283705589969912e+01
3.381867800152799930e+01
3.030767795516917573e+01
3.312103125756500077e+01
4.417407983541271932e+01
4.178910680365225261e+01
3.983042320248065238e+01
3.880740995862149845e+01
3.648320797841804364e+01
3.557650995521827753e+01
4.219808116560493971e+01
3.993924793638783655e+01
3.716502436148070387e+01
3.788042796907091514e+01
4.245225169955772060e+01
4.437695184536784865e+01
4.106853042613639104e+01
2.396612692575074632e+01
2.544906337880787461e+01
3.567388171693961851e+01
3.446357061020974299e+01
4.785752385633013262e+01
3.246655601185221940e+01
3.028163304771278774e+01
3.542307767321267420e+01
3.161167290200811308e+01
3.984364310207751458e+01
4.374529374461161524e+01
3.871271297228228292e+01
3.556702324992494368e+01
2.878076701425972672e+01
3.655993660890575114e+01
3.613422530094751295e+01
4.210581070316415975e+01
3.659807495257848586e+01
3.712722646552059302e+01
3.645635717780071872e+01
3.587877741958797628e+01
3.439880122833843501e+01
3.550264014299378346e+01
3.311817943487237415e+01
3.678598861276918797e+01
4.535480714016276949e+01
3.313305902924430768e+01
4.085698715149952420e+01
3.555282638517672922e+01
4.029172595592399375e+01
4.437018884842217403e+01
3.858268464455442626e+01
4.615706347885291905e+01
4.694733117758028840e+01
3.841565080221842265e+01
3.940057180006419912e+01
4.090561383718681299e+01
4.274226035679210867e+01
2.906737071356243618e+01
3.123102608641324451e+01
3.913290018763530753e+01
3.609686097520001624e+01
3.216144195877633649e+01
3.430782391543583998e+01
4.401978002477991225e+01
4.164908720197113468e+01
3.506240409805732128e+01
4.139862375357008517e+01
4.098611272385203108e+01
3.756510676242870517e+01
3.778078715086992645e+01
3.658704923977577295e+01
3.375682296331930132e+01
3.993677498049522256e+01
3.397369050991154182e+01
3.632087338305625934e+01
3.592670497993022849e+01
3.726188485764883751e+01
3.675749408243439120e+01
3.984728198417373335e+01
4.026276507891066103e+01
4.023504802900082922e+01
3.881399331308654155e+01
2.998509259108035252e+01
3.448235563936323445e+01
3.227033557349844273e+01
4.660632028545516903e+01
4.161396723132887132e+01
4.396719764965124710e+01
4.342807625707455799e+01
4.580597995573456416e+01
3.158612292499675434e+01
3.152233020190847412e+01
3.821306632524409252e+01
3.141358758033591769e+01
4.541387294047748213e+01
3.642402452504197186e+01
3.924730695508024070e+01
4.082019968550718403e+01
3.331146635321473326e+01
3.331900181778191694e+01
3.763561620519124062e+01
4.259205677896672171e+01
4.483860531867061638e+01
3.780393358589134323e+01
3.786085636884998706e+01
3.899791560128647205e+01
3.662626286699001810e+01
3.798132176908549695e+01
3.447872234784850320e+01
3.657138495274221413e+01
3.233391905582296033e+01
3.917319197149181065e+01
3.520417007150215483e+01
3.817548129903749299e+01
3.234330839339882857e+01
4.270796638129419875e+01
3.849603536559774852e+01
4.266839495293417883e+01
3.779073903837952031e+01
3.658565378150802871e+01
3.866171164594443610e+01
3.625306389403854723e+01
3.847342370414224177e+01
4.391669398219065812e+01
3.911251853237624232e+01
4.637566901988279966e+01
3.540478437359052322e+01
2.725160655170160950e+01
4.589363551313836354e+01
4.519289129034065411e+01
4.212321861806017154e+01
4.243509085629742827e+01
4.091792662918597756e+01
3.210826867580121302e+01
3.512721190116887726e+01
3.194440222991712375e+01
2.932623655316989542e+01
3.606747999958830064e+01
3.342428383164152450e+01
4.385094429375048719e+01
3.087505493544366075e+01
4.128740200548396899e+01
4.083290209747396204e+01
3.868237353266650302e+01
3.897393363156489698e+01
3.591534377514196308e+01
3.701545454092824627e+01
3.860022250194563753e+01
3.910972981499804746e+01
3.779815774424935881e+01
3.607840474495996119e+01
3.893939377026865145e+01
2.716248975658999498e+01
3.321048839261701602e+01
3.757342678342251929e+01
4.615121812962009784e+01
4.738890387317614028e+01
3.381717359831907288e+01
3.781783644033415470e+01
3.941063171489955153e+01
3.700751268429464602e+01
3.479181445745269485e+01
4.397578265565039857e+01
3.885203127903724152e+01
3.691202929384595421e+01
3.318609020714964686e+01
3.671317881816430884e+01
3.563732152355634497e+01
4.387655657480549820e+01
4.429807214520964465e+01
4.083708374989388545e+01
3.752965167284889247e+01
4.488280923240967724e+01
3.496387538210429824e+01
2.846538513102287382e+01
3.426289179315256206e+01
4.037359773820742959e+01
3.398289258961287373e+01
3.620045742763806373e+01
4.410853088249987763e+01
3.246691462251566662e+01
3.441138697966567150e+01
3.962566214986438240e+01
4.289877281354608130e+01
3.604104674937784125e+01
3.720408694154537699e+01
3.716553404639751790e+01
3.527639122363827084e+01
3.721154002233573266e+01
3.381621157807863653e+01
3.906106323600771901e+01
3.364433755484211730e+01
4.039924693426557667e+01
3.794018776865944886e+01
3.871210868312572728e+01
3.432534622549751191e+01
4.175831662713711268e+01
3.758194474932531648e+01
3.355822782874501087e+01
3.679636477936950456e+01
3.943448796879345508e+01
3.612335407589690561e+01
3.588905820507524425e+01
3.809979248584896538e+01
3.584887265793130240e+01
4.046839255952945535e+01
3.384709721632592760e+01
3.361685170268838618e+01
3.622830836624800099e+01
3.427921909646338605e+01
3.144772378942736069e+01
3.771600318305585375e+01
4.180962148950984414e+01
4.041332783852971744e+01
3.329252809308131589e+01
3.533500808027071116e+01
3.218392374355346419e+01
3.148628180313783176e+01
3.713707531765416547e+01
3.556342248972669751e+01
2.555881724570735969e+01
2.418611667297812318e+01
3.264893963388905007e+01
3.057683048248153312e+01
2.663525184564424819e+01
2.351472523243483082e+01
2.410898477604650836e+01
2.547427054263799917e+01
2.623203558410808611e+01
2.244350653344733004e+01
3.004000160475263925e+01
2.589993725607036623e+01
1.447550480458872890e+01
1.391628881153201824e+01
3.168693430328788097e+01
3.513861275110048865e+01
3.209431569194315870e+01
2.258145759654581752e+01
2.339130784324274615e+01
2.436032203116102224e+01
2.459535198369330899e+01
4.129228607713148591e+01
3.365573800204217747e+01
3.241118416811198699e+01
2.327840929880163046e+01
3.825659275815871752e+01
1.677416212614875946e+01
1.974192419683499722e+01
2.581992457180190570e+01
2.994360543365842986e+01
2.625986060969214719e+01
2.668510656229105749e+01
2.930338411140526844e+01
2.492644332548045583e+01
2.084197626743374698e+01
2.450185438236682955e+01
2.116863407938944519e+01
2.375588584622474286e+01
2.164851713709046521e+01
2.163687944553759124e+01
2.470095878815682511e+01
3.354473718870139720e+01
2.425675877389251411e+01
2.686284263109659420e+01
2.563493343224880761e+01
3.097324793828539313e+01
2.962949404476963622e+01
2.071763056087407762e+01
3.018526645249379214e+01
1.588695144772596102e+01
2.600409305170827778e+01
3.308493506172776222e+01
3.040261676255719081e+01
2.720189888084166796e+01
3.357732464418384666e+01
3.415054069745163190e+01
2.916726723384781650e+01
3.097041140056636976e+01
3.054920587836820900e+01
3.784773980375592117e+01
4.163294372405843546e+01
2.759624949084424017e+01
3.318837674853917008e+01
3.461249679535745827e+01
3.450340534490758415e+01
3.592199190328489067e+01
2.372876317193248141e+01
3.329586240066871028e+01
2.322721253058972479e+01
2.449902948225749810e+01
2.255018583661489373e+01
2.584764506801415607e+01
2.705179759344921564e+01
3.304186589033224664e+01
2.898939439372983884e+01
3.670044258463192932e+01
2.651566369039619886e+01
3.606473052733687723e+01
4.195911868241912401e+01
3.013772128569345909e+01
4.438191959004221587e+01
3.570020233987801817e+01
2.972941725623911324e+01
2.513960937436761256e+01
2.305966644103848751e+01
2.471525950822840656e+01
3.260240215502137318e+01
3.004999170130149366e+01
4.000114500268725948e+01
4.700271694698498948e+01
3.686400106595056059e+01
3.076813664377670676e+01
3.234403815801120174e+01
3.118122655619915307e+01
2.947439600699186002e+01
3.143107624445352855e+01
3.667408163190484771e+01
4.071176315627295850e+01
3.142313913772344591e+01
3.277962835218800564e+01
2.305655711014507148e+01
4.723968897916925158e+01
5.029667607484040559e+01
3.152866240623742655e+01
2.455594193282814430e+01
1.925897187975906277e+01
2.799586579332272507e+01
3.222668032857341558e+01
2.600946767648499147e+01
3.336469226292445711e+01
2.588772977735740710e+01
2.675390164600943166e+01
3.964578279926552540e+01
2.425181334612045347e+01
2.390482752966254765e+01
2.816797414178941494e+01
2.970419771315638968e+01
2.154554790438917067e+01
3.347370784360548868e+01
3.155545221669657252e+01
2.758378888602130985e+01
1.682688297295875657e+01
1.663750992057815381e+01
3.412947877569506971e+01
2.143357499491972007e+01
2.150815024829878297e+01
2.672535773151567895e+01
3.429983063778139751e+01
3.181697951952250136e+01
4.059531838427347594e+01
2.151607442789347502e+01
2.635231286321041466e+01
3.408833897293927606e+01
3.302940488690454401e+01
4.284150462244289059e+01
3.063582657424265676e+01
2.644035774573297104e+01
3.070955308589071464e+01
2.478973993140672150e+01
3.556193751792297775e+01
3.311743537872556686e+01
3.736068169748147483e+01
3.576051361757195934e+01
3.091146144045244881e+01
3.219725902700690057e+01
3.253976371972871107e+01
4.329017316152862804e+01
2.972854495003389630e+01
2.543926299808109448e+01
2.560554712036838509e+01
2.982465074391732429e+01
4.871970564156551120e+01
3.967064896995689338e+01
2.768303412803459906e+01
3.306657160471498003e+01
3.532679216928255528e+01
2.661603454206733943e+01
2.855181154226894336e+01
1.924287987592797933e+01
1.929986975094720236e+01
4.235397146698495874e+01
3.219364568612202504e+01
3.037819373681230317e+01
2.972664158253027011e+01
3.162383142767599153e+01
4.617663726713233530e+01
4.019461331709049290e+01
2.603869637103991863e+01
4.170971971750547169e+01
3.810699940439121036e+01
2.588090240281444210e+01
2.799075217687202155e+01
2.749287762754033082e+01
2.887796586835399282e+01
3.386834337248382809e+01
2.785727661386338383e+01
2.901594431292378928e+01
2.997743231697724298e+01
5.002606488272359542e+01
3.158679959476581800e+01
2.936826516233341522e+01
4.574876765592795635e+01
2.677652817459371803e+01
2.747887808842978430e+01
3.162404716315665354e+01
3.219051877406013062e+01
2.537917418090505706e+01
4.505471048284731239e+01
2.960895772350891875e+01
2.425224580795143581e+01
3.991490866183706743e+01
2.370277819988403678e+01
2.310096169834764979e+01
2.708498605822043714e+01
2.742437866435887628e+01
2.742368213226741247e+01
2.960449691734567423e+01
4.097132263553307041e+01
4.078439814624810111e+01
2.601352055157518350e+01
2.592221709281610842e+01
4.275132528589916348e+01
3.224400573570748207e+01
4.841279945755333358e+01
3.096094468420102075e+01
3.062184902764775529e+01
2.456062908723599492e+01
2.721267281791651271e+01
2.939450584816532341e+01
3.920142724784198407e+01
3.016026136022165360e+01
2.812904381058197600e+01
2.572677986869787148e+01
2.685560413028532523e+01
2.824453364925896892e+01
2.585494314741336552e+01
2.165308413905878382e+01
3.095913237992630940e+01
3.317920752038393317e+01
3.716124600014683210e+01
3.125459885093248857e+01
3.152201816097049303e+01
3.256415811059457610e+01
2.926117429108359858e+01
3.337298805251817413e+01
4.630569976446467706e+01
3.427063017409339096e+01
2.945768407770687958e+01
2.664121740348813105e+01
3.609279253980041346e+01
4.033050407133723070e+01
4.592983554273906321e+01
2.449772575350470305e+01
2.731702190650570117e+01
1.816222074696505828e+01
3.207741253368487122e+01
3.665461479840706005e+01
2.656075383806901513e+01
3.412046765914395507e+01
4.082586782077332543e+01
3.847725747474748204e+01
3.480122330516873319e+01
3.051203648264298707e+01
2.852501540138047176e+01
3.447503994341612810e+01
3.328630156214975955e+01
2.772101323763367731e+01
3.071045024322100403e+01
3.140768547470359806e+01
3.028458588440029686e+01
3.242514155886575367e+01
3.126302955925546101e+01
3.116273488180196338e+01
4.628065186035327372e+01
5.016475538933239875e+01
4.037724356738971920e+01
3.316008558454024779e+01
2.535679365327575852e+01
3.205150463532915950e+01
2.877809288889638495e+01
1.871581889216535188e+01
2.883131996928295138e+01
3.066732343468220634e+01
3.608673106030695976e+01
2.684531901057909309e+01
3.415607910822468085e+01
2.207542896717547620e+01
4.398255905498922402e+01
4.792058924919663099e+01
2.269068735972673068e+01
2.450537225833582866e+01
3.057515720692733652e+01
2.189251343915038461e+01
3.202791460080590724e+01
3.187158741344454427e+01
3.245433952984144099e+01
3.530677974630710025e+01
4.166492773883447853e+01
2.195715569829906499e+01
2.155296874406964136e+01
3.701258631661006149e+01
