tilt_2
1.264770999803379814e+00
1.829885761817224177e+00
1.895835824783294266e+00
4.692911734734478979e-01
1.215551900657784623e+00
2.006016706138170846e+00
4.729510905965374490e-01
2.888176073646857578e+00
1.997534672887799623e+00
1.519356933976393487e+00
1.355438687115746443e+00
1.355438687115746443e+00
2.575060696851961151e+00
7.534867114856245163e-01
2.285767366612776463e+00
1.643876707935784776e+00
1.004238953286015867e+00
1.004238953286015867e+00
1.004860012655324875e+00
1.389979628738518214e+00
2.858831399259184280e+00
1.888905106984467563e+00
1.888905106984467563e+00
1.638869689866333523e+00
2.406359274276358207e+00
2.406359274276358207e+00
7.813983556333341518e-01
1.965794707038060141e+00
1.726057630004599108e+00
9.514662752444429383e-01
1.530228252291006896e+00
1.709730843380399490e+00
5.361487082423868067e-01
2.883388467958253321e-01
1.350619099647381249e+00
5.225515124228465869e-01
1.490393429246772650e+00
2.318147507145514208e+00
1.673937140036884763e+00
1.302266451829604543e+00
1.232182005831977900e+00
2.118982779821387830e+00
1.697862023542728860e+00
1.267142843267950791e+00
1.155613784872421945e+00
1.130019286077139640e+00
2.405086974789982790e+00
2.405086974789982790e+00
4.980627454376667096e-01
5.412572873542860208e-01
1.253484480301764847e+00
1.603022694126208458e+00
1.406495176025674754e+00
1.181946795699810204e+00
3.127871902921859348e-01
2.672733516314946378e+00
3.019722951148022805e+00
1.706956400085337666e+00
2.475724827587661991e+00
1.204773556615181596e+00
1.281951430658303082e+00
1.524475424951680980e+00
1.716212834061533909e+00
1.716212834061533909e+00
1.868512847216143413e+00
8.225165162798327989e-01
1.636873887439221020e+00
2.140712718209369481e+00
1.704511778554852919e+00
1.704511778554852919e+00
2.084250292167718399e+00
2.495482082606050422e+00
1.061483786251743444e+00
2.153258773341693022e+00
2.054563689545077398e+00
2.265495437532553780e+00
2.265495437532553780e+00
5.728074828563862742e-01
1.430706619182976702e+00
2.524364786065950383e+00
7.605011228760309994e-01
1.756607311655848269e+00
1.756607311655848269e+00
2.131310138196162551e+00
1.896606926979822028e+00
1.067390646759894368e+00
1.067390646759894368e+00
6.786954515412165767e-01
2.859676882964842903e+00
9.887973386513049245e-01
4.956415374491712211e-01
2.152677041025433446e+00
2.216297692804043429e+00
2.287017191021809115e+00
2.529659684867616498e+00
1.105507927495588572e+00
1.105507927495588572e+00
1.312623268775559238e+00
1.636255313074093332e+00
1.465470018699481569e+00
1.465470018699481569e+00
2.380506892271653907e+00
1.186360510922412237e+00
2.670042556669798728e+00
6.250166997748271003e-01
1.298591766737430930e+00
1.843080682755621424e+00
2.507579147777402984e+00
1.593375767344329841e+00
2.311706061358774988e+00
2.311706061358774988e+00
2.093565158334540932e+00
2.093565158334540932e+00
2.207258903930330085e+00
1.548597794549080975e+00
1.534506748585656943e+00
1.919624241957039734e+00
1.152229424052240825e+00
2.154234772345758220e+00
2.008207264261333336e+00
2.008207264261333336e+00
7.826850867418528868e-01
8.986345254060866816e-01
1.582021045618535959e+00
3.086327318334037173e+00
1.928923923778860683e+00
1.249485968918206957e+00
1.549642733251217486e+00
1.549642733251217486e+00
1.753182261125218577e+00
2.463600446551986511e+00
3.110062243976916996e+00
2.038912476787340555e+00
2.038912476787340555e+00
2.964627728627246217e+00
1.033100716479200987e+00
2.151779480934839395e+00
1.853325510080489735e+00
3.194211842541916369e-01
1.269900299163710722e+00
1.741554281970016715e+00
1.741554281970016715e+00
1.798836901886853301e+00
1.336301835476984889e+00
1.792717365871089763e+00
7.085474045704138746e-01
2.263322166022996296e+00
1.346041625433111788e+00
1.576820660715034128e+00
1.484659119015027118e+00
1.568617237170126355e+00
2.263461363737150567e+00
2.068222438701969423e+00
5.985652153762484051e-01
5.985652153762484051e-01
1.221615014303005564e+00
1.221615014303005564e+00
1.035951249124299922e+00
2.295943145109260008e+00
2.378759576261021191e+00
1.821748146362543119e+00
1.826868440917450931e+00
2.611565438214992874e+00
8.800139018806533153e-01
8.800139018806533153e-01
1.215062256294641152e+00
1.215062256294641152e+00
2.417085290751400883e+00
1.662763575782990388e+00
5.629899328367865552e-01
1.622356505325283527e+00
1.964372709547812956e+00
1.964372709547812956e+00
2.285372609395911692e+00
2.285372609395911692e+00
2.329129317399504018e+00
1.532231095339182891e+00
2.018856888306121089e+00
2.018856888306121089e+00
2.554777096371898537e+00
6.750959545601329381e-01
6.750959545601329381e-01
1.761280345138391601e+00
1.049564873023272504e+00
1.166690149046726077e+00
1.931852463691086985e+00
1.044623299460105903e+00
1.212174924480096561e+00
1.212174924480096561e+00
4.513283225069033011e-01
3.879813533415032989e-01
3.879813533415032989e-01
1.419675296189646163e+00
1.311779885095103015e+00
2.160438408980688951e+00
5.251318649702566566e-01
2.544912985919633996e+00
2.374108645928421080e+00
1.586756907160500996e+00
1.100962771257404604e+00
1.100962771257404604e+00
1.773449001269714831e+00
2.249798503052977239e+00
2.874460242622568718e+00
4.964496272389576914e-01
4.964496272389576914e-01
1.964257204340176255e+00
1.265594127277711589e+00
1.502073665938298275e+00
1.502073665938298275e+00
2.685632602511219158e+00
1.836756890715974588e+00
1.998047943078363753e+00
1.385288568712980117e+00
2.401079818353594852e+00
2.564677001813851831e+00
2.479325565851955293e+00
2.419440049974247664e+00
4.273911692213009927e-01
1.152389596500173807e+00
1.662579320101061020e+00
1.408301129767373983e+00
2.172551503588851407e+00
1.475689771339775636e+00
1.449823437211579025e+00
2.642407382476840816e+00
1.344058579387342744e+00
5.767600743429538435e-01
9.695367983598882633e-01
1.508582940641852721e+00
1.816999424266614760e+00
2.179549804876980801e+00
2.179549804876980801e+00
1.708736407274173752e+00
1.765374786934137186e+00
1.462043617820219854e+00
2.021863473069021477e+00
2.560369537232574544e+00
1.558419514331260247e+00
2.490872227821954166e+00
2.074593202866019670e+00
2.074593202866019670e+00
1.105475583147407237e+00
1.185163497135128807e+00
1.709476853109397343e+00
9.474241017942008902e-01
1.459759936852702111e+00
1.449023798414405428e+00
6.448731091876339638e-01
1.721109477792171161e+00
1.721109477792171161e+00
1.736125315134312341e+00
3.364686227190747947e-01
1.631355332527856694e+00
1.631355332527856694e+00
2.812340463328070417e+00
1.816768952366899947e+00
2.261252893257986063e+00
2.342422039453929461e+00
1.526528283774519990e+00
1.809290602414142191e+00
2.946938703192228726e+00
2.054594360638724027e+00
2.513452848495472125e+00
1.569728462422697479e+00
2.389132069889374765e+00
2.349141336222647425e+00
1.572659637353938766e+00
1.894994517266421097e+00
2.100090687947363755e+00
2.094808008787700793e+00
2.284439951496969545e+00
2.260980544955776494e+00
2.378680329269828420e+00
2.378680329269828420e+00
1.516824343977269063e+00
1.516824343977269063e+00
1.755735180115695515e+00
2.464234202749229219e+00
2.464234202749229219e+00
2.450293891214101460e+00
1.252744453754430776e+00
2.074831920024212462e+00
5.996482389292989712e-01
1.892185143198565012e+00
2.204837615507353910e+00
2.204837615507353910e+00
2.204837615507353910e+00
2.204837615507353910e+00
4.008268075000681052e-01
1.925455992928707616e+00
9.415081412002208605e-01
1.331208188057066977e+00
1.987659169754290467e+00
1.601637262790963634e+00
7.072010790969857075e-01
1.637557689851890652e+00
1.326094260592345142e+00
4.914130029071401284e-01
4.914130029071401284e-01
2.095143032714559705e+00
2.095143032714559705e+00
1.685896439925355983e+00
1.425895739759221348e+00
1.995313015623442654e+00
1.995313015623442654e+00
1.589376186665752755e+00
1.359436136058008282e+00
2.669369831977174368e+00
9.588825364167673504e-01
9.276702056852750289e-01
2.527477702364613776e+00
1.697745168412234884e+00
1.697745168412234884e+00
2.473060858922957461e+00
7.602276464705727266e-01
1.342579795150085742e+00
2.099537161446336064e+00
1.372362603312683449e+00
2.131983998046716344e+00
8.765874356689058455e-01
7.051745266724455119e-01
9.032218533557715423e-01
1.763041261827857253e+00
5.085221553861778432e-01
5.085221553861778432e-01
1.578661249028558977e+00
1.578661249028558977e+00
1.578661249028558977e+00
1.304761617678785512e+00
1.605475612727599311e+00
1.801379401240724265e+00
2.943599175159968606e+00
2.276215561130780163e+00
1.510899607887911333e+00
1.510899607887911333e+00
2.665605321596090871e+00
1.661040709658444969e+00
1.533205742683939610e+00
1.533205742683939610e+00
2.639994320642176096e+00
3.458470151530929071e-01
1.752982923795559866e+00
1.752982923795559866e+00
1.477830977841980920e+00
2.371942694838932830e+00
1.249792657524843253e+00
2.186080312560207961e+00
7.332227647393632086e-01
7.332227647393632086e-01
2.486685101032187095e+00
1.576469446144625586e+00
2.470730701843212973e+00
1.703475257027834644e+00
3.015743711823705375e+00
1.981425453759085631e+00
1.832218142002008276e+00
4.826046647209715768e-01
2.235516849122018090e+00
1.378395418519019477e+00
1.664460919217731538e+00
2.546754705504034266e+00
2.326791169455640240e+00
5.217461908407671212e-01
1.349046904494868526e+00
1.867954833087002164e+00
1.693765310210139985e+00
1.169738145843719268e+00
9.051862182337395701e-01
1.235347458280367183e+00
1.826399761082683426e+00
1.826399761082683426e+00
3.951941459600708528e-01
1.411557318249293758e+00
1.992138380879142412e+00
1.760791418446188805e+00
1.676568308677871766e+00
7.166133100813375512e-01
2.544773572079593649e+00
2.046557098624566251e+00
2.327155399294876581e+00
2.261917087773344548e+00
2.326740880004163348e+00
1.354965975661619471e+00
1.354965975661619471e+00
1.751684639150076883e+00
8.012586512426064234e-01
9.964970271896586018e-01
2.431782379598328880e+00
1.312807927504030969e+00
2.356180072817239957e+00
4.959550763731560563e-01
8.960751718150351541e-01
1.618741984070063200e+00
1.190198072630610504e+00
1.525741050339748162e+00
1.525741050339748162e+00
1.336118470130132074e+00
2.172084203298687122e+00
2.345537601979288844e+00
2.345537601979288844e+00
2.109058873304724635e+00
2.109058873304724635e+00
2.673363618323637780e+00
1.207604465300929020e+00
2.621657237757259562e+00
2.122385628541512137e+00
3.317464690659595039e-01
1.440223021438304496e+00
2.044513445072517754e+00
1.089602315810381583e+00
1.245661652275852793e+00
3.243095455021083318e-01
2.414875379702557723e+00
2.414875379702557723e+00
3.702178435198762441e-01
2.597531355507733508e+00
2.597531355507733508e+00
6.130725883576727542e-01
1.800557374329265325e+00
1.800557374329265325e+00
1.055413313513897666e+00
6.083672271354043648e-01
4.198273769681246659e-01
1.475814022918843671e+00
1.780841817708605834e+00
1.184958836377134395e+00
9.997786939317394594e-01
2.195400262447872564e+00
1.667722435948502335e+00
7.410370024344002937e-01
2.282414299129799318e+00
1.868650918967282637e+00
1.713524010568237665e+00
1.555872064345323658e+00
2.829694898150348359e-01
2.651877620764318877e+00
1.130106415243162798e+00
7.850690504821287163e-01
7.850690504821287163e-01
1.396332175239397566e+00
1.958214079853388245e+00
1.958214079853388245e+00
2.253604049220847116e+00
8.717265368640003675e-01
1.309976448390527626e+00
2.062325307113338280e+00
1.268483389160028230e+00
1.719575638530016493e+00
2.322520531067956640e+00
2.476119699865283685e+00
9.337795089732219278e-01
8.293186585733255400e-01
6.691838958686567862e-01
1.859648491234879852e+00
1.859648491234879852e+00
2.775639987733977687e+00
1.315282916908249389e+00
5.637418245445496856e-01
2.155373428937143565e+00
2.154051945500185639e+00
5.297150416197869971e-01
1.289664066265899800e+00
1.289664066265899800e+00
1.384264546069277735e+00
1.384264546069277735e+00
2.324086649031185114e+00
2.388478328969709352e+00
1.692451307775025615e+00
1.712551717313193222e+00
1.633886978530210143e+00
2.550698840290227309e+00
2.400402503637776519e+00
2.400402503637776519e+00
1.011137898047123063e+00
2.466403576493268801e+00
6.496239957827226741e-01
1.512308457914804727e+00
1.512308457914804727e+00
2.029214397120076452e+00
2.025348175139082496e+00
2.025348175139082496e+00
1.710658856453233678e+00
2.148841866611107765e+00
2.206507280519319991e+00
2.206507280519319991e+00
5.115959869217580058e-01
4.267517865470029648e-01
1.403940596879485136e+00
1.176690806288329005e+00
2.199061544014535574e+00
2.239383665345414887e+00
2.239383665345414887e+00
1.494627608383037876e+00
1.243503436239399518e+00
4.756686768303870494e-01
1.508354769477761259e+00
6.848812389891976160e-01
2.037104815834018368e+00
2.037104815834018368e+00
1.675621062571014841e+00
9.194069503980041302e-01
2.051835627682307095e+00
1.497615478974576808e+00
2.471977949986865042e+00
1.641059231620699776e+00
2.518044563971439498e+00
2.197334835172872758e+00
1.909827050244738533e+00
2.670441924210785967e+00
8.573777734823754271e-01
1.595200824729577249e+00
1.595200824729577249e+00
5.232071617284711484e-01
5.232071617284711484e-01
2.423721815415619041e+00
6.162275678568328585e-01
6.162275678568328585e-01
1.756589440536023616e+00
1.756589440536023616e+00
1.764406480826884671e+00
1.764406480826884671e+00
2.282782671099229166e+00
1.225056609948659059e+00
1.225056609948659059e+00
1.225056609948659059e+00
2.364169075513755214e+00
1.833212274380324747e+00
1.053746325721391042e+00
1.053746325721391042e+00
1.072913721482766203e+00
1.256206087666523530e+00
8.907535168691820271e-01
1.513081054270270176e+00
2.615824470725226725e+00
2.615824470725226725e+00
1.121522107235046972e+00
1.121522107235046972e+00
2.293186719114206795e+00
1.932904995155619865e+00
1.663719928321316877e+00
1.596780106191814541e+00
1.731221167221760782e+00
1.722957210903183212e+00
1.421395350726579077e+00
2.577143142139408205e+00
2.577143142139408205e+00
1.967636498376263976e+00
5.877841608960896469e-01
5.877841608960896469e-01
2.665813591854444553e+00
1.790742467935104720e+00
1.114783574204737837e+00
2.463311651792302825e+00
2.401097046242966826e+00
1.378234890813419211e+00
2.898286346143930103e+00
1.191042562083975298e+00
1.639688341076715350e+00
1.137315045971167837e+00
1.137315045971167837e+00
1.137315045971167837e+00
2.142368045856519299e+00
1.344332193013761279e+00
1.180282859526933015e+00
3.058862372076836866e+00
1.576141050237066521e+00
1.283759304048373462e+00
7.713293505623192159e-01
2.030245898119483083e+00
9.305985410985823103e-01
1.436881679773180709e+00
2.113893915201188634e+00
2.182521788760558579e+00
2.182521788760558579e+00
2.182521788760558579e+00
2.182521788760558579e+00
1.783078190137482588e+00
1.707924792013284288e+00
2.288470821544617562e-01
1.291048576362441969e+00
1.708114740402472798e+00
1.708114740402472798e+00
6.944659696263637549e-01
2.324971270220487440e+00
2.324971270220487440e+00
1.730710696076834143e+00
2.818418839268645559e+00
4.999126912746154061e-01
4.999126912746154061e-01
1.333279762108779076e+00
7.475373667834008806e-01
9.362816583433142270e-01
2.455047973876237855e+00
1.672842908853745536e+00
1.672842908853745536e+00
1.145480272836990610e+00
1.328427792692130183e+00
1.328427792692130183e+00
1.528327733108977737e+00
2.250925525461772825e+00
2.250925525461772825e+00
1.516274149652414582e+00
1.391728833744755978e+00
2.082127442971779541e+00
2.095442225841544381e+00
2.076448737688569857e+00
1.107599078872470555e+00
1.617556523143363956e+00
7.689859546641245602e-01
1.414130578617933676e+00
1.711384290153097343e+00
1.244915890353927468e+00
1.162830911988095295e+00
1.614012458335173816e+00
1.614012458335173816e+00
1.614012458335173816e+00
1.807176903777879540e+00
3.008890735098742830e+00
1.168338602440715412e+00
1.659100638073156553e+00
1.659100638073156553e+00
2.590855693057259490e+00
2.445087686095751778e+00
2.445087686095751778e+00
1.435592139385551969e+00
1.435592139385551969e+00
9.642536299113734222e-01
2.231283065969938306e+00
2.231283065969938306e+00
2.741758765096503403e+00
1.164152789908337260e+00
1.444662951414845686e+00
1.964412754806953432e+00
1.964412754806953432e+00
1.162790029559197302e+00
1.978361638606832784e+00
1.978361638606832784e+00
2.942150576831323860e+00
1.591591417163590982e+00
2.351997625424964600e+00
3.471035242450659641e-01
5.342085496163876401e-01
8.481876641039766129e-01
7.235389874062057025e-01
1.632296995709728638e+00
2.373718497019829510e+00
2.293307603464688427e+00
1.610932695581639207e+00
1.642684501501328276e+00
1.642684501501328276e+00
1.642684501501328276e+00
5.981113004864613281e-01
1.732935734445675502e+00
8.878090484248190029e-01
1.413690651925207931e+00
2.383904684519120742e+00
2.383904684519120742e+00
2.938464828796112371e+00
2.938464828796112371e+00
2.063968311397744504e+00
1.573299610454769182e+00
1.573299610454769182e+00
1.556337799109988318e-01
1.615638527282238890e+00
1.530325214451781157e+00
1.379091858210411692e+00
2.687388479800347785e+00
5.747751106704878099e-01
1.123470418317285446e+00
1.606240301540055926e+00
2.203170379429692627e+00
2.793738355191510259e+00
2.793738355191510259e+00
2.503455824607583313e+00
1.313784649951047490e+00
1.221661971005616687e+00
1.274170101370377228e+00
1.832039455977386488e+00
1.829193268263009209e+00
1.829193268263009209e+00
1.743839356537798979e+00
5.098414507821704689e-01
2.353320787283886606e+00
1.374055846835127381e+00
1.374055846835127381e+00
1.059079790939608579e+00
2.248928614134344972e+00
1.684191116367978136e+00
1.684191116367978136e+00
1.684191116367978136e+00
1.866641389308540289e+00
4.797632660295760298e-01
1.867759252709194184e+00
1.855763271633669831e+00
2.845500885377806877e-01
1.871544409376517226e+00
1.335338517479414122e+00
6.309473634786740837e-01
2.636021103054851267e+00
1.968282697394412750e+00
1.968282697394412750e+00
2.285313794728737413e+00
2.285313794728737413e+00
2.285313794728737413e+00
1.190971834323093281e+00
1.992480007589382707e+00
1.971517523703244734e+00
1.314173185058248317e+00
4.623984294713438525e-01
2.423225516243305400e+00
2.423225516243305400e+00
1.537768405673645367e+00
7.582417662833712546e-01
7.582417662833712546e-01
1.538733473443529842e+00
1.538733473443529842e+00
1.376854160366532520e+00
1.936497208800580516e+00
1.510894159784911706e+00
1.716912367371907555e+00
2.986906785710868872e-01
2.555714944644341902e+00
1.426868909993835421e+00
2.158994941142931001e+00
2.354052368394043082e+00
1.868976826192207286e+00
2.034179452752365336e+00
2.034179452752365336e+00
1.162031592228906396e+00
1.162031592228906396e+00
1.664157569446150120e+00
9.835866337922378744e-01
1.397627358555986632e+00
1.397627358555986632e+00
1.678988134879743965e+00
1.870658179587292747e+00
1.660837113917614127e+00
1.660837113917614127e+00
1.745892356595688755e+00
1.120701931816869834e+00
1.120701931816869834e+00
1.120701931816869834e+00
1.120701931816869834e+00
1.344709417951273522e+00
1.143826956236458026e+00
1.143826956236458026e+00
1.036725482634306861e+00
1.320685443370117618e+00
1.846864265745361333e+00
1.846864265745361333e+00
2.296677345350021326e+00
1.151480222461543468e+00
1.151480222461543468e+00
2.202658437091616350e-01
1.914946003137672825e+00
1.785855602016547028e+00
1.328549105085554460e+00
1.632784695804528008e+00
2.634829621724664506e+00
1.728175286494877172e+00
2.383501352160033893e+00
1.406215080012645502e-01
1.297455800013255001e+00
2.908346507992955132e+00
1.309802327991930859e+00
1.309802327991930859e+00
2.067735195168006967e+00
2.064182169821862534e+00
8.540315786784270502e-01
1.710376366466415776e+00
1.947911780239383051e+00
1.382942333499384890e+00
1.716445396273766910e+00
1.202215965727815972e+00
1.327244093471021680e+00
6.887526251018104562e-01
2.649957971669518297e+00
1.093486046502002651e+00
2.025230746651230707e+00
2.174853771398727709e+00
2.174853771398727709e+00
1.426985674106496127e+00
9.964191527022066008e-01
2.216399472335597753e+00
1.432659415618358079e+00
2.141023874165160823e+00
1.987595047686639305e+00
2.388597628856619526e+00
6.424596780476660163e-01
2.475106947913049638e+00
1.438774258447127030e+00
2.389394008187303076e+00
2.389394008187303076e+00
1.832202639873362404e+00
1.832202639873362404e+00
2.313143996212117415e+00
2.347841082550868208e+00
1.559960478873034129e+00
1.559960478873034129e+00
1.554612473454245025e+00
1.698592942052721488e+00
1.783395006266510041e+00
1.101949264441109078e+00
8.307984384802525879e-01
8.307984384802525879e-01
1.548379019855906646e+00
8.048168528188606174e-01
1.355954196660189570e+00
6.095578041609118758e-01
1.820400961810679341e+00
6.916400388006261890e-01
2.006583889159388345e+00
1.039058600097890750e+00
2.848819155636961753e+00
2.386691540912678100e+00
1.026563661402598138e+00
1.665646157353301682e+00
1.665646157353301682e+00
1.675977069710191669e+00
2.030374203859159010e+00
1.550906853765956717e+00
2.726250537045350253e+00
2.043173430447517536e+00
1.922311242769999318e+00
1.435051499466616365e+00
2.645545299458097688e+00
2.645545299458097688e+00
1.327577190970182119e+00
1.327577190970182119e+00
1.806734433689612951e+00
4.865076972854603388e-01
1.079719679107927766e+00
6.487115010879660471e-01
1.937812061199279734e+00
2.165909970338162793e+00
1.477350840712057911e+00
2.193787419478159695e+00
2.818121707058044656e+00
9.286072191787451136e-01
1.565758674008307816e+00
2.400818796698187541e+00
2.173091241469540691e+00
8.232061266140848765e-01
9.551359592605827009e-01
2.130305673590827453e+00
1.215568344066510598e+00
1.273804583122902123e+00
2.318521737962614626e+00
1.154927379074759841e+00
1.154927379074759841e+00
1.452061955090443890e+00
1.881228202986336306e+00
2.047690821437926800e+00
8.654430394683318983e-01
1.410933057857351569e+00
1.184075059861313894e+00
2.150753942426575804e+00
1.749456548931674682e+00
2.758360685676905177e+00
9.986356637430159333e-01
9.986356637430159333e-01
1.354667916182497045e+00
2.969216027599949737e+00
5.496098288631019457e-01
2.280772782407701538e+00
2.280772782407701538e+00
2.622974001249588127e+00
8.510473271196580258e-01
5.954479996681215637e-01
5.954479996681215637e-01
1.725729371237891607e+00
1.614717126250989399e+00
2.369110088533160408e+00
1.934361763350706642e+00
2.282299466752444328e+00
2.282299466752444328e+00
1.609151555366869601e+00
2.030186252212899944e+00
8.651830715830504115e-01
2.216612126401656280e+00
2.662983672239213728e+00
2.662983672239213728e+00
2.597408749316503673e+00
1.998365454173448352e+00
1.998365454173448352e+00
1.998365454173448352e+00
1.998365454173448352e+00
2.635237811970284394e+00
2.041845315007513317e+00
1.151919582380238172e+00
1.151919582380238172e+00
2.368768487401018863e+00
2.378519822167272313e+00
2.378519822167272313e+00
1.774352522598161785e+00
2.568833835081604011e+00
2.220130601942182924e+00
2.485017816053740169e+00
9.242867601643330877e-01
1.705266784992982565e+00
5.298051694691778835e-01
1.730581297027208310e+00
2.396720672667302487e+00
2.032489782586873517e+00
1.209305627427189833e+00
1.014208623103925566e+00
1.708789753593898730e+00
1.496632119948443806e+00
2.355623990963251924e+00
1.184041367460688443e+00
1.975491092974496654e+00
1.404989636898043015e+00
2.272986199801425578e+00
2.391583665874504661e+00
2.121717580762503719e+00
1.590508254223492735e+00
1.590508254223492735e+00
1.321795357106356317e+00
8.849137500222044039e-01
9.765479874668950844e-01
1.511632602839960704e+00
1.989351684808943421e+00
1.487542129019866266e+00
1.186209538768934202e+00
1.690091210408122047e+00
1.229684382072900872e+00
1.385095358458886761e+00
2.427785634601304032e+00
1.965898058961207839e+00
1.282606386828931022e+00
1.225740541506657788e+00
1.320753404661152652e+00
1.014939094892008953e+00
1.014939094892008953e+00
1.467876060314359021e+00
1.777198797712812972e+00
2.204693577403730398e+00
2.338221190047204079e+00
2.695703956574779236e-01
2.695703956574779236e-01
1.814499825006369305e+00
5.746893840063190817e-01
5.746893840063190817e-01
2.910947182986042048e+00
2.174364746206582932e+00
2.498549376096976360e+00
1.556717413724897803e+00
1.228357154670581153e+00
9.176811630138691500e-01
9.176811630138691500e-01
1.107010813398785931e+00
5.749234649860242019e-01
1.751972241046445999e+00
8.203546290561868348e-01
1.092471889345357328e+00
1.623548715362736594e+00
1.829663804391770343e+00
2.446808818023177956e+00
1.419067146748573816e-01
1.488391080849130299e+00
5.756267983166574176e-01
1.504611140436315830e+00
1.119164814900094562e+00
9.795260076935501381e-01
1.799367815828747830e+00
2.521410592381393645e+00
3.017873609103528754e+00
1.641239193682978659e+00
2.220237533189503232e+00
2.220237533189503232e+00
2.220237533189503232e+00
2.391785370055444560e+00
1.326396587177811170e+00
1.326396587177811170e+00
1.481879651500048745e+00
1.359327915203555059e-01
1.684417805134090340e+00
1.684417805134090340e+00
1.871781739998396699e+00
9.056996503859633396e-01
6.927530094202636324e-01
7.515320793336048855e-01
7.515320793336048855e-01
1.374404304670780563e+00
1.374404304670780563e+00
1.657474028650526954e+00
1.455697846927886729e+00
1.878664318127656552e+00
9.687309680108535659e-01
9.687309680108535659e-01
1.723145142256866880e+00
1.723145142256866880e+00
1.657796923184448046e+00
3.432620129539971088e-01
3.432620129539971088e-01
1.990122741299337195e+00
2.559808180497995522e+00
2.401448454084644357e+00
1.718432087963289279e+00
1.187757651280582749e+00
1.548702934909077955e+00
1.473006250993159183e+00
9.298173551898135658e-01
1.086858000416496939e+00
2.074477009657511140e+00
2.074477009657511140e+00
2.074477009657511140e+00
2.249723102577232403e+00
2.249723102577232403e+00
2.249723102577232403e+00
2.726589985084578505e+00
1.777077935245634732e+00
1.777077935245634732e+00
1.117469957920876888e+00
5.887297881461517335e-01
5.887297881461517335e-01
2.271442669214394083e+00
1.204410477663370616e+00
2.593296115817051106e+00
2.593296115817051106e+00
4.577942611461973677e-01
1.047985750522480108e+00
1.197218985519309831e+00
1.937718745331476811e+00
1.577866886041935146e+00
2.677835419926973604e+00
2.198247548297938891e+00
2.198247548297938891e+00
1.164129327890896182e+00
4.658762883978503355e-01
6.639603729648304586e-01
2.146299237364077239e+00
2.146299237364077239e+00
1.625572324457742468e+00
1.285619041389342021e+00
2.139949530182138293e+00
1.683676640308893857e+00
1.606985892050228681e+00
1.573792950741639052e+00
1.573792950741639052e+00
1.238758410455970349e+00
1.316248886236306648e+00
1.691908653563892528e+00
9.921418346354617945e-01
1.969095360106176029e+00
1.192940983786070053e+00
1.192940983786070053e+00
1.721520736262253770e+00
2.188808169961999006e+00
1.440615499212769768e+00
2.625566601750922047e+00
2.349765590516307068e+00
1.113385042144050763e+00
1.113385042144050763e+00
8.600936656689498472e-01
1.530552879560523438e+00
1.877984812619163835e+00
7.021402089166443039e-01
2.055473322060992203e+00
1.507416478159111506e+00
7.102825290269000336e-01
2.032157775199382677e+00
1.236948965486714513e+00
1.738070838200298285e+00
7.911744415564534449e-01
5.702786916679074558e-01
2.154102434627161777e+00
1.149708005238639918e+00
1.391192161966963159e+00
6.443025856625996806e-01
1.802696144066231021e+00
2.944502799489505107e-01
1.708582574674080368e+00
1.717136993076883389e+00
2.072139332384871580e+00
2.567979156253908268e+00
2.567979156253908268e+00
1.755470637765920605e+00
1.755470637765920605e+00
1.755470637765920605e+00
2.159529692486218178e+00
2.366403899187107029e+00
8.323947074069536489e-01
8.323947074069536489e-01
1.971137742282345062e+00
1.971137742282345062e+00
1.433010483928478296e+00
1.870499386134265807e+00
8.485477474370869411e-01
8.485477474370869411e-01
1.746923928186364217e+00
1.975858174694493430e+00
2.712328530024448181e+00
2.712328530024448181e+00
2.599464864149829246e+00
2.090420398732435014e+00
2.702808318602128335e+00
1.013063937784562496e+00
2.701117786548085098e-01
1.978093483807597641e+00
8.878775683907494942e-01
1.200202550077768660e+00
1.200202550077768660e+00
2.838619673323324655e+00
2.838619673323324655e+00
2.838619673323324655e+00
1.498364906509376482e+00
9.581286067411897145e-01
1.985502399720982636e+00
1.985502399720982636e+00
2.498471848931756778e+00
1.494084481511247064e+00
2.836008693250956725e+00
2.836008693250956725e+00
2.256943849998084950e+00
2.256943849998084950e+00
2.055984396592218655e+00
2.055984396592218655e+00
1.738583557552007663e+00
1.738583557552007663e+00
1.680326689075116731e+00
2.519899791128513034e+00
2.519899791128513034e+00
1.093398138364815697e+00
2.094752120513147631e+00
1.758194506027223714e+00
1.924642831909684881e+00
1.460152183749575006e+00
2.004469047538175008e+00
9.205759565683726553e-01
1.195172621589568385e+00
8.044724370073047526e-01
2.013417919662531030e+00
2.887357929506556786e+00
1.597764465052322613e+00
1.702529760695087102e+00
1.702529760695087102e+00
1.890272979140309895e+00
1.703467977821010670e+00
2.288456464160750325e+00
1.211745539361485546e+00
2.532011612785042054e+00
2.545403768102694197e+00
9.304781286588673650e-01
9.401850027927014519e-01
9.401850027927014519e-01
5.309985583318105329e-01
2.858514992053600601e+00
2.858514992053600601e+00
2.061216126411527849e+00
2.117497575600684634e+00
2.117497575600684634e+00
2.190723757900923108e+00
1.336504632898296574e+00
4.469442068468262863e-01
5.759255618762286755e-01
1.594327857928487191e+00
8.351908564463969009e-01
1.948224997933944103e+00
1.350167461829399951e+00
1.854882805622046105e+00
2.134822396633781594e+00
2.467229170819426720e+00
9.274957393598178834e-01
9.819783430010142755e-01
1.535996634607839306e+00
1.501332201365711772e+00
1.501332201365711772e+00
1.996646991934385884e+00
2.033363893550372836e+00
8.375892272000956540e-01
8.998243873004206916e-01
8.998243873004206916e-01
1.551347339549143944e+00
2.751664292331409634e+00
1.216657361048826491e+00
1.216657361048826491e+00
1.487855786261356394e+00
9.825721326697967051e-01
8.488668565750172590e-01
8.488668565750172590e-01
2.158118944045361864e+00
1.467562981607484662e+00
1.980806166050767425e+00
1.932486090419518909e+00
1.932486090419518909e+00
9.830728947027470577e-01
2.201198039142028939e+00
2.201198039142028939e+00
1.094640355852449787e+00
2.155764802155774262e+00
1.836728604771485474e+00
1.836728604771485474e+00
1.836728604771485474e+00
1.557363051154480038e+00
2.277039993431166476e+00
2.448299472072541061e+00
1.887493056603986474e+00
2.006857195159802210e+00
1.385792556678317800e+00
1.395689293006002973e+00
2.187462279806438925e+00
3.980843018293594993e-01
1.650052135920133001e+00
1.890842573054879017e+00
1.971426760265306166e+00
1.153181801541997009e+00
1.558966508428704767e+00
5.568146055025813279e-01
5.568146055025813279e-01
2.204705271764352492e+00
1.160908194663637039e+00
1.804062702817469832e+00
9.411221854195684910e-01
9.411221854195684910e-01
2.619120816185949163e+00
2.377843650122843933e+00
2.377843650122843933e+00
2.030831174487743862e+00
1.508470936711655108e+00
1.243249562480019499e+00
1.358005619582777879e+00
1.686722290967130888e+00
1.812757621924973472e+00
1.655038773670887586e+00
2.241531601629880022e-01
7.346496965856884609e-01
7.346496965856884609e-01
7.346496965856884609e-01
2.107643788129232476e+00
2.422114145080047187e+00
7.567750519903962969e-01
2.226386552948486752e+00
2.226386552948486752e+00
2.226386552948486752e+00
1.546045737242288665e+00
1.753677097359468862e+00
1.884239249332889443e+00
2.156679744483750660e+00
2.156679744483750660e+00
8.034372459466609939e-01
1.243864540998034451e+00
1.477742414325186937e+00
5.790253716311378751e-01
1.146155555376681123e+00
9.206833086370052044e-01
1.629093613228874249e+00
2.640450227061200916e+00
2.481606567907748584e+00
2.031837442274223804e+00
2.585385079376405493e+00
2.026503194652041984e+00
1.355726492522351556e+00
2.032161269812095217e+00
9.964992731012419780e-01
8.421082893739529895e-01
1.775212526313574957e+00
1.775212526313574957e+00
1.442098128833682935e+00
1.442098128833682935e+00
1.614748792387190157e+00
1.883711148907633914e+00
2.041216832582325169e-01
2.041216832582325169e-01
2.778807139798936454e+00
1.493824861904373691e+00
9.470220765865823287e-01
6.410750965524663059e-01
1.089424435918857181e+00
1.406250409267922441e+00
1.699058683829318017e+00
8.657577505126937689e-01
1.986742117476640646e+00
1.530335353039912638e+00
1.530335353039912638e+00
2.076251104721318796e+00
2.072767810063032456e+00
2.610065891162834273e+00
1.628530212298635593e+00
1.435357304619455876e+00
1.344253416782133170e+00
1.344253416782133170e+00
2.041864313979308232e+00
2.041864313979308232e+00
1.751464268340118702e+00
1.751464268340118702e+00
1.751464268340118702e+00
1.639400384320425008e+00
1.639400384320425008e+00
1.419285624949511160e+00
1.173712007485216313e+00
7.633049739349797580e-01
1.864906358398586317e+00
1.949939949960322494e+00
2.639491302621406188e+00
2.715666249573515767e+00
2.715666249573515767e+00
1.143997963535148044e+00
6.547372539477718245e-01
6.547372539477718245e-01
2.583111821221631743e+00
1.087827701026908706e-01
1.293792551422701331e+00
1.302261899423647451e+00
1.302261899423647451e+00
5.139448094995365812e-01
1.820293792366182162e+00
2.156041827468865524e+00
7.669771306371269137e-01
2.454057625787641472e-01
2.454057625787641472e-01
2.062980847528026462e+00
1.127035362777351724e+00
1.127035362777351724e+00
1.513322095533734091e+00
2.570100940113196675e+00
1.971375925372534699e+00
2.259241471502375642e+00
2.128717350131077435e+00
1.452933549624936038e+00
1.028207856327014280e+00
1.028207856327014280e+00
1.554499162037596749e+00
2.110103602851578053e+00
2.110103602851578053e+00
2.110103602851578053e+00
2.110103602851578053e+00
2.795842210522683224e+00
2.387633318807012017e+00
1.969784235653762705e+00
1.580941170924877071e+00
1.400025920359356579e+00
1.400025920359356579e+00
1.847739373055303558e+00
2.169752931335399371e+00
2.055488012234418349e+00
2.431699262088932834e+00
1.382414959666307563e+00
1.889657182450035222e+00
1.811103804575239451e+00
2.031376177035445263e+00
2.146538317126472695e+00
3.283643758588584705e-01
1.966675514321456486e+00
1.993410666746887383e+00
9.642100611578675595e-01
2.033190282275362915e+00
2.033190282275362915e+00
2.144209914747537304e+00
2.144209914747537304e+00
2.144209914747537304e+00
2.288524881070812089e+00
1.101942602424025308e+00
4.232611391187348082e-01
1.253891855354668072e+00
8.130541215752055129e-01
2.228914332313598035e+00
8.628259082868517948e-01
8.826145957707007828e-01
1.786909874686876121e+00
2.148647353427172835e+00
6.800403026013799312e-01
1.712411012674315280e+00
2.110455259973696762e+00
7.384117417017259655e-01
7.484383047329116190e-01
2.504433006315012644e+00
2.279811892672341411e+00
3.957022849405874565e-01
2.350590560242041160e+00
1.546769868158727412e+00
2.150556810062353108e+00
2.661355311933944368e+00
2.009964940224227892e+00
2.009964940224227892e+00
3.478145410974815555e-01
1.421856409154591994e+00
1.421856409154591994e+00
2.481147292624613421e+00
1.537829067610150924e+00
6.227555109466152983e-01
1.364079313242813285e+00
1.364079313242813285e+00
2.279859532241199194e+00
1.459218052383425945e+00
6.016911513457232630e-01
6.016911513457232630e-01
2.163731124648984760e+00
2.295313934658916311e-01
2.332947023538311182e+00
1.431529103090812383e+00
2.538514215207641644e+00
1.846336561028753431e+00
1.297782735910647300e+00
2.714110013451833670e+00
4.074203519104876436e-01
2.133391592254250124e+00
2.015392230837492527e+00
2.015392230837492527e+00
2.015392230837492527e+00
2.025151221118213218e+00
1.159167824483059883e+00
2.215832963162417180e+00
4.127609142656114005e-01
2.486444520634852218e+00
2.142922872679238644e+00
1.473244423488859089e+00
2.440775134948651282e+00
2.626648691477539987e+00
1.274728005358893634e+00
1.274728005358893634e+00
2.338863091960596385e+00
2.949784773618366884e+00
2.057525267752164044e+00
1.977401768278224781e+00
1.977401768278224781e+00
7.118594564846032480e-01
1.778850311054159583e+00
2.630309068926129701e+00
1.218266647061913455e+00
1.218266647061913455e+00
1.251358368695893342e+00
2.742348220473696419e+00
1.065041599821625606e+00
1.065041599821625606e+00
1.133135251692256817e+00
1.133135251692256817e+00
1.954137110079351869e+00
1.792525384217354967e+00
6.796263510121298701e-01
6.796263510121298701e-01
1.971981382936360827e+00
8.582947203393805902e-01
2.435212974361367522e+00
1.583125294283788120e+00
1.767850576376680083e+00
1.512974965663265836e+00
1.512974965663265836e+00
1.741474775747430481e+00
2.351293603242456065e+00
2.351293603242456065e+00
1.749949067784153156e+00
1.823085759481955836e+00
2.279557022212363115e+00
2.279557022212363115e+00
1.384981552430714524e+00
1.272330727456463917e+00
1.836097313879525794e+00
2.253059077223860118e+00
1.913349872985822264e+00
1.913349872985822264e+00
2.519643987731902790e+00
8.648827750879962695e-01
4.130220170471280983e-01
1.646614737958690622e+00
1.646614737958690622e+00
1.646614737958690622e+00
1.013400713493726402e+00
1.655560472645487557e+00
1.655560472645487557e+00
2.784871100005661848e+00
1.455908076043290311e+00
1.455908076043290311e+00
4.721382173375593960e-01
1.875396439668914228e+00
2.028562749249809727e+00
5.982611079149199318e-01
5.982611079149199318e-01
1.970187827340674547e+00
1.970187827340674547e+00
2.865730861857994416e+00
2.525492336635936641e-01
2.002281800371808362e+00
4.455821898773184575e-01
5.070155296703380277e-01
1.345884377041835833e+00
1.074748703689075713e+00
1.801379997858835180e+00
2.513287638410382829e+00
1.160700305071944882e+00
2.393012143892320864e+00
2.296333166302732653e+00
2.496212909383118905e+00
2.496212909383118905e+00
1.526998471072145147e+00
1.585795172816348408e+00
1.971974021721682124e+00
9.850535746674741189e-01
2.101997358407870831e+00
2.667864191617339120e+00
2.171427020495190874e+00
1.104899133357884367e+00
1.104899133357884367e+00
4.913982885366613984e-01
1.886750168924998583e+00
1.154376969650431795e+00
1.294712780174570588e+00
2.440003928703953218e+00
1.793519103645995427e+00
4.854994913124313638e-01
1.713065785006157249e+00
1.713065785006157249e+00
2.243714353345340751e+00
2.411585278569722934e+00
1.561246989730389778e+00
1.016959667741618611e+00
2.029209849007749700e+00
1.582310587187238493e+00
1.667164256799154476e+00
1.481907767799701681e+00
1.552112521694339886e+00
1.552112521694339886e+00
1.552112521694339886e+00
1.673788874887223832e+00
1.627927822902842658e+00
2.411891750981287608e+00
1.822257273105626130e+00
7.223393241497383377e-01
2.940042704919570316e+00
1.323597282205933867e+00
1.824077599589758902e+00
7.723914346748366189e-01
1.486265296502166100e+00
1.983908229551250901e+00
1.983908229551250901e+00
2.100058802028744065e+00
9.089569162169153227e-01
1.127810880540792704e+00
1.405175246012867252e+00
1.958269993505227236e+00
2.829654625278148039e+00
8.292420640672851784e-01
2.514848329615068323e+00
1.359513505448765258e+00
1.926078917533193269e-01
1.272193975417037048e+00
1.040767366269765182e+00
2.257803045881390247e+00
2.257803045881390247e+00
2.370654129903350782e+00
2.487277103060986150e+00
2.042424432041572757e+00
2.042424432041572757e+00
1.518128867125966508e+00
2.676406990760561211e+00
1.023345672512193882e+00
9.134768029401362233e-01
9.134768029401362233e-01
9.134768029401362233e-01
2.070081636363374056e+00
1.456515165246353272e+00
1.456515165246353272e+00
9.765340732309054639e-01
9.510778673619122436e-01
1.025637746539948658e+00
1.406808255665961349e+00
1.839273795059035654e+00
1.839273795059035654e+00
2.639060973877390026e+00
1.005191621560015625e+00
1.005191621560015625e+00
2.628238812140065939e+00
2.463497681260126360e+00
1.130005175441729293e+00
1.130005175441729293e+00
1.677395432079038295e+00
9.751766934231388406e-01
2.802067410050998131e+00
1.794468711093779367e+00
1.130462269916422180e+00
1.130462269916422180e+00
1.814024311787567845e+00
1.283902916541220574e+00
1.283902916541220574e+00
1.857598995633739314e+00
1.781882377346923896e+00
1.942290955472907310e+00
2.729029602648567199e+00
1.062097393111374855e+00
1.660428899213901133e+00
1.812802595444667375e+00
1.812802595444667375e+00
1.262208406580919373e+00
1.262208406580919373e+00
1.012828508969797037e+00
2.349664915390231368e+00
1.100767095097942017e+00
2.725190836426962360e+00
2.057864317534989329e+00
1.100780843931351782e+00
8.166857275172751951e-01
2.511498307281686770e+00
4.742911949969305652e-01
4.742911949969305652e-01
4.742911949969305652e-01
3.058567312343976052e-01
1.754493925105632401e+00
1.117200737411114586e+00
1.117200737411114586e+00
1.852451221097509704e+00
2.256429134498112166e-01
1.209449794827413438e+00
9.767404162051721572e-01
7.932907937123010456e-01
1.540649177768616651e+00
9.695846228285089907e-01
5.538301589997062235e-01
6.115501970771786144e-01
1.739576419263298535e+00
2.226422678244242004e+00
2.575009345756131385e+00
2.575009345756131385e+00
2.583089243972870541e+00
3.201031114238497288e-01
8.165155452501094979e-01
2.022430743927105201e+00
8.572499888064279983e-01
8.572499888064279983e-01
8.572499888064279983e-01
2.280620109991004618e+00
1.749844191703972207e+00
1.012986938210569399e+00
7.521200777472646370e-01
6.753932726196893999e-01
1.941532579586262353e+00
1.903240585884108826e+00
7.886522096781164448e-01
5.442681754078081413e-01
5.442681754078081413e-01
2.707964405431670940e+00
1.198708211697476544e+00
1.198708211697476544e+00
2.258650323511880664e+00
9.422515378309436196e-01
2.514151406905225539e+00
1.484028867740825985e+00
2.666446970832891061e+00
1.220506385138932837e+00
1.656280802341278502e+00
2.023536540487893109e+00
1.314721687940738848e+00
2.538123228963748534e+00
1.193069896632065419e+00
5.578245670199547535e-01
2.591253984395514465e+00
2.591253984395514465e+00
1.470533593308253728e+00
2.199106966446648492e+00
1.473256734949035973e+00
1.643319199513064488e+00
1.643319199513064488e+00
1.643319199513064488e+00
1.231781464801450676e+00
1.895921893254155721e+00
2.088349975025809435e+00
2.165090402675023729e+00
2.222183768617324251e+00
2.222183768617324251e+00
9.963771238066464475e-01
1.676800938639062544e+00
1.257664966651989458e+00
1.257664966651989458e+00
2.131085228937231513e+00
2.131085228937231513e+00
2.148150641872444311e+00
1.920798899266042747e+00
1.593444620883194496e+00
1.389892122691240406e+00
2.039057361793102263e+00
2.039057361793102263e+00
2.667177017138431250e+00
2.667177017138431250e+00
2.395726117282674039e+00
1.808799254646873633e+00
1.162317547740373103e+00
2.594271256187201669e-01
2.905085870904214662e+00
2.905085870904214662e+00
1.958914056673689785e+00
1.747063263681587486e+00
2.298828066422776928e+00
1.392805684656837739e+00
6.428278277838223032e-01
8.407416274515464583e-01
2.305603262441690671e+00
1.170654722822519478e-01
1.170654722822519478e-01
2.627677054773839949e+00
2.627677054773839949e+00
5.938351134177090040e-01
2.462723497366039904e+00
2.462723497366039904e+00
1.253040630527670674e+00
1.253040630527670674e+00
1.052533273532023639e+00
9.600134463492397963e-01
1.807386402969889838e+00
2.131668565500608459e+00
5.576245170374739546e-01
2.754264749626111897e+00
1.649714721532638428e+00
9.977307411062952269e-01
1.705154339083994719e+00
6.748262941168527984e-01
6.748262941168527984e-01
2.107200864032740206e+00
2.100623375203555909e+00
2.100623375203555909e+00
2.100623375203555909e+00
1.504375820952044140e+00
1.300464698185505918e+00
1.106272158437192177e+00
1.884324348735385124e+00
9.290407281699204489e-01
2.028819644054165039e+00
2.028819644054165039e+00
2.444416563760852590e+00
2.444416563760852590e+00
1.816719564823536581e+00
2.144723933742312127e-01
2.144723933742312127e-01
2.499522897878208472e+00
2.104964721703141528e+00
2.104964721703141528e+00
1.378520983159472690e+00
1.378520983159472690e+00
1.723658221058100404e+00
1.839880501881865138e+00
1.164775080329809587e+00
1.067179491104858657e+00
1.986049585701358255e+00
1.247380061949571850e+00
9.821735406782715616e-01
9.821735406782715616e-01
2.534692614144983480e+00
2.469623503921166974e-01
2.469623503921166974e-01
2.399779100819458666e+00
1.556983977111151995e+00
1.895302150461779300e+00
1.936337797201156175e+00
1.295015610909847181e+00
1.805319241668554842e+00
2.787360092698892178e+00
2.130519681097259532e+00
9.348022658656294226e-01
9.629708690198758303e-01
5.544228613558790375e-01
1.533766035971089625e+00
2.570548175455822815e+00
1.855081420396395897e+00
1.855081420396395897e+00
8.101192526032158225e-01
1.232906470474901317e+00
1.123244119986925194e+00
1.289551327505822576e+00
1.817180315880663644e+00
1.182102851030754520e+00
2.347496227326491880e+00
1.617899092028846963e+00
4.073945984866176317e-01
9.650161871862547036e-01
1.977501247568366649e+00
1.240488426498209007e+00
2.054457453343858209e+00
1.887460161940660130e+00
1.377212634056437013e+00
1.226037455517551944e+00
2.582544971467080064e+00
1.995203528609816868e+00
1.239173679257874694e+00
1.616303839767009976e+00
1.128164971710705400e+00
4.945055171494304180e-01
2.861142532061321297e+00
1.156873604087079288e+00
1.156873604087079288e+00
1.156873604087079288e+00
9.081750498424349116e-01
9.081750498424349116e-01
9.081750498424349116e-01
2.281538747432689807e+00
7.661199884405432980e-01
1.702134512698642688e+00
1.996374305803334082e+00
1.447055811168805883e+00
1.276573969732361924e+00
4.592906538558605423e-01
2.276961237909876701e+00
1.943549175419391206e+00
1.943549175419391206e+00
7.604783391822659278e-01
2.216674939979695669e+00
1.581883620717059236e+00
1.093444663551308427e+00
1.121421303628723276e+00
1.436012449224447485e+00
2.775154954337789359e+00
1.660749224304303384e+00
1.329971759120709196e+00
1.329971759120709196e+00
1.808737158926878363e+00
1.501015382280896926e+00
1.674646347830964555e+00
6.563308587545054751e-01
1.764431104337177869e+00
1.764431104337177869e+00
1.654962762454779135e+00
1.732906924684551875e+00
1.623388153762273189e+00
1.438380214564911164e+00
1.438380214564911164e+00
2.327299056226669105e+00
2.327299056226669105e+00
2.327299056226669105e+00
1.657836662017951435e+00
1.657836662017951435e+00
9.477929091422961916e-01
1.784238726185692236e+00
8.557503916820757839e-01
8.557503916820757839e-01
8.515162026364488934e-01
2.378882111848730663e+00
1.636197822840744998e+00
1.615475288282938182e+00
1.615475288282938182e+00
1.615475288282938182e+00
1.714243075002131134e+00
1.178159667991746540e+00
2.722469293234159871e+00
1.312751036003318106e+00
2.157693165805761648e+00
1.374955536566103698e+00
1.283555984796879157e+00
1.073538973533015417e+00
6.855631785810009093e-01
7.833297151274463133e-01
1.659486582616013006e+00
8.299741084967022786e-01
8.299741084967022786e-01
2.783745644231848448e+00
1.039631390458870763e+00
2.543994140099486767e+00
1.517881499676577484e+00
1.835132192583660338e+00
1.822713237504166806e+00
2.197134349016390598e+00
2.197134349016390598e+00
1.610980021469321510e+00
1.610980021469321510e+00
1.651680263898256840e+00
2.838254141428147026e+00
1.788392114061992721e+00
1.419255107978143693e+00
1.419255107978143693e+00
1.465659927117385575e+00
2.735254508441983035e+00
2.230349896660044351e+00
5.835204149117977357e-01
1.906658116750451715e+00
1.783962710693818510e+00
1.783962710693818510e+00
1.937504874395001186e+00
1.937504874395001186e+00
1.363765246358217498e+00
6.273124550180098069e-01
2.000856172413739920e+00
2.989429637310747068e-01
5.790441821203203832e-01
1.759838021883684211e+00
2.537853349278682114e+00
6.280130168723645490e-01
1.764590854218858196e+00
2.479195162036249123e+00
1.209912210146233180e+00
1.209912210146233180e+00
2.150403336922992015e+00
1.460606933401212837e+00
1.460606933401212837e+00
1.946575322317867229e+00
2.427705671570995705e+00
2.145115120878728021e+00
2.145115120878728021e+00
2.145115120878728021e+00
2.060154024935750172e+00
1.560672504685725936e+00
1.786741557819188531e+00
1.562365135061866805e+00
1.993321817758330061e+00
1.520504305609808426e+00
1.577949380239803023e+00
2.294843392173694596e+00
9.814136826599397789e-01
2.881799605393950969e+00
2.881799605393950969e+00
2.243477654157926882e+00
2.243477654157926882e+00
2.243477654157926882e+00
1.543945655731759237e+00
1.628136969679366830e+00
1.669066459787425405e+00
9.575060318030336193e-01
1.344570653146678785e+00
2.510708886163425912e+00
1.287811844019977503e+00
1.287811844019977503e+00
1.287811844019977503e+00
1.849723585357217814e+00
1.849723585357217814e+00
1.098244420622450424e+00
1.098244420622450424e+00
9.788272384005800575e-01
4.251186657224002574e-01
1.161402919124318034e+00
7.605497403520363742e-01
1.734918358984675946e+00
1.302369832171999864e+00
1.332943381932903071e+00
1.332943381932903071e+00
9.911398569623812715e-01
9.911398569623812715e-01
5.787893550167384493e-01
1.268177878712509088e+00
1.268177878712509088e+00
2.253031245491608381e+00
1.396534297510165556e+00
8.646263495289447931e-01
1.723981047625215979e+00
2.188407650013470374e+00
2.419308790068880999e+00
2.419308790068880999e+00
1.989502457322472440e+00
1.989502457322472440e+00
1.511235903423083338e+00
2.183603879797419101e+00
1.924981307899970906e+00
2.185766414095404286e+00
1.357859846005495807e+00
1.944068918900138554e+00
1.944068918900138554e+00
1.944068918900138554e+00
1.883434152105926795e+00
1.883434152105926795e+00
1.883434152105926795e+00
3.032987656512829311e+00
1.547589175376516746e+00
2.333842854113914456e+00
1.260017274644152252e+00
7.341536881147362470e-01
1.482997853176929670e+00
1.972939182387935642e+00
1.467330187686290310e+00
1.548488070329510080e+00
1.548488070329510080e+00
5.320991586250599648e-01
1.222619430580159428e+00
1.658434358285532539e+00
2.764301015450520982e+00
1.684519128749959460e+00
7.495820162377022644e-01
1.872419731870929249e+00
1.506937692364415327e+00
1.506937692364415327e+00
1.706203285707611705e+00
1.803841027831426080e+00
2.547212788937947447e+00
2.085448098046714271e+00
1.234739733859105515e+00
1.805658373053352861e+00
2.456568257681923217e+00
1.999911193022870792e+00
1.999911193022870792e+00
1.771493205354500278e+00
1.803584137323665626e+00
1.962791691182536935e+00
2.354611823388019332e+00
2.354611823388019332e+00
1.813587305291524787e+00
1.813587305291524787e+00
1.813587305291524787e+00
9.124775985335348283e-01
1.691227443379780260e+00
2.601948822151269436e+00
1.792366590145489491e+00
2.311668082571812111e+00
1.392067531988408824e+00
1.392067531988408824e+00
8.164938033281388119e-01
1.520334350701604942e+00
1.520334350701604942e+00
2.579636032583755512e+00
1.903352993396129511e+00
1.569277308754368327e+00
1.569277308754368327e+00
1.067186182184009402e+00
1.095906138014322684e+00
1.095906138014322684e+00
1.963437564276908409e+00
1.366625258383935781e+00
1.534250813951889114e+00
9.581857917295206750e-01
1.367040100966510519e+00
1.798195888335952786e+00
1.421850890403584700e+00
8.803045930651989259e-01
8.803045930651989259e-01
1.548818043946738277e+00
4.585642784620544976e-01
4.585642784620544976e-01
2.565597416006516251e+00
2.565597416006516251e+00
1.746523089640390047e+00
1.746523089640390047e+00
9.197670017437004075e-01
9.197670017437004075e-01
2.550482924023757647e+00
2.433784871202499644e+00
2.433784871202499644e+00
1.615925451568082982e+00
8.541044224599606549e-01
1.996278099145924578e+00
1.827861949779375772e+00
9.677147943116510831e-01
4.878964346638776650e-01
2.693019702078038868e+00
2.388105349852186698e+00
1.193294327501938756e+00
1.735400493924162735e+00
2.302931396149451082e+00
2.302931396149451082e+00
5.920116673395603435e-01
1.506087986022508263e+00
2.062267343759512261e+00
8.274315638802692829e-01
2.117081255795818961e+00
1.864360147806423784e+00
2.431695154390370650e+00
1.290677284062651697e+00
1.290677284062651697e+00
1.700425318929595253e+00
1.700425318929595253e+00
1.411011298375059342e+00
9.781084906464995177e-01
9.781084906464995177e-01
1.930303581875843610e+00
6.917241101986200125e-01
1.539770752514545205e+00
2.130753330851599348e+00
1.213796544973682945e+00
1.213796544973682945e+00
2.093682050625379709e+00
1.959871042123396467e+00
6.419726753698425936e-01
6.419726753698425936e-01
8.847340066886413279e-01
2.607401146812855952e+00
1.841326512447829522e+00
2.409414633545533313e+00
2.409414633545533313e+00
2.552821955601282333e+00
6.806818208637985812e-01
5.713830761333194008e-01
5.713830761333194008e-01
1.022756589472102462e+00
1.144391568064323073e+00
1.864494060624815486e+00
2.241159456886968826e+00
1.237453144216911882e+00
1.237453144216911882e+00
1.686868125678281594e+00
9.040045319841488736e-01
9.040045319841488736e-01
2.390639528837216421e+00
1.786387807004864436e+00
2.666501252709152947e+00
1.244343781290464745e+00
2.292310909637310434e+00
2.665808017977679967e+00
2.221188217384454155e+00
1.999422727020906843e+00
2.299540946177702772e+00
2.299540946177702772e+00
2.452851515645848135e+00
1.691851815617383181e+00
1.883275606766126042e+00
1.642043508585087297e+00
1.642043508585087297e+00
2.023527865324191488e+00
1.270564759181261438e+00
8.182746967916708636e-01
2.004492958906436861e+00
2.567500047174136935e+00
2.567500047174136935e+00
1.841956201332414667e+00
1.841956201332414667e+00
1.209831068310488256e+00
3.988584805407918710e-01
6.386558740881599361e-01
1.770198113047244837e+00
1.434070941185567438e+00
1.434070941185567438e+00
1.434070941185567438e+00
1.890392212894632884e+00
1.848021543088452567e+00
6.250956281907417145e-01
1.424838088732388153e+00
1.830138617810185497e+00
1.076649540214916989e+00
1.076649540214916989e+00
7.260151002470096593e-01
2.538915207622593595e+00
9.704558510298190166e-01
1.938630644570282335e+00
1.495496988966990459e+00
2.348580362756963691e+00
1.691251171375671269e+00
1.550917581168143489e+00
2.802493191771272762e+00
2.802493191771272762e+00
1.508140933483301804e+00
1.405726439565265329e+00
1.759359713296999139e+00
1.759359713296999139e+00
1.646024110917820416e+00
1.396710249720410912e+00
2.247276260594425423e+00
1.432877930494430130e+00
2.474077286369128270e+00
1.641390902315071454e+00
1.641390902315071454e+00
1.406614429067714056e+00
1.290987734491067629e+00
1.103925809694076499e+00
2.785132309644350102e+00
2.785132309644350102e+00
1.895856908551927678e+00
1.895856908551927678e+00
1.135509869160802099e+00
1.135509869160802099e+00
1.135509869160802099e+00
2.112170938685577148e+00
5.451705739189510735e-01
2.343067152035631207e+00
2.741580777934113033e+00
2.123168959727939953e+00
1.511901151413158173e+00
1.545609343612894593e+00
1.482007506668221675e+00
1.482007506668221675e+00
8.618995715511167388e-01
2.053694607777003245e-01
2.053694607777003245e-01
1.588953383984977208e+00
1.588953383984977208e+00
1.026738271972920558e+00
1.339506580782881207e+00
1.450192389840129215e+00
1.450192389840129215e+00
2.615600071173687535e+00
2.615600071173687535e+00
2.391639940352267679e+00
2.092662836867511089e+00
2.206190735878269749e+00
2.417279234621866113e+00
2.417279234621866113e+00
1.577953101584914419e+00
2.293815211786993213e+00
2.293815211786993213e+00
1.019779856516595196e+00
1.252836198777063315e+00
2.472210962131708989e+00
3.565518353467701518e-01
2.148872710454785562e+00
1.665993971022394771e+00
1.665993971022394771e+00
1.381977922433672346e+00
1.946856007387332443e+00
1.402065806739966503e+00
1.608028871511315350e+00
1.608028871511315350e+00
1.608028871511315350e+00
2.369306277825579787e+00
2.046138015383693443e+00
1.946914312924121093e+00
2.775502938776117201e+00
2.117052882481032405e+00
2.128371310976801212e+00
2.128371310976801212e+00
2.128371310976801212e+00
1.916083225805297108e+00
2.104353127947674373e+00
1.953660634973628518e+00
1.636608124073110293e+00
2.509071658359761869e+00
1.249829637185319919e+00
2.757816287529872290e-01
8.871499531213079548e-01
6.063187359984605340e-01
2.089204564946549603e+00
1.058749441174345218e+00
1.439957122799387701e+00
2.008437326797942735e+00
2.013868900322958844e+00
2.369483130343399857e+00
1.997839282731286303e+00
1.997839282731286303e+00
1.599596491618233696e+00
1.540561324174176461e+00
2.472960749080659770e+00
1.732445730214337454e+00
1.481335146087664034e+00
1.487868127643485749e+00
1.487868127643485749e+00
1.775217355550313902e+00
1.775217355550313902e+00
3.039869130946215137e+00
3.039869130946215137e+00
2.040599564108826591e+00
1.644057511014566098e+00
1.857255306687757512e+00
2.240768409507302383e+00
1.545636092052425692e+00
1.545636092052425692e+00
2.536308124327227631e+00
2.026327567805346064e-01
1.822393251652288937e+00
1.453779562724210717e+00
1.217404745259259791e+00
2.146485465559085259e+00
2.542622649052001638e+00
1.041619493223244985e+00
1.041619493223244985e+00
1.041619493223244985e+00
8.010415721207005957e-01
1.241262282984419318e+00
1.241262282984419318e+00
1.407956589272434833e+00
1.511866193628552235e+00
1.416839485207270988e+00
1.913805026990202718e+00
1.913805026990202718e+00
1.496020198284770064e+00
1.496020198284770064e+00
1.486666095354312045e+00
1.405532946958144347e+00
1.405532946958144347e+00
1.951121952444051955e+00
1.824013306007231883e+00
1.933925903489010834e+00
1.933925903489010834e+00
1.992579476584871889e+00
1.992579476584871889e+00
9.866136711218375099e-01
3.564096195290406000e-01
1.047577083429343858e+00
1.047577083429343858e+00
2.555790096342671625e+00
2.555790096342671625e+00
1.378789751109201767e+00
2.183987150525948717e+00
1.994064502194967003e+00
1.697112617762263520e+00
2.092481856575509891e+00
2.092481856575509891e+00
2.201020162505151312e+00
1.376577360990944410e+00
1.376577360990944410e+00
2.104789338000710330e+00
2.595253891673805491e+00
2.568647349218874165e+00
1.683547557231454883e+00
1.604458958452041895e+00
1.604458958452041895e+00
2.254290551074466631e+00
1.037099105408315181e+00
9.975020598903404645e-01
1.176951605453862681e+00
1.689691509805974601e+00
1.986305529025756966e+00
1.986305529025756966e+00
2.432523580125920404e+00
1.288190884774419676e+00
2.061181869158388746e+00
2.189021194388169000e+00
2.189021194388169000e+00
1.682301313246790553e+00
1.996858330919395241e+00
2.290374042435836088e+00
2.290374042435836088e+00
2.290374042435836088e+00
1.678443633922735323e+00
1.678443633922735323e+00
1.176181276131139652e+00
2.253970492818282434e+00
2.052804412841939374e+00
1.970770633546855111e+00
2.252625789175754178e+00
1.910769027940472986e+00
1.582221946330825801e+00
8.703249618463695381e-01
1.547819931092434542e+00
2.713474356250920927e+00
1.122581783395658617e+00
1.811130293989244189e+00
2.013353629053885818e+00
2.142891159552172908e+00
2.236551851638691080e+00
2.430836203088343250e+00
2.034977370555800302e+00
1.541084807172039550e+00
1.836074804155862772e+00
2.180718486643560272e+00
1.261355801436690349e+00
6.901576204846087137e-01
2.226071959315122140e+00
2.169017528977286613e+00
1.066300338831357442e+00
1.066300338831357442e+00
1.692251225208840637e+00
1.303332873486634069e+00
1.336265727576927187e+00
1.336265727576927187e+00
1.709042941936482318e+00
1.709042941936482318e+00
1.814908346805954364e+00
8.976731838241640560e-01
8.976731838241640560e-01
1.632848656172900537e+00
1.431354069741151758e+00
2.156951863334533925e+00
1.499701871005716836e+00
1.989234111787971271e+00
5.573211679650669215e-01
1.468727978522681443e-01
1.689988400812198366e+00
1.648255197243164272e+00
2.756888864018301355e+00
1.649024851885270593e+00
2.766062235550574844e+00
2.766062235550574844e+00
4.627210441256476847e-01
1.956706413110401721e+00
1.956706413110401721e+00
2.459989478192862844e+00
2.459989478192862844e+00
1.222305664514216739e+00
1.619074459057609161e+00
1.275837502575125848e+00
1.568036728416611902e+00
1.578504758037518663e+00
2.045106668603015265e+00
9.450812898296548914e-01
2.301002685943244863e+00
1.875912892260318099e+00
6.496695029640215946e-01
1.909404850268567655e+00
6.000358556889149320e-01
1.224790980917903838e+00
1.952713854955063333e+00
1.453816630855394143e+00
9.239606129814396107e-01
1.671178574121283233e+00
1.026204563905580125e+00
1.160152022328006849e+00
1.961085248975837692e+00
2.379253936807626868e+00
2.264506643662894003e+00
1.297792062485831011e+00
1.297792062485831011e+00
8.180422634080992683e-01
6.624241952731112493e-01
2.761683651629452285e+00
2.831051272837893151e+00
2.831051272837893151e+00
1.794948550077740013e+00
1.794948550077740013e+00
2.009961686147927917e+00
1.469265914543431029e+00
1.469265914543431029e+00
1.837427520593829300e+00
8.532279132257407639e-01
1.362467412477033291e+00
1.560262567025193725e+00
1.918110727343819377e+00
2.189670331590123364e+00
2.169367227746548110e+00
7.730462061057897794e-01
2.488895817957891499e+00
2.488895817957891499e+00
3.087260380778987567e+00
3.087260380778987567e+00
4.894935162142367013e-01
2.380760124756555296e+00
1.562273826946797950e+00
1.884097916212460921e+00
2.806543541411707920e+00
1.584031073451426241e+00
1.762860969087144403e+00
1.760112607600096357e+00
2.724022849821300607e+00
2.454498282151062138e+00
2.177694465209569774e+00
9.437542475501009553e-01
2.217220544061369925e+00
1.344359482730671296e+00
1.120162785991269949e+00
1.688310596296903165e+00
1.940118344031746211e+00
7.356956352742100025e-01
5.891999511410500601e-01
2.548695401030831142e+00
2.750507703080049104e+00
2.750507703080049104e+00
3.105127352951959629e+00
3.105127352951959629e+00
2.254576275967632437e+00
5.990329505070626226e-01
1.305414776684953537e+00
1.305414776684953537e+00
1.305414776684953537e+00
1.908436508848985413e+00
1.269262986699095430e+00
1.902854851033182637e+00
1.644197137614284321e+00
8.803016426066897493e-01
8.803016426066897493e-01
1.533987406672976839e+00
1.698257485506766917e+00
1.395582156163862608e+00
6.967290676184061393e-01
1.764290404018188818e+00
1.830959342546840896e+00
9.499634814444005704e-01
9.499634814444005704e-01
9.499634814444005704e-01
2.755692603524816597e+00
2.755692603524816597e+00
2.062938194136231917e+00
1.152633081653618552e+00
1.323504404235918974e+00
1.557383189672915780e+00
1.535862156027229863e+00
1.583264616894010990e+00
2.876952035687295961e+00
1.415905499235690090e+00
5.640915380672268942e-01
9.852042510199573444e-01
1.828398417109532659e+00
1.549157413545345419e+00
1.636742640504152746e+00
1.137276654166881062e+00
1.606242880935430106e+00
1.760251975154949911e+00
2.336033208927449145e+00
2.048660591048571789e+00
9.881075646954156078e-01
2.041152331306092638e+00
2.183112081780452574e+00
2.862774414891286590e+00
2.037086868292057318e+00
1.314438528714170440e+00
1.314438528714170440e+00
1.445769049049820065e+00
2.369351087402777445e+00
2.097349321366015484e+00
3.788525510278302755e-01
1.373464147014980652e+00
2.294048750310614171e+00
1.586274768321663142e+00
7.201337600631193547e-01
2.484677907635647109e+00
2.072672329256702639e+00
6.547437272674657693e-01
7.715383135547052573e-01
7.715383135547052573e-01
2.248030061811773450e+00
2.496650190464898333e+00
2.496650190464898333e+00
4.581193613605817894e-01
2.578188225868218719e+00
2.647489571632366090e+00
1.839633335814531812e+00
1.842811406169008848e+00
1.499958473543870463e+00
9.928708755205388758e-01
2.412506443221717589e+00
1.596968317193387277e+00
2.256475804381042671e+00
8.315865650303500001e-01
1.910093339369685728e+00
8.197182350661947892e-01
8.197182350661947892e-01
1.227757393099750738e+00
2.637066855160070666e+00
2.829071594272647872e+00
2.829071594272647872e+00
1.494980882758979668e+00
1.612622065653369852e+00
1.976951223902747135e+00
1.127151472229660278e+00
2.665664063413433205e+00
2.665664063413433205e+00
2.386167805879288117e+00
2.276142117490384198e+00
8.216306813441094370e-01
1.581427176864860451e+00
1.581427176864860451e+00
1.231625213707410627e+00
7.148118678578786467e-01
7.148118678578786467e-01
1.328939719648352336e+00
1.132124089909837261e+00
1.132124089909837261e+00
2.466111494555150330e+00
1.679582722189440380e+00
1.679582722189440380e+00
1.121627280972081087e+00
2.198130564638602902e+00
1.130249747717197106e+00
4.902339594023724101e-01
2.762776234372674278e+00
1.208016169462864609e+00
2.644548622123044535e+00
2.644548622123044535e+00
1.363032452618166745e+00
2.045250989775524886e+00
1.808087048031080224e+00
1.818113159127531464e+00
1.949957180569205528e+00
1.211477386075691554e+00
1.211477386075691554e+00
1.211477386075691554e+00
1.211477386075691554e+00
1.811142962214096208e+00
1.811142962214096208e+00
1.811142962214096208e+00
1.811142962214096208e+00
1.933720718554848839e+00
2.147433595164292885e+00
1.939778739867944690e+00
2.322055331151293256e+00
2.322055331151293256e+00
2.334941227990215751e+00
2.334941227990215751e+00
1.661685086421808455e+00
1.812872349522322013e+00
1.812872349522322013e+00
1.678390346072528239e+00
1.678390346072528239e+00
1.678390346072528239e+00
2.651052441249236669e+00
5.726255018801531538e-01
1.675148261537910299e+00
6.306876705177766329e-01
2.463684215355595786e+00
2.463684215355595786e+00
2.463684215355595786e+00
1.579918114381481331e+00
2.153876847615116219e+00
1.905950899630862283e+00
1.610055849838075481e+00
1.946531823109354020e+00
1.946531823109354020e+00
2.826079119446879950e+00
1.014888359042274590e+00
1.128202380123276782e+00
2.096605094951595749e+00
1.108287552536808551e+00
1.510688452133237103e+00
2.638037273640417180e+00
2.638037273640417180e+00
2.638037273640417180e+00
1.266871988624698186e+00
2.226080391953840554e+00
2.226080391953840554e+00
1.765571007728206743e+00
1.451966111317455788e+00
1.177688146703544492e+00
2.841491511563703831e+00
1.711434673534296236e+00
1.711434673534296236e+00
1.711434673534296236e+00
3.368232690941782015e-01
1.298187858966875163e+00
1.769042489334569757e+00
1.769042489334569757e+00
1.626633364516850699e+00
1.725722612472537332e+00
1.725722612472537332e+00
1.725722612472537332e+00
1.415709145898673915e+00
2.708500809602395698e+00
2.708500809602395698e+00
1.424366696812024324e+00
1.803705712281456375e+00
1.101544944000105275e+00
1.832020850994142247e+00
2.824050070395512702e+00
2.824050070395512702e+00
2.170171417122313429e+00
2.409970369127417467e+00
2.409970369127417467e+00
2.783585974951514164e+00
1.538565693487620845e+00
2.168594809485486774e+00
2.544766600765561382e+00
2.401228104613174708e+00
2.401228104613174708e+00
1.368031469149848744e+00
2.786400313209038693e+00
2.442572372740138498e+00
2.469737329121003633e+00
2.003159801365210768e+00
1.524765939011634375e+00
2.895752684919300712e+00
1.113392745049239352e+00
1.399783921973402068e+00
1.399783921973402068e+00
1.399783921973402068e+00
2.296165096375605952e+00
1.671211847498014880e+00
1.671211847498014880e+00
8.012756202471246203e-01
1.707841933319323546e+00
5.936342825202276519e-01
5.936342825202276519e-01
2.602296890906800275e+00
2.000942232527323394e+00
8.920172580047092126e-01
1.684428166092395207e+00
9.964707353769745035e-01
2.997995456745187415e+00
2.389627288201891187e+00
2.389627288201891187e+00
2.443914059756949086e+00
1.544650566906302869e+00
1.544650566906302869e+00
2.349298457884106295e+00
1.807061216978502749e+00
1.023113153591324043e+00
1.023113153591324043e+00
2.771545003705790933e+00
1.692413662543319042e+00
1.022272979557193651e+00
2.507114223442796330e+00
2.010230042099232950e+00
2.010230042099232950e+00
1.344384768921270235e+00
2.905446941266890404e-01
2.549766777819938213e+00
2.661764076920001720e+00
2.570893275287969626e+00
2.570893275287969626e+00
1.772255555245134673e+00
1.912272118190439629e+00
1.912272118190439629e+00
2.221881900046752900e+00
2.017033217351637209e+00
2.213858328237775286e+00
1.829817002152963834e+00
1.636450638656733902e+00
4.755785437226648371e-01
2.205270410106898726e+00
1.420222789926449680e+00
1.276111331443113617e+00
1.797015855940996998e+00
1.296747903982050198e+00
1.491102419108089050e+00
1.491102419108089050e+00
1.491102419108089050e+00
5.526309135672560213e-01
2.468255985080709536e+00
1.231624107138275803e-01
2.180964385148423279e+00
1.497104302374758333e+00
8.685720999654327201e-01
2.552467401329847174e+00
2.552467401329847174e+00
2.552467401329847174e+00
2.660234085992114306e+00
2.660234085992114306e+00
6.113110954826560528e-01
6.113110954826560528e-01
2.526836009297085184e+00
7.283176344525277290e-01
1.021812008298317531e+00
1.021812008298317531e+00
8.859839623928331687e-01
2.716276462065162267e+00
2.716276462065162267e+00
1.643288515517981496e+00
1.851774393911080230e+00
2.196554539896828917e+00
2.196554539896828917e+00
2.730000807814734642e+00
2.730000807814734642e+00
2.189461227985308955e+00
2.189461227985308955e+00
1.167372870995216028e+00
6.559208027820094822e-01
1.569841395086462255e+00
2.431694968943876045e+00
2.431694968943876045e+00
2.431694968943876045e+00
1.739423789187455549e+00
2.367996861128935038e+00
2.367996861128935038e+00
2.040035351870389757e+00
2.040035351870389757e+00
2.508049181823380547e+00
2.460605683167256252e+00
1.291038588360030159e+00
3.621913877663782699e-01
3.621913877663782699e-01
1.455154616898508113e+00
1.997419021817932627e+00
2.345352676757899602e+00
7.967221031915667773e-01
7.967221031915667773e-01
2.231703282104256392e+00
1.653133802892907234e+00
2.218123057635610351e+00
3.081978103647757816e+00
1.892194781633036671e+00
1.892194781633036671e+00
2.613529584003423611e+00
2.275274694482166460e+00
6.172591806801988046e-01
1.300915000128966215e+00
1.688780236272276358e+00
1.333368621968841872e+00
1.401282255820033074e+00
2.269220555068146794e+00
2.383289217903475699e+00
1.305986118502113769e+00
2.670081863940803046e+00
2.238414136670375587e+00
1.419958647760616754e+00
1.968928193325775178e+00
1.968928193325775178e+00
1.968928193325775178e+00
1.760155058836895936e+00
2.386556748838002395e+00
4.117658398025977884e-01
1.965782101072624410e+00
7.164327814704575248e-01
2.369797135831985369e+00
1.458099263438992654e+00
2.968532291868532624e+00
2.344944531643490038e+00
1.224617684679889296e+00
1.039823153428079738e+00
2.693995395863053588e+00
8.767517305865347721e-01
8.767517305865347721e-01
2.778330830942424168e+00
2.417789702133526397e+00
1.041767451386333088e+00
1.041767451386333088e+00
2.727778253790981378e+00
1.914855940293448411e+00
1.151829451057122533e+00
1.151829451057122533e+00
1.749410269225816661e+00
1.507185867294390080e+00
1.524630693823369798e+00
1.604969468854608561e+00
1.244856326824567816e+00
2.650881962917978285e+00
1.268046233551022972e+00
1.268046233551022972e+00
1.268046233551022972e+00
7.137226065863518931e-01
1.607932736462321266e+00
2.210388619030078328e+00
2.507592470288354747e+00
2.808514309022673405e+00
2.749123373842411233e+00
1.861252310392373488e+00
2.165304704542404313e+00
6.915280019126472943e-01
8.660631579143284187e-01
1.364412378589290764e+00
2.078477096064325291e+00
4.357015622002035626e-01
1.939000646647039305e+00
1.592886290263672455e+00
1.864601388005660221e+00
1.807796961894814869e+00
3.711885679809264760e-01
3.711885679809264760e-01
7.493632260196680939e-01
2.010028616043403549e+00
2.121554909104072628e+00
2.121554909104072628e+00
2.269130697807513641e+00
7.554164984989127918e-01
6.988785840128719506e-01
1.172267493241361924e+00
1.443454328826307087e+00
1.122288862390796282e+00
1.066756734614104696e+00
1.066756734614104696e+00
1.953971219515280300e+00
2.443013130127558608e+00
3.014358397753583940e+00
2.232612488777487414e+00
2.232612488777487414e+00
2.232612488777487414e+00
1.789161909935426564e+00
2.141923879164337574e+00
2.141923879164337574e+00
2.889088579334804785e-01
9.357945846523778588e-01
9.775958147411629717e-01
9.775958147411629717e-01
1.732587190406603250e+00
6.646123104638828050e-01
4.066554778862599417e-01
2.244912124856240254e+00
2.244912124856240254e+00
1.726698382816510557e+00
2.409106293448054270e+00
2.254680297683594237e+00
2.254680297683594237e+00
1.461592770728836310e+00
1.735278180724457497e+00
2.848592467023115749e+00
1.253290362753360476e+00
1.931634565411217697e+00
1.843360542498021726e+00
1.843360542498021726e+00
1.587301298341883271e+00
1.120406949154005849e+00
1.120406949154005849e+00
1.675921548291159136e+00
2.113700187389045748e+00
2.113700187389045748e+00
1.435465225830524716e+00
1.435465225830524716e+00
1.669962408873676418e+00
1.669962408873676418e+00
1.730596077155777124e+00
3.114780614378576562e+00
1.758217448368549762e+00
1.758217448368549762e+00
1.659039690242865461e+00
1.659039690242865461e+00
1.090260661972170642e+00
2.107771746358984899e+00
1.821146136928436965e+00
2.450053396590419652e+00
2.346538779251208684e+00
1.637553660252178522e+00
8.567089503396368988e-01
8.567089503396368988e-01
8.567089503396368988e-01
2.176488251814096664e+00
2.176488251814096664e+00
1.367628357064773592e+00
2.020650471026554040e+00
2.026602383299041410e+00
2.026602383299041410e+00
1.990320690895740485e+00
1.258264860997366785e+00
1.866405335428811707e+00
1.866405335428811707e+00
1.993735769361864696e+00
1.993735769361864696e+00
1.425500573435762419e+00
9.231382032717445618e-01
9.231382032717445618e-01
9.231382032717445618e-01
2.615671794390173943e+00
1.838044660357310622e+00
2.742606243180135905e+00
2.539265040709720811e+00
2.122781170138272611e+00
2.005948030748434974e+00
2.005948030748434974e+00
1.421944927798835856e+00
1.986093921328857315e+00
9.683531442348553009e-01
9.683531442348553009e-01
1.806218671639636897e+00
1.806218671639636897e+00
1.254884549465554944e+00
1.964055093840376465e+00
2.476163767134768268e+00
2.476163767134768268e+00
2.476163767134768268e+00
2.476163767134768268e+00
1.510669113585955570e+00
1.510669113585955570e+00
2.067716561538118558e+00
1.578216081254501413e+00
1.578216081254501413e+00
1.474589349442119168e+00
2.063569463640825941e+00
2.063569463640825941e+00
2.063569463640825941e+00
2.791466495063761766e+00
4.383299601531751577e-01
1.485586076153160295e+00
1.485586076153160295e+00
2.202364457234427420e+00
2.096374689439677752e+00
1.963511325583416456e+00
6.768210660600540995e-01
6.768210660600540995e-01
2.110172822127754255e+00
6.478731425355122031e-01
2.531225941163538273e+00
2.203914253981593685e+00
2.584587893518246027e+00
1.914183751141791623e+00
1.391605656129315305e+00
1.391605656129315305e+00
1.391605656129315305e+00
2.298331530864246020e+00
1.702748654592137090e+00
2.854359534155531453e+00
2.062265627354704645e+00
1.418852936192030123e+00
2.312828885482414165e+00
2.941027740504231325e+00
3.041513933441041484e+00
3.041513933441041484e+00
2.512095016597156949e+00
1.662137191113789880e+00
8.462520404632661863e-01
8.462520404632661863e-01
8.813184236243213343e-01
8.813184236243213343e-01
1.866199964053804505e+00
2.204898283542930493e+00
1.908169372097928029e+00
3.331703165720854565e-01
2.750197688992439993e+00
2.233114716101383124e+00
2.233114716101383124e+00
1.648762472214123420e+00
1.831234201578023857e+00
1.831234201578023857e+00
2.126703944587766681e+00
1.675282387531702666e+00
2.251055837387728076e+00
2.397132746263360925e+00
2.397132746263360925e+00
2.378289663774686424e+00
2.378289663774686424e+00
1.328888005018717733e+00
2.627196507265582959e+00
2.300188421662580751e+00
2.300188421662580751e+00
2.300188421662580751e+00
2.300188421662580751e+00
2.161543843348649130e+00
1.610319995838373597e+00
2.155965396845800353e+00
2.327327495434131865e+00
2.294444279551711929e+00
2.274541754399795224e+00
1.556752063732866675e+00
1.060785546194687345e+00
2.378802057931553637e+00
2.378802057931553637e+00
1.858335470763359920e+00
1.858335470763359920e+00
2.163227167740632062e+00
2.106452919648322375e+00
1.479145648840721083e+00
5.968761634255711490e-01
1.627738794631431452e+00
4.076204448070110398e-01
1.376017710912935899e+00
2.755321336748894456e+00
2.313334214606803663e+00
2.625511319622936934e+00
1.560622855169136791e+00
9.831347219389401371e-01
9.831347219389401371e-01
2.117898774702850151e+00
2.117898774702850151e+00
1.871035354908602288e+00
1.820389760782242794e+00
1.820389760782242794e+00
1.753393447700423380e+00
1.511965423882326576e+00
2.141067142452055094e+00
2.281586032562554323e+00
1.990142679477999721e+00
2.613246879489817598e+00
1.502761581211208286e+00
1.502761581211208286e+00
6.985388800587849500e-01
2.424640582564626889e+00
2.424640582564626889e+00
2.424640582564626889e+00
2.825046646266647254e+00
2.825046646266647254e+00
2.825046646266647254e+00
9.356097418980330316e-01
9.356097418980330316e-01
1.881347611560232114e+00
9.286961022180373337e-01
9.286961022180373337e-01
1.832280901341599710e+00
2.113248705325188492e+00
2.223185113313129069e+00
1.429710549837950539e+00
1.855691731368483754e+00
1.855691731368483754e+00
5.741835400497569131e-01
2.740414570989963661e+00
1.186776293478241318e+00
1.186776293478241318e+00
1.186776293478241318e+00
8.861638822071741250e-01
2.494955922961404671e+00
2.561537336496402695e+00
1.474752747784821016e+00
2.461693562847159455e+00
2.000242359061601416e+00
2.164265204691588895e+00
1.905169334897997668e+00
1.835595527094672219e+00
2.332885967488031564e+00
2.607958472179420006e+00
1.067830180969612908e+00
2.399707845326742639e+00
2.497136801196763845e+00
2.322546987518800954e+00
2.698663967058768876e+00
2.698663967058768876e+00
2.698663967058768876e+00
2.113944617749923260e+00
2.113944617749923260e+00
2.266472577007090816e+00
2.062118389978489397e+00
2.687011016351543269e+00
2.383206897458470586e+00
1.520775023310776186e+00
2.087042732728075833e+00
1.900228787371342154e+00
2.614742918576030029e+00
2.371891569913662678e+00
2.730569645898794917e+00
2.514651159281449111e+00
1.742912038690976440e+00
1.785695326078855283e+00
2.231449937229715186e+00
2.231449937229715186e+00
2.458793756066036451e+00
2.786033351772370548e+00
2.515285511292388421e+00
2.014180697044040791e+00
5.217306776825187953e-01
1.986884068882763366e+00
1.986884068882763366e+00
2.220394161185811566e+00
2.352759175027292482e+00
2.712719143888451256e+00
2.073944697315794450e+00
2.073944697315794450e+00
2.545534930819342456e+00
1.617717996390100055e+00
1.617717996390100055e+00
5.793220486665879854e-01
1.423536762031335279e+00
1.627528326370176526e+00
2.179907112320896179e+00
2.184009645486141515e+00
3.029175330220930107e-01
3.029175330220930107e-01
1.466942121129563903e+00
1.466942121129563903e+00
2.118836909904973087e+00
2.124692221780021040e+00
1.419826608618141028e+00
2.588720199715150549e+00
1.902185248271119233e+00
1.627033341192171578e+00
2.163054281311845628e+00
2.163054281311845628e+00
2.616515248449335029e+00
2.815773594824154014e+00
2.815773594824154014e+00
9.779157173636405798e-01
2.064796469945479718e+00
2.752073184748932366e+00
2.752073184748932366e+00
9.581889105253924566e-01
1.637640443058767659e+00
1.637640443058767659e+00
2.147882372399095630e+00
2.362394054235473106e+00
2.161273902259615909e+00
2.276548672194582235e+00
2.284354223389762240e+00
2.737502857507616572e-01
2.590857780919334274e+00
2.984649884367373218e+00
2.078595934400987222e+00
1.650559338046410529e+00
1.077554145914064510e+00
2.087390365969201689e+00
1.203615162976014563e+00
2.016448962166168091e+00
2.556029402733338340e+00
9.879826720978645005e-01
2.198012881203224911e+00
2.198012881203224911e+00
1.405221737143075744e+00
1.405221737143075744e+00
6.923910207748560364e-01
8.065174333002274043e-01
8.065174333002274043e-01
2.304292683478608605e+00
2.304292683478608605e+00
1.333865203786245512e+00
1.397069931924281638e+00
2.445262478717208143e+00
2.514918042916122420e+00
1.352720029823271553e+00
1.822670530307456183e+00
2.014529879355826836e+00
2.014529879355826836e+00
7.633663939324155656e-01
2.086863072065466174e+00
1.050573869147271022e+00
1.050573869147271022e+00
1.520644715532795788e+00
2.124073839770380889e+00
2.694531781386967140e+00
1.722181711983889363e+00
1.722181711983889363e+00
2.876477517076006851e+00
2.582501198576191648e+00
2.582501198576191648e+00
1.589065632090985281e+00
2.795625529316088098e+00
2.795625529316088098e+00
2.346155285528215728e+00
2.595898354260608443e+00
1.772269722943085490e+00
1.935885666779611602e+00
2.047212948433452251e+00
5.771624354899008713e-01
5.771624354899008713e-01
1.687673660832636369e+00
1.687673660832636369e+00
1.225179589788718770e+00
2.008159784925633851e+00
2.008159784925633851e+00
7.068416587031276510e-01
2.269585340099713466e+00
2.037113226364172913e+00
2.536240639146528864e+00
1.537046086398522471e+00
1.067569767109890044e+00
1.067569767109890044e+00
2.996107401958648442e+00
1.647046309744944148e+00
1.647046309744944148e+00
1.523838012161159883e+00
2.071521646982966924e+00
2.503369802657652965e+00
1.070093602572223190e+00
1.919684727439938232e+00
1.919684727439938232e+00
1.902928923927008187e+00
3.646570509143505778e-01
1.412712935401893022e+00
9.193832307941511850e-01
9.193832307941511850e-01
1.050822365198321728e+00
2.136492951067579860e+00
2.864237339447633257e+00
2.864237339447633257e+00
1.944404569616856593e+00
1.895339520093987984e+00
1.241007911003950470e+00
1.661659048450432774e+00
2.701146255603460222e+00
2.323823245853445130e+00
1.732136028100135228e+00
1.732136028100135228e+00
1.160101856855488611e+00
1.804266175064697109e+00
1.024565336357680323e+00
2.457341943512655558e+00
2.774441924088007383e+00
1.485325127600586770e+00
1.404299468184696087e+00
1.666396357349610335e+00
1.634208921267280790e+00
1.824861682178717137e+00
2.271399437838792945e+00
2.129481382097159425e+00
1.901583412307600529e+00
7.230220045278745733e-01
9.972823272986151011e-01
1.505341900823428336e+00
1.317230051778847999e+00
1.317230051778847999e+00
1.843823287738804773e+00
1.255039597407420437e+00
1.255039597407420437e+00
1.646685328861248632e+00
1.646685328861248632e+00
2.552604040548758668e+00
2.089647307802925180e+00
2.089647307802925180e+00
2.462696371272155016e+00
1.380112005465937486e+00
1.781883587702582261e+00
1.781883587702582261e+00
2.738043826124710645e+00
2.738043826124710645e+00
1.652556318383726186e+00
1.652556318383726186e+00
2.053773692741795109e+00
1.040565086001394857e+00
2.568320822237189827e+00
1.621172693861536729e+00
1.830756669976606466e+00
2.730333434416980065e+00
2.150888020360381070e+00
2.602184156581814456e+00
2.500871386347912395e+00
1.770172502661386371e+00
1.950251201896471942e+00
1.950251201896471942e+00
1.600578139710135739e+00
1.600578139710135739e+00
9.575997083698916112e-01
9.575997083698916112e-01
1.389856236854145832e+00
1.090046900095273053e+00
1.659510722027420115e+00
2.359294365102586610e+00
2.359294365102586610e+00
2.081339228549678122e+00
8.474127852518843484e-01
2.076524614414483327e+00
1.896421685472164720e+00
1.671628246098945336e+00
1.763631645428408001e+00
2.448869694364837812e+00
2.448869694364837812e+00
2.551562030419404881e+00
9.149120245026055587e-01
8.795888305509873550e-01
1.538674628543007739e+00
1.376341414981631317e+00
1.376341414981631317e+00
5.723088524952205658e-01
7.741820501788305720e-01
1.928492425396950205e+00
2.344949227776440104e+00
8.422880289813164945e-01
8.285343598404482091e-01
2.444836541334397317e+00
1.959494999369201240e+00
2.617425141628720198e+00
2.675046851415129545e+00
1.898933019706434244e+00
1.898933019706434244e+00
2.047377410252309460e+00
2.047377410252309460e+00
2.526210765143735770e+00
2.282026291075640145e+00
2.282026291075640145e+00
1.793681176468027383e+00
2.367476566754395328e+00
8.949193375340840362e-01
2.191603188075598396e+00
1.600327350887805755e+00
1.953722239878439293e+00
2.389968053360895794e+00
8.776223044195162748e-01
8.776223044195162748e-01
8.776223044195162748e-01
1.380743227365027526e+00
1.380743227365027526e+00
9.141781480151329742e-01
2.630359843027585853e+00
2.404992875171140909e+00
2.404992875171140909e+00
2.258401687315549466e+00
1.977417705444663998e+00
2.678663349872653754e+00
1.704351072738691020e+00
1.599029977542005820e+00
1.537531868142312685e+00
1.388694664526690881e+00
1.817096752538777560e+00
2.954585014988877045e+00
9.483572086550983160e-01
9.223912618998610924e-01
2.451319724834664537e+00
1.683526760174040238e+00
2.659004438398763881e+00
1.891029051667245442e+00
1.961092878219603763e+00
1.281166587332962070e+00
1.281166587332962070e+00
4.868954430336107642e-01
2.607828274063004770e+00
2.607828274063004770e+00
1.820067487117767335e+00
1.664088476268435368e+00
2.447229768851212572e+00
1.627788314101585421e+00
1.281375646700511295e+00
1.121954201277324259e+00
2.756770055655706653e+00
2.403837606097949386e+00
1.326102765395195560e+00
1.848449365655385535e+00
1.929335913383919632e+00
1.929335913383919632e+00
1.329080647722616915e+00
1.329080647722616915e+00
2.462855282483408903e+00
1.306424753787334136e+00
1.444116241909649156e+00
1.199041213692710439e+00
1.496976010548433988e+00
2.170531989001360351e+00
2.900729138377458938e+00
2.900729138377458938e+00
1.125037405381401623e+00
1.508325735334826057e+00
1.145480624886250132e+00
1.966324330130012177e+00
2.481787249453154764e+00
7.952236907209759842e-01
1.764274895532688958e-01
1.764274895532688958e-01
1.433355999603836750e+00
1.433355999603836750e+00
1.433355999603836750e+00
1.429570738047345024e+00
9.660442150931526362e-01
1.966966397228756103e+00
2.942512703878545466e+00
2.942512703878545466e+00
8.606720613479219573e-01
2.859167073044079022e+00
2.500414191279901832e+00
1.410428504748595824e+00
2.124086184243709319e+00
3.017855737458770005e+00
2.278545259718453675e+00
2.278545259718453675e+00
2.260151144855618632e+00
3.093595027740397185e+00
3.093595027740397185e+00
2.506511356577223015e+00
2.402957608751718488e-01
2.402957608751718488e-01
1.972447503946924030e+00
2.248097635066250710e+00
1.497687021669282359e+00
1.486989173515137486e+00
9.428295372496662274e-01
1.213032685568578906e+00
2.355670803982656381e+00
2.441020988887521170e+00
1.335482170069208552e+00
2.535173226366390420e+00
2.280402146712032341e+00
1.252529126189457997e+00
2.191619336855753275e+00
2.191619336855753275e+00
1.991864570785131017e+00
1.991864570785131017e+00
1.663374628950251788e+00
2.248638130364197796e+00
2.246262527783410956e+00
1.991199933422788337e+00
7.485411656132442415e-01
2.178210935541224469e+00
1.283198700774059731e+00
1.010660779430907263e+00
2.376976154065991942e+00
3.279691742733705784e-01
3.279691742733705784e-01
2.353227105097673633e+00
6.635595726276408701e-01
2.262037894150038309e+00
2.263086122734454086e+00
3.051718128755175563e+00
3.051718128755175563e+00
2.481500660095604882e+00
1.332808130067242525e+00
1.362349407144527236e+00
2.337839864927691025e+00
1.173879199661106654e+00
9.225676076564663930e-01
1.938755136726199479e+00
1.806283877855486164e+00
2.392418047573257933e+00
2.577017521273178513e+00
2.577017521273178513e+00
2.577017521273178513e+00
7.721474931367490191e-01
1.141456424264067460e+00
1.141456424264067460e+00
2.278397188561215536e+00
2.178778677004150399e+00
1.634780205640419037e+00
1.717639584592791202e+00
1.095086457183999329e+00
2.839265608607997482e+00
2.079647935977430251e+00
2.079647935977430251e+00
1.322885015363499006e+00
2.854625199142757364e+00
1.470628391210013097e+00
1.470628391210013097e+00
1.276336350284094534e+00
1.188026096616091154e+00
1.656371131718301859e+00
1.819822150734672350e+00
1.819822150734672350e+00
1.401721606960976585e+00
