tilt_1
1.521678480563346536e+00
1.130706508305164837e+00
1.208956259682891776e+00
1.598982971246650120e+00
1.807152483450116032e+00
1.076117085877702051e+00
1.464680850274154178e+00
5.921189877894719178e-01
1.101233069413115606e+00
1.299813653318250717e+00
1.304261456423869703e+00
1.304261456423869703e+00
7.230743181599079694e-01
1.230314952482813418e+00
1.014523031575828238e+00
1.758339301036444313e+00
3.160995124183691996e-01
3.160995124183691996e-01
1.490503047520040480e+00
1.975343473274411732e+00
7.790987793267030170e-01
1.358466557867215041e+00
1.358466557867215041e+00
1.259720424444155995e+00
8.012222333723727496e-01
8.012222333723727496e-01
1.989049384638788665e+00
1.254172215298321014e+00
9.989530115365019558e-01
9.519280281431538038e-01
1.601320909007418525e+00
1.773866412310537655e+00
1.523401390181652992e+00
2.982931340818542054e+00
1.128099858740084782e+00
1.821241955556022862e+00
3.875113374522532461e-01
1.129335801322180588e+00
8.896310698752102342e-01
3.159065712651043523e-01
1.074877047150806897e+00
2.403793434298743925e+00
9.646295332184429139e-01
1.003664536728780643e+00
1.239532363176010454e+00
4.659924049636384180e-01
1.840601668550059022e+00
1.840601668550059022e+00
1.163229162176409925e+00
2.276503599274413592e+00
2.413232212193921478e-01
1.728682224707080328e+00
1.417689045495424960e+00
7.435560819126728616e-01
1.396096965162239689e+00
2.426752372293754956e+00
6.483633906938778280e-01
2.117653199020894661e+00
8.430199883285602880e-01
7.474254951326479990e-01
6.830130977733259723e-01
1.462976074951894967e+00
1.280721268324975792e+00
1.280721268324975792e+00
1.257037112874100027e+00
1.544337439352033048e+00
1.810514453186173212e+00
2.113102542770471270e+00
2.304107766118138834e+00
2.304107766118138834e+00
1.223775108130246370e+00
1.748084718341457400e+00
1.643100293721251770e+00
1.268933915811031321e+00
2.388097748386735386e+00
1.543256474646691023e+00
1.543256474646691023e+00
2.063167140794214927e+00
1.362323788605181329e+00
1.340530591515747272e+00
1.663323412386298328e+00
1.572332283447211543e+00
1.572332283447211543e+00
1.783647026634514576e+00
9.971797055510291941e-01
1.397254087858030402e+00
1.397254087858030402e+00
3.012605603132254561e+00
8.645422803678277646e-01
1.081746916168895511e+00
1.913921889509517360e+00
4.847011263632236000e-01
7.993958158124524482e-01
8.915986364457222368e-01
1.190712258583651817e+00
1.916904321401169842e+00
1.916904321401169842e+00
2.034826787716128571e+00
6.843378458929861852e-01
1.702981996628476935e+00
1.702981996628476935e+00
9.304340010375470316e-01
1.325977946464796275e+00
1.718902186657881304e-01
9.467666831204226696e-01
8.973468599912693966e-01
9.260967872134789891e-01
1.649240957802907026e+00
1.681211806951855570e+00
1.827732858313618536e+00
1.827732858313618536e+00
1.163167874745173469e+00
1.163167874745173469e+00
1.476403641747378481e+00
1.657508587897521313e+00
1.702646979429455421e+00
1.205899284088927104e+00
1.430449165389859223e+00
1.046635601544826821e+00
1.439304549677856926e+00
1.439304549677856926e+00
2.807368970026331567e+00
1.865923665805513609e+00
2.286314176385022101e+00
9.317516619730979999e-01
7.409912624310569518e-01
1.310640269816233383e+00
1.070611064812094115e+00
1.070611064812094115e+00
1.106431355624659663e+00
5.615633215561895986e-01
2.364992281201907964e+00
1.686572009355228774e+00
1.686572009355228774e+00
1.012316869282583465e+00
9.080315129373358607e-01
1.269524312068318395e+00
5.742164736367089128e-01
1.573868637990294639e+00
2.607656728589013539e+00
1.863969663499126073e+00
1.863969663499126073e+00
1.115630867978763430e+00
8.932972495583777484e-01
1.014762507159392202e+00
1.626562066564833264e+00
7.247984199714636588e-01
1.879539006426642844e+00
9.772176791196713896e-01
1.636583605768007210e+00
1.902433973162023451e+00
1.421984591776928042e-01
1.604826255569156590e+00
1.627906397598937627e+00
1.627906397598937627e+00
2.067966398490589608e+00
2.067966398490589608e+00
1.636230904751363013e+00
4.844397710976167115e-01
1.985679160392078701e+00
2.375597785059861966e+00
2.010162527689273837e+00
9.205760884433772384e-01
1.516256403837342726e+00
1.516256403837342726e+00
1.917352321080885824e+00
1.917352321080885824e+00
1.727379544734040762e+00
1.049205719113835977e+00
1.598604598552768374e+00
1.572925942150416034e+00
1.809478991847045526e+00
1.809478991847045526e+00
2.283869883459374694e+00
2.283869883459374694e+00
1.736005749804252707e+00
1.398706220462491823e+00
1.869807080883274519e+00
1.869807080883274519e+00
1.253562208922044396e+00
1.002544464187863804e+00
1.002544464187863804e+00
6.890480195932658924e-01
2.054567077039033407e+00
1.405891494186720436e+00
7.215253215670281994e-01
1.907624718676216080e+00
1.246545334978856001e+00
1.246545334978856001e+00
2.001599634401395544e+00
1.081258849313675885e+00
1.081258849313675885e+00
2.916467479839258137e-01
1.544489276951581447e+00
6.592033837899663462e-01
2.499541292124476843e+00
1.368828893655942514e+00
1.934142572465434862e+00
2.642589261900672781e+00
2.729432630560217454e+00
2.729432630560217454e+00
2.245774344261519673e+00
1.648842646146482460e+00
1.974701103583288653e+00
1.232444953767213525e+00
1.232444953767213525e+00
1.975431016043150301e+00
1.346636013214403516e+00
1.086899314484273349e+00
1.086899314484273349e+00
2.090509589360907583e+00
1.660745863433033875e+00
1.853133967954279981e+00
1.966453998882256693e+00
1.433213597396931549e+00
1.330950098439988905e+00
1.550233571959757084e+00
1.203987010829780990e+00
1.867399918993964958e+00
1.109343063253373174e+00
1.542383307426003825e+00
1.879086267308952785e+00
1.469318996472904315e+00
1.028305243064494556e+00
1.851188927866406209e+00
1.028763256777582180e+00
4.702146962391973162e-01
1.874681799167725593e+00
1.280834173235771978e+00
1.040869817327991775e+00
1.415821764689962237e+00
1.814505393612663608e+00
1.814505393612663608e+00
1.399822285956117351e+00
1.082270133819427160e+00
1.114457159225709981e+00
1.405676197285327556e+00
3.539863525555627666e-01
6.906082590558461076e-01
1.591342255028622032e+00
1.002120571618557054e+00
1.002120571618557054e+00
1.665638796910107189e+00
1.598953436885942159e+00
8.170627875997497069e-01
1.883189991318090728e+00
1.972207492287251895e+00
1.429493819498045548e+00
2.045904536574705723e+00
1.100918466413453700e+00
1.100918466413453700e+00
2.536090855720229520e+00
1.592182621745070081e+00
1.360250925029861335e+00
1.360250925029861335e+00
1.990519877663893267e+00
1.302198796556459426e+00
1.384153152739706849e+00
1.625940054429054316e+00
1.993840812735787837e+00
1.559443177714959994e+00
2.458485148491216687e+00
1.531572928743813566e+00
1.632413986148536500e+00
1.415613833835444701e+00
2.355941899154374575e+00
6.634936002784487252e-01
2.072482629355813621e+00
1.269776411436433383e+00
1.249990965002018450e+00
2.606696562195669920e+00
3.500856968768635835e-01
1.521019135229543018e+00
1.728087512376789370e+00
1.728087512376789370e+00
9.976123460035325463e-01
9.976123460035325463e-01
1.400774589598352993e+00
7.507771062703666454e-01
7.507771062703666454e-01
1.959892628125738945e+00
2.803463556580124028e+00
1.754547077122369014e+00
1.822827536484798339e+00
1.122675923422382427e+00
1.162198610145902311e+00
1.162198610145902311e+00
1.162198610145902311e+00
1.162198610145902311e+00
1.586199434349225612e+00
1.104227147074408499e+00
1.774978912371100170e+00
1.814782307372021730e+00
1.148464744963360928e+00
9.497503784707143071e-01
5.947003351403700178e-01
1.365787223933033534e+00
6.786767301659273333e-01
1.588720935835212122e+00
1.588720935835212122e+00
5.510819451754832565e-01
5.510819451754832565e-01
1.347895893746046792e+00
1.381675668398605561e+00
1.180362324604484536e+00
1.180362324604484536e+00
1.022024372575535800e+00
1.591589924678766144e+00
1.567500519468599585e+00
1.499673597525344793e+00
1.501000489591013398e+00
1.207391483991432146e+00
1.383361568195346392e+00
1.383361568195346392e+00
7.112309980409650123e-01
1.515591082138093348e+00
1.781600080649651030e+00
9.735733593105326822e-01
1.864833035052610111e+00
2.951382518909126063e+00
1.108443701125875425e+00
8.695458496394320447e-01
1.716028352660093459e+00
1.097257407709407051e+00
1.741955455512654849e+00
1.741955455512654849e+00
1.134267750630798988e+00
1.134267750630798988e+00
1.134267750630798988e+00
1.471077431777580991e+00
1.009688390187280405e+00
8.184648250430583971e-01
1.335642543372007829e+00
1.280051771081723633e+00
1.241841354009317167e+00
1.241841354009317167e+00
1.248777303815228779e+00
1.073605232977201451e+00
2.476324347996483599e+00
2.476324347996483599e+00
1.143816628816134884e+00
1.262675223349083220e+00
1.454327660805249556e+00
1.454327660805249556e+00
1.357155103128035334e+00
2.195687637846952533e+00
2.326082233570056612e+00
1.755757418658216551e+00
1.373547784534548066e+00
1.373547784534548066e+00
7.325819085163166600e-01
1.284221539391980249e+00
1.133961619173268653e+00
5.831623462277091274e-01
1.530662075086330898e+00
1.639513291120726413e+00
2.095802853901722163e+00
1.146148034063079857e+00
2.748139351108100925e+00
1.872036704870540857e+00
1.753899808914584080e+00
1.399018673185967065e+00
4.923125604411890954e-01
8.096368270417021451e-01
1.763381798172572790e+00
1.483735533293255138e+00
2.020076792453054715e+00
4.297494116390615515e-01
1.135474396503733052e+00
9.953638930793226036e-01
2.283604715769535609e+00
2.283604715769535609e+00
9.877304050086659348e-01
8.056497237444364412e-01
1.827693437232811302e+00
3.765886674713332383e-01
1.381994791743387241e+00
1.317959713010484313e+00
1.504106586124297040e+00
1.126043040817029439e+00
1.072329386068813450e+00
1.108688714371942607e+00
2.044515139447713459e+00
1.298923984501880291e+00
1.298923984501880291e+00
1.990776821512674655e+00
1.968883218941089641e+00
1.220267194243209730e+00
1.611223535805344387e+00
1.618343545858921706e+00
1.519317707788291560e+00
1.041554043991549161e+00
1.062124798228433198e+00
1.167947391620661524e+00
1.150013960998725215e+00
2.006842613739159731e+00
2.006842613739159731e+00
1.391825826134031496e+00
1.294681916486836615e+00
1.184876403802280764e+00
1.184876403802280764e+00
9.793230327876387697e-01
9.793230327876387697e-01
3.646484780506617507e-01
1.522387901821839362e+00
1.031371802109923852e+00
1.569847980304284185e+00
1.633761893238724783e+00
9.181619716810816012e-01
2.015912458443706701e+00
2.072256197977338843e+00
1.405286251450982737e+00
1.964329983852551864e+00
1.409291348473300953e+00
1.409291348473300953e+00
2.900444511131795355e+00
1.416330022707952940e+00
1.416330022707952940e+00
2.412983448078435789e+00
1.241091096415942285e+00
1.241091096415942285e+00
1.710733854852245717e+00
2.498324774210554100e+00
1.701680604162143506e-01
1.919166449173353772e+00
1.187782668574330236e+00
1.490472996691936780e+00
1.724911222453377357e+00
3.826244317273347351e-01
1.078335914432689391e+00
1.006294790566182096e+00
8.822061151526817691e-01
1.018675985789554206e+00
1.573933042869894550e+00
1.502220812212746948e+00
8.846264917264319294e-01
4.429463702922181167e-01
2.339709773738896992e+00
1.874875811125342073e+00
1.874875811125342073e+00
1.471431658655226737e+00
1.637689873479852620e+00
1.637689873479852620e+00
1.610855116437936552e+00
1.282058034791021983e+00
1.283720997069620839e+00
1.637202114610765369e+00
2.538193022074239913e+00
1.920447460887474644e+00
1.208532382699226471e+00
9.569906612187306649e-01
2.318222607438125582e+00
1.510434179168982149e+00
8.247241149667273730e-01
1.087910175725549822e+00
1.087910175725549822e+00
2.973297075038229820e-01
1.770604416498472000e+00
1.308162902848477804e+00
1.692665499920821048e+00
1.647970263108067268e+00
1.714712948907580303e+00
1.637960435004788495e+00
1.637960435004788495e+00
1.261992542371670467e+00
1.261992542371670467e+00
2.405410385720485600e+00
6.951787982949814149e-01
1.588468250048063135e+00
1.668588692611776558e+00
1.634018103071934735e+00
2.471727817731069532e+00
2.043706100737985754e+00
2.043706100737985754e+00
1.331104988298928093e+00
6.514613923265858419e-01
1.867314202194386041e+00
2.134979285635661750e+00
2.134979285635661750e+00
3.376645263426589216e-01
7.332770594369374395e-01
7.332770594369374395e-01
3.702281895251586241e-01
1.762277193393344543e+00
1.030922451926015615e+00
1.030922451926015615e+00
2.200083836312605623e+00
1.219192169878647425e+00
2.166486322602277248e+00
1.323371639819832080e+00
1.132973749620416193e+00
1.642951704480888786e+00
1.642951704480888786e+00
1.166269147820271135e+00
1.175947262112145175e+00
9.479863757427782200e-01
1.358079621615694288e+00
1.934669432869782657e+00
1.682878584605639105e+00
1.682878584605639105e+00
1.206465852935214800e+00
1.745870613626306689e+00
1.085321390745476844e+00
1.556019747553402555e+00
5.437251437839857315e-01
1.244230120190042088e+00
1.401413514209093103e+00
1.492711115250756837e+00
1.644304649038235366e+00
4.915894667205195634e-01
1.617170695593004970e+00
2.209672641340865162e+00
2.209672641340865162e+00
1.864090722368872077e+00
1.864090722368872077e+00
1.307092912304515631e+00
1.330367135507085630e+00
1.330367135507085630e+00
1.958263825285064819e+00
1.958263825285064819e+00
1.541138274086190085e+00
1.541138274086190085e+00
1.846026736971596360e+00
1.049924515894501420e+00
1.049924515894501420e+00
1.049924515894501420e+00
2.420651098577826676e+00
2.665383770363328075e+00
2.229736301678427512e+00
2.229736301678427512e+00
3.099263192191224814e+00
8.382601310437997055e-01
1.744825874226515472e+00
1.692186614755555096e+00
8.605866735849515559e-01
8.605866735849515559e-01
2.156547765381060078e+00
2.156547765381060078e+00
1.806145710632816037e+00
2.671698076556794810e+00
2.157998725794433081e+00
1.488378583862927762e+00
1.964986944431971194e+00
1.118916740375168084e+00
1.159834643410477595e+00
1.252105746264859265e+00
1.252105746264859265e+00
1.097552924033002419e+00
1.292156036661720853e+00
1.292156036661720853e+00
1.113175042685137450e+00
1.473379312488159787e+00
2.005143162525875322e+00
8.237267583198953913e-01
1.325536579192103437e+00
1.675155737042435256e+00
1.692705517749479860e+00
2.904355466209705416e-01
1.409413126827902873e+00
1.908048373998633584e+00
1.908048373998633584e+00
1.908048373998633584e+00
1.770239980905423005e+00
1.970294655001045170e+00
8.499459653179344265e-01
1.560131296279233082e+00
4.358552423601029235e-01
2.910728021278558675e+00
1.741621990966337963e+00
1.103549658500448283e+00
2.267138881991267230e+00
7.734075924448111650e-01
2.102361442932778601e+00
1.195347777752606921e+00
1.195347777752606921e+00
1.195347777752606921e+00
1.195347777752606921e+00
3.032587338367672136e-01
1.938129838062079058e+00
1.840890841821054114e+00
1.674581440655275033e+00
1.506392173557397962e+00
1.506392173557397962e+00
1.809910750234033028e+00
1.346743919782106724e+00
1.346743919782106724e+00
1.465180153149403974e+00
1.488699845707161185e+00
1.984101826972507920e+00
1.984101826972507920e+00
1.867199456578042982e+00
1.414424058300707276e+00
1.607099741137435700e+00
1.348199314861996401e+00
1.404263912099203315e+00
1.404263912099203315e+00
1.327674698171662504e+00
1.565031789114958549e+00
1.565031789114958549e+00
1.597167952409200398e+00
8.749675212213684494e-01
8.749675212213684494e-01
1.595706669978608661e+00
1.408943042521217937e+00
1.839856090056470883e+00
1.593274659804044813e+00
1.694100278075400201e+00
1.727541748137688460e+00
2.035209801448925937e+00
1.909025583046608521e+00
2.142847161262992906e+00
1.930574864855093775e+00
2.944940076587927447e+00
2.029061457233511057e+00
1.439399787260351005e+00
1.439399787260351005e+00
1.439399787260351005e+00
1.364306638325413656e+00
7.754802415209223199e-01
1.716329149230753304e+00
1.590991019816047292e+00
1.590991019816047292e+00
1.370839928494277382e+00
2.094952041582630375e+00
2.094952041582630375e+00
1.527320301108088252e+00
1.527320301108088252e+00
1.755179589186381506e+00
1.239762939200972580e+00
1.239762939200972580e+00
1.730140760796573751e+00
1.400172584672966680e+00
1.154993436581920996e+00
6.421748477409120470e-01
6.421748477409120470e-01
2.487771667381539320e+00
1.789363488308510219e-01
1.789363488308510219e-01
1.197364603849987219e+00
1.489551946523824277e+00
1.809890580031254137e+00
4.882252016906001857e-01
1.528997903331945851e+00
1.256038798638876131e+00
1.493376171758624693e+00
1.453173780631595857e+00
1.281581294238139712e+00
2.271332104168537480e+00
1.541697199600055468e+00
1.761560666150385313e+00
1.761560666150385313e+00
1.761560666150385313e+00
1.931757541026808189e+00
8.923178113610890083e-01
1.501785792440826217e+00
1.417781765021881801e+00
7.289777224745926931e-01
7.289777224745926931e-01
1.416591798640346234e+00
1.416591798640346234e+00
8.076094505369170173e-01
2.427162372449932715e+00
2.427162372449932715e+00
1.417384918086703305e+00
2.214501213729018758e+00
1.778249201033211380e+00
5.516630012965970664e-01
1.659924993426927342e+00
1.732348598666251904e+00
8.872597293391470963e-01
2.071036976403296759e+00
1.792672562649902712e+00
1.539448568899069558e+00
1.539448568899069558e+00
1.376318081921610537e+00
1.827711901527842464e+00
1.664440707660174823e+00
2.292123363370782929e+00
9.920904229454728940e-01
1.501538002503272518e+00
1.501538002503272518e+00
1.765623231414184202e+00
1.252461752092682623e+00
1.556739271573315708e+00
2.611789375630372945e+00
2.611789375630372945e+00
9.431669475957391580e-01
2.781902300111491200e-01
1.045124098590797912e+00
1.045124098590797912e+00
1.045124098590797912e+00
1.280033302560722897e+00
1.853669950863786831e+00
1.924716330616134119e+00
1.496757085980329860e+00
1.921479624418888976e+00
2.481128805400828252e+00
1.254228441258787852e+00
2.066258129251118625e+00
1.465964694925877554e+00
1.698668657980602958e+00
1.698668657980602958e+00
6.282808628868951084e-01
6.282808628868951084e-01
6.282808628868951084e-01
1.105035115208387486e+00
8.580112361219631723e-01
1.415579622583892139e+00
1.299750642593865635e+00
1.103683555529461069e+00
1.596113733466417939e+00
1.596113733466417939e+00
4.650538516024272373e-01
1.563546229413048438e+00
1.563546229413048438e+00
1.284897285260409250e+00
1.284897285260409250e+00
6.764797141644023348e-01
1.923746804895201112e+00
1.408484046808829770e+00
1.512201762511138359e+00
2.016345038483643215e+00
1.616188605622838947e+00
2.035749635793650647e+00
8.405161594765193644e-01
2.557944224480205531e+00
1.747618021476168737e+00
1.176515723025164162e+00
1.176515723025164162e+00
2.187509831894775214e+00
2.187509831894775214e+00
1.265197476800761001e+00
7.129769819592889357e-01
1.712087192712554273e+00
1.712087192712554273e+00
9.786331815721557303e-01
1.264994432349525244e+00
9.982365847772116663e-01
9.982365847772116663e-01
1.743430167439959044e+00
1.634738684747389481e+00
1.634738684747389481e+00
1.634738684747389481e+00
1.634738684747389481e+00
7.340651052552132905e-01
1.557310954777529455e+00
1.557310954777529455e+00
1.451069375534453698e+00
1.937348962911872752e+00
2.047939171837204864e+00
2.047939171837204864e+00
1.168421219096986929e+00
1.944609138508000656e+00
1.944609138508000656e+00
2.174641350798011352e+00
1.934760990207894382e-01
1.211811015124276469e+00
2.168302740687941821e+00
1.560041234782437281e+00
2.754068235630583228e+00
1.031610405977517742e+00
8.149762288450645986e-01
1.403370180247373700e+00
1.667375044507102944e+00
1.793511433379134656e+00
2.593214729571911903e+00
2.593214729571911903e+00
3.587102443101982674e-01
1.924992527444170598e+00
1.284106440584499298e+00
2.238271338171759606e+00
1.581288383869501768e+00
1.583955353509464592e+00
1.544355684786748117e+00
1.814137381402898708e+00
1.563565604119873553e+00
3.669371102914250615e-01
2.261264568386827101e+00
1.052119015534097146e+00
1.001612799112486796e+00
1.395198369838285490e+00
1.395198369838285490e+00
1.485389189175823965e+00
1.902773435883346131e+00
1.912201174092742040e+00
1.174417903119703066e+00
1.256962080347368005e+00
2.095722845083070496e+00
1.413105083000672613e+00
1.534769231256473354e+00
1.084217540570323823e+00
1.631846740116163819e+00
2.505825400661327862e+00
2.505825400661327862e+00
1.147486963608784327e+00
1.147486963608784327e+00
2.261136062969731686e+00
1.433991977962822961e+00
7.448910489506398447e-01
7.448910489506398447e-01
1.016018146718673520e+00
1.146146913024521652e+00
1.682450186208064746e+00
1.691284810195745170e+00
1.754278402555790040e+00
1.754278402555790040e+00
2.098567447866950264e+00
1.724694157602642441e+00
1.473368878826326611e+00
1.270936228151081870e+00
1.218033720308501655e+00
2.279311240593723920e+00
2.200213915918562080e+00
1.895129268414178503e+00
1.203754906836123517e+00
1.418624379106240729e+00
2.644426507296685713e+00
8.714661194373567454e-01
8.714661194373567454e-01
1.442662746528103668e+00
1.585687010173026490e+00
1.500576962565769445e+00
7.161711447561819321e-01
1.488672356115637196e+00
1.037136109263551820e+00
1.978016831415821075e+00
1.299784362872643539e+00
1.299784362872643539e+00
1.162729829855317476e+00
1.162729829855317476e+00
1.358069539165681849e+00
1.418530878405886098e+00
1.681300627566185923e+00
2.153954024195100292e+00
2.065651269866701334e+00
2.356818736294859384e+00
1.779241369107484871e+00
1.368007019804102553e+00
9.282310284373590514e-01
2.284300817743069256e+00
2.506617813224164326e+00
1.342731489298830017e+00
1.865941798532380291e+00
1.156503843402143961e+00
1.359242497785899673e+00
1.003937241695078031e+00
1.394062171225479041e+00
1.928478420288875839e+00
6.655847552867875105e-01
1.896439673205413623e+00
1.896439673205413623e+00
8.689612127952056619e-01
1.146538437926785559e+00
1.194106848373879703e+00
1.871184660530320842e+00
1.844884903639842477e+00
2.264291612671719633e+00
1.425939453629474718e+00
9.686794462777308379e-01
2.088677549674371026e+00
2.611298059918421011e+00
2.611298059918421011e+00
1.044475792258882318e+00
1.133362502830804086e+00
1.005642930212489849e+00
2.088485807205762601e+00
2.088485807205762601e+00
8.026716719013340384e-01
2.868125130470053463e+00
1.607011860005203907e+00
1.607011860005203907e+00
1.814858896766505136e+00
1.973617796043098949e+00
2.191406343447873883e+00
1.038229193542654860e+00
1.573822123059081424e+00
1.573822123059081424e+00
1.086202170341781015e+00
9.594500150573333219e-02
2.088722181051926086e+00
1.559274578759402896e+00
1.114909774715858726e+00
1.114909774715858726e+00
1.166152930821246381e+00
6.249285951892642466e-01
6.249285951892642466e-01
6.249285951892642466e-01
6.249285951892642466e-01
1.160703402241807458e+00
1.545734777500333834e+00
1.420250591833837728e+00
1.420250591833837728e+00
1.656687796875563556e+00
9.743054826976222937e-01
9.743054826976222937e-01
1.359970698727070326e+00
7.076804709830578632e-01
1.793808278955030255e+00
1.050591405912781440e+00
1.920060747263140577e+00
1.368569029654165492e+00
1.678190855740508303e+00
1.763610392261475646e+00
2.566936139909336667e+00
1.117062091192683182e+00
1.311047636407105976e+00
2.353202590063597555e+00
2.062279597305330281e+00
1.032732002916831870e+00
2.171313330287121257e+00
2.433591433270898108e+00
1.263269849474842665e+00
2.194266644505547870e+00
1.124911615648216179e+00
2.275178296557978541e+00
1.299751119213865103e+00
1.371362231627590855e+00
1.371362231627590855e+00
2.834039393174666799e+00
1.576828542993571114e+00
1.187220152371586401e+00
2.103561813944356818e+00
1.763992651541503198e+00
5.722590211326447074e-01
1.715961376059597310e+00
1.248662950063333943e+00
2.722653973474891687e-01
1.559806202223226412e+00
1.854817261189668276e+00
8.896307819085516044e-01
1.603374410977451037e+00
1.238388353795782937e+00
1.622963304250136130e+00
1.671217758989990809e+00
1.671217758989990809e+00
6.709842036622643002e-01
2.170859417472260855e+00
2.459044470448790598e+00
4.229747930187575666e-01
1.589418308257180446e+00
1.589418308257180446e+00
2.460674403253869880e+00
1.602507349228333489e+00
1.602507349228333489e+00
3.048030505458886319e-01
1.416886939524396372e+00
1.606447910809070789e+00
2.115439525464893666e+00
1.961085891212555277e+00
4.688024689839635495e-01
4.688024689839635495e-01
8.321147663842530795e-01
1.320350799336704961e+00
8.932754557273903107e-01
2.123880329939617173e+00
2.189998947018696018e+00
1.221272172117150889e+00
1.452994150202023382e+00
1.236490657631731604e+00
1.703879864310798631e+00
1.303781990186464235e+00
1.229846491565517619e+00
1.622684573491280924e+00
1.423138649336155304e+00
5.154973837804318615e-01
1.252708646976982809e+00
1.434056485808292036e+00
1.056508586166146513e+00
1.270257821113907948e+00
2.009084754078686252e+00
2.009084754078686252e+00
2.009084754078686252e+00
9.096655221298677318e-01
2.674795444428845759e+00
2.674795444428845759e+00
1.329848475496812732e+00
2.500570513748612722e+00
5.388353834369566941e-01
5.388353834369566941e-01
1.374502509279345919e+00
1.164298881627592985e+00
1.202257744521896266e+00
2.204203881593735925e+00
2.204203881593735925e+00
1.348535675185947191e+00
1.348535675185947191e+00
1.856393578296260394e+00
1.348360479570543946e+00
1.627989572542994035e+00
2.524026839924253363e+00
2.524026839924253363e+00
1.363233450352512310e+00
1.363233450352512310e+00
1.820975426708132394e+00
1.994861261382888218e+00
1.994861261382888218e+00
2.219468740148293318e+00
6.125744067849890895e-01
7.703866328292542365e-01
1.554804052418853111e+00
1.549406882861874113e+00
2.312943496990171433e+00
1.524241404374631736e+00
2.016329835026134276e+00
1.070106070201696014e+00
1.190320733200127545e+00
1.190320733200127545e+00
1.190320733200127545e+00
1.980999468972653554e+00
1.980999468972653554e+00
1.980999468972653554e+00
8.956091581301445226e-01
1.682438482811924096e+00
1.682438482811924096e+00
2.286346681986767493e+00
2.064787723477668813e+00
2.064787723477668813e+00
1.853379005470159324e+00
2.328395066450524187e+00
5.321962591649619378e-01
5.321962591649619378e-01
7.999985839292826917e-01
1.280767678613192517e+00
1.259823659502118165e+00
1.697282918020026177e+00
1.384393682100645950e+00
1.165178338839345518e+00
1.993641449675994437e+00
1.993641449675994437e+00
2.871571850666324366e+00
1.968308295707251965e+00
6.403527704675034959e-01
1.224532541642255001e+00
1.224532541642255001e+00
1.049244498540222503e+00
1.536996626836447000e+00
5.993920919365058886e-01
8.406600893558923149e-01
1.952828304981476082e+00
1.812637827288567260e+00
1.812637827288567260e+00
1.640128339083022357e+00
3.000688491694219362e+00
1.645511495129673429e+00
1.875901112688515004e+00
1.066877250838690117e+00
1.513014589246163499e+00
1.513014589246163499e+00
1.591292205009992022e+00
2.879158323692441179e+00
9.888858466832743943e-01
9.550283180604641764e-01
2.791785658079228405e+00
8.760427365175915693e-01
8.760427365175915693e-01
2.498744784452642698e+00
4.499315505776121382e-01
1.875304060419865637e+00
1.002592140505963902e+00
1.671359083189115635e+00
2.099752304273016623e+00
1.766853345769459960e+00
1.400986065862152241e+00
2.362341170577316518e+00
2.255626236591293132e+00
6.555074407462339048e-01
2.820998386498222654e+00
1.759655910954057489e+00
1.818218164318023300e+00
2.122224790864787991e+00
1.416553192803559291e+00
1.859116532509374364e+00
1.827822303633889645e+00
1.597888660015898410e-01
1.612665285890465983e+00
1.805774285223300524e+00
2.552230008283789431e+00
2.552230008283789431e+00
1.401172891815719357e+00
1.401172891815719357e+00
1.401172891815719357e+00
1.096267448429140812e+00
1.075038239268865548e+00
1.832786137136426907e+00
1.832786137136426907e+00
1.699717056725493114e+00
1.699717056725493114e+00
1.531843922530400359e+00
1.508732165317344665e+00
1.970438545926817442e+00
1.970438545926817442e+00
1.517839284953283130e+00
6.801399125505942500e-01
1.237356515773821775e+00
1.237356515773821775e+00
2.574857540179477100e-01
2.444242029829812424e+00
1.105821567811946959e+00
1.664484594022944242e+00
2.670877220025818843e+00
1.064013962470903518e+00
1.476518532504706105e+00
1.354003958929835383e+00
1.354003958929835383e+00
1.178244559749660914e+00
1.178244559749660914e+00
1.178244559749660914e+00
1.752546384618078434e+00
9.033254667115252490e-01
2.457404993955284223e+00
2.457404993955284223e+00
1.171051840902299856e+00
1.910018094050119020e+00
2.441006041015568451e-01
2.441006041015568451e-01
1.200040772293083258e+00
1.200040772293083258e+00
7.324565567104923680e-01
7.324565567104923680e-01
1.642482706856748687e+00
1.642482706856748687e+00
2.047197267125248299e+00
1.188034270965218964e+00
1.188034270965218964e+00
7.282586096148668808e-01
1.693879929768646653e+00
1.291839062749825295e+00
1.236119630884150666e+00
1.095423292862137465e+00
8.157668395909339898e-01
2.399722653647193837e+00
1.656710007224549530e+00
1.910144925362296409e+00
1.662768557142083603e+00
1.623937952565948528e+00
1.527172991230309362e+00
1.345884757288447586e+00
1.345884757288447586e+00
1.536811937961035213e+00
2.494256935320863455e+00
1.059409713527661445e+00
9.721969062348694290e-01
2.256305524675661811e+00
2.262129961358107622e+00
1.230844928387847759e+00
2.825093256921446194e+00
2.825093256921446194e+00
1.400882964465529179e+00
1.491736107486973273e+00
1.491736107486973273e+00
1.243703557333283527e+00
1.747711492855136051e+00
1.747711492855136051e+00
1.275639169276528317e+00
1.125319103893637429e+00
1.938196099931921657e+00
7.191167275991801056e-01
1.625636677571530520e+00
1.492236706938261381e+00
2.368229882759334881e+00
2.476928549219489017e+00
1.587537131456304040e+00
7.771780274384962883e-01
1.466281340687652257e+00
2.427289548295515687e+00
2.296187619293982518e+00
2.507435574839327774e+00
1.169542615056152091e+00
1.169542615056152091e+00
1.157892293732583511e+00
1.114186936650624737e+00
2.425656796716168628e+00
1.868009278969153142e+00
1.868009278969153142e+00
2.139167129754398822e+00
2.199399882558849217e+00
6.338227657160533379e-01
6.338227657160533379e-01
2.494938615536575810e+00
9.261078985025325006e-01
1.832154935786824312e+00
1.832154935786824312e+00
4.926319511937711781e-01
1.968748480897309472e+00
1.149661439554767323e-01
1.245246631575517293e+00
1.245246631575517293e+00
2.074534081969590993e+00
2.139243216814583626e+00
2.139243216814583626e+00
1.596537379763275144e+00
9.759127166575137791e-01
1.638462835692735764e+00
1.638462835692735764e+00
1.638462835692735764e+00
1.522619189210704604e+00
9.691860731960035835e-01
1.088988298103717334e+00
7.451886551263640079e-01
2.031811701932300984e+00
1.415167037292100582e+00
2.166829145276666146e+00
1.791281124491025389e+00
1.318939305356804370e+00
1.846625443981899872e+00
2.113075161587854023e+00
1.943050400701165303e+00
2.117397764773922830e+00
1.004207723935755414e+00
2.477797424465502107e+00
2.477797424465502107e+00
6.535104405818010775e-01
2.309670377172447608e+00
1.788787709560242467e+00
1.259918159872029264e+00
1.259918159872029264e+00
1.611629153646958468e+00
2.368119514596255804e-01
2.368119514596255804e-01
3.023862343895741489e+00
2.115379066881316827e+00
1.809681700909956614e+00
7.637669824347597114e-01
2.571452977371154525e+00
1.910872093894944390e+00
5.040420170767668795e-01
2.605175985417683471e+00
1.585124387594025741e+00
1.585124387594025741e+00
1.585124387594025741e+00
1.249106785320081237e+00
6.329908259408477678e-01
1.179510269411704559e+00
1.897481469230813289e+00
1.897481469230813289e+00
1.897481469230813289e+00
1.337334960605200074e+00
9.415904517177385857e-01
2.460243503256723585e+00
2.006599282554518471e+00
2.006599282554518471e+00
1.351253859776346378e+00
2.285260541391895384e+00
1.861684906276457774e+00
1.797094817388466437e+00
1.138011377497964771e+00
1.050865914488726904e+00
2.154635908654082943e+00
1.730097952391162597e+00
2.152491169797582593e+00
1.851645390987660011e+00
1.901370137344928324e+00
1.141536178651581634e+00
2.122462052971537005e+00
1.831381606453635014e+00
2.475874712579651415e+00
2.140634746694952462e+00
1.570316025838460527e+00
1.570316025838460527e+00
2.308909544502158795e+00
2.308909544502158795e+00
2.005070141065962819e+00
1.797106030735903470e+00
2.327551551300788280e+00
2.327551551300788280e+00
6.335859963255945360e-01
1.880922709718639396e+00
1.712855676703411323e+00
2.172573485331549481e+00
2.085320292155648847e+00
1.514237622864480715e+00
2.957147006230977371e-01
1.857271476652886610e+00
1.417736975661144427e+00
1.753630488030713197e+00
1.753630488030713197e+00
8.139252299123342915e-01
1.435260083737696535e+00
1.537663515272282400e+00
4.476197374291129849e-01
1.615143540912312048e+00
1.520799093164088900e+00
1.520799093164088900e+00
1.426585385316746502e+00
1.426585385316746502e+00
1.427938665811937735e+00
1.427938665811937735e+00
1.427938665811937735e+00
2.301542759824291462e+00
2.301542759824291462e+00
9.785908559476906854e-01
1.740148349930068727e+00
1.907771108335962973e+00
1.658679995567867715e+00
1.739577819118192537e+00
7.737201607708005247e-01
1.437890700069638150e+00
1.437890700069638150e+00
2.047813620491344133e-01
2.373336133754618604e+00
2.373336133754618604e+00
1.858692592344852956e+00
1.532640654302129812e+00
2.441875517815885743e+00
9.534488304045719564e-01
9.534488304045719564e-01
2.037530279931635047e+00
2.572622504566422830e+00
1.755602452242163380e+00
1.615790427844327359e+00
1.953514621949656638e+00
1.953514621949656638e+00
1.451353062930240467e+00
2.536493468132301032e+00
2.536493468132301032e+00
1.997645251110659492e+00
1.053388558256690422e+00
1.387617598044319278e+00
1.031844387570142851e+00
2.288234267853401338e+00
8.211837887061005370e-01
2.101194131520036201e+00
2.101194131520036201e+00
1.373000030311470887e+00
2.466780166397625873e+00
2.466780166397625873e+00
2.466780166397625873e+00
2.466780166397625873e+00
1.148636582542093665e+00
1.647925256116853143e+00
2.034998756658054297e+00
1.337478933919112434e+00
1.930296453632815323e+00
1.930296453632815323e+00
1.876247069252928501e+00
2.283621405024458539e+00
1.210267378197440458e+00
2.094225077840868199e+00
2.577307332420073038e+00
7.386971434485987142e-01
9.133476707966503572e-01
9.314613761195923436e-01
1.445431165395799633e+00
2.079064594939078692e+00
2.482633247001783339e+00
1.380017862962010344e+00
6.789090436004406870e-01
1.216286299197281817e+00
1.216286299197281817e+00
1.978701817968906651e+00
1.978701817968906651e+00
1.978701817968906651e+00
4.478913751882604433e-01
9.383364333499988330e-01
1.796969750829216173e+00
2.391962361612006482e+00
1.341565357855059037e+00
2.444290422395908546e+00
4.728792412650846266e-01
2.597463993163890095e+00
1.252233747011947784e+00
1.828272207504595626e+00
2.131972330859856601e+00
1.174363570042286309e+00
1.944877123597603008e+00
2.617204087250186717e+00
1.538513277111765554e+00
7.647433964146735930e-01
2.813189579395570572e+00
6.855471127298948808e-01
3.387481539445906242e-01
1.057959997073767200e+00
2.687710606082702292e+00
9.503446810126592315e-01
1.698906145586951189e+00
1.698906145586951189e+00
1.495329180231224075e+00
4.983636001098989965e-01
4.983636001098989965e-01
4.492191928720491445e-01
1.754961285062762499e+00
2.131116766758251568e+00
1.387038707632552548e+00
1.387038707632552548e+00
1.014377499597916898e+00
1.273976111376296849e+00
9.967583499128798152e-01
9.967583499128798152e-01
1.583051850144348682e+00
1.426426223314635200e+00
2.308055880993752085e-01
1.802407389365185741e+00
1.505236777538734971e+00
1.978784226508730759e+00
1.551658569776840135e+00
2.393924360336717072e+00
1.716341703904094906e+00
1.609843829475633648e+00
1.026064491752888053e+00
1.026064491752888053e+00
1.026064491752888053e+00
2.730381961023122805e+00
1.685737254478306468e+00
8.651716215476362715e-01
2.466154941035043624e+00
1.385472471057492383e+00
1.009564429311494926e+00
1.915991499477197157e+00
7.365333114341156007e-01
9.893711015403773290e-01
3.040265713464726627e+00
3.040265713464726627e+00
2.913417781697874354e+00
5.430489072400309647e-01
1.712225462191977021e+00
1.985299231055301927e+00
1.985299231055301927e+00
9.899985478633760438e-01
1.258017921527052385e+00
2.546223717551834742e+00
1.459563709746566129e+00
1.459563709746566129e+00
1.703876020574402128e+00
1.865056176148022660e+00
1.190219321775142003e+00
1.190219321775142003e+00
1.743022243306125318e+00
1.743022243306125318e+00
2.515923144946804690e+00
1.269927780282369634e+00
1.533194738540192725e+00
1.533194738540192725e+00
2.314736629064783724e+00
1.420306021946210029e+00
1.771426423307268516e+00
2.382650123538258224e+00
1.339588338819849289e+00
1.518752188414738358e+00
1.518752188414738358e+00
2.024008794988856774e+00
1.332528209830130539e+00
1.332528209830130539e+00
7.545964710555280730e-01
1.872564821193147155e+00
8.973424239556220261e-01
8.973424239556220261e-01
1.802429151249544503e+00
2.092001293447924848e+00
1.267966784694543492e+00
1.965479505933001025e+00
1.157556503063163156e+00
1.157556503063163156e+00
2.074573919714310044e+00
2.171777887437603471e+00
1.791328296262503894e+00
2.139017780499874455e+00
2.139017780499874455e+00
2.139017780499874455e+00
1.759812992248491081e+00
1.722582966603061205e+00
1.722582966603061205e+00
1.218808594981555249e+00
1.618710660988906369e+00
1.618710660988906369e+00
2.210288533349336060e+00
1.922324789288634816e+00
6.672191366733101203e-01
1.719543222381419989e+00
1.719543222381419989e+00
2.226186418535994083e+00
2.226186418535994083e+00
2.314118976715480613e+00
2.150213479311473108e+00
8.422758305530870793e-01
1.766087040698438360e+00
1.885417420950574519e+00
1.659146679315184336e+00
1.934441886562495272e+00
1.907778069703288004e+00
8.449473889282864691e-01
1.228171958060716218e+00
2.342563157727945544e+00
1.808067237445090569e+00
1.493125544721509490e+00
1.493125544721509490e+00
2.046868431692649981e+00
4.520827075928397498e-01
4.915235221252031161e-01
2.068933232754373464e+00
4.238934822752641884e-01
1.007536096474994869e+00
2.425382281825431363e+00
1.926661119677960388e+00
1.926661119677960388e+00
1.507620970037461650e+00
1.209407465435043738e+00
1.534057567713446701e+00
1.265712679246346006e+00
2.601962501032839548e+00
9.153426495319761935e-01
2.187046091526820835e+00
1.752632866602290340e+00
1.752632866602290340e+00
1.692523537997968175e+00
1.000991438273405754e+00
6.791559113847924767e-01
1.386545810044105487e+00
3.042671479241498833e+00
1.190186304283184393e+00
1.878158977659462048e-01
2.048604488363019005e+00
2.043433623387865605e+00
2.043433623387865605e+00
2.043433623387865605e+00
1.024445599397376450e+00
1.521804921694941193e+00
1.910454796498056051e+00
1.859235573286772691e+00
2.046521342546285815e+00
1.982812866208930158e+00
1.097502777588258871e+00
2.126172663680635289e+00
1.352812856401428565e+00
1.008195792126589163e+00
2.668928184258930081e+00
2.668928184258930081e+00
9.679575643344151548e-01
1.708257712461823230e+00
1.708281941486067046e+00
1.021636873937389334e+00
1.748570861397864107e+00
1.004696550352661921e+00
2.274159448247383253e+00
2.550251277009263795e+00
8.237326284540128496e-01
1.846733971300017707e+00
1.605169643355196074e+00
2.346997208073048125e+00
1.061826201967142280e+00
1.061826201967142280e+00
1.946112887626044508e+00
7.634445337272447452e-01
4.129881902499524249e-01
4.129881902499524249e-01
1.346065599212831199e+00
2.466495863601655625e+00
2.671703290097685368e+00
5.912677662794865174e-01
5.912677662794865174e-01
5.912677662794865174e-01
1.633637303157629006e+00
1.505442928545650982e+00
1.505442928545650982e+00
1.412083613913065916e+00
1.031247452270476428e+00
2.144326919998419179e+00
1.400642284080870992e+00
1.235310278282159002e+00
1.235310278282159002e+00
2.064893609210651348e+00
1.580192161017413666e+00
1.580192161017413666e+00
2.592054007674285732e+00
8.949814289901624198e-01
1.883588854996082418e+00
1.883588854996082418e+00
2.134622246737770901e+00
2.508808253836091851e+00
1.867642882327399612e+00
1.358319220458640064e+00
2.202685625735277153e+00
2.202685625735277153e+00
2.251301836828576874e+00
3.071102363511223121e+00
3.071102363511223121e+00
1.691091725532233081e+00
8.908705832663041946e-01
1.293865871088111019e+00
4.589814732057440616e-01
2.849566896332536459e+00
1.404545432908341773e+00
1.510286558155201631e+00
1.510286558155201631e+00
2.073860205379869370e+00
2.073860205379869370e+00
2.129713993253056437e+00
1.955618725880519548e+00
2.291593005995081089e+00
1.666035350384814651e+00
5.373366674861409509e-01
1.254065634533811036e+00
1.304113265765306284e+00
5.079838727382803842e-01
2.284777702823773460e+00
2.284777702823773460e+00
2.284777702823773460e+00
2.368504325626599183e+00
1.617519922622231654e+00
1.163011210835254383e+00
1.163011210835254383e+00
1.315982373897362390e+00
2.325740380294457843e+00
1.676626610059265277e+00
1.872831427895431666e+00
1.980906014450121821e+00
1.124869560185371320e+00
2.712984674123428253e+00
1.391328985305821941e+00
2.168325762789004685e+00
1.737748577223772406e+00
1.441687580178378836e+00
2.224176613525044477e+00
2.224176613525044477e+00
8.039744651045053203e-01
2.030946890198087829e+00
2.325182539051294572e+00
1.576521899263669146e+00
1.436113401595284111e+00
1.436113401595284111e+00
1.436113401595284111e+00
2.205423880887437793e+00
2.552857053590136260e+00
2.324181086026721577e+00
2.346255715338841696e+00
1.751337053018904966e+00
2.504962738448311743e+00
2.248828136966274371e+00
1.854905668116887840e+00
1.661915279784901056e+00
1.661915279784901056e+00
1.045523689932950751e+00
1.900030835840970322e+00
1.900030835840970322e+00
2.803763668094904626e-01
7.120158344303613163e-01
1.609581257012809852e+00
2.550934310351455458e+00
6.692356494109569232e-01
7.706321067150313509e-01
1.479908507690749220e+00
2.235404372286265762e+00
1.144921193279255567e+00
1.155446768486405151e+00
2.855454961132285696e+00
9.468045460452245710e-01
1.938262086797272632e+00
1.938262086797272632e+00
1.953001601823682210e+00
2.292028093750597240e+00
2.454984105285362705e+00
2.666562232682553990e+00
2.666562232682553990e+00
2.666562232682553990e+00
2.199985911483748779e+00
1.378537066489962326e+00
1.490083900538765604e+00
1.728883409594146325e+00
2.128683653121859365e+00
2.128683653121859365e+00
1.809059424476962885e+00
1.051298919935584664e+00
2.838988517670982592e+00
2.838988517670982592e+00
2.281338075911173657e+00
2.281338075911173657e+00
1.813379375739752053e+00
1.575941680526955713e+00
2.055748519983373157e+00
9.439621920095423446e-01
1.718967928777055620e+00
1.718967928777055620e+00
1.072656085837701001e+00
1.072656085837701001e+00
5.927556370393221030e-01
8.636968941122421528e-01
2.575410509945898152e+00
2.101253072046411319e+00
5.643853609839989405e-01
5.643853609839989405e-01
2.145439082902647510e+00
2.381610892021034598e+00
2.184925784130531401e+00
1.397540283652606297e+00
1.998870555639862046e+00
1.728080822906472136e+00
1.207101171403712536e+00
1.838844347088171460e+00
1.838844347088171460e+00
4.956928024461106919e-01
4.956928024461106919e-01
2.665201408188256682e+00
3.948827255320750962e-01
3.948827255320750962e-01
3.290280648653673978e-01
3.290280648653673978e-01
1.064622562756965207e+00
1.925439233430690678e+00
2.597165283578453554e+00
2.331619257754780961e+00
2.249023360353320289e+00
5.389262432345058862e-01
1.428040268596396878e+00
2.257384007549985139e+00
1.269379341436384090e+00
2.480742083406578313e+00
2.480742083406578313e+00
1.185567026513444810e+00
1.034385327495615403e+00
1.034385327495615403e+00
1.034385327495615403e+00
3.420393016593686886e-01
2.552833043487293008e+00
2.129363439621855925e+00
1.448953082274829995e+00
2.537093370764363254e+00
1.561432276044795175e+00
1.561432276044795175e+00
2.127255664353849163e+00
2.127255664353849163e+00
1.111830920983923221e+00
2.019462922240570446e+00
2.019462922240570446e+00
1.157778870760405754e+00
1.236257074146845714e+00
1.236257074146845714e+00
2.103958589885376984e+00
2.103958589885376984e+00
1.405034398629945613e+00
2.691572264165662531e+00
2.217596341062785470e+00
2.789709322215320420e+00
1.002063973408507280e+00
8.830739911340603765e-01
2.145694328019668085e+00
2.145694328019668085e+00
1.119675046590062450e+00
2.056454003615224568e+00
2.056454003615224568e+00
2.433969698494443890e+00
1.761896529007654255e+00
1.915816752353337371e+00
1.470210236337541776e+00
1.293336166012910127e+00
2.538534064680294300e+00
2.202252397670820816e+00
8.161650937121850413e-01
1.258353064641514640e+00
1.656198199125433979e+00
2.845236389950773326e+00
1.121228668536760953e+00
1.729842593589556499e+00
5.684057933329976775e-01
5.684057933329976775e-01
1.756949554791758628e+00
1.288342148200186443e+00
1.688249972785798247e+00
1.839576952441663193e+00
2.850584796193385007e+00
1.742550097639427475e+00
2.157435999877635346e+00
1.127077408104913303e+00
1.984671327352810266e+00
2.448079567499986453e+00
2.360195877128107078e+00
2.463526270456151135e+00
7.136325387129838216e-01
1.165939496635120198e+00
1.263644190611750817e+00
2.254666787573675002e+00
2.892823008652272598e+00
8.937217680598519287e-01
2.375660989581060090e+00
1.666026337202503260e+00
2.089906163984286636e+00
1.452725815243855800e+00
1.341561649055163175e+00
1.807309536514645876e+00
1.807309536514645876e+00
1.807309536514645876e+00
1.269981791840658847e+00
1.269981791840658847e+00
1.269981791840658847e+00
1.496810453382136030e+00
1.334205505617414911e+00
2.258924661180506721e+00
9.802729244486766413e-01
8.462924611893181126e-01
1.303603370531241978e+00
2.634414594209869342e+00
2.324748685052668407e+00
2.454902853873867752e+00
2.454902853873867752e+00
1.616468008069656070e+00
1.468814949208505194e+00
1.527212289590490046e+00
2.069681523652215915e+00
2.688371796304621419e+00
1.795130535862667243e+00
1.426190192550822466e+00
2.661957830384312107e+00
2.147560472212139970e+00
2.147560472212139970e+00
8.052678239260131487e-01
1.861280478125870053e+00
2.265338794618829699e+00
1.228095275813008813e+00
3.678569959969162917e-01
3.678569959969162917e-01
6.003085169675569377e-01
1.434058544597669682e+00
1.054685033923066895e+00
2.293620671841720693e+00
2.293620671841720693e+00
6.522425654567243214e-01
6.522425654567243214e-01
6.522425654567243214e-01
1.654084368101064850e+00
1.654084368101064850e+00
9.507042471892677149e-01
1.548039348579430818e+00
2.484583200444008710e+00
2.484583200444008710e+00
2.374136229318849267e+00
1.938752871261658628e+00
1.772957491400705576e+00
1.929484038235747212e+00
1.929484038235747212e+00
1.929484038235747212e+00
2.056451520078252937e+00
1.906674264683726916e+00
1.346500658541672779e+00
1.694060467550862814e+00
1.739713660986896615e+00
1.346620013362314960e+00
8.723777139453995355e-01
1.883397771691986078e+00
2.371380641175635073e+00
1.847000988935837418e+00
1.435572520830840970e+00
1.993789078197193643e+00
1.993789078197193643e+00
2.584603829604550818e+00
1.876129536500046102e+00
5.390730951596938159e-01
1.110066686709511252e+00
4.483477794016159645e-01
1.837115559071032633e+00
1.349267098164977918e+00
1.349267098164977918e+00
2.247233947216909777e-01
2.247233947216909777e-01
4.655578828982051554e-01
9.365884496451186703e-01
1.260277013743170249e+00
1.388079048942167493e+00
1.388079048942167493e+00
1.439750987540540539e+00
9.207447570447510055e-01
1.674457528319659660e+00
2.625716775981027595e+00
2.519343727067708372e+00
7.842942756574280416e-01
7.842942756574280416e-01
1.836076452538444093e+00
1.836076452538444093e+00
7.572787957734139486e-01
9.318124322950526173e-01
7.749519487861679101e-01
2.319401955716123176e+00
2.220216367426748771e+00
2.584751765627296471e+00
1.837830687843909683e+00
2.266079656900938932e+00
2.608187252825603153e+00
2.001867825406292933e+00
1.354437544956032857e+00
1.354437544956032857e+00
2.357204017437225296e+00
2.117715211269738163e+00
2.117715211269738163e+00
1.460126042851719319e+00
2.289286313119744953e+00
8.450757704706640672e-01
8.450757704706640672e-01
8.450757704706640672e-01
1.691649101922999332e+00
2.120220769243619241e+00
1.722309968111963796e+00
2.274097423605735635e+00
1.282917211171682004e+00
1.975578628396878589e+00
1.961406856380182750e+00
1.340592658125386860e+00
2.465279333682348639e+00
2.839938104077367687e+00
2.839938104077367687e+00
2.324263724576577594e+00
2.324263724576577594e+00
2.324263724576577594e+00
1.058751371604744307e+00
1.072566700079529367e+00
1.377774173514338951e+00
1.617936724174652730e+00
6.538290437174877345e-01
2.553631461737106978e+00
7.630443714409990141e-01
7.630443714409990141e-01
7.630443714409990141e-01
6.524492070536955790e-01
6.524492070536955790e-01
2.305506611059020994e+00
2.305506611059020994e+00
2.110256075728902392e+00
2.407282281564663950e+00
1.809547908558154283e+00
2.082683668387060205e+00
7.761928020078557866e-01
2.184299044967305203e+00
1.176973738245610912e+00
1.176973738245610912e+00
2.058694973884687585e+00
2.058694973884687585e+00
2.086629461272982322e+00
1.985247212958946239e+00
1.985247212958946239e+00
1.432262018934968406e+00
6.534593787641106433e-01
2.472799808131095567e+00
1.407052972621378739e+00
9.107014660591238320e-01
1.130538085214790156e+00
1.130538085214790156e+00
6.848045449286137565e-01
6.848045449286137565e-01
2.759355183125374311e-01
2.485148783782112680e+00
1.664228355411061511e+00
1.589487930830584261e+00
2.940731885368521592e-01
2.177836748220262741e+00
2.177836748220262741e+00
2.177836748220262741e+00
1.775756341527133353e+00
1.775756341527133353e+00
1.775756341527133353e+00
9.728040353581927091e-01
2.641324700522965863e+00
1.731266700598485642e+00
1.830285156336724617e+00
2.025413573536788192e+00
1.039773023121036699e+00
1.445639479199098076e+00
1.518031454990921070e+00
9.881339829923522222e-01
9.881339829923522222e-01
1.793811937078685803e+00
9.309223063238055706e-01
2.087831080280570184e+00
1.198473326607103484e+00
1.724141461915079221e+00
1.853734280242619770e+00
7.900609551406174713e-01
2.528532725714850660e+00
2.528532725714850660e+00
5.163872676130890627e-01
1.310990801217701174e+00
2.713330255910534339e-01
1.610126216516948761e+00
1.608842414832186707e+00
1.677726484590217115e+00
6.988407621958213634e-01
7.343480381260031331e-01
7.343480381260031331e-01
1.879026401069160856e+00
1.594549368869207395e+00
8.881365692423716096e-01
2.293008069742388688e+00
2.293008069742388688e+00
9.675665421669671362e-01
9.675665421669671362e-01
9.675665421669671362e-01
2.516213534636345450e+00
2.098309387426057881e+00
1.470902418917386267e+00
1.623493095516105322e+00
1.708353000933496624e+00
2.199348275569097844e+00
2.199348275569097844e+00
2.691281408951490928e+00
2.334946703017338532e+00
2.334946703017338532e+00
1.660545013934411618e-01
1.245501125044413682e+00
5.575979179676642250e-01
5.575979179676642250e-01
3.361004820514426616e-01
2.382661008276849568e+00
2.382661008276849568e+00
1.756236572631630466e+00
2.466979428944735098e+00
4.982359196476884855e-01
4.635705455569327227e-01
1.653590600119339893e+00
2.949491283359112259e+00
8.529402915177792810e-01
2.285014657263259252e+00
2.285014657263259252e+00
2.702788659605360078e+00
1.313871044746357075e+00
1.313871044746357075e+00
1.709122043910913602e+00
1.709122043910913602e+00
1.282410150044636321e+00
1.282410150044636321e+00
1.441417401338202620e+00
1.441417401338202620e+00
1.027536082835697195e+00
8.708883473596523705e-01
8.708883473596523705e-01
2.180510754199148860e+00
2.169795318973677389e+00
2.493669323327575960e+00
1.590306927209266252e+00
2.025872288172454461e+00
1.977194148110404504e+00
2.618036843184014639e+00
2.586541400258446810e+00
2.588990564378224501e+00
8.997686046862413134e-01
1.981811162393406045e+00
1.981811162393406045e+00
2.142618809311077399e+00
2.442333054118067892e+00
1.277095149839912791e+00
2.058477880539396399e+00
1.334785480012423697e+00
1.207793174678840176e+00
1.641822555644245174e+00
2.096581287714270214e+00
2.096581287714270214e+00
1.196518118049711310e+00
1.196518118049711310e+00
2.805249080364355052e+00
2.345387865008788708e+00
2.345387865008788708e+00
1.707459888285087990e+00
1.624494807193709534e+00
9.117064142803866789e-01
1.169534321538023169e+00
1.804654154415465062e+00
1.804654154415465062e+00
1.442704604450763428e+00
1.840224856471696979e+00
1.982763304416871764e+00
1.982763304416871764e+00
2.226135491761936258e+00
9.759654881942365634e-01
1.161991973664455058e+00
8.946581743384983687e-01
8.946581743384983687e-01
1.153327018532724235e+00
1.239122944414646987e+00
1.978671778879850018e+00
1.978671778879850018e+00
2.826523930610097324e+00
1.940220401616697288e+00
1.033549627411833205e+00
1.575955294961831177e+00
2.220999017328070035e+00
2.220999017328070035e+00
1.334493823966299120e+00
1.500556071671400149e+00
1.500556071671400149e+00
1.377569591577062935e+00
2.507012455889991109e+00
1.726611873168482081e+00
7.830035836953436190e-01
1.871165883838645572e+00
1.247029865723495057e+00
1.561763880813659577e+00
4.597125355726875973e-01
2.066488770686483623e+00
2.066488770686483623e+00
1.160779829418052467e+00
2.302817264131768127e+00
2.295077700292868172e+00
2.252096965368818982e+00
2.252096965368818982e+00
2.683951510966291032e+00
2.407270841122176375e+00
1.793301713214875637e+00
1.117989543243741668e+00
1.355470273696534944e+00
1.355470273696534944e+00
1.875436286255719009e+00
1.875436286255719009e+00
1.397455822037782402e+00
1.691535802317497561e+00
2.579336799156536131e+00
1.889054479627325644e+00
2.326621263294047282e+00
2.326621263294047282e+00
2.326621263294047282e+00
5.442607342511099899e-01
1.675147642333143727e+00
1.706451110796414206e+00
2.066137207106900409e+00
1.518426811881141480e+00
1.337346258828403300e+00
1.337346258828403300e+00
1.908471941867232902e+00
2.732675382753842808e+00
1.047803411830698916e+00
1.728452750476907829e+00
1.526511846345915746e+00
5.558661259487782669e-01
1.646469782304680995e+00
1.236077542535150231e+00
2.326769680380460947e+00
2.326769680380460947e+00
1.231933235437074226e+00
1.639094904847112621e+00
3.026914979546826423e+00
3.026914979546826423e+00
1.430510514864872684e+00
1.384978414349670395e+00
1.110267884464416044e+00
1.491070167894827492e+00
1.718647602510510408e+00
2.358690890598274414e+00
2.358690890598274414e+00
2.587203017589151166e+00
1.665093865376946924e+00
1.862363371388560118e+00
1.857532282378016486e+00
1.857532282378016486e+00
8.191775657061020066e-01
8.191775657061020066e-01
2.633209344352325232e+00
2.633209344352325232e+00
2.633209344352325232e+00
2.140815858894027368e+00
1.911839755579824107e+00
7.174468994958836943e-01
4.475328812816317114e-01
1.028497989220805264e+00
1.427765062950069552e+00
2.668730469533018290e+00
1.161392513403349147e+00
1.161392513403349147e+00
2.289500413436087012e+00
2.966416237595033145e+00
2.966416237595033145e+00
1.550254088923943341e+00
1.550254088923943341e+00
1.074185098570833663e+00
1.627788086201653606e+00
2.352680005250026074e+00
2.352680005250026074e+00
1.705602370527431022e+00
1.705602370527431022e+00
1.061625192765830006e+00
1.092225395481000394e+00
2.630525433004856861e+00
8.142658830121974889e-01
8.142658830121974889e-01
1.574378138269272087e+00
2.191627338481441978e+00
2.191627338481441978e+00
2.511829268335284304e+00
2.036681281501814489e+00
3.049564533580108594e-01
2.502247438786122657e+00
1.400366259394044466e+00
5.300664452999179765e-01
5.300664452999179765e-01
1.826269166849112890e+00
1.518548514326735210e+00
1.970807786058403899e+00
2.021634305539703913e+00
2.021634305539703913e+00
2.021634305539703913e+00
7.123081931981749548e-01
2.294578341132231358e+00
1.399523930944680750e+00
1.101579389730517056e+00
9.077731758861179445e-01
1.440547174069773284e+00
1.440547174069773284e+00
1.440547174069773284e+00
1.895027048040716977e+00
2.994587436478841624e+00
6.888233565563156580e-01
5.411981540643565625e-01
1.578457751341751703e+00
1.863815670762116739e+00
2.339553437392484891e+00
1.739195613554159969e+00
2.068895855283718443e+00
1.890414604890700456e+00
2.343083209569524428e+00
1.754607179505273118e+00
1.787588159378032060e+00
2.250997864403355031e+00
2.145005802480520085e+00
9.667378069535697005e-01
9.667378069535697005e-01
1.531845093435050487e+00
1.626104285104801095e+00
9.632232552195340025e-01
2.492924425689087897e+00
2.061562168911638349e+00
2.437556082060156726e+00
2.437556082060156726e+00
2.463661457988023162e+00
2.463661457988023162e+00
2.048610693212045142e+00
2.048610693212045142e+00
1.663461912976793577e+00
1.258434154288977425e+00
1.212102716091432608e+00
6.458637651101934996e-01
2.433054207785876777e+00
2.433054207785876777e+00
3.613663831957695249e-01
2.810480577837864757e+00
2.093735734029127382e+00
1.909473433491988725e+00
2.453963071014879205e+00
1.467405474379120278e+00
1.916753836648882547e+00
1.859911470302174186e+00
1.859911470302174186e+00
1.859911470302174186e+00
2.159670786161392630e+00
2.620675522589853035e+00
2.620675522589853035e+00
1.673387987068027272e+00
1.686059252826054067e+00
2.084138241254437141e+00
2.590077388645223078e+00
2.590077388645223078e+00
1.842696711066507786e+00
1.842696711066507786e+00
2.120589372258113503e+00
1.782540754090079727e+00
1.782540754090079727e+00
1.343586704294546852e+00
1.333920350422844736e+00
1.496809192325903703e+00
1.496809192325903703e+00
1.353740770644414670e+00
1.353740770644414670e+00
8.844897352739172769e-01
1.743022512722090633e+00
1.257748621488207208e+00
1.257748621488207208e+00
1.445606707503603872e+00
1.445606707503603872e+00
2.342982699572793592e+00
2.349269062600870317e+00
1.096325610302617326e+00
1.708814696241188091e+00
1.701284147742892605e+00
1.701284147742892605e+00
2.849414081927047260e+00
2.034936474304881671e+00
2.034936474304881671e+00
1.205659934141654288e+00
8.470205356548499154e-01
9.468716122478105790e-01
2.847504897938167634e+00
1.926362592817461028e+00
1.926362592817461028e+00
1.618541938794621604e+00
2.721077745325586328e+00
1.322870768339436953e+00
2.687179397984051032e+00
2.438680698454393170e+00
6.576366757876925817e-01
6.576366757876925817e-01
1.458397761812811444e+00
1.774614847375950211e+00
1.921892602840631126e+00
2.409606234169849870e+00
2.409606234169849870e+00
1.543595878559150592e+00
2.230417184816357867e+00
1.723176962017606284e+00
1.723176962017606284e+00
1.723176962017606284e+00
2.140769971699536089e+00
2.140769971699536089e+00
9.771345213988618106e-01
1.589301801742427411e+00
7.581836847371239418e-01
1.789406851851508939e+00
1.911768730560544416e+00
1.418777925607445312e+00
2.221301615748549008e+00
1.443921764347112946e+00
1.698217470860927225e+00
2.804216715911065805e+00
1.521568518857357999e+00
1.010167386612397022e+00
1.860339938452619801e+00
1.588797116623615446e+00
1.043108192379870403e+00
1.584349511951181899e+00
1.082282980907147252e+00
2.099943311891149467e+00
1.711566424555244881e+00
2.735386913935461628e+00
4.222052641075057511e-01
2.856628811532035517e+00
1.084260540482439028e+00
1.418281502917129622e+00
1.904503238660292475e+00
1.904503238660292475e+00
2.623126641466039022e+00
1.204406309742188652e+00
2.342462600205053924e+00
2.342462600205053924e+00
2.001125803664324465e+00
2.001125803664324465e+00
1.557699135031413773e+00
7.699266017176724652e-01
7.699266017176724652e-01
2.005901608505501699e+00
1.473315017689612372e+00
1.930198371174801641e+00
2.525380914650014574e+00
1.836028596197172291e+00
2.170509956112778749e+00
1.027715319859351384e+00
1.015574789634827058e+00
2.117132941767452703e+00
1.524506875369910031e+00
1.621777298660842082e+00
1.031558894369809298e+00
1.031558894369809298e+00
2.829015781072474756e+00
1.104062902521929956e+00
1.104062902521929956e+00
2.645806439928446885e+00
2.645806439928446885e+00
2.307927354843044121e+00
2.009974264803264354e+00
1.526183748857647071e+00
1.479276381454061706e+00
1.672120812502153608e+00
1.834416684590364888e+00
2.303930457041261093e+00
1.578590209981457049e+00
1.284847246452795577e+00
1.085646984043018737e+00
2.472760521208198448e+00
1.114153127766989826e+00
1.824201929734745375e+00
1.756039689010154392e+00
2.528768674814244832e+00
2.170052561921946399e+00
5.859183203676571194e-01
2.093996094898984861e+00
2.909617249483212209e+00
1.505149758902903256e+00
2.570181332753681325e+00
1.794938525204292645e+00
9.368697229476751209e-01
9.368697229476751209e-01
1.069884493817498727e+00
1.715876313153159138e+00
6.790347864154797630e-01
7.231683435852244157e-01
7.231683435852244157e-01
2.236656755833546395e+00
2.236656755833546395e+00
1.979547442465122931e+00
1.601809571945424393e+00
1.601809571945424393e+00
1.299069192571754128e+00
2.442570443606923547e+00
1.610402491308501993e+00
1.705174123417056764e+00
1.930768672551660847e+00
6.172456272938127153e-01
1.959812481258847772e+00
4.957414102785914212e-01
1.346864417428333072e+00
1.346864417428333072e+00
1.630042431438365025e+00
1.630042431438365025e+00
1.892458678642519043e+00
1.357098396612076208e+00
2.906988503286529912e+00
2.107774411261071013e+00
1.642611421586035458e+00
2.098774648252755615e+00
9.125725420065622373e-01
2.319872307919146337e+00
2.330326863927106196e+00
6.638826964703379296e-01
1.853367916496148737e+00
2.311010326110804147e+00
7.029754396739612554e-01
2.439444387361452193e+00
2.388740684684528492e+00
2.489600108913063270e+00
1.542384639060010221e+00
2.561633753054148865e+00
2.672984263987848053e+00
1.669241910013426589e+00
8.737399699930179509e-01
8.737399699930179509e-01
9.929549750881223602e-01
9.929549750881223602e-01
1.552350672891061434e+00
2.089924032973987433e+00
1.924663573014560702e+00
1.924663573014560702e+00
1.924663573014560702e+00
2.107975935221137576e+00
2.770105494417098413e+00
1.547296552653765644e+00
2.313532888839296309e+00
2.377917338314351703e+00
2.377917338314351703e+00
1.486223602341280259e+00
1.670213056725949663e+00
1.793302787883962912e+00
6.451054078253921631e-01
2.547924694104249266e+00
6.294855527014665553e-01
1.844318122003538063e+00
1.844318122003538063e+00
1.844318122003538063e+00
6.413066917944569845e-01
6.413066917944569845e-01
1.996789392601130420e+00
1.831434484198816603e+00
2.977220407157348259e+00
1.547430810430021619e+00
1.431843554196927881e+00
1.792673263235326386e+00
1.409649031569090383e+00
2.260209527746726454e+00
2.826363912492703800e+00
2.684963509078998722e+00
2.614281251514471993e+00
2.120278891592238590e+00
2.499686300646257742e+00
6.008585391848717538e-01
1.601019569643613583e+00
2.509239917523008234e+00
8.222789431274106775e-01
2.115597984289597555e+00
1.793346433034598952e+00
2.091273820799619987e+00
2.368836221067701864e+00
1.674711600784741794e+00
2.094528078753056022e+00
1.690050841982261520e+00
1.690050841982261520e+00
1.577513573937881608e+00
2.972850516360155959e-01
4.636258905603863334e-01
1.592893545104031805e+00
2.621023407470951749e+00
1.081393785296387966e+00
1.997290273042323427e+00
2.257648377128532502e+00
2.714793833436589754e+00
8.779752660752305760e-01
6.939643822979900678e-01
1.825399141373516665e+00
1.825399141373516665e+00
1.338889824527126349e+00
2.928716458567607539e+00
2.928716458567607539e+00
1.900616960569690317e+00
1.409646822308490144e+00
2.353223562782547518e+00
1.354605913245445992e+00
2.044987023252932357e+00
1.325539609618664905e+00
1.632601206082863410e+00
1.540254099286152645e+00
2.454188279434200926e+00
1.482322487215888884e+00
1.947475130701958435e+00
1.852669747614308138e+00
1.083066532216502953e+00
1.083066532216502953e+00
1.716961348209590676e+00
1.067946151674132427e+00
1.692386827002412497e+00
1.692386827002412497e+00
2.215972962895800702e+00
2.156271332738937119e+00
2.622755953893498582e+00
2.364047778278790091e+00
2.406697117583731060e+00
2.406697117583731060e+00
2.777752640018615882e+00
1.112398766411030637e+00
1.558346241282318800e+00
2.348856678529471331e+00
2.348856678529471331e+00
1.997889034548138820e+00
5.624721554807176060e-01
5.624721554807176060e-01
2.453188892417445199e+00
2.459176827297705259e+00
2.459176827297705259e+00
9.758496636951679015e-01
2.732948618531368279e+00
2.732948618531368279e+00
2.635142833114244798e+00
1.781888359865245186e-01
3.054517503917926646e+00
2.424999471585546740e+00
1.585067544739759748e+00
1.670440202479662739e+00
1.294874223709922889e+00
1.294874223709922889e+00
5.436349306874672660e-01
2.216247456315784348e+00
1.352831243354323920e+00
8.000491753670365691e-01
2.276720154468123258e+00
2.328382781515197397e+00
2.328382781515197397e+00
2.328382781515197397e+00
2.328382781515197397e+00
1.745281990676492256e+00
1.745281990676492256e+00
1.745281990676492256e+00
1.745281990676492256e+00
9.159077700305587877e-01
1.524887913481733470e+00
2.436347419614521392e+00
1.728746017700397042e+00
1.728746017700397042e+00
1.982324778116193453e+00
1.982324778116193453e+00
1.487967937137319341e+00
1.478825111531631320e+00
1.478825111531631320e+00
8.271820929531482625e-01
8.271820929531482625e-01
8.271820929531482625e-01
2.252095359584396217e+00
2.684232649269384652e+00
1.257132080438781996e+00
2.083973756262375687e+00
2.201840978042424624e+00
2.201840978042424624e+00
2.201840978042424624e+00
3.097442144270200259e+00
1.378132078147728201e+00
2.269714876008963600e+00
2.421525398339980928e+00
2.070649154072816245e+00
2.070649154072816245e+00
2.524398110579101573e+00
1.846681294385821515e+00
2.436556689701617540e+00
1.460343816905687708e+00
2.548707446798964327e+00
2.270273281075979366e+00
1.657996043107875295e+00
1.657996043107875295e+00
1.657996043107875295e+00
1.536775788975276891e+00
1.915909531061356308e+00
1.915909531061356308e+00
1.547339520029080040e+00
8.354237607028072166e-01
3.015047874102586345e+00
1.928447125868685941e+00
1.949947371650080807e+00
1.949947371650080807e+00
1.949947371650080807e+00
3.031039512509603018e+00
2.519422704556121051e+00
2.200626869631009175e+00
2.200626869631009175e+00
1.976887123784563549e+00
1.317427334151838547e+00
1.317427334151838547e+00
1.317427334151838547e+00
2.420597444378316698e+00
2.593066719099478057e+00
2.593066719099478057e+00
2.273712284196785838e+00
2.220983967360881106e+00
2.180091665805909962e+00
1.993811932092818484e+00
1.550123809287708987e+00
1.550123809287708987e+00
1.677807577746756040e+00
2.021921011061798890e+00
2.021921011061798890e+00
1.248042944575991298e+00
2.546787428570634670e+00
2.251476193230296019e+00
1.200186046968477971e+00
1.821857543561916204e+00
1.821857543561916204e+00
2.391455432035847206e+00
1.785487988529315340e+00
9.379281595092681112e-01
1.503417605181255334e+00
1.591886081166460798e+00
1.887900531835865037e+00
1.689615723209681342e+00
2.184234582092439592e+00
1.910679170574774322e+00
1.910679170574774322e+00
1.910679170574774322e+00
6.406598341817871800e-01
1.776178851176184237e+00
1.776178851176184237e+00
2.725069134287803951e+00
1.917225776924788461e+00
1.818805811842459708e+00
1.818805811842459708e+00
2.307092915726724147e+00
2.182929795078345503e+00
2.563019681293651431e+00
2.732687338141448485e+00
2.434118136872999383e+00
1.288895894791747487e+00
3.134118444998301278e+00
3.134118444998301278e+00
2.287900638747435433e+00
1.662261623229464469e+00
1.662261623229464469e+00
1.259685830776662074e+00
1.157918402733603802e+00
2.018684066761753826e+00
2.018684066761753826e+00
2.716844329426900906e+00
2.368841085755550857e+00
7.878802362430131767e-01
1.581370455365803895e+00
2.455359893050359510e+00
2.455359893050359510e+00
2.412813498869034401e+00
1.865208856885929078e+00
2.029994304222853874e+00
1.495847762557217742e+00
8.414162709170025511e-01
8.414162709170025511e-01
5.451220516246526593e-01
2.869659677484743820e+00
2.869659677484743820e+00
1.672892849285515959e+00
3.242651494022175673e-01
1.837916816768676354e+00
1.191853589582472228e+00
2.586419773853831483e+00
2.049146348239156423e-01
1.353405342084516239e+00
3.089216819742743425e+00
2.128442196842905254e+00
2.172666589682367366e+00
1.684971948697103539e+00
2.571485421567254459e+00
2.571485421567254459e+00
2.571485421567254459e+00
2.476090364698244617e+00
1.542516462386813725e+00
1.973718766415282433e+00
1.384042131451321378e+00
2.106138160243963053e+00
2.234370011529808853e+00
2.107894470663653763e+00
2.107894470663653763e+00
2.107894470663653763e+00
8.750921477998355735e-01
8.750921477998355735e-01
2.416024210323270527e+00
2.416024210323270527e+00
1.909781100514987839e+00
2.654810403295336574e+00
1.761595295306015219e+00
1.761595295306015219e+00
2.455181586657006143e+00
7.613908704807365035e-01
7.613908704807365035e-01
1.677393253379417137e+00
2.770788822992970246e+00
2.617210601996416308e+00
2.617210601996416308e+00
1.281779871702234175e+00
1.281779871702234175e+00
5.811642999021862099e-01
5.811642999021862099e-01
2.359272360200662888e+00
1.744088935488618652e+00
1.562495106552391766e+00
6.664936992363296175e-01
6.664936992363296175e-01
6.664936992363296175e-01
5.846926414030571006e-01
9.745040391431544213e-01
9.745040391431544213e-01
1.657601332499541558e+00
1.657601332499541558e+00
1.239685040404664873e+00
2.194156711585440345e+00
1.176383782811904366e+00
2.181769032608591452e+00
2.181769032608591452e+00
1.284231659628628064e+00
2.407894762138643951e+00
2.395038120811504356e+00
2.360900844223181139e+00
2.360900844223181139e+00
1.607412781325166184e+00
2.828257419599834233e+00
2.540894631780064028e+00
2.667937710530298379e+00
2.651929279933376904e+00
2.651929279933376904e+00
1.597325837570812368e+00
2.858961984405790080e+00
2.352541643668735194e+00
1.452877399718622620e+00
8.038844485073805002e-01
2.619386371365706623e+00
1.581471078413521747e+00
1.840174947320285970e+00
4.110720367090229810e-01
2.253309925510481815e+00
1.416593887028826604e+00
2.074434246832297823e+00
2.905774236329067950e+00
1.823300201278070132e+00
1.823300201278070132e+00
1.823300201278070132e+00
1.042444120335124458e+00
1.981914039678204897e+00
2.023516263630661616e+00
1.728567625794861007e+00
1.327036047493699078e+00
1.697150392286797427e+00
2.418225721681730445e+00
2.086152845965915770e+00
1.270228155420664029e+00
2.380055807694418935e+00
1.675320323560537839e+00
2.114380096458803315e+00
1.602288974968889113e+00
1.602288974968889113e+00
2.581645790497952397e+00
2.221003165042831906e+00
1.980382683348234529e+00
1.980382683348234529e+00
4.921832476165445280e-01
1.792882593663858382e+00
2.234575355927475027e+00
2.234575355927475027e+00
1.320792114010649332e+00
1.366999716308022084e+00
2.208118270888476786e+00
1.321205500285499879e+00
2.130119484261636220e+00
1.783108891589805678e+00
2.427411660290946127e+00
2.427411660290946127e+00
2.427411660290946127e+00
2.846756005602231632e+00
1.701983926486787979e+00
1.859798112814138982e+00
1.466865122595949256e+00
1.932575331537984109e+00
1.409881625694517693e+00
1.667459130741899775e+00
1.244378377987520601e+00
2.046614517278867673e+00
2.624287146677439786e+00
2.963973310627612712e+00
1.741460900002757439e+00
2.692266877798660030e+00
2.318359096417413223e+00
2.413999032514052345e+00
1.655118940332826138e+00
1.751302891903759873e+00
2.683125190617783318e+00
2.683125190617783318e+00
2.100729081468571291e+00
1.872294402660914514e+00
1.765797949290180968e+00
1.765797949290180968e+00
7.904168818126451335e-01
1.545501854958338361e+00
2.765925053263642130e+00
2.606751601985493938e+00
1.306971828525678614e+00
2.113615480087213783e+00
1.585039655844387108e+00
1.585039655844387108e+00
9.915515851957228399e-01
9.378531421281530722e-01
1.661991089227636165e+00
1.324932580363030965e+00
1.324932580363030965e+00
1.324932580363030965e+00
2.233315661196100699e+00
2.638402740870068097e+00
2.638402740870068097e+00
1.672817825143204651e+00
2.391025608005870051e+00
2.690525260560169496e+00
2.690525260560169496e+00
2.866109677170227243e+00
2.363679849175241543e+00
2.916661650945306494e+00
2.088835499964287301e+00
2.088835499964287301e+00
2.922207543049335055e+00
2.178745516626273471e+00
2.168099433920504193e+00
2.168099433920504193e+00
1.872558545192303914e+00
2.075817089457573150e+00
2.400207037370320151e+00
2.027002314212649647e+00
9.129450710118968138e-01
2.726937369745385364e+00
2.726937369745385364e+00
1.552286248831652671e+00
2.187331422835944839e+00
2.187331422835944839e+00
7.572570207743594128e-01
1.407155248471103182e+00
1.407155248471103182e+00
1.939672917505737226e+00
1.939672917505737226e+00
1.956369471825928130e+00
1.956369471825928130e+00
1.853797744752457177e+00
9.512857668386774934e-01
2.616761911246860084e+00
2.616761911246860084e+00
1.670646798735096583e+00
1.670646798735096583e+00
2.268104297721534213e+00
8.348548720125115175e-01
6.110156444904586426e-01
1.442921644083084987e+00
2.219104728401676052e+00
2.791342690168346241e+00
2.791824205371871148e+00
2.791824205371871148e+00
2.791824205371871148e+00
7.051117061532669039e-02
7.051117061532669039e-02
2.385458271627363569e+00
1.606610134573621673e+00
2.181989696752979047e+00
2.181989696752979047e+00
1.704856151862973679e+00
2.476224083640430340e+00
5.368226906396352804e-01
5.368226906396352804e-01
1.497523723238640470e+00
1.497523723238640470e+00
1.140132897459596339e+00
1.786316520353305126e+00
1.786316520353305126e+00
1.786316520353305126e+00
1.598250723250293159e+00
1.728140717512602231e+00
2.858561901658095650e+00
1.329138284603904596e+00
2.004592927291914961e+00
2.889421758324045353e+00
2.889421758324045353e+00
2.166700028778689724e+00
1.961918415843491914e+00
2.437184386317050144e+00
2.437184386317050144e+00
1.895694464137086310e+00
1.895694464137086310e+00
1.959420249485186227e+00
1.390319850397654822e+00
1.135892322104957275e+00
1.135892322104957275e+00
1.135892322104957275e+00
1.135892322104957275e+00
2.098526854477100745e+00
2.098526854477100745e+00
1.894253941979898492e+00
1.596190418830684798e+00
1.596190418830684798e+00
1.417813771474721429e+00
2.759038759332124613e+00
2.759038759332124613e+00
2.759038759332124613e+00
1.830430221507632016e+00
2.056722851278193431e+00
2.071812578170662889e+00
2.071812578170662889e+00
1.274882425422130483e+00
1.499126982747051917e+00
1.827008716428798252e+00
2.264109617463702762e+00
2.264109617463702762e+00
1.477400717538899233e+00
2.538266565724319523e+00
8.895091960309350343e-01
1.381628357836014898e+00
9.852496512968834663e-01
1.463998949249793569e+00
8.931197433433729627e-01
8.931197433433729627e-01
8.931197433433729627e-01
2.451690249520061204e+00
8.580677591151288919e-01
2.131278002317878784e+00
1.313689504429433663e+00
1.955904619608305195e+00
2.917340872672636642e+00
1.494292254374406381e+00
8.183138808822831844e-01
8.183138808822831844e-01
1.355085686875064699e+00
1.730431868699801035e+00
2.374431623146394887e+00
2.374431623146394887e+00
2.168432389659566528e+00
2.168432389659566528e+00
2.747112655497012668e-01
1.155541736780554496e+00
2.633580892530937412e+00
2.265100818589485421e+00
6.210608153482310989e-01
2.165078174421493973e+00
2.165078174421493973e+00
2.637924727184126628e+00
2.666154380370454380e+00
2.666154380370454380e+00
7.168306942017442784e-01
2.197281016398397568e+00
3.842126616255497895e-01
2.673315060691122902e+00
2.673315060691122902e+00
1.019108953973839160e+00
1.019108953973839160e+00
2.579751829155368270e+00
1.707779768978501700e+00
1.873552487499829500e+00
1.873552487499829500e+00
1.873552487499829500e+00
1.873552487499829500e+00
1.405461625919623092e+00
2.957726561768036611e+00
1.162049602264177750e+00
2.881153204881412577e+00
6.701379420799072895e-01
3.122682667445443538e+00
2.836563805046019571e+00
7.313969710655281453e-01
8.561546310542768046e-01
8.561546310542768046e-01
1.575080998629991846e+00
1.575080998629991846e+00
1.905117554186938511e+00
1.475699521833282235e+00
1.392352750879920276e+00
2.587448523685971224e+00
2.033699166276748738e+00
2.609751272843689573e+00
2.296923899602754116e+00
1.365506890489093905e+00
1.908142134423080449e+00
2.064722428478826366e+00
2.086659522776834308e+00
2.461350641243986725e+00
2.461350641243986725e+00
2.876205561394788557e+00
2.876205561394788557e+00
1.430203158440097821e+00
2.236099137596317732e+00
2.236099137596317732e+00
1.458602682869039269e+00
2.120768051156896039e+00
2.049312603686481715e+00
2.387277426191232621e+00
2.460803418406638077e+00
7.369535007037461005e-01
9.560299535219513034e-01
9.560299535219513034e-01
2.844743358404659972e+00
2.133243059713951784e+00
2.133243059713951784e+00
2.133243059713951784e+00
1.289376564043285711e+00
1.289376564043285711e+00
1.289376564043285711e+00
2.637772293665869405e+00
2.637772293665869405e+00
1.182212818965883372e+00
2.355186397342502236e+00
2.355186397342502236e+00
1.772804192856110905e+00
1.956370896936531878e+00
5.130348400788991015e-01
2.167040071001929302e+00
1.802176310677488402e+00
1.802176310677488402e+00
3.044090349142201557e+00
2.709801628432147336e+00
2.840889648195700889e+00
2.840889648195700889e+00
2.840889648195700889e+00
2.034745789612842692e+00
5.206976732779318162e-01
2.335176741632106534e+00
2.228425264407158934e+00
7.285819185765500805e-01
2.113794504856164380e+00
2.997771167007447168e+00
1.730623136545100804e+00
2.373634773659534680e+00
2.190137874584034972e+00
2.894812402948457208e+00
2.553436680120632740e+00
2.390938438970950486e+00
1.647047595076555515e+00
1.172800683201742133e+00
1.440727342755385276e+00
1.440727342755385276e+00
1.440727342755385276e+00
2.874028156829700809e+00
2.874028156829700809e+00
2.301429591628115556e+00
2.812083310989412777e+00
2.184303282492487508e+00
2.622543101791021680e+00
2.468552447524016369e+00
1.316687642983912943e+00
2.782803542669377350e+00
2.625642088549426933e+00
2.622985474787801863e+00
2.008395670289449431e+00
1.461527439144297835e+00
2.629952149735656608e+00
2.720904021780084836e+00
1.927947707962007762e+00
1.927947707962007762e+00
3.337685926705338813e-01
2.227305276410479262e+00
2.114331450493427855e+00
1.999297427500452251e+00
2.780553087980287774e+00
2.925170306515777696e+00
2.925170306515777696e+00
2.728264668385516512e+00
1.604050444668451370e+00
8.728769599555644687e-01
1.544759368665138854e+00
1.544759368665138854e+00
1.750623063088630138e+00
3.053430335926204719e+00
3.053430335926204719e+00
1.753572196963559371e+00
2.904493249581042935e+00
7.422017173630520714e-01
2.771632034849832671e+00
1.331105914012576941e+00
2.504531435808224238e+00
2.504531435808224238e+00
2.708596276612764697e+00
2.708596276612764697e+00
2.849848167228303808e+00
1.664391864720131009e+00
2.665902468220380239e+00
1.715058391321536702e+00
2.560838170075337317e+00
1.124040172760510492e+00
2.253561876058875146e+00
2.253561876058875146e+00
1.613201296381981287e+00
1.427792162216394933e+00
1.427792162216394933e+00
2.391647422148114988e+00
2.994891904759155565e+00
2.779900220417744539e+00
2.779900220417744539e+00
2.740096383525924661e+00
2.167390658659495539e+00
2.167390658659495539e+00
1.198918620217782616e+00
2.129789122347637953e+00
2.716007496796643217e+00
2.336871359763984746e+00
1.945417544096262663e+00
2.523358032091311376e+00
9.500491614202248858e-01
2.161418143537149117e+00
2.483918488584732742e+00
2.164710880255956038e+00
2.285504239924101455e+00
2.725350309222978940e+00
2.844952067715027066e+00
2.093440423233110970e+00
1.630185341421386269e+00
2.346645616921207989e+00
1.596768680183610511e+00
1.596768680183610511e+00
2.424165942006941243e+00
2.424165942006941243e+00
2.335184719561662625e+00
2.331368799767080890e+00
2.331368799767080890e+00
2.022651006796014617e+00
2.022651006796014617e+00
2.383580954702164689e+00
2.355481620343977234e+00
7.445517571219900654e-01
1.276108941302581457e+00
2.632452068517598054e+00
2.234113916426358593e+00
2.143524034575596815e+00
2.143524034575596815e+00
2.177117801299889965e+00
2.548747131932735499e+00
2.269200358912679238e+00
2.269200358912679238e+00
3.005407165370652667e+00
2.130248799711790042e+00
1.594636909515255718e+00
2.836339345159527792e+00
2.836339345159527792e+00
2.603056230120263770e+00
3.003621102715575919e+00
3.003621102715575919e+00
2.241188316552409354e+00
1.206112647020742168e+00
1.206112647020742168e+00
2.054206450065767520e+00
1.924157949385019162e+00
2.461115956564468021e+00
2.181568791604060031e+00
1.101746531856437894e+00
1.600737574693015475e+00
1.600737574693015475e+00
1.069515854147961686e+00
1.069515854147961686e+00
1.511511925671668921e+00
1.386703252363814087e+00
1.386703252363814087e+00
1.699727314819796442e+00
1.620014795382421768e+00
1.404689711381053474e+00
7.260512119630395667e-01
1.686174396399226838e+00
2.086948560457095425e+00
2.086948560457095425e+00
1.006926184433096561e+00
1.365760730172913551e+00
1.365760730172913551e+00
1.289073699173405974e+00
1.053943098647067700e+00
1.291131693218391163e+00
1.808540250475199729e+00
1.386095831726134708e+00
1.386095831726134708e+00
1.169343546116871968e+00
1.151315995551160265e+00
1.266380445817239853e+00
1.323388605169182775e+00
1.323388605169182775e+00
1.577225713058900025e+00
1.258074552257911760e+00
1.105591798186954300e+00
1.105591798186954300e+00
1.375448900520984674e+00
1.450787364911134913e+00
1.851447172106391870e+00
1.408204318216828232e+00
1.438143764407263880e+00
1.606052111325287468e+00
1.522656263556832590e+00
1.522656263556832590e+00
1.159942525261176360e+00
1.308750085184680056e+00
1.925229281568566764e+00
7.905061190396912574e-01
1.165757738827869705e+00
7.906295999572823252e-01
1.420329643464818270e+00
1.447031772036441621e+00
1.351644000258469980e+00
1.729772457410983399e+00
1.043297671215280609e+00
6.952053439597686291e-01
1.443560252408140787e+00
1.529610405170035436e+00
1.212208137620372383e+00
1.544976912187231877e+00
1.667876137121443003e+00
1.667876137121443003e+00
9.631208904822297079e-01
1.180338925603575451e+00
1.180338925603575451e+00
1.525319855023798743e+00
1.525319855023798743e+00
1.237634343702168405e+00
1.314543880337061266e+00
1.314543880337061266e+00
1.455151581684283935e+00
1.905358726281003445e+00
1.784357303926392690e+00
1.784357303926392690e+00
1.662205308691081296e+00
1.662205308691081296e+00
1.301763642322041559e+00
1.301763642322041559e+00
1.602416783861237981e+00
1.067913176781422946e+00
1.092711805762568211e+00
6.143057034216766743e-01
1.115566035224246466e+00
1.688129826625264451e+00
8.374984027701631861e-01
1.486115202809060731e+00
1.396819254779337882e+00
1.187023292616595782e+00
1.800588756226744636e+00
1.800588756226744636e+00
6.016009983143445483e-01
6.016009983143445483e-01
1.240004841258878443e+00
1.240004841258878443e+00
1.153370864997600442e+00
1.405603488037679982e+00
8.895164285096480716e-01
1.546650276207369945e+00
1.546650276207369945e+00
9.981721467973398987e-01
1.468826472742228662e+00
1.868972472845242372e+00
9.532145926297598271e-01
1.572811802873349762e+00
1.350300836994513975e+00
1.139419029826676200e+00
1.139419029826676200e+00
9.360287079621323336e-01
2.331058240400857517e+00
2.348582491649379378e+00
1.619312531799177446e+00
1.809107481288098507e+00
1.809107481288098507e+00
1.255633518459147169e+00
1.596126214265400023e+00
1.575204010188968162e+00
9.607845659637320734e-01
1.758118796875018930e+00
1.709507399434750718e+00
1.983292676363380025e+00
1.291755589339787624e+00
1.581344700238294543e+00
1.024332169893593880e+00
1.507343454511799408e+00
1.507343454511799408e+00
1.745972810961202493e+00
1.745972810961202493e+00
9.551119418137072881e-01
1.665533267296117614e+00
1.665533267296117614e+00
1.576750004186803666e+00
1.102056343298492225e+00
1.645818059926319243e+00
1.171277652661613544e+00
1.606252533888326672e+00
1.553226493202982894e+00
5.108190652234746443e-01
1.606572634337490868e+00
1.606572634337490868e+00
1.606572634337490868e+00
1.439135924383875498e+00
1.439135924383875498e+00
2.077270452791619260e+00
9.258960487092267044e-01
1.354670280518149861e+00
1.354670280518149861e+00
1.286574034962492119e+00
1.263093043732359089e+00
7.945776310614003357e-01
1.720663817140866358e+00
8.316784927518641179e-01
1.619903309414090442e+00
1.912301142236215723e+00
1.607118455953848724e+00
1.559070622639598724e+00
1.419051346291675397e+00
1.714701289268451889e+00
1.434168973258897584e+00
1.233643231352694825e+00
1.136715426633842840e+00
1.557953857793471952e+00
2.682076445712483714e+00
1.501834579018910487e+00
1.501834579018910487e+00
9.900255362384906554e-01
2.163239005139656168e+00
2.163239005139656168e+00
6.920041255014801607e-01
1.765741680164671257e+00
1.256912949182670491e+00
1.627665965917756807e+00
1.552925099997177094e+00
5.187086740594847312e-01
3.283830601655133297e-01
6.297267766420168167e-01
1.696008705339825395e+00
2.019741231759806688e+00
1.118192057375829940e+00
1.118192057375829940e+00
3.276766236828245193e-01
3.276766236828245193e-01
1.561664242388787871e+00
1.389593417139086240e+00
1.228579914301266562e+00
1.486077901586599914e+00
1.441920039510250051e+00
1.541793549174252043e+00
1.562458334120534476e+00
1.562458334120534476e+00
7.437497116210092241e-01
1.614161139089118180e+00
8.969066748777763110e-01
7.805402153260957432e-01
2.592951138680137380e+00
1.465911481674911032e+00
2.167109572070798240e+00
2.167109572070798240e+00
8.234346876916600610e-01
8.234346876916600610e-01
8.234346876916600610e-01
1.340210195124997838e+00
1.671558995294130323e+00
1.202859867920318182e+00
9.606233256033844814e-01
9.606233256033844814e-01
1.823548077593534433e+00
6.447810343257470711e-01
7.695378400211956293e-01
2.219910470183931839e+00
1.086308843981958372e+00
4.757003964494402326e-01
1.055168138699708269e+00
1.055168138699708269e+00
9.251672571188555017e-01
1.323640591898413543e+00
1.323640591898413543e+00
1.616806147608593536e+00
1.940325533629930987e+00
1.940325533629930987e+00
1.034077384402598998e+00
1.733599651066039637e+00
1.375684304806518599e+00
1.670001496609766933e+00
8.938169709145409314e-01
1.177634767489712297e+00
8.381386686204365111e-01
1.066932119369911280e+00
9.659412496161245976e-01
1.614363805136614038e+00
1.284572861883091388e+00
1.448149101573397157e+00
1.081184812684294894e+00
1.081184812684294894e+00
9.342639240510850485e-01
9.342639240510850485e-01
1.288253798253047977e+00
1.108460022459528238e+00
8.217999075963058342e-01
1.946478261522483599e+00
1.806507730146909463e+00
1.221084112735479899e+00
8.314451103344171479e-01
1.503739952716526274e+00
9.323007952011688193e-01
1.291218425885010346e+00
1.291218425885010346e+00
1.143601662630764348e+00
1.333621753412785438e+00
1.225407693815700139e+00
1.481922221290226771e+00
1.061350918498635609e+00
1.061350918498635609e+00
1.815663837025423444e+00
1.278822663960263784e+00
1.615538971405501956e+00
1.452544055107478860e+00
1.312396402090702408e+00
1.335978623864085613e+00
1.090095973147923836e+00
9.136261852223730440e-01
4.707419136912943114e-01
2.389067841201384379e+00
2.389067841201384379e+00
2.389067841201384379e+00
2.282854585228330180e+00
1.230889203389463393e+00
1.230889203389463393e+00
6.727803421628612002e-01
1.443425111586398746e+00
9.623946001744215772e-01
2.573822974016178655e+00
9.796578296615104930e-01
1.172189359658972529e+00
2.110600849568454063e+00
2.110600849568454063e+00
1.677157694436447244e+00
1.415057807450707861e+00
2.284203147258212496e+00
2.284203147258212496e+00
1.441214359267029677e+00
4.465142148875490546e-01
9.047580811129366518e-01
9.860171850078044420e-01
9.860171850078044420e-01
1.701005320556534306e+00
