total_mass_source
7.176266590723392369e+01
6.826120219845128645e+01
7.005140349320261350e+01
6.696715968743127689e+01
7.114345206855118420e+01
6.885975201155035563e+01
6.926488987485855375e+01
7.097918546712305954e+01
6.627516704398780689e+01
6.587301943984283525e+01
6.798956414504540646e+01
6.667335892032269840e+01
7.026628148054993517e+01
6.732858734034709869e+01
6.803829620965308322e+01
6.467023090643432681e+01
6.829209339914149268e+01
6.818916855469737470e+01
6.689983214740284723e+01
6.637861159315785642e+01
6.924427597805056678e+01
7.189872226043840442e+01
6.659616832537358277e+01
6.852038737740529939e+01
6.906966513097167137e+01
6.782335794857328892e+01
6.668136388290467664e+01
6.609027010943796654e+01
6.965273608103814240e+01
6.866142918150438845e+01
6.908774045211764303e+01
6.841546598290754844e+01
6.512802883536504339e+01
6.722399876031410315e+01
6.608668583734289825e+01
6.859985382045773861e+01
6.847219671633348526e+01
6.843499596444569022e+01
6.519776287252892644e+01
6.582066481300033445e+01
7.063327327903076025e+01
6.760443825232069059e+01
6.490801683109819464e+01
6.498043066183115002e+01
6.614982020311315125e+01
6.447873133763036435e+01
6.493864141890752251e+01
6.892000194503529542e+01
6.710350575888615765e+01
6.381841130010968755e+01
6.807447613508280426e+01
6.700947186517129239e+01
6.730295946855926559e+01
6.463595015679111100e+01
6.432994261521315593e+01
6.725454516156958107e+01
6.768296913509483659e+01
6.684901078313741607e+01
7.083598636168132145e+01
6.542782921537360608e+01
6.733963009164800440e+01
6.521684825446058653e+01
6.537914330426107767e+01
6.829368527578866122e+01
6.411173215144907545e+01
6.544651945253396264e+01
6.862978413802890998e+01
6.645267290172481012e+01
6.503618794276670201e+01
6.526876855783217479e+01
6.314804534296916927e+01
6.725357167420297344e+01
6.996308966114087013e+01
6.457268970143722697e+01
6.662856994150601508e+01
6.847900627733848467e+01
6.809585024357507166e+01
6.317720263069606546e+01
6.685273416604940167e+01
6.726572561346067403e+01
6.398625951855617444e+01
7.303404561871781198e+01
6.311217096039535335e+01
6.764115492188770418e+01
6.276806741594959504e+01
6.367065451761022388e+01
6.715164242843773934e+01
6.369012064824771358e+01
6.900817437236837293e+01
6.650247373021421993e+01
6.773356646067898623e+01
6.439963765359104286e+01
6.376744624713606413e+01
6.847625277140585354e+01
6.598286263925270134e+01
7.102580822034322239e+01
6.535759633018228953e+01
6.553079831972644342e+01
6.469410028746517582e+01
6.417180819282705784e+01
6.709595686859856301e+01
6.549803847534043655e+01
6.448281513806912812e+01
6.544347950623907195e+01
6.444120779944223898e+01
6.515309005764791550e+01
6.432941265280412324e+01
6.587663857618400698e+01
6.929114547567770899e+01
6.702638348037622507e+01
6.519060933861675267e+01
6.662717489100869273e+01
6.783378686040133232e+01
6.475240321587790504e+01
6.349122355271680362e+01
6.464340844065293368e+01
6.408026105215505197e+01
6.300898035903955474e+01
6.594816091393418844e+01
6.677328450847896590e+01
6.722620653308062799e+01
6.478709752515958087e+01
6.366413671658528273e+01
6.436738523734345563e+01
6.553409311914030866e+01
6.421777588639776013e+01
6.417589180749600075e+01
6.577718732451631922e+01
6.663492563356113862e+01
6.793661476285919321e+01
6.508158189468649368e+01
6.624376419993710385e+01
6.498483090141833429e+01
6.410683386009692697e+01
6.891187572462331445e+01
6.832563777720505982e+01
6.429922280611715735e+01
6.428795999215664381e+01
6.767346383692962775e+01
6.815414133947371056e+01
6.349290034833973806e+01
6.730422029119101524e+01
6.492992971416161652e+01
6.555529685151762465e+01
6.921879832904930652e+01
6.564348340382275637e+01
6.813144346000918006e+01
6.902343662175250927e+01
6.486541748178424882e+01
6.732770389884753115e+01
6.713140212915223515e+01
6.971280767217390917e+01
6.925671533264439006e+01
6.729778106198433818e+01
6.485286034722685145e+01
6.517525689106204823e+01
6.327437098176319807e+01
6.793590711063536958e+01
6.382078052497401188e+01
6.320892537545974932e+01
6.514511883838210338e+01
7.011929641529795276e+01
6.454846806273224047e+01
7.042369748332679080e+01
6.568884801500540505e+01
7.062467683738057644e+01
6.525443342511027822e+01
6.558713045726969426e+01
6.967302329300382269e+01
6.507379796751544632e+01
6.474329117610082562e+01
6.527387077181501240e+01
6.565471386943799814e+01
6.440677717473448638e+01
7.046204255756356361e+01
6.335009876512889093e+01
6.672532725877610460e+01
6.587281932095989134e+01
6.581984447872085298e+01
6.527621539822480656e+01
6.871055016629762235e+01
6.862216484862658206e+01
6.323228867394992392e+01
6.583756282843715724e+01
7.314984064849548417e+01
6.855675435121362682e+01
7.007800343447415514e+01
6.409378249820287010e+01
6.127978407945600026e+01
6.501011375313896679e+01
6.446146702079504109e+01
6.726441361191879764e+01
6.679049609244327712e+01
6.843460740707486423e+01
7.036747891116974074e+01
6.541255819670263350e+01
6.528750477891765058e+01
6.731799718493363116e+01
6.786899976976917515e+01
6.787712066181137516e+01
6.524926537427356266e+01
6.794133063273987716e+01
6.563636035225736975e+01
6.340499965246614522e+01
6.461966442820535406e+01
6.599453411517745849e+01
6.648951847197918141e+01
6.672508293849055860e+01
6.415408665986531389e+01
6.600896965344988132e+01
6.565012174465982753e+01
6.580665429995197258e+01
6.622582782323166839e+01
6.604575675164946347e+01
6.716446319437886814e+01
6.751701301331695504e+01
6.566787631824631433e+01
6.737226197929959426e+01
6.882713250647486802e+01
6.651612763053394417e+01
6.730782979762248885e+01
6.307833602232967962e+01
6.505890579452857025e+01
6.484253432684165830e+01
6.885712849314506911e+01
6.860887691485490336e+01
6.594100390636407383e+01
6.551117751653458754e+01
6.616084693166619957e+01
6.407212829895908612e+01
6.692667237725936502e+01
6.948418532214095933e+01
6.507235777904432439e+01
6.326676156438746546e+01
6.632073208225456540e+01
6.629620057288609303e+01
6.584960695165079869e+01
6.952503739893532497e+01
6.486289485755158069e+01
6.448748719539989338e+01
6.810211839063630634e+01
6.506847283051092745e+01
6.556237793188759611e+01
6.672158349070728889e+01
6.783140412002074982e+01
6.717777732264529789e+01
6.652651206751481539e+01
6.572360172763009700e+01
6.404979691755323756e+01
6.468708543193251614e+01
6.358759857927989145e+01
6.585136609225384063e+01
6.665063435311209616e+01
6.821016123750600002e+01
7.342951749198083178e+01
6.666532586301316599e+01
6.424808621634268491e+01
6.793020237690917895e+01
6.499811898342345273e+01
6.480049390540783349e+01
6.572789481710211135e+01
6.376810762800807453e+01
6.605498949802277764e+01
6.327365797322236318e+01
6.350223573402499966e+01
6.524377123408012835e+01
7.301084527158624837e+01
6.788983214556419910e+01
6.781267937151409342e+01
6.607830641083619128e+01
6.556135402667290180e+01
6.854643336289825584e+01
6.462149753543769748e+01
6.401765342112334167e+01
6.346888862731637460e+01
6.403895023288671950e+01
6.309819122612649522e+01
6.970506905728640845e+01
6.588582545789806488e+01
6.637541198626878725e+01
6.429954305763034483e+01
6.503713334399425605e+01
6.535927938561347617e+01
6.688770945986408378e+01
6.414089772433800363e+01
6.595124943264369222e+01
6.917465253629386268e+01
6.608459802284518503e+01
6.829510196330110716e+01
6.500264037070020606e+01
6.708318214866064011e+01
6.886386779300327987e+01
6.848575142720383724e+01
6.730831774198219364e+01
6.648834862972050530e+01
6.358586336359263669e+01
6.688099356656033478e+01
6.398215809908919738e+01
7.004971687270065672e+01
6.536011489262739360e+01
6.497053618709055911e+01
6.233700988082404848e+01
6.386553197854005504e+01
6.321772279635894165e+01
6.313489960253671285e+01
6.322867861620825636e+01
6.251753081006703638e+01
6.693655500769270361e+01
6.422822895962433165e+01
6.918053590257359531e+01
6.557082241829820646e+01
6.491439824388857005e+01
6.523127650764212149e+01
6.445731684033832209e+01
6.348206703451954525e+01
6.801881047934600133e+01
6.220861195655944442e+01
6.592424911770859808e+01
6.379563990672513540e+01
6.805181894326656789e+01
6.340608795566650713e+01
6.402521874540300928e+01
6.229367998903345693e+01
6.523594138878482340e+01
6.421894299415360763e+01
6.698395469156787385e+01
6.248506385557539744e+01
6.511508274596120316e+01
6.388716365550705234e+01
6.358425343350318570e+01
6.968041557321798507e+01
6.858183460835961398e+01
6.696040014171747146e+01
6.240300115060871633e+01
6.586878682321186318e+01
6.499886819596056853e+01
6.596081768888704744e+01
6.532689488750698104e+01
6.902272013672835271e+01
6.863628840814932630e+01
6.847672738436132533e+01
6.728075891087247840e+01
6.506425419811915845e+01
6.515562455243419038e+01
6.688109438169800569e+01
6.733599335922394857e+01
7.191725522380052382e+01
6.431495639273526876e+01
6.926958334111088789e+01
6.876055519671110972e+01
7.072057553814313735e+01
6.683100497908806403e+01
6.921826148427706471e+01
6.449930759991363516e+01
6.582918292236894331e+01
6.386690222298509667e+01
6.441271899112057042e+01
6.410672772501942518e+01
6.395496646023661924e+01
6.447296973812127874e+01
6.398833633958999201e+01
6.316234689208256725e+01
6.832436437292440701e+01
6.699562474459867190e+01
6.341524923485930998e+01
6.491707466584145436e+01
6.494117418071026293e+01
6.872256106602289094e+01
6.803195046799856982e+01
6.501575980747692540e+01
6.340293148511220522e+01
6.401767711917838710e+01
6.459369351569711171e+01
6.551603692080823294e+01
6.478999466468479795e+01
6.513644462948818159e+01
6.344600482055725621e+01
6.458732116013298707e+01
6.347816002170492311e+01
6.410988497818058818e+01
6.604240909559172223e+01
6.927532241159443060e+01
6.869575101631113512e+01
6.216526811385878659e+01
6.660788697222989185e+01
6.369066799251796596e+01
6.498365416010723550e+01
6.770759075990234521e+01
6.546620293976977223e+01
6.579386637904424617e+01
6.620334269428450114e+01
6.919515225020546723e+01
6.975659740974337808e+01
7.001498420333899730e+01
6.543246600130721902e+01
6.453265511260835297e+01
6.327883183562884284e+01
6.723096758102138892e+01
6.693401325400314761e+01
6.317785905120574341e+01
6.720997912205899638e+01
6.238170081575415793e+01
6.253935414985473074e+01
6.673438376923482451e+01
6.439980346871089978e+01
6.513739882440050621e+01
6.528138250768446937e+01
6.570072796741891352e+01
6.467572353221459025e+01
6.584905604350741726e+01
6.515488566674652304e+01
6.454453825325023786e+01
6.480144122004787732e+01
6.413939284510207983e+01
6.980140394557790273e+01
6.160332631994902641e+01
6.542242119596407690e+01
6.729596278290041766e+01
6.449200548312713011e+01
6.418459667877594654e+01
6.465685385727746848e+01
6.780985308068960649e+01
6.897131024257174658e+01
6.448947433177850996e+01
6.538917790745006187e+01
6.570654610504675475e+01
6.054358078589448411e+01
6.327617921752545982e+01
6.725877337766223718e+01
6.515254677914525416e+01
6.317727543626234876e+01
6.674558824206158647e+01
6.520018745497300472e+01
6.484022077443574972e+01
6.831649884694201091e+01
6.607449176026217685e+01
7.006471570517541636e+01
6.934122000639310102e+01
7.038110863251907290e+01
6.553644828140738809e+01
6.786214455273767499e+01
6.836139151169811612e+01
6.644963895367047257e+01
6.547711578753411743e+01
6.615583364309523517e+01
6.307715424202306309e+01
6.284845911536025653e+01
6.696751330831479265e+01
6.447970981414908920e+01
7.110155054294111210e+01
6.509698146851332012e+01
6.317071099130853895e+01
6.561524966468584807e+01
6.453837017399995091e+01
6.649044656562793421e+01
6.282849352119558972e+01
6.292860378954118517e+01
6.553565349675433538e+01
6.857435184098858372e+01
6.238513242718501317e+01
6.475304047919128436e+01
6.836580882582794061e+01
6.275107821862614799e+01
6.506781666729825986e+01
6.590047677671987003e+01
6.445656600596824148e+01
6.586654634090241700e+01
6.543731407207489781e+01
6.528582789312537216e+01
6.372104137596053874e+01
6.382440781153454878e+01
6.419605930643074032e+01
6.411207309938831145e+01
6.459081512702282168e+01
6.687399020210300193e+01
6.383917790234730916e+01
6.845165397271965446e+01
6.768165942862836459e+01
6.337552239386161546e+01
6.429119072910509658e+01
6.480393042175225560e+01
6.608873666610568876e+01
6.429368438502670813e+01
7.124715664738464227e+01
6.828349213843023335e+01
6.500268983220192354e+01
6.768552363505898484e+01
6.355272234600904113e+01
6.622688853706297607e+01
6.729696699969949236e+01
6.501995081404716359e+01
6.156029138888894892e+01
6.297722812518368585e+01
6.360977848014756830e+01
6.539794293362562883e+01
6.582492626543722736e+01
6.400758668597342194e+01
6.436310130591614609e+01
6.437519980023206756e+01
6.623227246572128024e+01
6.842309667025284625e+01
6.757959844121654669e+01
6.459684906415047578e+01
6.368596136541771102e+01
6.455113993616515700e+01
7.031188371299739970e+01
6.374921525345953199e+01
6.597083901887418733e+01
6.497486686086432428e+01
6.843710882897359227e+01
6.391539608943386952e+01
6.902885703683020324e+01
6.271076617466264480e+01
6.276493403961099915e+01
6.398579884459028477e+01
6.400277121003010450e+01
6.478843926926339236e+01
6.555015453936982794e+01
6.595851739091787636e+01
6.307533448349713012e+01
6.568123921524640707e+01
6.917850075565645795e+01
6.471754022817539465e+01
6.531422266046398306e+01
6.626109691350295350e+01
6.533464671479414676e+01
6.340626613237607501e+01
6.426417740583629268e+01
6.398912704552382991e+01
6.194377380966572133e+01
6.351026817860230977e+01
6.632827964659833242e+01
6.711374285008136553e+01
6.724419321048827669e+01
6.687863157173376294e+01
6.590118706838109119e+01
6.701498485254647619e+01
6.527619039894605635e+01
6.577085022785985302e+01
6.917917991983048864e+01
6.275878304589159029e+01
6.458341597316203320e+01
6.549586350069088780e+01
6.656771822170426844e+01
6.761422661024147374e+01
6.410186562680067368e+01
6.500014193988630495e+01
6.472481255474390593e+01
6.639518048318942078e+01
6.600122928363256847e+01
6.439534695740402981e+01
6.598199585286793933e+01
6.511860168536679794e+01
6.265134277340536784e+01
6.197255207075465933e+01
6.350438156902241360e+01
6.441664103633880245e+01
6.414906533952949985e+01
6.708041790175279573e+01
6.534142450528523227e+01
6.968576492520428189e+01
6.911820874141710647e+01
6.624197027145784489e+01
6.363459707496818396e+01
6.471104945869038261e+01
6.457694995636569502e+01
6.348943322423088631e+01
6.791494721582255067e+01
6.512657227377313518e+01
6.640494044966212073e+01
6.309693885486478848e+01
6.376964247457103596e+01
6.245134624981739790e+01
6.505153379063574448e+01
6.793672581041882097e+01
6.864393742703371970e+01
6.404715769562393746e+01
6.431070822490325156e+01
6.542015348438054900e+01
6.645692214145761056e+01
6.420071639344261882e+01
6.359501421155469103e+01
6.730473049523379814e+01
6.446582384220675976e+01
6.384457359933664122e+01
6.806395424602749245e+01
6.896115467222432471e+01
6.877973236340318408e+01
6.414868787012092355e+01
6.751216516595908956e+01
6.446171724574337247e+01
6.387147739690752246e+01
6.576859541412149213e+01
7.048256008572661813e+01
6.670416753677979216e+01
6.569358018292267332e+01
6.273605314752479956e+01
6.196108320773205236e+01
6.546969436311454160e+01
6.980502328443294857e+01
6.803333778576899249e+01
6.478545108458136781e+01
7.070627282612746001e+01
6.762523159483237123e+01
6.672767231748420613e+01
6.285664026261128612e+01
6.475207819679188503e+01
6.826566830834917710e+01
6.561657991061103701e+01
6.926475859409063673e+01
6.564662794313893812e+01
6.689765803455439652e+01
6.543102193218410889e+01
6.634842106431928244e+01
7.001049722623017146e+01
6.315483138019254739e+01
6.354947468854084036e+01
6.193604001664321856e+01
6.368146529034057579e+01
6.921456784567699572e+01
6.240532458690152851e+01
6.389858690996661039e+01
6.645748697491947610e+01
6.723503991440242089e+01
6.641326891190472281e+01
6.396699439416600796e+01
6.336895352496077294e+01
6.600318257827787249e+01
6.500833680834222150e+01
6.374510360419223076e+01
6.540120349596176652e+01
6.483156655820670267e+01
6.300997408863036497e+01
6.417704847438794502e+01
6.597290245977877987e+01
6.723942409279929677e+01
6.282631767801518663e+01
6.331899549723117104e+01
6.444143706009501216e+01
6.324149384261193063e+01
6.800253093944756699e+01
6.827450865435487515e+01
6.603196535666278066e+01
6.858987702452810709e+01
6.647286224481767647e+01
6.245677788774940353e+01
6.369944470861089769e+01
6.395232861305600380e+01
6.707813350338977898e+01
6.395085586966585822e+01
6.364553236849943119e+01
6.984500900181197380e+01
6.891321883340340548e+01
6.377008772845673690e+01
6.443249116682619615e+01
6.557803169131294396e+01
6.578572786369507241e+01
6.980024565203471809e+01
6.288336027867337208e+01
6.535038143600935712e+01
6.553867461843380227e+01
6.347276897050127076e+01
6.356019960103588318e+01
6.841295276826622285e+01
6.409494574916583076e+01
6.399024205981530145e+01
6.520794275027390086e+01
6.336301078585965740e+01
6.570522996046076969e+01
6.203179316653677944e+01
6.377979395053474576e+01
6.298311394084937831e+01
6.581136276580465960e+01
6.631605853500283843e+01
6.644190546390866814e+01
6.810458911462470155e+01
6.701193327716863735e+01
6.403720113788934043e+01
6.369778964069528371e+01
6.663165647582705731e+01
6.750700636010306255e+01
6.223233467938324281e+01
6.771432912084185318e+01
5.960624158292080210e+01
6.277065432164451408e+01
6.311274763072758986e+01
6.363160455869508070e+01
6.513022033107425557e+01
6.221193004864405651e+01
6.124093977598157323e+01
6.926948849311904155e+01
6.215371061146106513e+01
6.128635914308359389e+01
6.449547520667421452e+01
6.752390590315368968e+01
6.829205511945197316e+01
6.952563179434044116e+01
6.667917429479840052e+01
6.362612454767211290e+01
6.267507731904538559e+01
6.532223686697965093e+01
6.350276998248807558e+01
6.353561706836991618e+01
6.784248441868732016e+01
6.546833215143331586e+01
6.759973892357967884e+01
6.392789972622501438e+01
6.477512471480430634e+01
6.828161898348088243e+01
6.526305533525572855e+01
6.542172368717014308e+01
6.748355121840728543e+01
6.468642772138254315e+01
6.551487175530819229e+01
6.510863731437262913e+01
6.584741059776686711e+01
6.568675315475616117e+01
6.931794372172586804e+01
6.444294840175103900e+01
6.109474806413646064e+01
6.454768526599266920e+01
6.276823185439884156e+01
6.596003798302722032e+01
6.434535533863119383e+01
6.758787007067337527e+01
6.525244178761535352e+01
6.769070339245571688e+01
6.515683862229988677e+01
6.265725948226897657e+01
6.377296611649641989e+01
6.439590117754391940e+01
6.516847607316761071e+01
6.445935788248033305e+01
6.740640359254699376e+01
6.097627916938386505e+01
6.572610843913437861e+01
6.436181396059359372e+01
6.483920935121153661e+01
6.501019030410951416e+01
6.431822057167767070e+01
6.512289686553569368e+01
6.441350816978000182e+01
6.579483771568743578e+01
6.447834820748484219e+01
6.384529884217428020e+01
5.966583613896516169e+01
6.846301211791450214e+01
6.350037255843157169e+01
6.640998931065837496e+01
6.162831012649350981e+01
7.036917239692495230e+01
6.232918765773238334e+01
6.293582158430393747e+01
6.729721298654690997e+01
6.617787621687486421e+01
6.311319609998224678e+01
6.561611624895508044e+01
6.758697722305271327e+01
6.380355733581325950e+01
6.623926979049362274e+01
6.656953834053004471e+01
6.366883018995238075e+01
6.478887634483335489e+01
6.932601616352731355e+01
6.388308102658027821e+01
6.409114678660996844e+01
6.550230951344587993e+01
6.407412109319378146e+01
6.330351829202520264e+01
6.274846560547551633e+01
6.085049123655588232e+01
6.840407548578521357e+01
6.461359565982435527e+01
6.529571467340312552e+01
6.667995258429461103e+01
6.474774699043020121e+01
6.340162288579116279e+01
6.132444523508742407e+01
6.486202335512565753e+01
6.593338263540564981e+01
6.683685191726041808e+01
6.346839190358737426e+01
6.353285235127641783e+01
6.201910064044561466e+01
6.693317491725045443e+01
6.888858797107097587e+01
6.446944544657773690e+01
6.712306633631463626e+01
6.334608991038894032e+01
6.484704139678204626e+01
6.665126057067591603e+01
6.541641501651395174e+01
6.477330615567498739e+01
6.331773340113770132e+01
6.614843194559472295e+01
6.169994017047947210e+01
6.308700830053474107e+01
6.456105792824814671e+01
6.322509593792355531e+01
6.520796304955104006e+01
6.186421108024216409e+01
6.819929154212748301e+01
6.573330855223339597e+01
6.528205034827942654e+01
6.586464771381587013e+01
6.693346478610588690e+01
6.299979804029771913e+01
6.106457709522029376e+01
6.198703910246422311e+01
6.558358057954187359e+01
6.550957550747368430e+01
6.838545334482313365e+01
6.517203735464546810e+01
6.357453506940974108e+01
6.556475114334546106e+01
6.473943881575418402e+01
6.512941997293008001e+01
6.344560113067100815e+01
6.740422188406498094e+01
6.579984789966152903e+01
6.711095061108379412e+01
6.389187841707810378e+01
6.502481956430854382e+01
6.431194745752078745e+01
6.434343806942361255e+01
6.358119577107255083e+01
6.327100619914988044e+01
6.638589714498236560e+01
6.535303787782156348e+01
6.537107761307871101e+01
6.564314392537551157e+01
6.393193098235743577e+01
6.715366116475989600e+01
6.526973541411497592e+01
6.317319188449405942e+01
6.303921492819613093e+01
6.717728338709450497e+01
6.705863250282801857e+01
6.247294723712992237e+01
6.390730754688753734e+01
6.670008326603272053e+01
6.742160340721950718e+01
6.578122048644185327e+01
6.581240726573901156e+01
6.607547173187380452e+01
6.212439730193995757e+01
6.197812417099687821e+01
6.536681495123345087e+01
6.428381031955291292e+01
6.406622859360356870e+01
6.578364921943158095e+01
6.432570698915233720e+01
6.438603642693320239e+01
6.232353782444758394e+01
6.536439166718936633e+01
6.619027640475421492e+01
6.486352055993668841e+01
6.423819711136579258e+01
6.495216900605757360e+01
6.530605450639947662e+01
6.520591539797635505e+01
6.469879152386114640e+01
7.002216948287933462e+01
6.370611619366404454e+01
6.091893674166436767e+01
6.579685776916919338e+01
6.653012988568724495e+01
6.475293995841219896e+01
6.312722728100437308e+01
6.350272160665092258e+01
6.504124601159577423e+01
5.970786478249181783e+01
6.417478570001972571e+01
6.459794823418759790e+01
6.788673378083484522e+01
6.129537175633561219e+01
6.759576666885060092e+01
6.378832303995356057e+01
6.822628954545811553e+01
6.455457900934808890e+01
6.572950382414862247e+01
6.414828246998595773e+01
6.366662914479411484e+01
6.840467298635196869e+01
6.205569115096256638e+01
6.263732913010283454e+01
6.542372144808220469e+01
6.786907525663725949e+01
6.452364578710628962e+01
6.305172053057685844e+01
6.524215834947031567e+01
6.162953909784644679e+01
6.309674254409308247e+01
6.410865830028753010e+01
6.694106317086661306e+01
6.256263061721466556e+01
6.587564074162538930e+01
6.711589499998409281e+01
6.345379126788722601e+01
6.233892905741046775e+01
6.242371099520032374e+01
6.443732523028396031e+01
6.546574653096142526e+01
6.493275357472394660e+01
6.456593581298136542e+01
6.641229446034385830e+01
6.470644512847457008e+01
6.340055007940303966e+01
6.602378653369110850e+01
6.669396766219951189e+01
6.400852057833421327e+01
6.057472250291536398e+01
6.689776915508477373e+01
6.846030605377994505e+01
6.746094782983720961e+01
6.711933576028248183e+01
6.277865651855972118e+01
6.859590332108476218e+01
6.603479584255947543e+01
6.427707344660522892e+01
6.536842360548797615e+01
6.343748291556583041e+01
6.203050703770737329e+01
6.695491101074607343e+01
6.629940799051192357e+01
6.305020327272760028e+01
6.625588714452575800e+01
6.688539512720070945e+01
6.571648362651394848e+01
6.464147326566794050e+01
6.598790812658103277e+01
6.407896194855574379e+01
6.958184854144644760e+01
6.595775929302327256e+01
6.484838299383687854e+01
6.217873582694176093e+01
6.341960157490587591e+01
6.237643206346100300e+01
6.409912178634446889e+01
6.350047755943330685e+01
6.772974711817853688e+01
6.282870434902655887e+01
6.545620335923190680e+01
6.603954427929373594e+01
6.470932823179798277e+01
6.648112601381798470e+01
6.666574236378201590e+01
6.726756888959512537e+01
6.418099816942552138e+01
6.397274715293897174e+01
6.385507171516372438e+01
6.412453681125387561e+01
6.494049111073191227e+01
6.577869930981600533e+01
6.256106526595647921e+01
7.077132794484276701e+01
6.857744164754117833e+01
6.566393359186179168e+01
6.364979692665562538e+01
6.677635131681088865e+01
6.538152810225390965e+01
6.427155730144941970e+01
6.696772204209690926e+01
6.560040526047293952e+01
6.640546639043257926e+01
6.340988379577443368e+01
6.662549243979643165e+01
6.787039373167577594e+01
6.690053618057123686e+01
6.903732756360956557e+01
6.540738218027685491e+01
6.377987437600337017e+01
6.533645182557334863e+01
6.408936614234573881e+01
6.600744872108798234e+01
6.432625189153823442e+01
6.366844703724479615e+01
6.516704040010459664e+01
6.356958658379038951e+01
6.412612546516244549e+01
6.465105144790349812e+01
6.515334311542615353e+01
6.522701369520224546e+01
6.250591214109377347e+01
6.437202984475204914e+01
6.135637701635410934e+01
6.179269697663059446e+01
6.181934997215818584e+01
6.254252311158784750e+01
6.381062704631389693e+01
6.466797134498682453e+01
6.282025955864620670e+01
6.644522715789389622e+01
6.461376903685355444e+01
6.453115407690495431e+01
6.362664913924034238e+01
6.598811445090906602e+01
6.821610052149812020e+01
6.318832829300152554e+01
6.432680068623417924e+01
6.565962056040609696e+01
6.591457190571871649e+01
6.896399723860152164e+01
6.502244811021141402e+01
6.706527383515229701e+01
6.213192683680612305e+01
6.728610409594836028e+01
6.643646992860975331e+01
6.622256236692707887e+01
6.552711466418877251e+01
6.423674255012032575e+01
6.530961421507184639e+01
6.193955917683842927e+01
6.285200973420455739e+01
6.525707456075028290e+01
6.093704861623227487e+01
6.500657666062529927e+01
6.359675980739066148e+01
6.608296198651933651e+01
6.455137569155333210e+01
6.714746150103189848e+01
6.460219354289858984e+01
6.384504555056202690e+01
6.733168902765788744e+01
6.062886510825853037e+01
7.022325340053372145e+01
6.611736998086749395e+01
6.785278575056779005e+01
6.477007036209494117e+01
6.794146753489555124e+01
6.342443177914724828e+01
6.258628561379239130e+01
6.570311212393771427e+01
6.391460691801363936e+01
6.545886540461813752e+01
6.328438711126187144e+01
6.379320528386702449e+01
6.319459485806828525e+01
6.517075190204769797e+01
6.619418918542487518e+01
6.670901100313757581e+01
6.580016630353446772e+01
6.391950627411941355e+01
6.425744336429271186e+01
6.422737692583213232e+01
6.603130392013522965e+01
6.249078734729778972e+01
6.501942557608310835e+01
6.587435503512905655e+01
6.504977354829516401e+01
6.491195293482914508e+01
6.544995926183923984e+01
6.433390456311165906e+01
6.233473399556749683e+01
6.470999592362284147e+01
6.123831265472756513e+01
6.475503201515391538e+01
6.526313072624823519e+01
6.654321337923228441e+01
5.983312203317385780e+01
6.458387866258061649e+01
6.266445714688031643e+01
6.702976178020973919e+01
6.498445891922303019e+01
6.416124604701327883e+01
6.499733103824587488e+01
6.314537620283203978e+01
6.459759560678766377e+01
6.390217291126764110e+01
6.361577741692185839e+01
6.372528301117169747e+01
6.588951900387871774e+01
6.392843095930745534e+01
6.675032350450621266e+01
6.680510808310589255e+01
6.290274255872127185e+01
6.556487731095425886e+01
6.404996342224531247e+01
6.459370277050673792e+01
6.340984626305232297e+01
6.388199223716871700e+01
6.365864107906825353e+01
6.157747019935721511e+01
6.187211305099251746e+01
6.084519726551052088e+01
6.617042135678734383e+01
6.620949802341478119e+01
6.650134295582024890e+01
6.492128729950769639e+01
6.796080763048148299e+01
6.509198728211765683e+01
6.197163957438306170e+01
6.202849667618130525e+01
6.620213304450076919e+01
6.037022787435616067e+01
6.342744648635748916e+01
6.338405635775721692e+01
6.576577295690056246e+01
6.232783270201225889e+01
6.194176132542782653e+01
6.413831358507650293e+01
6.745741565037556597e+01
6.285398653954877091e+01
6.652945329723127088e+01
6.797616145284915490e+01
6.659764017773045452e+01
6.437183754551729464e+01
6.754544412962434308e+01
6.245385637216416796e+01
6.304010874074030113e+01
6.724896837442123854e+01
6.156449791266537375e+01
6.361083851263422417e+01
6.423959319693841508e+01
6.261502308989918930e+01
6.393189088386117191e+01
6.787286580814279091e+01
6.423519273782073924e+01
6.197255692003988514e+01
6.507865422165983205e+01
6.656601737712607303e+01
6.482968977287113432e+01
6.705326437703517684e+01
6.558203798580773025e+01
6.640747395738125647e+01
6.494131423722828345e+01
6.385336174950349175e+01
6.342731760820795728e+01
6.566588063730696945e+01
6.546923235637204641e+01
6.337062435012560968e+01
6.310228480630793513e+01
6.614541466929095748e+01
6.719635196953908007e+01
6.541057904105890941e+01
6.409690263914157526e+01
6.411931964817212304e+01
6.513773436924341809e+01
6.478028899021069265e+01
6.358795543760187030e+01
6.323670216145656298e+01
6.314523355706041485e+01
6.431367600396372097e+01
6.308903369378980130e+01
6.332942837219882648e+01
6.309022344963089779e+01
6.710828243186260522e+01
6.334357079978399696e+01
6.295702879808469987e+01
6.322542163853891850e+01
6.305968412456793715e+01
6.337087985771896115e+01
6.112652621995232494e+01
5.997655847142370078e+01
6.258964530522264624e+01
6.642632634494317756e+01
6.483350115791667179e+01
6.520818641554016892e+01
6.769758742565061027e+01
6.446315414482533868e+01
6.530689225512359997e+01
5.951548434886615979e+01
6.467975534922446457e+01
6.501732736592150275e+01
6.288182384141834547e+01
6.670696279027379205e+01
6.722668810481623325e+01
6.375235522995373572e+01
6.451375334393353000e+01
6.476888408763696248e+01
6.498897478213552859e+01
6.530703329731728957e+01
6.365119387297228570e+01
6.429148515040472489e+01
6.551940569879673149e+01
6.509519603331811766e+01
6.601173885460150359e+01
6.604594917206622995e+01
6.370753237639126354e+01
6.356334976219337562e+01
6.347705597442651992e+01
6.565641093161802644e+01
6.495604888612754735e+01
6.575412317039020138e+01
6.597981029974503997e+01
6.296254273015404834e+01
6.595275105985952280e+01
6.454384116059716803e+01
6.449889233056600801e+01
6.456636410429473472e+01
6.380414726597450681e+01
6.554930650299489514e+01
6.164202746868078009e+01
6.420084626776163361e+01
6.650039957442238858e+01
6.576231126835364194e+01
6.412590216995135961e+01
6.443607108035841691e+01
6.375882476115833697e+01
6.511796891187690051e+01
6.723284800852549381e+01
6.450669304678417859e+01
6.338070118457046931e+01
6.335993390916787149e+01
6.464198889968248807e+01
6.373051713641085314e+01
6.245798571081274986e+01
6.234794468051040894e+01
6.473145430493516983e+01
6.384636683451778794e+01
6.239586253632378288e+01
6.309921961630926290e+01
6.276027944485718990e+01
6.475275554836208869e+01
6.623940509605817795e+01
6.679918463809983109e+01
6.704231589455652340e+01
6.298979329462574839e+01
6.503357555468006979e+01
6.345806118889859704e+01
6.461193122547894063e+01
6.489132674929625466e+01
6.499601958545011371e+01
6.651714082653086280e+01
6.225017497667231225e+01
6.622585820487121566e+01
6.342617663900357883e+01
6.107407682782966418e+01
6.160972934636107112e+01
6.225409281698397734e+01
6.535836735352546611e+01
6.619537472079639429e+01
6.350912180732152734e+01
6.474688509606849607e+01
6.337587749851041963e+01
6.308252986040383803e+01
6.404211111491247266e+01
6.351242443948229521e+01
6.633476569973579728e+01
6.468981830467383531e+01
6.509731856781203874e+01
6.505264979416169524e+01
6.526184746406435977e+01
6.265351074035567791e+01
6.532342379687636935e+01
6.420609310507526857e+01
6.661256829680432645e+01
6.557871853074362889e+01
6.383298181042427899e+01
6.495226093383047328e+01
6.273107789071205787e+01
6.565219069944268426e+01
6.379514031452956146e+01
6.256995060741340353e+01
6.492335204789253567e+01
6.464268555838206964e+01
6.375588368999946454e+01
6.128057091970941883e+01
6.069243007564041648e+01
6.051520824355407058e+01
6.470427746135956681e+01
6.762053436670015572e+01
6.625684724891850408e+01
6.692454957156088824e+01
6.240479767722858639e+01
6.152647919319914394e+01
6.794451850256369596e+01
6.772148903517671670e+01
6.466549333281868428e+01
6.454246153507779127e+01
6.475274499190142308e+01
6.307027887082788453e+01
6.564206875416356013e+01
6.359378481193353139e+01
6.282255656601002869e+01
6.482351686480836861e+01
6.438779620877893706e+01
6.495542278220325727e+01
6.356239307139954775e+01
6.549767034911685926e+01
6.456373737346055464e+01
6.340340508203219372e+01
6.072659069612074489e+01
6.779252400086322439e+01
6.731659338419584060e+01
6.402671303902766908e+01
6.501319041464883242e+01
6.297780771662299770e+01
6.309135280795386080e+01
6.411298648183600335e+01
6.363351981408145974e+01
6.331032413539185200e+01
6.642213807941108428e+01
6.268176927774727147e+01
6.508291946362679425e+01
6.334288428050138720e+01
6.435722355345095025e+01
6.567109417866683430e+01
6.656527756705411036e+01
6.550833776741795589e+01
6.460267450924035870e+01
6.176088451046301486e+01
6.371090870306851883e+01
6.259176658567981377e+01
6.350641559268814262e+01
6.508111257070673616e+01
6.335030117375266911e+01
6.334066978864144914e+01
6.251125808868300737e+01
6.197144909518012668e+01
6.436662215927773900e+01
6.460200014825463199e+01
6.344196515142070325e+01
6.087788020901420083e+01
6.446480280599796231e+01
6.426523417088671408e+01
6.567101845674658023e+01
6.266839460309568466e+01
6.502912841898350393e+01
6.530743855332967485e+01
6.246103068263796132e+01
6.379355262923220238e+01
6.228326134964314065e+01
6.298243650862771403e+01
6.416592060330580694e+01
6.649382569588988190e+01
6.582406033215524133e+01
6.741112063896699169e+01
6.833607702810684259e+01
6.547938908550291615e+01
6.414934813878966224e+01
6.546476522889746263e+01
6.480466605374768108e+01
6.630840909519736215e+01
6.150652365929789056e+01
6.271028640807828225e+01
6.432590428523478465e+01
6.707019782626915116e+01
6.284909217678750082e+01
6.186676148294878885e+01
6.339282489549183452e+01
5.979054793893276099e+01
6.482532547380048982e+01
6.298952950955407459e+01
6.169621633943754091e+01
6.319949255580201708e+01
6.135373191177181695e+01
6.487102007585690444e+01
6.474692885582186364e+01
6.172440399093972729e+01
6.077919044303858698e+01
6.231119779222554200e+01
6.112516243611410260e+01
6.162918586928244480e+01
6.422462861728975270e+01
6.156182108028427535e+01
6.517115536540958942e+01
6.387596997792386588e+01
6.696402658077415992e+01
6.587399112281750035e+01
6.556615104948834016e+01
6.588049720420123379e+01
6.591440242725127518e+01
6.588488234478671757e+01
6.271594896423761867e+01
6.451729083051885993e+01
6.355361076132390963e+01
6.327251054172307221e+01
6.450587800923567272e+01
6.346750495464902286e+01
6.344975732643786870e+01
6.328107313966913949e+01
6.499859323945337053e+01
6.222370140421338647e+01
6.421717600082311606e+01
6.445484611971083666e+01
6.269677243026566771e+01
6.436959260750384715e+01
6.321107721989368144e+01
6.374916850066992424e+01
6.386714746012397370e+01
6.359689131261281858e+01
6.844311458134271220e+01
6.301633289812869521e+01
6.361882945034021475e+01
6.565805348683228715e+01
6.632668865003934400e+01
6.188311183484662337e+01
6.662471080382059085e+01
6.430229179125745986e+01
6.339547542052879692e+01
6.113551300228202479e+01
6.665466833277434944e+01
6.116447176588059875e+01
6.537900410483086944e+01
6.512663653921256923e+01
6.201277958426176440e+01
6.258526068869563375e+01
6.611169018022830812e+01
6.407111580477403834e+01
6.199566229385563076e+01
6.354162945092145520e+01
6.590439390138467957e+01
6.364807117090994382e+01
6.349778429335407992e+01
6.285202104916481858e+01
6.459682851124524916e+01
6.784364055664589443e+01
6.300775828781694088e+01
6.237791779945144555e+01
6.640491185208082925e+01
6.374626373850671257e+01
6.407213504260835180e+01
6.600230946561352141e+01
6.320753710845930584e+01
5.995024637312354798e+01
6.277832733953680133e+01
6.118484349895869912e+01
6.447146727118060028e+01
6.165560320815487216e+01
6.374364392899049392e+01
6.088955807465105607e+01
6.271586580765207941e+01
6.200529971211300762e+01
6.208101007948956607e+01
6.312423954636771128e+01
6.379583902057848377e+01
6.331385123476304244e+01
6.140105782108367549e+01
6.446360775166424162e+01
6.274050260451948446e+01
6.284918821525112520e+01
6.576674376550802492e+01
6.524729977207756804e+01
6.488317583916985143e+01
6.335488085740051645e+01
6.488348435364528655e+01
6.249806867247217923e+01
6.380035788029031352e+01
6.261034296416725908e+01
6.045386446440672046e+01
6.557003570350258315e+01
6.658446447458966588e+01
6.376619108891808452e+01
6.308959349217506229e+01
6.551529618786304354e+01
6.362712956274275200e+01
6.528304389031509913e+01
6.413418931876891804e+01
6.433762989037033719e+01
6.307012703648769048e+01
6.188860896474288609e+01
6.447449101310749597e+01
6.487257092256473356e+01
6.177490992161514072e+01
6.339474812844649421e+01
6.462445218092574351e+01
6.247849515300718792e+01
6.036261429118199118e+01
6.104730962043867493e+01
6.168161148064993426e+01
6.427508403030839190e+01
6.338429355328391779e+01
6.398172209775647445e+01
6.373341277491207535e+01
6.363642245237553396e+01
6.262212107344760170e+01
6.387848899037139461e+01
6.387663961527577072e+01
6.476019443229503736e+01
6.694107226879644656e+01
6.394865329855377922e+01
6.544826578349103841e+01
6.402106002128611806e+01
6.326314305807697735e+01
6.344624101272082584e+01
6.393098201589204876e+01
6.507033000601471429e+01
6.326319055988594187e+01
6.295529846045206313e+01
6.446473724519299253e+01
6.447857201770248992e+01
6.309886035586062292e+01
6.413201573527388177e+01
6.433528590070297071e+01
6.295813782848562568e+01
6.417594370916100388e+01
6.585326472195458791e+01
6.458346198567741681e+01
6.524371015010436281e+01
6.089298566936114554e+01
6.265730696897583840e+01
6.484695841987498000e+01
6.462975754877422219e+01
6.666923401864823973e+01
6.621786223782555680e+01
6.296396086631997235e+01
6.260494012381338536e+01
6.349497463512371809e+01
6.365234916816771715e+01
6.506745365862032315e+01
6.360343419163814360e+01
6.535145904003191220e+01
6.515504818957367661e+01
6.362610927696864138e+01
6.146251237473726547e+01
6.208903376933080409e+01
6.021695596268853734e+01
6.009235255947081811e+01
6.415888267729981465e+01
6.333953269201684577e+01
6.056972653263370177e+01
6.130134275535401400e+01
6.280299921918052064e+01
6.080654869107561211e+01
6.454094704231643220e+01
6.180454712737819989e+01
6.350943232782838521e+01
6.328877235021923298e+01
6.394350965189354952e+01
6.395487760811704447e+01
6.537058725798748071e+01
6.400149804261378961e+01
6.122912081438759202e+01
6.207344653891747299e+01
6.343295376781581751e+01
6.116722727170868268e+01
6.202191221748464756e+01
6.315257258106709770e+01
6.410738385734748590e+01
6.263871290727146857e+01
6.340850209476020183e+01
6.255895348612970963e+01
6.250379596528946280e+01
6.394354243532364990e+01
6.183587028567001198e+01
6.129439482177417631e+01
6.457709456870621523e+01
6.284180954040645162e+01
6.379441907643749943e+01
6.394982235926678271e+01
6.229123560838531404e+01
6.273234611818531903e+01
6.314219107409073928e+01
6.195917619306788993e+01
6.394408085817223508e+01
6.402322250037335039e+01
6.267124843393997224e+01
6.071072083407818099e+01
6.438425055336668379e+01
6.337418411471409740e+01
6.520995378992449787e+01
6.458326536518947592e+01
6.541193357769859063e+01
6.217507166258148743e+01
6.379248780067209168e+01
6.404144360685380377e+01
6.588062470689054351e+01
6.471779647330114926e+01
6.336905783218373500e+01
6.440714960667986588e+01
6.140616514388975133e+01
6.218042390177072321e+01
6.213243748411014877e+01
6.429714877081532620e+01
6.160326297840287424e+01
6.332459956576802540e+01
6.193575747797204656e+01
6.120497205128494045e+01
6.452176703931117174e+01
6.153648827013825695e+01
6.205155725963977886e+01
6.222120039479834475e+01
6.164728760179901457e+01
6.082650975374519930e+01
6.382589999634137712e+01
6.580982866873480930e+01
6.475707345720010721e+01
6.271115552283220751e+01
6.287249325933976252e+01
6.319241721405175838e+01
6.280411245509036888e+01
6.156425843907493345e+01
6.096219268446338191e+01
6.087264022956323828e+01
6.132384154432206458e+01
6.174692602067410974e+01
6.388509589840494840e+01
6.341775153863152070e+01
6.270062735240022533e+01
6.411409385763161595e+01
6.239416676558786889e+01
6.380296372922541792e+01
6.289177308440270053e+01
6.289639332441164044e+01
6.407192802258484221e+01
6.062493737755224288e+01
6.281337736277667716e+01
6.300514010526870123e+01
6.437427067406703429e+01
6.338210049857624995e+01
6.222055677010554575e+01
6.263448327712078623e+01
5.967212660978994165e+01
6.009787502858374353e+01
6.374701541747801770e+01
6.097297632890670371e+01
6.106303823855458290e+01
6.214040296657439910e+01
6.270489789724030771e+01
6.344086511873237555e+01
6.467065651277745530e+01
6.012382774169478239e+01
5.974387561035894834e+01
6.081317024290414253e+01
6.320688522118482666e+01
6.264745742291954400e+01
6.340999594582677190e+01
6.329637771809839109e+01
6.171565573331464094e+01
6.146010951289668611e+01
6.042883847240769057e+01
6.383808827538777564e+01
6.189862152766740877e+01
6.143055406319176370e+01
6.219695250859800950e+01
6.145069698046392404e+01
6.226982638429191752e+01
6.283173827541370571e+01
6.174247034520917765e+01
6.272995917442210612e+01
6.305341616313457109e+01
6.080668523009791215e+01
6.133009749062482996e+01
6.283610213040173420e+01
6.242534348278529421e+01
6.024740635286154600e+01
6.003242982028460517e+01
6.224611992597282750e+01
5.978479777740611922e+01
6.220045380132530255e+01
5.980235800714223160e+01
