luminosity_distance
5.407446899999999914e+02
4.890860700000000065e+02
5.059168000000000234e+02
6.919503399999999829e+02
6.474508299999999963e+02
3.583012600000000134e+02
4.576004599999999982e+02
6.144535499999999502e+02
5.356035500000000411e+02
5.273764499999999771e+02
5.911501700000000028e+02
5.739719099999999798e+02
5.492963999999999487e+02
6.075055899999999838e+02
4.287913599999999974e+02
5.772812099999999873e+02
3.807513699999999517e+02
6.540276599999999689e+02
5.526952200000000630e+02
5.980386999999999489e+02
6.401970800000000281e+02
4.076183699999999703e+02
5.458886999999999716e+02
5.989194800000000214e+02
5.761654999999999518e+02
5.804033599999999069e+02
5.899775799999999890e+02
5.562840099999999666e+02
5.583273299999999608e+02
5.391183300000000145e+02
4.752423099999999749e+02
5.965854500000000371e+02
5.152318199999999706e+02
5.611814799999999650e+02
6.144133400000000620e+02
5.804004800000000159e+02
5.746652500000000146e+02
3.434920000000000186e+02
5.612895099999999502e+02
5.070637500000000273e+02
4.383902600000000120e+02
3.232212400000000230e+02
4.329041599999999903e+02
4.284016399999999862e+02
5.621646700000000010e+02
6.123977499999999736e+02
5.093056100000000015e+02
4.749154199999999832e+02
3.812012599999999907e+02
5.627168699999999717e+02
5.154546299999999519e+02
5.468564400000000205e+02
5.219309500000000526e+02
5.206654300000000148e+02
5.477294500000000426e+02
6.071886200000000144e+02
4.531512599999999793e+02
5.717648100000000113e+02
5.496351799999999912e+02
4.750710700000000202e+02
5.823431400000000622e+02
5.637577900000000000e+02
3.671250400000000127e+02
4.154956700000000751e+02
5.287958700000000363e+02
5.952961000000000240e+02
4.500661000000000058e+02
5.387067099999999300e+02
6.356555099999999356e+02
5.549842700000000377e+02
5.593324900000000071e+02
6.034543099999999640e+02
3.823075100000000361e+02
5.851303299999999581e+02
4.205068800000000238e+02
5.230059200000000601e+02
6.835658599999999296e+02
5.573907100000000128e+02
5.600409599999999273e+02
6.313993799999999510e+02
5.777071999999999434e+02
4.396466800000000035e+02
4.488690399999999840e+02
5.867276000000000522e+02
5.943517299999999750e+02
4.850938899999999876e+02
5.652971200000000636e+02
6.063226100000000542e+02
4.685213200000000029e+02
3.129431900000000155e+02
3.894711100000000670e+02
5.452830599999999777e+02
5.334185599999999567e+02
5.439121800000000349e+02
5.776295499999999947e+02
4.190384199999999737e+02
4.489371199999999931e+02
4.122959599999999796e+02
4.682832399999999780e+02
5.918061000000000149e+02
4.078816600000000108e+02
4.015405299999999329e+02
5.061533600000000206e+02
5.213601400000000012e+02
5.007492100000000050e+02
4.397205500000000598e+02
5.912726700000000619e+02
5.689725799999999936e+02
4.546872200000000248e+02
3.458343199999999911e+02
4.749571900000000255e+02
5.526539000000000215e+02
4.516389399999999910e+02
5.235778199999999742e+02
5.369349399999999832e+02
5.872936599999999316e+02
5.174081099999999651e+02
5.523555400000000191e+02
4.491524000000000001e+02
5.962561299999999846e+02
5.897419399999999996e+02
4.351511199999999917e+02
6.039467200000000275e+02
4.831338099999999827e+02
5.099623500000000149e+02
6.221977200000000039e+02
5.663745999999999867e+02
4.061836200000000190e+02
4.648699500000000171e+02
4.916153400000001170e+02
4.425936800000000062e+02
4.743735500000000229e+02
5.240380999999999858e+02
6.349501500000000078e+02
4.221147100000000592e+02
4.444957999999999743e+02
5.809583999999999833e+02
5.819764199999999619e+02
4.580169799999999896e+02
4.192201500000000465e+02
5.352148399999999810e+02
5.151489900000000262e+02
5.465137399999999843e+02
4.921781500000000165e+02
5.526292900000000827e+02
4.481715299999999615e+02
4.755506599999998798e+02
6.150147099999999227e+02
5.545950100000000020e+02
4.662685399999999731e+02
6.199233600000000024e+02
5.556767399999999952e+02
5.722151299999999310e+02
5.288473199999999679e+02
6.028537000000000035e+02
5.050503299999999740e+02
4.005947699999999259e+02
5.435428200000000061e+02
6.330065799999999854e+02
5.215565799999999399e+02
5.930090000000000146e+02
7.130189400000000433e+02
6.075178300000000036e+02
4.628913699999999949e+02
5.954089199999999664e+02
3.786645800000000008e+02
5.766092899999999872e+02
4.231918000000000006e+02
5.706235900000000356e+02
6.357073699999999690e+02
6.744379199999999628e+02
5.340596799999999575e+02
4.954077899999999772e+02
4.924887499999999818e+02
1.790943800000000010e+02
5.863881200000000717e+02
3.881413299999999253e+02
5.480955299999999397e+02
5.432766500000000178e+02
6.581811700000000656e+02
5.691624099999999089e+02
3.033766100000000279e+02
5.817665200000000141e+02
5.532332599999999729e+02
2.603761900000000082e+02
6.090778700000000754e+02
4.955559099999999830e+02
5.286200700000000552e+02
5.878654900000000225e+02
4.852251200000000040e+02
4.987671100000000024e+02
2.710397300000000200e+02
5.859386500000000524e+02
6.296968600000000151e+02
4.699182400000000257e+02
3.613591700000000060e+02
5.691211700000000064e+02
5.163211000000000013e+02
6.503483700000000454e+02
3.753897400000000175e+02
5.974654099999999062e+02
4.928375599999998826e+02
6.276848400000000083e+02
5.246727499999999509e+02
5.225264400000000933e+02
4.676483499999999935e+02
6.390900699999999688e+02
6.234614000000000260e+02
5.580164999999999509e+02
3.750186300000000301e+02
5.928208300000000008e+02
5.453314000000000306e+02
3.909723599999999806e+02
4.162824800000000209e+02
3.895721199999999840e+02
3.976506999999999721e+02
5.298692900000000918e+02
5.197851900000000569e+02
4.426676600000000121e+02
3.260436100000000010e+02
5.796429799999999659e+02
6.040780300000000125e+02
4.687734199999999873e+02
5.703426599999999098e+02
4.753134299999999826e+02
3.768375599999999963e+02
7.161659799999999905e+02
4.369953800000000115e+02
4.883934499999999730e+02
5.103173499999999763e+02
6.729473000000000411e+02
4.566017900000000509e+02
4.565115200000000186e+02
5.302331400000000485e+02
6.589414900000000443e+02
3.429792800000000170e+02
4.070611100000000420e+02
2.591149200000000405e+02
5.381641700000000128e+02
4.368385299999999347e+02
5.823635600000000068e+02
5.545951200000000654e+02
5.899810099999999693e+02
6.247136900000000423e+02
4.816483099999999808e+02
4.034656899999999382e+02
4.346214600000000132e+02
4.090764599999999973e+02
4.146557500000000687e+02
5.464026400000000194e+02
6.064765999999999622e+02
4.092247900000000413e+02
3.448413600000000088e+02
5.005989599999999768e+02
3.929037299999999391e+02
4.268282400000001076e+02
6.054501999999999953e+02
4.033709400000000187e+02
4.147572700000000623e+02
6.000820300000000316e+02
4.897905600000000277e+02
5.832107300000000123e+02
2.933385400000000232e+02
5.649213200000000370e+02
4.499775500000000648e+02
3.091965700000000083e+02
2.242528800000000047e+02
6.091968000000000529e+02
6.158852400000000671e+02
4.852219299999999862e+02
5.450970900000000938e+02
4.682402200000000221e+02
5.961730599999999640e+02
5.464895700000000716e+02
4.432246099999999274e+02
3.946237100000000737e+02
4.858158199999999738e+02
4.679627400000001103e+02
4.185579000000000178e+02
6.753843699999999899e+02
5.853066499999999905e+02
5.818476200000000063e+02
5.909697999999999638e+02
3.936058300000000258e+02
5.080670600000000263e+02
5.953474099999999680e+02
5.006628499999999917e+02
5.881663800000000037e+02
4.035378200000000106e+02
3.928736899999999537e+02
5.321831400000000940e+02
5.785275500000000193e+02
3.224462100000000078e+02
6.190852399999999989e+02
3.130754200000000083e+02
4.274683100000000309e+02
5.791539900000000216e+02
5.277545400000000200e+02
3.684444300000000112e+02
3.735263800000000174e+02
5.184773900000000140e+02
5.111337500000000205e+02
3.520611299999999915e+02
4.826066599999999767e+02
4.899383100000000013e+02
5.651927599999999074e+02
5.510150800000000118e+02
5.962595099999999775e+02
3.416428599999999847e+02
4.838113900000000172e+02
3.360009000000000015e+02
5.341637699999999995e+02
6.087430799999999635e+02
5.652930900000000065e+02
5.647541899999999941e+02
5.522949999999999591e+02
6.081199500000000171e+02
5.246861900000000105e+02
5.489545299999999770e+02
6.166254400000000260e+02
5.731409099999999626e+02
3.979367900000000304e+02
5.467289400000000796e+02
5.837513799999999264e+02
3.770094499999999584e+02
5.053906799999999748e+02
6.335762900000000855e+02
5.115677699999999959e+02
5.613447300000000268e+02
5.288640400000000454e+02
3.829944399999999973e+02
4.886665499999999724e+02
6.312937799999999697e+02
5.166759400000000824e+02
4.650750199999999950e+02
4.959910300000000234e+02
5.478835000000000264e+02
5.308979699999999866e+02
3.881097299999999564e+02
4.944822800000000029e+02
5.075778700000000185e+02
3.386813000000000216e+02
5.809546100000000024e+02
5.578766400000000658e+02
4.118412000000000148e+02
3.753993500000000267e+02
3.885162000000000262e+02
5.590120299999999816e+02
5.931153900000000476e+02
4.011894099999999526e+02
3.143767700000000218e+02
5.221459800000000087e+02
3.191412900000000263e+02
5.573288700000000517e+02
4.425727900000000545e+02
5.817691899999999805e+02
5.663310199999999668e+02
5.939889599999999064e+02
6.078676600000000008e+02
5.185282999999999447e+02
5.895156299999999874e+02
4.946877000000000066e+02
5.816206200000000308e+02
4.237370599999999854e+02
4.758928300000000036e+02
6.114190200000000459e+02
6.505874499999999898e+02
4.162510399999999890e+02
5.055911800000000085e+02
6.138327500000000327e+02
3.933597299999999564e+02
5.304338900000000194e+02
4.524386400000000208e+02
3.889010300000000484e+02
5.483717199999999821e+02
3.944439299999999662e+02
5.580495400000000927e+02
4.508756899999999632e+02
6.047488200000000234e+02
5.596361400000000685e+02
2.701525200000000382e+02
4.609421800000000076e+02
3.929178899999999430e+02
5.349333800000000565e+02
5.073957500000000209e+02
5.061015899999999874e+02
3.953888700000000540e+02
4.043536700000000792e+02
6.402360499999999774e+02
4.513223199999999906e+02
6.002310300000000325e+02
3.542291399999999726e+02
4.384110800000000268e+02
3.497136899999999855e+02
6.244320099999999911e+02
4.279597900000000550e+02
6.146312000000000353e+02
6.302735500000000002e+02
5.082584699999999884e+02
4.763099199999999769e+02
3.251035400000000095e+02
4.421847900000000777e+02
5.081585999999999785e+02
4.815713200000000143e+02
5.813885700000000725e+02
4.824922399999999811e+02
6.278862000000000307e+02
6.078590100000000120e+02
5.871007099999999355e+02
6.160176300000000538e+02
5.313489200000000210e+02
3.768235000000000241e+02
4.333160399999999868e+02
5.685000599999999622e+02
5.090126300000000015e+02
5.425739399999999932e+02
3.706415999999999826e+02
5.375105700000000297e+02
3.989701500000000465e+02
4.940562800000000152e+02
5.950053500000000213e+02
4.140498999999999796e+02
4.570618000000000052e+02
4.289556300000000419e+02
5.333261499999999842e+02
3.297064899999999739e+02
5.371652199999999766e+02
5.892090200000000095e+02
5.889540500000000520e+02
4.485492600000000039e+02
5.891228700000000345e+02
2.685924299999999789e+02
5.669554699999999912e+02
5.991480099999999993e+02
5.464613099999999122e+02
5.504175400000000309e+02
3.984044599999999718e+02
5.758414000000000215e+02
4.909858100000000150e+02
5.768291100000000142e+02
4.984572200000000066e+02
3.666743900000000167e+02
5.036752399999999739e+02
6.348762000000000398e+02
5.744063599999999497e+02
5.368874200000000201e+02
5.577114699999999630e+02
5.868920699999999897e+02
5.491234699999999975e+02
3.728906899999999496e+02
3.881130999999999744e+02
5.281386999999999716e+02
5.242962800000000243e+02
6.387725400000000491e+02
4.226748499999999353e+02
4.726368100000000254e+02
5.397356900000000905e+02
5.795212099999999964e+02
5.132422599999999875e+02
5.240206900000000587e+02
5.869471800000000030e+02
5.638555999999999813e+02
5.513461200000000417e+02
6.257637499999999591e+02
5.516649099999999635e+02
4.755563300000000027e+02
6.483698699999999917e+02
5.935386799999999994e+02
6.071069800000000214e+02
4.199456000000000131e+02
4.111481500000000437e+02
5.761667200000000548e+02
5.726537700000000086e+02
5.299347799999999324e+02
4.152916200000000231e+02
4.764857999999999834e+02
5.389605599999999868e+02
5.288936800000000176e+02
4.574995999999999867e+02
3.795489500000000476e+02
5.388480299999999943e+02
3.436554199999999923e+02
5.437725000000000364e+02
2.324838900000000024e+02
4.557016099999999597e+02
5.244375099999999748e+02
3.896963000000000079e+02
6.022743799999999510e+02
4.674673900000000231e+02
4.514279599999999846e+02
5.361736799999999903e+02
4.649618300000000204e+02
5.057078200000000265e+02
5.382022400000000744e+02
6.051138999999999442e+02
5.154791900000000169e+02
5.643531100000000151e+02
3.523405799999999886e+02
6.409389499999999771e+02
3.379488000000000056e+02
4.335196799999999939e+02
3.453306100000000356e+02
5.292221500000000560e+02
5.606164899999999989e+02
6.030113599999999678e+02
3.677700399999999945e+02
6.092893199999999752e+02
4.563858899999999608e+02
5.473596900000000005e+02
3.828982599999999934e+02
3.593593500000000063e+02
4.737955499999999915e+02
4.660979500000000257e+02
4.427063100000000304e+02
5.011695900000000279e+02
5.509839900000000625e+02
3.764279399999999782e+02
3.149180900000000065e+02
4.946967900000000213e+02
5.707465599999999313e+02
5.915241200000000390e+02
4.438535999999999717e+02
5.606116099999999278e+02
5.336833900000000313e+02
3.202196900000000142e+02
5.197795200000000477e+02
5.228159500000000435e+02
4.476938700000000608e+02
5.182099599999999100e+02
6.129252400000000307e+02
4.701202099999999859e+02
5.022156600000000140e+02
6.355089199999999892e+02
3.760537100000000237e+02
3.638771399999999971e+02
5.621860299999999597e+02
6.105208299999999326e+02
5.479409299999999803e+02
3.491626099999999724e+02
4.079079500000000280e+02
4.958867099999998800e+02
2.589466899999999896e+02
2.769331599999999867e+02
4.435437299999999254e+02
4.075991999999999962e+02
4.054296400000000062e+02
5.243549699999999802e+02
5.171779999999999973e+02
3.770508899999999244e+02
4.470255299999999465e+02
4.864834299999999985e+02
4.822933499999999754e+02
3.751390400000000227e+02
4.464651100000000383e+02
5.379828099999999722e+02
5.605219700000000103e+02
5.218281400000000758e+02
5.704670599999999467e+02
4.727444100000000162e+02
4.906415299999999888e+02
3.058879400000000146e+02
3.896837900000000445e+02
5.535158999999999878e+02
5.231119999999999663e+02
4.467601999999999975e+02
5.094829899999999725e+02
5.430486499999999523e+02
4.145671100000000706e+02
5.302111499999999751e+02
4.631893299999999840e+02
6.701429200000000037e+02
4.945014199999999960e+02
6.145837099999999964e+02
5.167174599999999600e+02
2.830131900000000087e+02
4.921189900000001103e+02
4.957534800000000246e+02
3.939844700000000444e+02
5.031462700000000154e+02
4.161952700000000505e+02
5.643066400000000158e+02
5.690707899999999881e+02
3.933779500000000553e+02
4.254234999999999900e+02
6.056698700000000599e+02
4.006757699999999431e+02
3.311343200000000024e+02
4.719762099999999805e+02
7.030522900000000845e+02
4.094182899999999563e+02
5.441802999999999884e+02
4.869996699999999805e+02
4.685561900000000151e+02
2.918055700000000456e+02
5.777376100000000179e+02
4.861030099999999834e+02
5.078812899999999786e+02
4.927258899999999926e+02
6.877478599999999460e+02
3.160311200000000440e+02
3.101780200000000036e+02
6.146524299999999812e+02
1.537569699999999955e+02
4.603756399999999758e+02
5.156231400000000349e+02
4.817477400000000216e+02
4.671915999999999940e+02
4.170247699999999327e+02
3.528990100000000325e+02
2.730577400000000239e+02
5.435019999999999527e+02
4.377583900000000767e+02
3.578755799999999567e+02
6.291793800000000374e+02
3.300169900000000212e+02
3.756866899999999418e+02
5.589964999999999691e+02
4.940833200000000147e+02
5.535327499999999645e+02
4.575309900000000312e+02
5.286381200000000717e+02
3.977023199999999861e+02
5.257500800000000254e+02
5.606895400000000791e+02
4.462791799999999967e+02
5.771823699999999917e+02
5.182717800000000352e+02
4.517012300000000664e+02
5.019638600000000110e+02
5.608336600000000089e+02
5.956669900000000553e+02
5.085304400000001124e+02
3.890530999999999722e+02
3.923323299999999563e+02
4.820255500000000097e+02
4.150908700000000522e+02
5.864460100000000011e+02
5.459308399999999892e+02
4.472590899999999579e+02
3.810899100000000317e+02
3.173765900000000215e+02
4.078305100000000607e+02
5.609599799999999732e+02
4.385908400000000142e+02
4.239811199999999758e+02
5.856885399999999890e+02
5.311994200000000319e+02
5.586876900000000887e+02
6.409779099999999517e+02
5.556148400000000720e+02
4.794235899999999901e+02
3.199649499999999875e+02
4.568047000000000253e+02
5.359116999999999962e+02
5.607723900000000867e+02
5.581048299999999927e+02
3.782072200000000066e+02
3.585210500000000025e+02
5.708689299999999776e+02
3.577908899999999903e+02
3.641985900000000242e+02
4.850773100000000113e+02
5.296691599999999198e+02
4.234643399999999929e+02
5.247135200000000168e+02
5.340193500000000313e+02
4.288292200000000207e+02
5.603681500000000142e+02
4.902256100000000174e+02
5.712453799999999546e+02
4.564058400000000120e+02
5.440912200000000212e+02
4.416030900000000656e+02
3.181465900000000033e+02
3.708585500000000366e+02
5.477505200000000514e+02
3.804093399999999860e+02
6.138475499999999556e+02
6.453117700000000241e+02
4.160515800000000013e+02
3.664623599999999897e+02
5.211421799999999394e+02
4.857614300000000185e+02
5.122799999999999727e+02
5.157746300000000019e+02
4.012258700000000431e+02
6.074285599999999476e+02
4.981043099999999981e+02
5.563499600000000100e+02
5.703302999999999656e+02
4.074894099999999639e+02
5.904525499999999738e+02
5.352417799999999488e+02
5.769836199999999735e+02
3.907531299999999419e+02
3.854927999999999884e+02
2.915963700000000358e+02
3.789884799999999814e+02
4.085642799999999966e+02
6.078247999999999820e+02
5.508251599999999826e+02
5.302386799999999312e+02
5.556469599999999218e+02
3.996286000000000058e+02
5.186843999999999824e+02
4.121096300000000383e+02
4.386537299999999391e+02
5.055780700000000252e+02
4.823444999999999823e+02
6.037911199999999781e+02
5.070744700000000194e+02
4.709504299999999830e+02
5.238051000000000386e+02
5.724417099999999436e+02
6.087165099999999711e+02
5.998740799999999354e+02
6.142124400000000151e+02
2.428113099999999918e+02
5.582773700000000190e+02
6.135750699999999824e+02
6.252420400000000882e+02
5.531928299999999581e+02
5.174699500000000398e+02
4.274827900000000795e+02
2.791337899999999763e+02
5.489156000000000404e+02
3.431560499999999934e+02
4.844402600000000234e+02
5.413552599999999302e+02
5.412727200000000494e+02
5.660246200000000272e+02
5.280523299999999836e+02
5.269570899999999938e+02
4.669499099999999885e+02
6.168855800000000045e+02
4.931877299999999877e+02
3.904685400000000186e+02
5.868427400000000489e+02
5.794503499999999576e+02
4.697324800000000096e+02
4.016683699999999249e+02
5.291011200000000372e+02
5.181397900000000618e+02
4.310182800000000043e+02
5.139390300000000025e+02
6.127984199999999646e+02
4.475452799999999911e+02
6.001084599999999227e+02
3.509411999999999807e+02
5.091595300000000179e+02
3.367452799999999797e+02
4.712938700000000267e+02
4.180661299999999301e+02
5.284830400000000736e+02
3.956525500000000761e+02
4.909161300000000097e+02
4.582831699999999273e+02
4.940717700000000150e+02
6.019446199999999862e+02
4.762577900000001137e+02
6.107168699999999717e+02
3.934470600000000218e+02
5.368245799999999690e+02
2.674510000000000218e+02
4.167665400000000204e+02
5.789518799999999601e+02
3.782855100000000448e+02
4.023887699999999654e+02
4.623782800000000179e+02
5.843368900000000394e+02
5.216160999999999603e+02
4.696793200000000184e+02
4.685658900000000244e+02
4.943928099999999972e+02
3.159119900000000030e+02
5.396270299999999907e+02
3.666570500000000266e+02
4.521981699999999478e+02
3.802221000000000117e+02
3.805283200000000079e+02
3.299516300000000228e+02
5.932035400000000891e+02
6.167752400000000534e+02
5.243875199999999950e+02
4.989564899999999739e+02
3.423878399999999829e+02
6.538114400000000614e+02
4.195983600000000138e+02
5.837537499999999682e+02
4.511399999999999864e+02
3.046806300000000078e+02
4.694039099999998825e+02
4.206575100000000589e+02
5.997212099999999282e+02
5.656467900000000100e+02
5.621856799999999339e+02
6.225413700000000290e+02
5.567654800000000250e+02
6.464279299999999466e+02
4.507456599999999867e+02
5.243452399999999898e+02
4.325875599999998826e+02
4.809217300000000250e+02
3.827367800000000102e+02
5.351242799999999988e+02
5.647384099999999307e+02
6.085029099999999289e+02
5.946273999999999660e+02
5.085308400000000120e+02
5.695207299999999577e+02
6.194907599999999093e+02
3.782038200000000074e+02
6.591455399999999827e+02
4.852291999999999916e+02
5.337841100000000552e+02
4.713922099999999773e+02
5.753489799999999832e+02
4.148638399999999820e+02
5.211756100000000060e+02
4.551991100000000756e+02
5.373892400000000862e+02
5.845887199999999666e+02
4.977809899999999743e+02
4.960324499999999830e+02
4.932852300000000128e+02
5.610521800000000212e+02
4.697488200000000234e+02
3.691049500000000307e+02
5.926033800000000156e+02
3.413276900000000182e+02
6.142070300000000316e+02
5.649073300000000017e+02
2.966589200000000233e+02
4.800591499999999883e+02
5.719283100000000104e+02
4.929157000000000153e+02
4.360990400000001159e+02
5.722645200000000614e+02
4.665528699999999844e+02
4.767471699999999828e+02
5.416444099999999935e+02
3.184967899999999759e+02
3.256949700000000121e+02
4.879457899999999881e+02
4.821672500000000241e+02
4.739527800000000184e+02
4.871044800000000237e+02
4.680640999999999963e+02
5.318756599999999253e+02
5.338116700000000492e+02
3.727727600000000052e+02
4.739078799999999774e+02
5.683700299999999288e+02
4.701766499999999951e+02
6.229624499999999898e+02
4.611924500000000080e+02
5.759154599999999391e+02
4.406506999999999721e+02
4.957919400000000110e+02
4.654760800000000245e+02
5.196486099999999624e+02
5.251212400000000571e+02
3.261751399999999990e+02
4.104483699999999544e+02
5.626309499999999844e+02
4.272356399999999894e+02
3.675580299999999738e+02
5.056948499999999740e+02
7.541719699999999875e+02
5.137072600000000193e+02
3.793461699999999723e+02
5.820491200000000163e+02
5.130463399999999865e+02
4.654415099999998802e+02
4.594503100000000586e+02
4.678866199999999935e+02
3.742345199999999750e+02
4.855824999999999818e+02
4.273420199999999909e+02
5.388159699999999930e+02
4.378762800000000084e+02
3.609109300000000076e+02
5.017729600000000119e+02
3.322910699999999906e+02
6.016696400000000722e+02
5.589351299999999583e+02
3.204894300000000271e+02
4.544047500000000355e+02
4.291348800000000097e+02
5.642340299999999615e+02
5.972600999999999658e+02
5.287580100000000130e+02
5.613660700000000361e+02
4.712949899999999843e+02
5.107154600000000073e+02
5.751017099999999118e+02
4.690967200000000048e+02
3.676044200000000046e+02
5.258689099999999144e+02
5.683518799999999374e+02
5.605066400000000613e+02
4.540457799999999793e+02
4.786325800000000186e+02
4.680252500000000282e+02
5.309669200000000728e+02
5.566380400000000463e+02
5.856871099999999615e+02
5.077858699999999885e+02
5.448859700000000430e+02
4.954439699999999789e+02
3.082659600000000069e+02
5.827604700000000548e+02
4.027251100000000292e+02
4.333657400000000166e+02
5.151857400000000098e+02
4.271425699999999210e+02
5.938219900000000280e+02
2.781695399999999836e+02
3.916653500000000463e+02
5.008805199999999900e+02
5.012678700000000163e+02
5.113229400000000169e+02
6.035109700000000430e+02
5.078866499999999746e+02
5.146096299999999246e+02
5.115244799999999827e+02
4.221153400000001170e+02
3.712114700000000767e+02
3.555076099999999997e+02
5.467504000000000133e+02
4.313532799999999838e+02
5.172504500000000007e+02
2.046015700000000095e+02
5.249802499999999554e+02
5.340519500000000335e+02
5.655540300000000116e+02
5.375327300000000150e+02
5.089233600000000024e+02
4.446319199999999796e+02
5.338354799999999614e+02
4.073172300000000519e+02
5.791231799999999339e+02
4.317606400000000235e+02
5.726814799999999650e+02
4.862235999999999763e+02
4.756628699999999981e+02
5.056953599999998801e+02
4.438683800000000019e+02
5.460246099999999387e+02
3.612521300000000224e+02
5.704612599999999247e+02
5.462121700000000146e+02
5.681107900000000654e+02
5.852974199999999882e+02
5.198354500000000371e+02
2.049034499999999923e+02
3.068148100000000227e+02
4.602477999999999838e+02
5.947937900000000582e+02
3.839265100000000643e+02
4.385820900000000506e+02
3.305347600000000057e+02
4.636410700000000134e+02
4.149449299999999425e+02
4.071555200000000241e+02
4.256809000000000083e+02
5.522432499999999891e+02
3.317414299999999798e+02
4.735936199999999872e+02
3.049779599999999959e+02
4.161641699999999560e+02
5.171809500000000526e+02
6.306506500000000415e+02
5.391162900000000491e+02
4.010809500000000298e+02
5.525289700000000721e+02
6.595507299999999304e+02
4.272480499999999211e+02
4.898587999999999738e+02
5.748865599999999176e+02
5.490058900000000222e+02
5.049978400000001102e+02
3.719777699999999641e+02
5.695092799999999897e+02
4.049986999999999853e+02
5.639215900000000374e+02
5.233565099999999575e+02
5.497228800000000319e+02
2.912965500000000247e+02
5.568977800000000116e+02
3.667890899999999874e+02
5.428368600000000015e+02
3.557553599999999960e+02
5.445174500000000535e+02
5.518551499999999805e+02
5.339355099999999084e+02
5.352794599999999718e+02
3.529398299999999722e+02
4.659372900000000186e+02
5.803412400000000844e+02
5.562472599999999829e+02
4.794370700000000056e+02
2.169824299999999937e+02
5.619633400000000165e+02
4.304688300000000254e+02
5.078339100000000030e+02
3.743448499999999513e+02
4.562394800000000146e+02
3.767372599999999920e+02
5.019537100000000009e+02
4.776718599999999810e+02
3.182808899999999994e+02
5.405786699999999882e+02
4.583578800000000228e+02
6.118855499999999665e+02
5.682018400000000611e+02
5.552158200000000079e+02
4.336039599999999723e+02
4.920676100000000019e+02
6.027971800000000258e+02
4.351421299999999519e+02
4.812616300000000251e+02
5.319545900000000529e+02
2.681661100000000033e+02
5.235268200000000434e+02
2.276735299999999995e+02
5.502698599999999942e+02
4.054447200000000180e+02
5.173343499999999722e+02
4.192997199999999793e+02
3.603487700000000018e+02
6.261909500000000435e+02
5.884296600000000126e+02
5.332431100000000015e+02
4.701429999999999723e+02
6.149800599999999804e+02
5.359539499999999634e+02
5.903456499999999778e+02
3.963386499999999728e+02
3.139934799999999768e+02
4.142032199999999875e+02
4.228754799999999818e+02
3.915771100000000615e+02
4.136022800000000075e+02
5.526129799999999932e+02
5.461371299999999565e+02
5.898524599999999509e+02
6.122076499999999442e+02
3.669892399999999952e+02
6.122845200000000432e+02
6.247889299999999366e+02
5.764629099999999653e+02
3.312839500000000044e+02
5.937743799999999510e+02
4.081569999999999823e+02
5.269511099999999715e+02
4.878239300000000185e+02
4.480588999999999942e+02
5.117783800000000269e+02
4.599384000000000015e+02
5.660881200000000035e+02
5.046399200000000178e+02
3.048756500000000074e+02
3.098623999999999796e+02
6.489360199999999850e+02
5.728368799999999510e+02
4.604623900000000276e+02
4.306943100000000300e+02
5.797368799999999283e+02
5.494295499999999493e+02
6.014219500000000380e+02
5.405947400000000016e+02
4.796533200000000079e+02
3.504857600000000275e+02
3.768090000000000259e+02
5.609050399999999854e+02
3.923263100000000350e+02
5.214258599999999433e+02
4.874278499999999781e+02
6.341676800000000185e+02
5.852209699999999657e+02
3.129615100000000325e+02
4.922532899999999927e+02
4.656389899999999784e+02
5.808201199999999744e+02
4.411793000000000120e+02
3.558737100000000169e+02
4.463023900000000594e+02
3.587985700000000406e+02
3.530966199999999731e+02
3.706854599999999778e+02
4.943099799999999959e+02
5.300811499999999796e+02
4.541246700000000374e+02
5.251924299999999448e+02
6.048183299999999463e+02
6.088346999999999980e+02
4.010992400000000089e+02
5.002944100000000276e+02
5.354964300000000321e+02
5.795859900000000380e+02
3.030750300000000266e+02
4.801238099999998781e+02
4.122728700000000686e+02
3.941256000000000199e+02
4.672322800000000029e+02
5.353403599999999187e+02
2.756057000000000130e+02
6.024629599999999527e+02
5.482987500000000409e+02
4.117169000000000096e+02
5.314992300000000114e+02
5.609067700000000514e+02
5.740895900000000438e+02
5.788941499999999678e+02
5.365434099999999944e+02
2.566945900000000051e+02
4.026024400000000014e+02
4.106107500000000528e+02
5.852644999999999982e+02
4.571001200000000040e+02
4.884019499999999994e+02
4.041675999999999931e+02
4.262573900000000435e+02
3.830571699999999282e+02
5.872408400000000483e+02
4.060766199999999913e+02
5.809446199999999862e+02
5.820674500000000080e+02
5.995605299999999716e+02
4.927348299999999881e+02
6.191733900000000403e+02
5.229085800000000290e+02
3.121651600000000144e+02
3.781842899999999759e+02
4.077144499999999425e+02
5.993505200000000741e+02
4.988876700000000142e+02
4.402950000000000159e+02
4.144115500000000338e+02
4.446573999999999955e+02
3.411683400000000006e+02
5.837116200000000390e+02
5.151798400000000129e+02
5.676527700000000323e+02
5.430032800000000179e+02
2.262524999999999977e+02
5.593245900000000574e+02
4.386897799999999847e+02
4.683331600000000208e+02
4.829476199999999722e+02
4.556113900000000285e+02
5.470470599999999877e+02
6.310839700000000221e+02
5.315263599999999542e+02
2.861000599999999849e+02
4.650957300000000032e+02
4.671131399999999871e+02
3.459504299999999830e+02
3.699638700000000426e+02
3.018348899999999730e+02
4.722521600000000035e+02
5.513547999999999547e+02
5.216399999999999864e+02
6.034825599999999213e+02
2.799648300000000063e+02
3.741427400000000034e+02
6.517828799999999774e+02
6.002208400000000665e+02
5.713248200000000452e+02
4.589444799999999987e+02
4.321042300000000296e+02
5.644622400000000653e+02
5.073432300000000055e+02
4.725343599999998787e+02
4.104581000000000017e+02
3.359700500000000147e+02
4.763259400000001165e+02
6.090518299999999954e+02
5.351571599999999762e+02
5.884115799999999581e+02
3.991559500000000753e+02
6.056984099999999671e+02
5.350479900000000271e+02
4.577657800000000066e+02
6.729254100000000562e+02
3.635315800000000195e+02
5.533444299999999885e+02
3.625056099999999901e+02
4.736730999999999767e+02
6.078994799999999259e+02
4.698142000000000280e+02
5.411211299999999937e+02
4.472549699999999575e+02
4.384134799999999927e+02
4.372712499999999523e+02
4.996924700000000144e+02
3.730634800000000268e+02
4.543127200000000130e+02
3.407475100000000339e+02
1.956817599999999970e+02
4.825052800000000275e+02
5.518933799999999792e+02
5.537763700000000426e+02
4.122153100000000450e+02
4.841379499999999894e+02
5.049975800000000277e+02
5.149559600000000046e+02
3.146457599999999957e+02
3.604755299999999920e+02
5.884189700000000585e+02
5.906442799999999806e+02
5.776456099999999196e+02
4.026692099999999641e+02
3.618027099999999905e+02
4.385048099999999636e+02
3.149342399999999884e+02
5.784466700000000401e+02
3.398233399999999733e+02
6.059961900000000696e+02
4.460418499999999540e+02
3.534835800000000177e+02
3.980571600000000103e+02
4.098411900000000401e+02
4.946353899999999726e+02
3.885926799999999730e+02
4.183041299999999296e+02
5.998921299999999519e+02
4.949631699999999910e+02
6.418861000000000558e+02
4.982511099999999828e+02
4.277792800000000284e+02
5.605762300000000096e+02
5.859483999999999924e+02
4.932465500000000134e+02
5.194074200000000019e+02
5.395087099999999509e+02
6.216422599999999647e+02
3.146886400000000208e+02
5.519246500000000424e+02
4.076849100000000590e+02
5.571037999999999784e+02
5.386922299999999950e+02
4.043044600000000059e+02
3.210204299999999762e+02
4.126684399999999755e+02
3.690620599999999740e+02
4.069670899999999278e+02
4.305093100000000277e+02
4.315154800000000250e+02
5.782766199999999799e+02
4.600669100000000640e+02
6.258325599999999440e+02
4.863982700000000250e+02
2.885803000000000225e+02
2.465415299999999945e+02
3.171282800000000179e+02
5.755031000000000176e+02
6.181736900000000787e+02
5.089004100000000221e+02
6.051495499999999765e+02
3.592794400000000223e+02
4.440516900000000646e+02
3.768129000000000133e+02
3.955851900000000683e+02
4.352330300000000420e+02
3.170678899999999771e+02
2.245396299999999883e+02
3.647465399999999818e+02
3.875579500000000621e+02
4.746254400000000260e+02
5.473104499999999462e+02
3.969199600000000032e+02
6.480637299999999641e+02
4.883579899999999725e+02
4.605213600000000156e+02
4.602035500000000638e+02
5.411913799999999810e+02
5.986545200000000477e+02
3.149245500000000106e+02
4.187595500000000470e+02
5.485605099999999084e+02
5.255936000000000377e+02
3.137752500000000282e+02
2.243990499999999884e+02
4.693641200000000140e+02
3.859532899999999245e+02
5.366353599999999915e+02
5.263734900000000607e+02
4.503693999999999846e+02
4.897218199999999797e+02
5.941622499999999718e+02
3.289091500000000110e+02
5.460024700000000166e+02
4.650159600000000069e+02
3.862893699999999626e+02
5.664631600000000162e+02
4.179162200000000098e+02
3.624521399999999858e+02
5.000027000000000044e+02
5.371754900000000816e+02
4.620310699999999997e+02
5.329335899999999810e+02
5.687823799999999892e+02
5.552368099999999913e+02
4.182743600000000015e+02
5.694324599999999919e+02
5.703120200000000750e+02
4.661507599999999911e+02
5.300555299999999761e+02
5.720157299999999623e+02
3.941597100000000751e+02
5.342257200000000239e+02
5.694318299999999908e+02
4.833827800000000252e+02
4.945303200000000174e+02
1.939026000000000067e+02
4.777997399999999857e+02
4.193720999999999890e+02
4.602796999999999912e+02
5.374739099999999326e+02
6.370977199999999812e+02
5.228869999999999436e+02
4.997727300000000241e+02
3.973128700000000322e+02
3.507972200000000385e+02
4.640284300000000144e+02
3.301619400000000155e+02
2.393850700000000131e+02
3.413943899999999871e+02
5.213465400000000045e+02
4.524468099999999708e+02
2.808631599999999935e+02
3.678121699999999805e+02
5.317403500000000349e+02
5.445193199999999933e+02
4.717555199999999900e+02
3.021154599999999846e+02
4.489571100000000570e+02
3.924692000000000007e+02
4.632817600000000198e+02
5.012774999999999750e+02
4.156771900000000528e+02
5.149762200000000121e+02
6.326499900000000025e+02
6.105050700000000461e+02
4.345586799999999812e+02
4.215692999999999984e+02
5.223405099999999948e+02
3.817751500000000533e+02
5.696576299999999264e+02
4.541148300000000404e+02
5.366174200000000383e+02
4.901789999999999736e+02
4.227669900000000780e+02
4.877402700000000095e+02
4.591723000000000070e+02
5.727881999999999607e+02
3.137862600000000270e+02
4.077572999999999865e+02
4.030525400000000218e+02
2.357697300000000098e+02
4.168546799999999735e+02
3.392166700000000219e+02
3.608400700000000256e+02
2.992502099999999814e+02
6.141372999999999820e+02
5.225379900000000362e+02
3.002174299999999789e+02
4.628498599999999783e+02
5.694635500000000548e+02
4.664326300000000174e+02
4.199008300000000418e+02
5.656783500000000231e+02
3.900302899999999227e+02
3.815765999999999849e+02
4.581039400000000228e+02
3.169731600000000071e+02
5.456662599999999657e+02
5.153877200000000585e+02
5.715582099999999173e+02
4.937316700000000083e+02
2.015159899999999880e+02
4.296310499999999593e+02
4.096417200000000207e+02
2.422244499999999903e+02
3.677096700000000169e+02
5.031016599999999812e+02
1.953265800000000070e+02
3.101528799999999819e+02
4.965000999999999749e+02
5.873821900000000369e+02
3.051408600000000320e+02
6.154857700000000023e+02
4.501429200000000037e+02
3.464225099999999884e+02
4.070908800000000269e+02
5.982438300000000027e+02
4.159493600000000129e+02
3.277128700000000094e+02
5.064540299999999888e+02
3.714615800000000263e+02
3.452996699999999919e+02
5.892855700000000070e+02
5.357263900000000376e+02
5.466332400000000007e+02
5.245335299999999279e+02
2.613144699999999716e+02
6.001771099999999706e+02
4.631686199999999758e+02
2.578579200000000355e+02
4.193905900000000315e+02
3.918342700000000605e+02
2.697213600000000042e+02
5.517262099999999236e+02
5.410195700000000443e+02
4.086835299999999620e+02
5.218181599999999207e+02
4.425008499999999572e+02
5.158761299999999892e+02
4.627207199999999716e+02
4.503033599999999979e+02
4.059521399999999858e+02
4.683700299999999856e+02
4.616058899999999880e+02
4.496435399999999731e+02
5.485729400000000169e+02
4.892944800000000214e+02
4.632638200000000097e+02
4.775987700000000018e+02
4.896567000000000007e+02
5.529056199999999990e+02
3.082429000000000201e+02
3.787235699999999383e+02
4.414940000000000282e+02
5.855702300000000378e+02
4.359941699999999400e+02
4.527851500000000442e+02
4.277800499999999602e+02
4.294605000000000246e+02
4.308695399999999722e+02
2.897972200000000385e+02
3.333199799999999868e+02
3.757354300000000649e+02
5.063804499999999962e+02
3.275186299999999733e+02
4.357602700000000482e+02
3.793470700000000306e+02
4.993965499999999906e+02
4.816535900000001220e+02
4.900501800000000117e+02
5.985819700000000694e+02
5.032635500000000093e+02
4.525233900000000631e+02
4.511302600000000211e+02
6.049429599999999709e+02
4.121265200000000277e+02
4.805652400000000171e+02
5.149033699999999953e+02
4.387075699999999756e+02
3.827237299999999323e+02
5.295128999999999451e+02
5.555914999999999964e+02
2.203697699999999884e+02
5.099321800000000167e+02
4.348993299999999635e+02
4.969473100000000159e+02
3.879063500000000317e+02
4.649033699999999953e+02
3.875807399999999916e+02
2.772496700000000374e+02
4.900120699999999943e+02
3.636265999999999963e+02
5.446502100000000155e+02
4.686226300000000151e+02
4.526322499999999422e+02
5.047099200000000110e+02
3.862376199999999926e+02
4.553652799999999843e+02
5.821022500000000264e+02
3.329965700000000197e+02
3.318739700000000425e+02
5.048912100000000009e+02
4.453297699999999395e+02
4.625971900000000119e+02
5.549977299999999332e+02
3.265059899999999971e+02
3.236843400000000202e+02
4.724484899999999925e+02
4.166377400000000080e+02
4.930017399999999839e+02
4.124238099999999463e+02
2.336147699999999929e+02
4.237315800000000081e+02
3.104878600000000120e+02
3.094046000000000163e+02
4.659320500000000038e+02
4.949539300000000139e+02
5.475034500000000435e+02
5.333502700000000232e+02
3.226574200000000019e+02
5.263091599999999062e+02
3.769266600000000267e+02
3.405826600000000326e+02
4.801072199999999839e+02
4.857673899999999776e+02
5.294224400000000514e+02
5.144613099999999122e+02
5.262084700000000339e+02
4.072342800000000125e+02
4.662597700000000032e+02
5.285067799999999352e+02
5.520806200000000672e+02
4.168795500000000516e+02
5.197853999999999814e+02
3.406576600000000212e+02
5.388206299999999374e+02
4.543352099999999609e+02
4.539434999999999718e+02
3.719477100000000291e+02
3.323206200000000194e+02
2.260141999999999882e+02
4.803815799999999854e+02
5.255096200000000408e+02
5.194961700000000064e+02
5.183790599999999813e+02
4.704834700000000112e+02
5.914935799999999517e+02
4.882449300000000108e+02
3.988212899999999763e+02
5.860428699999999935e+02
3.570716899999999896e+02
5.306630999999999858e+02
4.301282300000000305e+02
4.033945400000000063e+02
4.900985099999999761e+02
5.608387900000000172e+02
2.776407300000000191e+02
4.211789200000000051e+02
4.135008399999999824e+02
3.907439200000000028e+02
5.153745800000000372e+02
5.218069799999999532e+02
3.311103200000000015e+02
4.322400600000000281e+02
4.882928400000000124e+02
4.813795999999999822e+02
5.207811199999999872e+02
5.412371600000000171e+02
2.272889600000000030e+02
5.426447200000000066e+02
3.845219200000000228e+02
4.370977800000000002e+02
3.682891599999999812e+02
5.568060699999999770e+02
4.481526000000000067e+02
4.041016599999999812e+02
3.083890000000000100e+02
3.792675500000000284e+02
5.121350599999999531e+02
3.975701699999999619e+02
5.552957499999999982e+02
4.842580500000000256e+02
5.129429999999999836e+02
4.249771400000000199e+02
4.161791999999999803e+02
2.630110900000000242e+02
4.032102499999999736e+02
5.441124900000000935e+02
2.863340100000000348e+02
5.153834400000000642e+02
5.299390799999999899e+02
5.112438000000000216e+02
5.641639700000000630e+02
4.557865600000000086e+02
4.130804700000000480e+02
2.800150499999999738e+02
3.639652100000000132e+02
5.566343799999999646e+02
5.274976000000000340e+02
4.987977399999999761e+02
4.481310799999999972e+02
4.222354700000000776e+02
5.603511200000000372e+02
4.938296199999999772e+02
5.360029200000000174e+02
5.352595700000000534e+02
4.220640899999999647e+02
3.852553100000000654e+02
3.249324799999999982e+02
3.737425000000000068e+02
5.233721600000000080e+02
3.265222099999999728e+02
4.735401299999999765e+02
4.290964300000000549e+02
3.939759500000000685e+02
5.560021000000000413e+02
3.400841500000000224e+02
3.241398800000000051e+02
3.764053900000000681e+02
3.160117700000000127e+02
5.039005199999999718e+02
4.130720499999999333e+02
4.833384199999999851e+02
5.885619799999999486e+02
3.620860400000000254e+02
5.263360900000000129e+02
5.179593399999999974e+02
4.208493299999999522e+02
4.081784400000000232e+02
4.324128000000000043e+02
3.251311999999999784e+02
5.913825099999999111e+02
5.539762599999999111e+02
4.306244700000000307e+02
3.420012399999999957e+02
4.191067600000000084e+02
3.543244200000000319e+02
3.091851800000000026e+02
5.242786200000000463e+02
5.529838399999999865e+02
5.426444799999999304e+02
2.478606499999999926e+02
4.088763500000000590e+02
4.975358699999999885e+02
4.662293399999999792e+02
4.246245999999999867e+02
4.730127800000000207e+02
3.838397199999999998e+02
4.110527900000000727e+02
4.111284700000000498e+02
3.506448800000000006e+02
5.213395199999999932e+02
5.173615700000000288e+02
3.472531500000000051e+02
3.797797900000000482e+02
4.668369200000000205e+02
4.867491400000000112e+02
3.660093100000000277e+02
5.745837599999999838e+02
2.917281600000000026e+02
5.056157699999999977e+02
