total_mass
7.987412299999998311e+01
7.528640899999997771e+01
7.749264300000000105e+01
7.647523900000000197e+01
8.064527100000000814e+01
7.414412300000000755e+01
7.596219399999998245e+01
8.001212699999997824e+01
7.370000100000000032e+01
7.314708899999999403e+01
7.633785999999999206e+01
7.463917599999997776e+01
7.832545100000000105e+01
7.580729599999999380e+01
7.422662700000000768e+01
7.243805700000000058e+01
7.384390299999998319e+01
7.738163800000000947e+01
7.461704499999997608e+01
7.461704499999997608e+01
7.839685800000000881e+01
7.813313300000000083e+01
7.419029000000000451e+01
7.703623999999997807e+01
7.735104699999999411e+01
7.601078800000000513e+01
7.485397700000000043e+01
7.376012099999999805e+01
7.776361500000000149e+01
7.640060799999999119e+01
7.600930099999999356e+01
7.688758799999999383e+01
7.216518800000000056e+01
7.508924499999999114e+01
7.449648999999999432e+01
7.688098200000000304e+01
7.666210200000000441e+01
7.348019899999999893e+01
7.282730300000000057e+01
7.282730300000000057e+01
7.719297100000000000e+01
7.230780400000000441e+01
7.086496300000000303e+01
7.088557600000000036e+01
7.390198699999997700e+01
7.265902299999997638e+01
7.187993800000000988e+01
7.582030499999997630e+01
7.256479500000000371e+01
7.130418399999999224e+01
7.543297199999999236e+01
7.466333000000000197e+01
7.466333000000000197e+01
7.168865900000000124e+01
7.168865900000000124e+01
7.571984100000000240e+01
7.416751899999999864e+01
7.480730099999998117e+01
7.896515999999998314e+01
7.198050699999998869e+01
7.549386200000000713e+01
7.287980199999998376e+01
7.051363500000000784e+01
7.432347500000000196e+01
7.120907499999999857e+01
7.353476200000000063e+01
7.516296400000000233e+01
7.393756500000000642e+01
7.357627300000000048e+01
7.282682599999998274e+01
7.051377499999999543e+01
7.567055500000000734e+01
7.567276000000001090e+01
7.242656700000000569e+01
7.257825099999998031e+01
7.598238000000000625e+01
7.765652099999998370e+01
7.052254899999999793e+01
7.465976700000000221e+01
7.604397600000000068e+01
7.167719300000000260e+01
7.983499600000000385e+01
6.910508100000001264e+01
7.588906399999997632e+01
7.051389199999999846e+01
7.017332400000000803e+01
7.506194700000000353e+01
7.169618400000000236e+01
7.583002900000001034e+01
7.098864799999999775e+01
7.335930199999999957e+01
7.173569999999999425e+01
7.088418000000000063e+01
7.625844499999998050e+01
7.391279200000001026e+01
7.734725499999997567e+01
7.156460899999999015e+01
7.127458699999999681e+01
7.108643499999999449e+01
7.205943099999997514e+01
7.291746399999998118e+01
7.109740100000000496e+01
7.133552199999999743e+01
7.259319100000000446e+01
7.122112299999999152e+01
7.122112299999999152e+01
7.222980300000000398e+01
7.368360200000000759e+01
7.595091200000000242e+01
7.199979199999999935e+01
7.171806200000000331e+01
7.431240099999999416e+01
7.431240099999999416e+01
7.185468299999999431e+01
7.062064200000000369e+01
7.253283299999998235e+01
7.103150500000000989e+01
7.027320999999999174e+01
7.221408299999997382e+01
7.503782199999999136e+01
7.546254700000000071e+01
7.076200300000000709e+01
7.163790900000000761e+01
7.091633000000000209e+01
7.254747499999997729e+01
7.248540500000000009e+01
7.174904399999999782e+01
7.146182999999997776e+01
7.317398800000000847e+01
7.496225400000000150e+01
7.118021300000000906e+01
7.286902600000000518e+01
7.211844899999999825e+01
7.251626199999998335e+01
7.508763199999999927e+01
7.475414200000000164e+01
7.206811499999997750e+01
7.206811499999997750e+01
7.422248499999999183e+01
7.422248499999999183e+01
7.060122599999999693e+01
7.457542799999997385e+01
7.234193600000000401e+01
7.234193600000000401e+01
7.720262900000000172e+01
7.186765099999999507e+01
7.496134899999999845e+01
7.781490299999998683e+01
7.237186800000000630e+01
7.395340300000000866e+01
7.574494500000000130e+01
7.779484599999999261e+01
7.750766800000000956e+01
7.474850399999998274e+01
7.296191000000000315e+01
7.208744399999999075e+01
6.867159200000000396e+01
7.565180900000000008e+01
7.216903000000000645e+01
7.011693900000000212e+01
7.316745399999997801e+01
8.035265300000000366e+01
7.267722700000000202e+01
7.730695000000000050e+01
7.380846399999998653e+01
7.633629599999999016e+01
7.308396500000000628e+01
7.147906900000000974e+01
7.795213699999999335e+01
7.361946499999997684e+01
7.372162299999999391e+01
7.256688700000000836e+01
7.249336800000000380e+01
7.107845299999999611e+01
7.323721700000000112e+01
7.107062899999999672e+01
7.224941099999998073e+01
7.341271199999999908e+01
7.329200399999997728e+01
7.412745699999997839e+01
7.685587999999999909e+01
7.311600500000000125e+01
7.088212599999999952e+01
7.343911399999997514e+01
7.728712800000000982e+01
7.721079600000000198e+01
7.737943299999999169e+01
7.118693899999999530e+01
6.876544399999998802e+01
7.165126399999999762e+01
7.121840799999999660e+01
7.121840799999999660e+01
7.492452600000000018e+01
7.734316300000000410e+01
7.734316300000000410e+01
7.047306400000000792e+01
7.302652700000000152e+01
7.460613999999998214e+01
7.697087100000000248e+01
7.332153300000000229e+01
7.334034299999997586e+01
7.498380299999999465e+01
7.415543800000000374e+01
7.037305600000001959e+01
7.169410699999998826e+01
7.250706800000000385e+01
7.526396199999997805e+01
7.533162999999997567e+01
7.162079599999999857e+01
7.129857599999999707e+01
7.373226900000000228e+01
7.330361500000000774e+01
7.174639700000000175e+01
7.188749099999999714e+01
7.274430000000000973e+01
7.323610600000000659e+01
7.295124500000000012e+01
7.471194400000000257e+01
7.527776399999997636e+01
7.118230699999999445e+01
7.542315200000000175e+01
7.098032800000000009e+01
7.149359900000000323e+01
7.254412800000000061e+01
7.575655299999998249e+01
7.413209900000001085e+01
7.560348899999998196e+01
7.157696400000000381e+01
7.296086499999999830e+01
7.093351099999999576e+01
7.618891999999998177e+01
7.618891999999998177e+01
7.135021600000000319e+01
7.028830899999999815e+01
7.532317299999998284e+01
7.117678399999999783e+01
7.155212000000000216e+01
7.343899199999999894e+01
7.216186899999998161e+01
7.045647099999999341e+01
7.634894900000000462e+01
7.259842299999998261e+01
7.359788900000000922e+01
7.534364700000000425e+01
7.471290899999998203e+01
7.294675500000001023e+01
7.265480100000000618e+01
7.144181100000000129e+01
6.969409699999999930e+01
7.206997300000000450e+01
7.158265300000000764e+01
7.158265300000000764e+01
7.158265300000000764e+01
7.538459800000001110e+01
7.957918899999999951e+01
7.270261800000000108e+01
7.231353400000000420e+01
7.376250100000000032e+01
7.072731199999999774e+01
7.286850400000000150e+01
7.250150299999999959e+01
7.150052800000000275e+01
7.024366899999999703e+01
7.072254200000000424e+01
6.954618299999999920e+01
6.959468499999999835e+01
7.658664399999999262e+01
7.646123500000000206e+01
7.646123500000000206e+01
7.282853699999998298e+01
7.302738200000000290e+01
7.531882799999998213e+01
7.261867599999999356e+01
7.132521899999998993e+01
6.942437400000000025e+01
6.942437400000000025e+01
6.955137600000000475e+01
7.658810799999999119e+01
7.174345999999999890e+01
7.559195700000000784e+01
7.212238300000001345e+01
7.290633800000000520e+01
7.338233900000000176e+01
7.249897799999999393e+01
7.098134600000000205e+01
7.410251999999999839e+01
7.645140400000001080e+01
7.416102200000000266e+01
7.416102200000000266e+01
7.044617300000000171e+01
7.455380600000000868e+01
7.715197799999999972e+01
7.323953299999998023e+01
7.593376899999999807e+01
7.097538000000000125e+01
6.935241299999999853e+01
7.493854100000000074e+01
7.105215100000000916e+01
7.556976399999997795e+01
7.057796500000000606e+01
7.203194799999999987e+01
6.902255600000000868e+01
6.868550100000000214e+01
6.964312300000000278e+01
6.964312300000000278e+01
7.067558999999999969e+01
6.970883000000000607e+01
7.522134399999998777e+01
6.893903799999999649e+01
7.622843199999998376e+01
7.030446100000000342e+01
7.216856799999999339e+01
7.346135000000001014e+01
7.205018599999999651e+01
7.095343199999997807e+01
7.585981799999997577e+01
7.004989000000000487e+01
7.316933800000001042e+01
7.110842399999999941e+01
7.674051599999999951e+01
7.097136600000000328e+01
6.945222499999999854e+01
6.940735399999999800e+01
7.315314899999999909e+01
6.939099699999999871e+01
7.409243800000000135e+01
7.066538100000001066e+01
7.210411100000000317e+01
7.136401899999999898e+01
7.062404899999999941e+01
7.537669400000000053e+01
7.563437199999999905e+01
7.569745599999997410e+01
6.916335899999999981e+01
7.233534199999998293e+01
7.177666500000000838e+01
7.350806500000000199e+01
7.258555600000001107e+01
7.473656099999998048e+01
7.577300999999999931e+01
7.577300999999999931e+01
7.217472800000000177e+01
7.292553300000000149e+01
7.273713300000000004e+01
7.273713300000000004e+01
7.273713300000000004e+01
7.787661299999997766e+01
7.181280200000000491e+01
7.780124599999997770e+01
7.463396900000000755e+01
7.551216600000000767e+01
7.414257100000000378e+01
7.397589099999997586e+01
7.199759599999998727e+01
7.199759599999998727e+01
7.159354799999999841e+01
7.201327499999999304e+01
7.201327499999999304e+01
7.201327499999999304e+01
7.148094499999997709e+01
7.182519500000000789e+01
6.973244700000000762e+01
7.658831800000000101e+01
7.302140400000000398e+01
6.977666299999999922e+01
7.314080400000000282e+01
7.365334699999998236e+01
7.480062499999998238e+01
7.525432599999997763e+01
7.328205499999999972e+01
6.871871299999999394e+01
7.112507099999999127e+01
7.077312100000000328e+01
7.095005299999999693e+01
7.220942299999998681e+01
7.061180300000000898e+01
7.083070899999999881e+01
7.074607600000000218e+01
7.143841100000000210e+01
7.159157900000001007e+01
6.991236800000000073e+01
7.601956099999998173e+01
7.444916899999998350e+01
6.912154900000000168e+01
7.370266300000000115e+01
7.045854500000000087e+01
7.045854500000000087e+01
7.353415699999999333e+01
7.411989199999999300e+01
7.207351300000000549e+01
7.444791000000000736e+01
7.444791000000000736e+01
7.623516800000000160e+01
7.526555600000000368e+01
7.388442200000000071e+01
7.039140899999999590e+01
7.133396500000000628e+01
7.599023800000000506e+01
7.407485199999997860e+01
6.952066600000001984e+01
7.191186899999999582e+01
6.822225199999999745e+01
6.921012500000001921e+01
7.350358199999998021e+01
7.218619200000000546e+01
7.175644300000000442e+01
7.375689700000000926e+01
7.397889299999999935e+01
7.256668799999999919e+01
7.424884800000000951e+01
7.240016600000001290e+01
6.974038500000000340e+01
7.075393499999999847e+01
7.173461499999997670e+01
7.725847200000001180e+01
6.858838599999999985e+01
7.060698700000000372e+01
7.486016100000000506e+01
6.997199799999999925e+01
7.085305699999997842e+01
7.264388999999999896e+01
7.377726300000000492e+01
7.563285400000000891e+01
7.035714399999999102e+01
7.268572600000000250e+01
7.036528500000000008e+01
6.734472499999999684e+01
7.102208200000002591e+01
7.548890000000000100e+01
7.133505999999999858e+01
7.091002299999999536e+01
7.063505899999999826e+01
7.290154200000000628e+01
7.290154200000000628e+01
7.611439899999997749e+01
7.366727500000000362e+01
7.601024999999999920e+01
7.765082100000000764e+01
7.765082100000000764e+01
7.340259899999998083e+01
7.497141600000000494e+01
7.372383800000000065e+01
7.347904599999998254e+01
7.406537199999998222e+01
7.406537199999998222e+01
7.015949300000001188e+01
7.015949300000001188e+01
7.513540299999998240e+01
7.187302400000000091e+01
7.676859300000000985e+01
7.048588599999999360e+01
7.015577700000000050e+01
7.282138100000000236e+01
7.305142200000000230e+01
7.245665400000000034e+01
6.909060900000000061e+01
7.002917099999999095e+01
7.343576400000000604e+01
7.595717199999999991e+01
6.923315999999999804e+01
7.265152299999998320e+01
7.640005899999999883e+01
6.997327599999999848e+01
7.348922699999999963e+01
7.348922699999999963e+01
7.091815199999997787e+01
7.467509899999997458e+01
7.350229999999997688e+01
7.350229999999997688e+01
6.940392800000000761e+01
6.940392800000000761e+01
7.189311599999997782e+01
7.175554999999999950e+01
7.175554999999999950e+01
7.277569599999998218e+01
7.025059699999999907e+01
7.616508499999999060e+01
7.517549499999998375e+01
6.950210799999999267e+01
6.950210799999999267e+01
7.210490000000000066e+01
7.096317300000002604e+01
7.159878899999999646e+01
7.486016500000000917e+01
7.486016500000000917e+01
7.214334099999997818e+01
7.331034499999999809e+01
7.149213699999999960e+01
7.275997900000000129e+01
7.372148899999997695e+01
7.231138599999999883e+01
6.760248699999999644e+01
6.966442800000000091e+01
7.076821200000001966e+01
7.360351899999999148e+01
7.294057399999999802e+01
7.153583100000000172e+01
6.922428700000000390e+01
7.289329100000000494e+01
7.104005399999999781e+01
7.471104800000000523e+01
7.258710800000000063e+01
7.175327000000000055e+01
7.113028299999997728e+01
7.262441699999999400e+01
7.584296799999999905e+01
7.179897700000000782e+01
7.233373299999998096e+01
7.240268700000000024e+01
7.403041800000001160e+01
6.883408800000000838e+01
7.592477800000000343e+01
6.887999500000000808e+01
6.864788599999999974e+01
7.072308400000000006e+01
7.136452900000000454e+01
6.999873099999999226e+01
6.999873099999999226e+01
7.281959100000000262e+01
7.057195699999999761e+01
7.375082799999999850e+01
7.567840200000000550e+01
7.228238300000001004e+01
7.260695600000001093e+01
7.083015400000000739e+01
7.245227399999997431e+01
7.035145599999999888e+01
7.035145599999999888e+01
7.094052499999999384e+01
6.980871999999999389e+01
6.980871999999999389e+01
7.332583999999999946e+01
7.592476200000000119e+01
7.264688100000000759e+01
7.208677699999998367e+01
7.362448899999998275e+01
7.549294300000001101e+01
7.274583100000000968e+01
7.069575499999997703e+01
7.518180100000000721e+01
6.930170600000001002e+01
6.821690900000000113e+01
6.942620900000000006e+01
7.281820700000000102e+01
7.347686400000000617e+01
6.963200799999999902e+01
7.213946500000000128e+01
7.174306100000002573e+01
7.174306100000002573e+01
7.224427000000000021e+01
7.098966899999999214e+01
7.268427599999998279e+01
7.033844700000000216e+01
6.857053200000000004e+01
6.894408900000001950e+01
7.092631500000000244e+01
7.146006400000000269e+01
7.176983599999999797e+01
7.376775000000000659e+01
7.208615499999997667e+01
7.428536599999998202e+01
7.486191499999998200e+01
7.389384799999997711e+01
7.060847899999997423e+01
7.082863600000000304e+01
7.148183099999999968e+01
7.069421800000000644e+01
7.389865100000000098e+01
7.235424799999999834e+01
7.289931899999997711e+01
7.179569599999997820e+01
7.040057600000000093e+01
7.040057600000000093e+01
7.209934599999998284e+01
7.209934599999998284e+01
7.574952999999999292e+01
7.072272199999999032e+01
6.971069900000001951e+01
7.233386200000001054e+01
7.233386200000001054e+01
7.175109799999999893e+01
7.113279299999997818e+01
7.294789099999999848e+01
7.028581599999999696e+01
7.186205699999999297e+01
7.387082999999998378e+01
7.387082999999998378e+01
7.562602199999999186e+01
7.339062100000001010e+01
7.339062100000001010e+01
7.179102700000001391e+01
7.041865200000000868e+01
7.227065300000001002e+01
7.492963399999999297e+01
7.472217599999997617e+01
7.241591999999999985e+01
6.942439300000000912e+01
6.838231000000000392e+01
7.471330299999998203e+01
7.455834200000001033e+01
7.258403799999997830e+01
7.303263400000000161e+01
7.310658999999998287e+01
7.420122899999998367e+01
7.394278700000000981e+01
6.923468800000001977e+01
7.113614699999999402e+01
7.431391100000000449e+01
7.057990300000000161e+01
7.336543700000000001e+01
7.310200100000000134e+01
7.310200100000000134e+01
7.044660199999999861e+01
7.497885100000000591e+01
7.497885100000000591e+01
6.822426800000000924e+01
7.095788899999999444e+01
6.837121600000000399e+01
7.103777700000001971e+01
7.590605200000000252e+01
6.931184199999999862e+01
6.931184199999999862e+01
7.377499000000000251e+01
7.509516899999999850e+01
7.268542099999997674e+01
7.164913100000001123e+01
7.025374599999999248e+01
7.230777799999999900e+01
7.186343000000000814e+01
7.119902100000000189e+01
7.348850999999999090e+01
7.175156400000000190e+01
6.823806700000000092e+01
6.954443700000000206e+01
7.267077299999998274e+01
7.317067299999999364e+01
7.048371499999997525e+01
7.053993199999999320e+01
7.053993199999999320e+01
6.838704500000000053e+01
7.265192799999999806e+01
7.419756999999999891e+01
7.375490899999998362e+01
7.496254799999999818e+01
7.245486899999998798e+01
7.006001899999999694e+01
7.078102100000000974e+01
7.140387799999997753e+01
7.595437300000000391e+01
7.136412400000000389e+01
7.007443200000000161e+01
7.465753999999998314e+01
7.556563500000000033e+01
7.091810600000000875e+01
7.196602199999999527e+01
7.321159299999999348e+01
7.109991800000000239e+01
7.515991199999997718e+01
7.035865400000000136e+01
7.035865400000000136e+01
7.064675099999999475e+01
6.995502100000000212e+01
7.060731899999997552e+01
7.456247700000000123e+01
7.113933600000000013e+01
7.113933600000000013e+01
7.113933600000000013e+01
7.076653299999999547e+01
7.248213200000000711e+01
6.941037099999999782e+01
6.993161399999999617e+01
7.014321499999999787e+01
7.196539300000000594e+01
7.086064899999999511e+01
7.171018599999999310e+01
7.589536699999999314e+01
7.245503599999999267e+01
7.217926099999998257e+01
7.217926099999998257e+01
7.252212900000000673e+01
7.279952700000001187e+01
6.902857600000000105e+01
7.463889000000000351e+01
6.601230499999999779e+01
6.955976700000000790e+01
6.850419800000000237e+01
7.164381099999999947e+01
7.194877600000000939e+01
6.943249099999999885e+01
6.851461199999999963e+01
7.527412100000000805e+01
6.977708799999999201e+01
6.814797400000000493e+01
7.223860500000000684e+01
7.314969599999999161e+01
7.390931700000000149e+01
7.390931700000000149e+01
7.207607999999997617e+01
6.915529999999999688e+01
7.057160500000001946e+01
7.283374799999999993e+01
7.055057899999999904e+01
7.090114599999999712e+01
7.361616599999997845e+01
7.258649900000000343e+01
7.352234300000000644e+01
6.986822899999999947e+01
7.165158399999999972e+01
7.521817799999999465e+01
7.343513899999997818e+01
7.238603200000000015e+01
7.418712700000000382e+01
7.178434399999999016e+01
7.332290600000000325e+01
7.332290600000000325e+01
7.404313700000000154e+01
7.404313700000000154e+01
7.298358899999998073e+01
7.194653700000000640e+01
6.885949899999999957e+01
7.289534399999998016e+01
7.001490799999999126e+01
7.311599300000000312e+01
7.018096899999999039e+01
7.167466699999999946e+01
7.273172299999997392e+01
7.267639100000000951e+01
7.180289400000000910e+01
6.974696299999999383e+01
7.098788799999999810e+01
7.199065400000000636e+01
7.237334500000000048e+01
7.157204499999998859e+01
7.404894299999999419e+01
6.876462399999999775e+01
7.254349099999997463e+01
6.972045700000001034e+01
7.274689800000000162e+01
7.284606899999999996e+01
7.069186399999999537e+01
7.069186399999999537e+01
7.154809600000000103e+01
7.294149399999999162e+01
7.037157799999999952e+01
7.072769500000002552e+01
6.724010499999999979e+01
7.494599199999997552e+01
7.140683299999999178e+01
7.140683299999999178e+01
6.821399999999999864e+01
7.545992699999999331e+01
6.852498199999999429e+01
6.852498199999999429e+01
7.474308800000000019e+01
7.175689699999999505e+01
6.963133499999999287e+01
7.196950600000000975e+01
7.460913400000001161e+01
7.177026800000000151e+01
7.288874799999997833e+01
7.499364500000000078e+01
6.900802600000000098e+01
7.206261499999999387e+01
7.334936500000000592e+01
6.953972600000000170e+01
7.181008500000000083e+01
7.079464300000000776e+01
6.956268899999999178e+01
6.948440200000000289e+01
7.037086899999999901e+01
6.750146300000000110e+01
7.518188899999999819e+01
7.100159099999997636e+01
7.208393799999997498e+01
7.121883800000001941e+01
7.205220800000000736e+01
6.837478899999999271e+01
6.718818600000000174e+01
7.012804100000001029e+01
7.129046600000000922e+01
7.157909000000000788e+01
7.128662099999999668e+01
7.164639999999999986e+01
6.883139399999998886e+01
7.395169500000000085e+01
7.395169500000000085e+01
7.315781799999997759e+01
7.310469000000000506e+01
7.103396899999999903e+01
7.103396899999999903e+01
7.103396899999999903e+01
7.189463100000000395e+01
7.055927299999997615e+01
7.119674300000001210e+01
7.394503800000001092e+01
6.893087199999999370e+01
7.121320300000000714e+01
7.205947100000000205e+01
7.165705099999999561e+01
7.142421400000000631e+01
6.865897999999999968e+01
7.445398399999997707e+01
7.239253599999999267e+01
7.061536799999997527e+01
7.323733899999997732e+01
7.481082899999999825e+01
7.094543000000000177e+01
6.860342199999999480e+01
6.860342199999999480e+01
7.336276699999997675e+01
7.390960300000000416e+01
7.390960300000000416e+01
7.402107599999999366e+01
7.006908400000000370e+01
7.288674499999997636e+01
7.117608200000000807e+01
7.292810000000000059e+01
6.903930499999999881e+01
7.476571300000000520e+01
7.213074499999997613e+01
7.465276699999998300e+01
7.165628000000000952e+01
7.182820799999998940e+01
7.101863900000000740e+01
7.101863900000000740e+01
7.101863900000000740e+01
6.954108000000000800e+01
7.162612500000000182e+01
7.339587699999999870e+01
7.016149899999999207e+01
7.399391199999998037e+01
7.145813699999999358e+01
7.145813699999999358e+01
7.187088700000001040e+01
7.069587699999999586e+01
6.957452700000000334e+01
7.338532599999997785e+01
7.504835500000000081e+01
6.862440899999999999e+01
7.032886899999999741e+01
7.425098800000000665e+01
7.204680999999999358e+01
7.039114000000000715e+01
7.257080799999999954e+01
7.278560300000000893e+01
6.833249999999999602e+01
6.833249999999999602e+01
7.182278399999999863e+01
7.143883100000000752e+01
7.122121800000000746e+01
7.102526399999997864e+01
7.075321600000000899e+01
7.200884599999999125e+01
6.850499500000000808e+01
7.378919600000000401e+01
7.263745800000000941e+01
7.263745800000000941e+01
7.023293000000001030e+01
7.172255300000000489e+01
7.172255300000000489e+01
7.230784900000000448e+01
7.181470099999999945e+01
7.493619099999999378e+01
6.926634599999999864e+01
6.806359300000001156e+01
7.176086000000000809e+01
7.176086000000000809e+01
7.162852799999997444e+01
7.282548900000000458e+01
7.034530600000000788e+01
7.031028799999999990e+01
6.693457200000000284e+01
7.108147900000000163e+01
7.094443100000000868e+01
7.447570000000000334e+01
6.734707000000000221e+01
7.300179300000000637e+01
7.030915500000000407e+01
7.441195299999998269e+01
7.182705300000000648e+01
7.182705300000000648e+01
6.910513500000000420e+01
7.037785299999998756e+01
7.329093900000000872e+01
6.980088100000000395e+01
6.993866299999999114e+01
6.993866299999999114e+01
7.438835499999997580e+01
7.039673600000000420e+01
7.046608700000000169e+01
7.332977999999999952e+01
6.845164100000000929e+01
7.048135400000001027e+01
7.048135400000001027e+01
7.411489900000000830e+01
7.005097200000000157e+01
7.239532900000000382e+01
7.239331099999998287e+01
7.044203600000000165e+01
6.971915799999999308e+01
6.971915799999999308e+01
7.062236800000000869e+01
7.206828300000000809e+01
7.134535299999997449e+01
7.174091300000000615e+01
7.412407699999999977e+01
7.258353400000000022e+01
7.015854600000000119e+01
7.353976500000000271e+01
7.364134599999999864e+01
6.826478199999999674e+01
6.791465900000000033e+01
7.263273599999999419e+01
7.474957299999999805e+01
7.474957299999999805e+01
7.320196199999998043e+01
7.051939099999999883e+01
7.272990799999998046e+01
7.154867199999999627e+01
7.104137800000000880e+01
7.225255200000000855e+01
7.024340500000000986e+01
6.979448299999999961e+01
7.409309700000000021e+01
7.345505899999999144e+01
6.981706599999999696e+01
7.219362699999997801e+01
7.219362699999997801e+01
7.072227499999999623e+01
7.202352500000000646e+01
7.202352500000000646e+01
7.102808799999999678e+01
7.270038199999999051e+01
7.321031999999998163e+01
7.209376199999999812e+01
6.950633600000000456e+01
7.054836299999999483e+01
6.903917900000000429e+01
7.013170600000000832e+01
7.059257800000000316e+01
7.359856400000001031e+01
7.039767499999997824e+01
7.144851299999997707e+01
7.391316899999998213e+01
7.133248900000000958e+01
7.314706799999997600e+01
7.374444199999997807e+01
7.358812000000000353e+01
7.150140799999999786e+01
6.892047300000000121e+01
7.144084499999999593e+01
7.144084499999999593e+01
7.262568699999999922e+01
7.378137999999999863e+01
6.937721999999999412e+01
7.394770499999999913e+01
7.311699699999998359e+01
7.204754599999999698e+01
7.150984199999997770e+01
7.224780699999998035e+01
7.145599799999999391e+01
6.883946199999999749e+01
7.352313599999999383e+01
7.138515500000001168e+01
7.215737599999999929e+01
6.913781000000000176e+01
7.430521299999998064e+01
7.271085399999998344e+01
7.358116899999997429e+01
7.358116899999997429e+01
7.119110100000000330e+01
7.069569799999999304e+01
7.385359500000001276e+01
7.131317899999997678e+01
7.164425599999999861e+01
7.174451399999999524e+01
7.231822199999997736e+01
7.107411600000000362e+01
7.012162399999999707e+01
7.179894200000001092e+01
7.206253499999998269e+01
7.206253499999998269e+01
7.041376499999999794e+01
6.991990300000001923e+01
6.991990300000001923e+01
6.856767299999999921e+01
6.856767299999999921e+01
6.891482299999999839e+01
6.648203100000000632e+01
7.122351899999999603e+01
6.974220199999999181e+01
6.994651800000001174e+01
7.150988000000000966e+01
7.196460400000000845e+01
7.196460400000000845e+01
7.073408200000000079e+01
7.337662199999998336e+01
7.337662199999998336e+01
6.940252699999999209e+01
7.209136599999999362e+01
7.327902600000000177e+01
7.257284500000000094e+01
7.223569399999998097e+01
7.263996099999999956e+01
7.318758400000000108e+01
6.875528299999999149e+01
7.266886900000000082e+01
7.284234299999999962e+01
7.155233400000000188e+01
7.243678199999999379e+01
7.070314000000000476e+01
6.978703699999999799e+01
6.893869200000000319e+01
6.893869200000000319e+01
7.352970899999998267e+01
6.814954200000001094e+01
7.253719300000000203e+01
6.944225000000000136e+01
7.292278999999997779e+01
7.262202800000000025e+01
7.333992800000000045e+01
7.115116499999997757e+01
7.095221300000000042e+01
7.124933199999999545e+01
6.727825599999999895e+01
7.371318399999999826e+01
7.371318399999999826e+01
7.370672999999999320e+01
7.179520800000000236e+01
7.399195800000001100e+01
6.831810200000001032e+01
7.069163100000000099e+01
7.373624499999998250e+01
7.104557800000000611e+01
7.195085900000000834e+01
7.134445500000001061e+01
7.094434000000002527e+01
7.094434000000002527e+01
7.067387800000000198e+01
7.067387800000000198e+01
7.258159599999997624e+01
7.170707699999999818e+01
6.925561899999999582e+01
6.990646399999999971e+01
7.163528399999999863e+01
7.356420199999999454e+01
7.014828900000001966e+01
7.326594600000001378e+01
7.104592199999999025e+01
7.330110099999997431e+01
7.330110099999997431e+01
7.330110099999997431e+01
6.891611600000000237e+01
7.002016100000000165e+01
7.032806700000000433e+01
6.799550600000000600e+01
7.140329399999998827e+01
7.144977199999999584e+01
7.368827399999999272e+01
6.564621199999999135e+01
7.220159499999998332e+01
6.930531300000001238e+01
7.144005600000001266e+01
6.932699600000000828e+01
7.274864900000000034e+01
7.274864900000000034e+01
6.928683100000000650e+01
7.049754399999999066e+01
7.160803200000000857e+01
7.091381499999999960e+01
7.167582400000000575e+01
7.333520099999998365e+01
7.038880600000000243e+01
7.176657800000000975e+01
7.218273500000000809e+01
7.025903000000000986e+01
7.104825600000000918e+01
7.104825600000000918e+01
7.122035999999999945e+01
7.171838400000000036e+01
7.165297699999997860e+01
6.795321400000000267e+01
6.795321400000000267e+01
6.795321400000000267e+01
6.819513700000000256e+01
7.235244000000000142e+01
7.125777800000000184e+01
7.278211999999997772e+01
6.990998399999999435e+01
7.310418699999998182e+01
7.025094599999999900e+01
6.841327800000001957e+01
6.891077800000000764e+01
7.255760899999999936e+01
6.701089899999999489e+01
7.138218399999999519e+01
7.138218399999999519e+01
7.138218399999999519e+01
6.887982900000000086e+01
6.887982900000000086e+01
7.187078100000000802e+01
7.187078100000000802e+01
6.921161999999999637e+01
7.236046600000000240e+01
7.368586399999998093e+01
7.316420400000001223e+01
7.158013900000000262e+01
7.158013900000000262e+01
7.025825499999999124e+01
7.025825499999999124e+01
7.313553999999997757e+01
6.841232899999999972e+01
7.104995699999999204e+01
7.191609600000001024e+01
7.015548400000000129e+01
7.110591499999999598e+01
7.165947800000000711e+01
6.974031899999999951e+01
6.738350299999999038e+01
7.299575400000000514e+01
7.299575400000000514e+01
7.149299999999999500e+01
7.282101400000000524e+01
7.151373999999999853e+01
7.183703599999999767e+01
7.286643599999999310e+01
6.937036900000001083e+01
7.109069399999999916e+01
7.361394500000000107e+01
7.361394500000000107e+01
6.993803800000000592e+01
7.118980400000000941e+01
7.339183400000000290e+01
7.171856999999999971e+01
7.069416100000000824e+01
6.965604700000000093e+01
7.209350899999998319e+01
7.196710600000000113e+01
7.082101800000000935e+01
6.918844200000000910e+01
6.918844200000000910e+01
6.777048800000000028e+01
7.211846199999999385e+01
6.990523500000000467e+01
7.081835600000000852e+01
7.024914899999998852e+01
7.042330100000000925e+01
7.073201000000000249e+01
6.880759499999999207e+01
6.947326300000000288e+01
6.947326300000000288e+01
6.947326300000000288e+01
6.811069599999999014e+01
6.779995500000001130e+01
6.955183499999999697e+01
7.053894100000000833e+01
7.119868499999999756e+01
7.163621100000000297e+01
7.272240400000001159e+01
6.956284000000000844e+01
6.956284000000000844e+01
6.544286499999999762e+01
7.212403899999998202e+01
7.212403899999998202e+01
7.075201100000001020e+01
7.075201100000001020e+01
7.260194699999998136e+01
7.231952300000000378e+01
7.254778299999998126e+01
7.247402900000000159e+01
7.129016800000000842e+01
7.129016800000000842e+01
7.113886600000000726e+01
7.113886600000000726e+01
7.204839699999999425e+01
7.077679100000000290e+01
7.077679100000000290e+01
7.267690999999997814e+01
7.174913000000000807e+01
7.067884800000000212e+01
7.123780099999997617e+01
7.123780099999997617e+01
7.311346499999997661e+01
7.311346499999997661e+01
7.236164099999997745e+01
7.167591800000001001e+01
7.108416400000000124e+01
7.199741299999999455e+01
6.950374300000000005e+01
7.101492300000001023e+01
7.184384200000000931e+01
7.204600500000000807e+01
6.861404799999999682e+01
7.027651999999999077e+01
7.267658600000000035e+01
7.185496899999999698e+01
7.085932999999999993e+01
6.957410799999999540e+01
6.988212200000000962e+01
6.988212200000000962e+01
7.011868299999999010e+01
7.106181300000000078e+01
7.068209899999999379e+01
7.068209899999999379e+01
7.030682699999999841e+01
7.022728700000000401e+01
6.908134499999999889e+01
6.908134499999999889e+01
6.912084200000001033e+01
6.877423799999999687e+01
7.002450899999999478e+01
7.084089600000000075e+01
7.030310800000000881e+01
7.030310800000000881e+01
7.136984999999999957e+01
7.300433699999997827e+01
7.159238099999997473e+01
7.056994600000000162e+01
6.977926999999999680e+01
7.143098000000001946e+01
7.071091100000001006e+01
6.980751800000000173e+01
7.050688999999999851e+01
7.231460600000001193e+01
6.872475099999999770e+01
7.171462600000000975e+01
6.906190899999999999e+01
6.867590000000001282e+01
6.802166599999999619e+01
7.050274699999999939e+01
7.220269400000000815e+01
7.220269400000000815e+01
7.093227699999999913e+01
7.263215699999999231e+01
6.995021800000000667e+01
6.995021800000000667e+01
7.126549099999999726e+01
7.168249899999999286e+01
7.083345800000000736e+01
7.214241799999997795e+01
7.074284300000000769e+01
7.261242699999998251e+01
7.261242699999998251e+01
6.804452899999999715e+01
6.983856999999999005e+01
6.983856999999999005e+01
7.187010899999999936e+01
7.125653400000000204e+01
6.966073599999999999e+01
7.089525600000000338e+01
7.027803799999999512e+01
7.203230600000001971e+01
7.205267299999999864e+01
6.897629499999999325e+01
6.897629499999999325e+01
6.811167799999999772e+01
6.811167799999999772e+01
6.862020899999998846e+01
6.845948100000001091e+01
6.697887599999999964e+01
7.282326100000000224e+01
7.282326100000000224e+01
7.248484799999999950e+01
7.231184400000000778e+01
6.766488800000000481e+01
6.720168400000000020e+01
7.258563599999999383e+01
7.104233199999998760e+01
6.971271100000001297e+01
6.987822700000000964e+01
7.123210900000000834e+01
7.027976600000000929e+01
7.119268100000000743e+01
7.209469200000000910e+01
6.927902600000000177e+01
7.112894399999998996e+01
7.064678200000000174e+01
7.230309299999997563e+01
7.145881999999998868e+01
6.994277199999999084e+01
7.030643899999999746e+01
7.066637399999997626e+01
6.741122000000000014e+01
7.237733499999998799e+01
7.061558499999999583e+01
7.036680200000000696e+01
7.036680200000000696e+01
7.004589899999999147e+01
7.004589899999999147e+01
7.022005799999999454e+01
7.019042999999999211e+01
7.112075799999999504e+01
7.112075799999999504e+01
6.983090899999999124e+01
7.147156200000000581e+01
6.856325200000001985e+01
7.195287700000000086e+01
7.150119399999999814e+01
7.172974800000000073e+01
7.239091899999998247e+01
7.185992500000000405e+01
6.778689599999999871e+01
7.081530800000000170e+01
7.000714099999999007e+01
7.086350600000000099e+01
7.086350600000000099e+01
7.086350600000000099e+01
7.086350600000000099e+01
6.866151400000001104e+01
6.884709100000000603e+01
7.203250899999999035e+01
7.002873199999999088e+01
7.053235699999997621e+01
6.809785399999999811e+01
7.102682500000000232e+01
7.094806599999999719e+01
6.846495099999999923e+01
6.897849699999999018e+01
7.082120499999997776e+01
7.165680699999998637e+01
6.948132700000000739e+01
7.218799999999997397e+01
6.910630799999999851e+01
6.959678999999999860e+01
6.959678999999999860e+01
7.149502599999999575e+01
7.227257500000000334e+01
7.219700999999999169e+01
7.190063499999999408e+01
7.027863999999999578e+01
7.115750499999998624e+01
7.172763100000000236e+01
6.874645200000001921e+01
7.152512699999999768e+01
6.835079899999999498e+01
6.984459300000000326e+01
7.072605500000000234e+01
7.144494300000000919e+01
6.881812200000000246e+01
6.704263900000000831e+01
6.959378100000000700e+01
6.608736800000001210e+01
7.055124599999999191e+01
6.979246899999999698e+01
6.976236000000000104e+01
7.119456800000000385e+01
6.700474599999999725e+01
7.067755900000000224e+01
7.183295100000000843e+01
6.675507299999999589e+01
6.799011400000001970e+01
6.829301800000000355e+01
6.798511500000000751e+01
6.798511500000000751e+01
6.998870800000000258e+01
6.788122800000000723e+01
7.149295800000000156e+01
7.149295800000000156e+01
7.149295800000000156e+01
7.158783000000001095e+01
7.119128000000000611e+01
6.926690299999999922e+01
7.175207900000000905e+01
7.068452800000000025e+01
6.756121899999999414e+01
6.868733599999998773e+01
7.163771099999999592e+01
7.019961200000000190e+01
6.868807599999999525e+01
6.967033299999999940e+01
7.097513899999999865e+01
6.951060100000000830e+01
7.079483400000000870e+01
6.955809800000000109e+01
6.955809800000000109e+01
6.970546400000000631e+01
6.876526199999999278e+01
6.876526199999999278e+01
7.041645499999999913e+01
7.063928599999999847e+01
7.146790000000000020e+01
7.020023000000000479e+01
7.146577899999999772e+01
6.875847200000001180e+01
6.916113699999999653e+01
6.912207000000000789e+01
7.154346499999999764e+01
6.842247799999999813e+01
6.947940799999999228e+01
6.860309200000000374e+01
7.001242400000000998e+01
6.859785800000000222e+01
7.104392999999997471e+01
6.896046400000000176e+01
7.160372599999999466e+01
6.996690000000000964e+01
6.738339799999999968e+01
7.035535799999999540e+01
7.195484099999998762e+01
6.858771199999999624e+01
6.858771199999999624e+01
6.858771199999999624e+01
7.078735799999999756e+01
7.144043700000000285e+01
7.061298700000000395e+01
7.002828600000000847e+01
7.169410699999998826e+01
7.169410699999998826e+01
7.085371399999999653e+01
6.847819900000000359e+01
7.012577500000000441e+01
6.942431299999999794e+01
6.942431299999999794e+01
6.986399099999999862e+01
7.048693499999997414e+01
6.672973299999999597e+01
6.823533199999999965e+01
6.787477700000000880e+01
7.051173399999998992e+01
6.832534000000001129e+01
6.997182799999998792e+01
6.668878300000000081e+01
6.813302300000000855e+01
6.813302300000000855e+01
6.813302300000000855e+01
6.912801800000001151e+01
7.110391599999999812e+01
6.983249299999999948e+01
6.740696499999999958e+01
7.095191199999999299e+01
6.920458999999999605e+01
7.010170699999999044e+01
7.013960600000000056e+01
7.052481399999997791e+01
7.094900099999999554e+01
7.106600900000000820e+01
7.087819300000001022e+01
6.848131899999999916e+01
6.959033600000000774e+01
6.831335400000000391e+01
6.597746599999999262e+01
6.967988199999999210e+01
7.135473999999997829e+01
6.888533100000000786e+01
6.979705099999999618e+01
7.013108800000001963e+01
6.950279199999999946e+01
7.057168599999999969e+01
7.086475799999999481e+01
7.086475799999999481e+01
6.957306299999999055e+01
6.957623699999999189e+01
7.128974499999999637e+01
7.107976999999999634e+01
6.766861199999999599e+01
7.134690100000000257e+01
7.028660199999998781e+01
6.880359200000000897e+01
6.688098300000000052e+01
6.672062300000000334e+01
6.672062300000000334e+01
7.139950500000000488e+01
7.073159799999997688e+01
6.706285799999999142e+01
7.055371099999997853e+01
6.950201100000001020e+01
6.916385700000000725e+01
6.916385700000000725e+01
7.014544699999999011e+01
7.011425799999999242e+01
7.096254799999999818e+01
7.054169100000000014e+01
7.054169100000000014e+01
7.130611800000001210e+01
6.951833700000000249e+01
6.951833700000000249e+01
7.070693599999999890e+01
7.043238400000001320e+01
6.935211200000001952e+01
7.057570200000000682e+01
6.907888100000000975e+01
6.907888100000000975e+01
6.978886399999998957e+01
7.017660500000000923e+01
7.061970199999997533e+01
7.024879099999999710e+01
6.868404400000000010e+01
7.044105899999999565e+01
7.101809000000000083e+01
7.101914999999999623e+01
6.720682800000000157e+01
6.815084099999999978e+01
6.815084099999999978e+01
7.044267299999999921e+01
7.113294599999998979e+01
7.063657399999999598e+01
6.915602900000000375e+01
6.912033800000000383e+01
7.075539000000001977e+01
7.075539000000001977e+01
6.958678399999999442e+01
7.061362800000001982e+01
7.061362800000001982e+01
6.991971900000000062e+01
7.006163399999999797e+01
6.774782600000000343e+01
6.897005099999999800e+01
6.671438299999999799e+01
6.671438299999999799e+01
6.971721300000000099e+01
6.957264700000000346e+01
6.727154200000001083e+01
6.836542900000000600e+01
6.836542900000000600e+01
6.743094999999999573e+01
6.926169899999999302e+01
6.876726899999999887e+01
6.960906199999999444e+01
6.936228499999999997e+01
6.902780899999999065e+01
6.852367399999999975e+01
6.859648200000000884e+01
7.047845799999998917e+01
6.796806300000000078e+01
6.883235500000000684e+01
7.032603100000000040e+01
6.723771100000000445e+01
6.964155200000000434e+01
6.964155200000000434e+01
6.955277300000000196e+01
7.026837900000001014e+01
6.825867500000001087e+01
6.950719399999999837e+01
6.820544100000000753e+01
6.943386100000000738e+01
6.821213499999998930e+01
6.846180400000000077e+01
6.846180400000000077e+01
6.846180400000000077e+01
6.940143600000000390e+01
6.927771700000000976e+01
6.902361700000000155e+01
6.959134600000000148e+01
6.763727599999999995e+01
6.763727599999999995e+01
7.051499200000000656e+01
7.051499200000000656e+01
6.951099800000000073e+01
6.757877700000000232e+01
6.757877700000000232e+01
7.056090999999999269e+01
7.056090999999999269e+01
7.056445399999999779e+01
7.056445399999999779e+01
6.939685499999998797e+01
6.984090799999999888e+01
6.954927499999999441e+01
7.026304300000001035e+01
6.995960600000000795e+01
7.017772300000000030e+01
6.986177399999999693e+01
6.852064799999999423e+01
6.852064799999999423e+01
6.881806899999999416e+01
7.009617199999999571e+01
6.705078399999999306e+01
6.694101500000000726e+01
6.725138799999999151e+01
6.816318199999999194e+01
6.851959599999999284e+01
6.818740400000000079e+01
6.893467700000000775e+01
6.889566800000000057e+01
6.889566800000000057e+01
6.668599499999999125e+01
6.943030100000000004e+01
6.980116200000001925e+01
6.980116200000001925e+01
6.999311800000000972e+01
6.981671500000000208e+01
6.981671500000000208e+01
6.875855200000000877e+01
6.708302299999999718e+01
6.808499499999999216e+01
6.719429000000000940e+01
6.819874899999999229e+01
6.866031999999999869e+01
6.960971399999999676e+01
6.863104200000000787e+01
6.708485000000000298e+01
6.923527899999999136e+01
6.923527899999999136e+01
6.828507600000000366e+01
6.917142899999998917e+01
6.862088399999998956e+01
6.945175900000000979e+01
6.765721500000000788e+01
6.740040600000000381e+01
6.740040600000000381e+01
6.955096100000000092e+01
6.769780300000000750e+01
6.880534000000000106e+01
6.813416300000000092e+01
6.574576899999999569e+01
6.744721999999998729e+01
6.868808799999999337e+01
6.769356899999999655e+01
6.769356899999999655e+01
6.769356899999999655e+01
6.814915799999999990e+01
6.925693900000000269e+01
6.919526700000000119e+01
6.750899499999999875e+01
6.665046999999999855e+01
6.636662400000000162e+01
6.784741199999999139e+01
6.822407100000000924e+01
6.822481999999999402e+01
6.751727700000000709e+01
6.849330499999999233e+01
6.855326800000000276e+01
6.728155500000001155e+01
6.728155500000001155e+01
6.728155500000001155e+01
6.785492299999999943e+01
6.831725300000000800e+01
6.698866200000001925e+01
6.848088899999999057e+01
6.797888199999999870e+01
6.713880600000000243e+01
6.821355499999999950e+01
6.779389499999999202e+01
6.744958100000000911e+01
6.798245300000000668e+01
6.751678100000000882e+01
6.748794599999999377e+01
6.618311700000000997e+01
6.618311700000000997e+01
6.712046399999999835e+01
6.693466900000001374e+01
6.612397400000000403e+01
6.615135599999999272e+01
