tilt_1
1.321300873556014110e+00
1.637232215276759106e+00
1.431604248748338470e+00
9.027320891481219745e-01
9.594132696625849999e-01
1.634637744799392500e+00
1.336679073580990362e+00
1.229501263828778779e+00
1.850311733832892491e+00
1.448844421284027240e+00
1.429783415493620646e+00
1.971749832629023258e+00
1.199517001520649551e+00
9.693845777090316362e-01
2.613521879025860750e-01
1.917080370269813150e+00
1.075005822097790720e+00
1.440460822679716646e+00
1.449995539082467699e+00
1.449995539082467699e+00
1.091897921971774821e+00
1.298470025832809904e+00
1.938610033544772016e+00
1.499541413466883633e+00
1.151187745250208838e+00
1.418670275340282005e+00
1.621714316938504430e+00
1.291829456648603935e+00
1.338909500570647060e+00
1.429255857120564244e+00
1.574296000413953234e+00
1.236456057881706760e+00
1.618454061773961117e+00
2.063292213753793014e+00
1.432207037779674064e+00
1.819913559979440487e+00
1.395490190040245437e+00
1.552550392082556741e+00
2.357970557306682036e+00
2.357970557306682036e+00
1.187443081188831240e+00
1.522445828816144653e+00
1.670507212447660317e+00
2.284870974335156735e+00
1.229901585957195120e+00
1.702165621791269290e+00
1.017671651307857417e+00
1.359525787488336857e+00
1.739050334246327045e+00
2.576030034453829387e+00
1.412859245084093551e+00
1.235777165527661925e+00
1.235777165527661925e+00
2.035032925213909660e+00
2.035032925213909660e+00
1.539944571283807351e+00
1.357159433801445658e+00
9.368513095990546047e-01
9.378101597301767844e-01
1.531212455708578890e+00
1.364024184233059156e+00
1.637079495462659295e+00
2.178644202584166134e+00
1.260890839289222187e+00
1.760493074948320302e+00
1.916649578224053130e+00
1.501508436591469486e+00
1.961445938687645274e+00
1.785417242668557281e+00
1.611141878872820454e+00
1.862215080783263588e+00
1.399446567084053461e+00
1.261126595928342642e+00
2.491547364821512733e+00
1.800016544832378607e+00
1.078337929718284016e+00
1.005657409942919411e+00
1.688357077626565950e+00
1.540556705697203155e+00
1.724759638294363517e+00
1.957625248461944745e+00
1.203276113159129412e+00
2.278004388361772659e+00
1.726106295311084171e+00
2.026050992358660707e+00
2.218039885960448654e+00
2.406849206486562309e+00
1.985297168382716082e+00
1.647414055514468290e+00
1.744097449111966291e+00
1.572067672604270827e+00
2.251010170249524212e+00
2.110010791410875441e+00
1.712538364371225086e+00
2.178890381288591804e+00
1.665401768748518307e+00
1.651181963890091531e+00
1.405115934806619116e+00
1.304531246049763560e+00
2.063399182083145433e+00
1.836396278070810073e+00
1.815509775407433191e+00
1.985181052853031591e+00
2.095342988009821106e+00
1.453772086060048485e+00
1.453772086060048485e+00
1.281048350795869650e+00
1.817069055022966451e+00
6.689824661467728140e-01
2.609556767913958186e+00
2.349239377352042801e+00
1.285873346737486100e+00
1.285873346737486100e+00
2.205140132424249000e+00
2.389889626391480615e+00
1.737105693353433011e+00
1.552254225078128602e+00
1.668610927837278490e+00
2.290182957260776142e+00
9.496224421808420191e-01
1.389906607482216616e+00
1.617216659050122685e+00
2.261900500110103795e+00
2.504398327484397502e+00
1.677562964727218553e+00
1.658975880065930664e+00
1.685942291178733399e+00
1.915333087816576851e+00
2.071332587548623483e+00
1.903925161243497532e+00
1.972651479957576504e+00
1.919424578632159095e+00
2.203273841649968201e+00
1.632802303703251301e+00
1.481124134241151413e+00
2.190519696296678198e+00
2.063906846177686383e+00
2.063906846177686383e+00
2.132800008064287933e+00
2.132800008064287933e+00
1.726756099658498744e+00
1.029261862487712342e+00
1.633293811948443253e+00
1.633293811948443253e+00
1.715205978518296925e+00
2.003392810363777699e+00
1.673733946381555704e+00
1.402457049001751832e+00
1.533876506640368342e+00
1.785937632430950384e+00
6.859407263376278152e-01
1.250342684703768192e+00
8.638108057288169661e-01
1.713482997097524496e+00
3.849569127945295932e-01
2.124668827523808368e+00
2.071655972971190529e+00
1.487559631393623905e+00
1.852251356680459926e+00
2.542022996848159799e+00
1.518352653527774043e+00
1.258796578802199528e+00
5.462960324621118913e-01
1.108237624573561009e+00
2.002124399222248829e+00
1.608283437511354830e+00
2.347931554520454434e+00
2.164131928592735843e+00
1.001592115550360651e+00
2.285168623790112541e+00
1.675164628530189104e+00
2.163701919752163860e+00
2.326064744682682761e+00
1.848037137252035667e+00
1.690268864412112437e+00
1.434081791695770214e+00
1.970625025457176438e+00
1.560440735494567077e+00
1.182357132787525300e+00
9.850667887195674322e-01
1.483090644267933911e+00
1.826552113772640817e+00
1.757238694568113990e+00
1.437836168479835974e+00
1.051907319715946754e+00
6.003590834512517738e-01
1.578280648664873498e+00
1.392993338833701911e+00
2.087543016004231422e+00
2.016049074135439767e+00
2.099928396716432832e+00
2.099928396716432832e+00
1.023117396861053852e+00
1.189752931043116302e+00
1.189752931043116302e+00
1.608772203867682826e+00
1.672962645789346059e+00
1.458109136073890255e+00
1.560049941546487018e+00
1.536518057406528026e+00
2.134931749670762269e+00
8.499199667982179074e-01
1.385996069301661970e+00
1.540857386679581387e+00
1.635328892663949096e+00
2.102717466032237414e+00
8.911544963492246119e-01
2.390748237006426802e+00
2.915379933573744697e+00
1.941559171562911912e+00
1.555263359151050739e+00
2.412566360455049796e+00
2.289020840243028321e+00
2.019971586871267100e+00
9.133432834017257695e-01
6.861498779950225835e-01
1.803154633188590372e+00
1.533570427547232606e+00
1.562877345209957802e+00
2.565807988000832651e+00
1.356649878514633922e+00
1.715832743375734992e+00
1.260356051854570225e+00
1.514411334657747910e+00
1.433798691587057528e+00
1.852226712263999930e+00
6.321993953562343727e-01
1.961078617001732027e+00
2.197848453522396106e+00
1.640893200183057177e+00
1.265207209812910349e+00
1.265207209812910349e+00
2.268112978163561611e+00
1.865993111621817135e+00
1.237775242679086896e+00
2.119483224390626308e+00
2.285559127732443407e+00
2.670344662955300152e-01
1.887638855457620446e+00
2.322106484798140524e+00
1.469311113668609003e+00
9.778889175129081845e-01
1.605825244940574770e+00
7.076242087532762515e-01
9.424818949479856212e-01
1.462456887905756231e+00
1.504820882255329062e+00
2.113023925023026273e+00
2.117466253957948297e+00
1.495881372218980321e+00
2.411158139069397688e+00
2.411158139069397688e+00
2.411158139069397688e+00
1.157973821920032620e+00
7.114167985452274356e-01
2.474000789449144033e+00
1.726855893770752326e+00
1.219777703004506053e+00
1.642509932879844703e+00
1.610635543431544470e+00
2.703617913456591193e+00
2.221838721880640577e+00
1.916808159729797900e+00
2.088837635153270700e+00
1.917149545304801306e+00
2.110751711173322054e+00
9.514588577554849991e-01
9.854364776527996250e-01
9.854364776527996250e-01
1.707192708400308900e+00
1.580264138210918823e+00
2.860267078767948501e+00
1.835584019741652417e+00
1.827024968549866291e+00
1.759431002258313281e+00
1.759431002258313281e+00
2.545312980485374244e+00
2.029071731964041003e+00
1.622619476640834613e+00
1.537879599027804467e+00
1.134499229468179271e+00
1.773742175897312645e+00
2.235257631910503751e+00
1.641617472054475169e+00
1.712316036901512462e+00
1.214284211977951111e+00
1.568158440258799580e+00
1.230597126392365404e+00
1.230597126392365404e+00
8.849363165794253971e-01
1.410534399290866991e+00
2.868556288373317331e-01
1.782558602661643565e+00
2.255336189553526882e+00
2.433873494188981024e+00
2.032426514669968931e+00
7.829277240118850401e-01
7.696477017489362638e-01
7.874368496791821492e-01
2.001739916103638883e+00
1.643692376353657059e+00
2.115713984883983212e+00
2.476898696153519985e+00
1.560059313261084712e+00
1.560059313261084712e+00
2.583043214387866549e+00
2.022852241172767851e+00
1.622239669087987890e+00
1.779838247670323614e+00
1.654703251692668298e+00
2.509059683340873370e+00
1.843914310207239282e+00
2.136450299607736802e+00
2.136406639444067501e+00
1.402985765929263273e+00
1.281336387486501804e+00
2.100137611031878127e+00
1.477256323990238762e+00
1.625612896228245452e+00
1.073029494388261451e+00
2.197659624078252882e+00
1.789866813336107310e+00
2.498678527168260111e+00
1.698000685832298240e+00
2.165287616090192380e+00
2.036453166647855806e+00
2.062425642451898966e+00
2.364881953277505389e+00
1.469576947685549806e+00
1.627963186179256061e+00
4.155014355411132954e-01
1.457713551314972378e+00
9.263100311266602160e-01
2.589138506264598849e+00
2.742510430886743400e+00
1.466334455915248469e+00
8.774780831226062228e-01
1.838675268342443658e+00
1.210398310080361917e+00
1.079878560667541620e+00
1.079878560667541620e+00
1.917114138042167237e+00
1.104137327468450502e+00
1.621587521813641075e+00
1.621587521813641075e+00
1.621587521813641075e+00
2.591221974646583437e+00
2.011775355597611004e+00
1.903283135934254355e+00
1.356847768107484642e+00
6.622753958804672436e-01
1.673851211947023021e+00
1.770130989666170773e+00
1.651887679972483092e+00
1.651887679972483092e+00
2.142031643436503874e+00
1.798722864682333888e+00
1.798722864682333888e+00
1.798722864682333888e+00
2.047975704928084895e+00
7.955833060274175583e-01
1.832010630081627234e+00
1.507096820621313116e+00
1.561013523924683621e+00
2.207091653273472343e+00
9.450825317500644029e-01
1.947941877651513609e+00
1.644790295847527561e+00
1.521018649384113131e+00
4.562948277771203265e-01
2.123471061168659801e+00
1.986202442388366851e+00
1.749798712709562221e+00
1.773748235129702033e+00
1.751498674583247483e+00
1.846539938260304714e+00
2.695731789891049335e+00
1.554326369531705554e+00
2.536017166081089069e+00
1.875007868652824428e+00
1.770462818110306813e+00
1.245401643948335524e+00
1.357100734586734081e+00
2.389151134440069768e+00
1.514261789553470905e+00
5.582919807177549876e-01
5.582919807177549876e-01
1.534301796269613938e+00
1.811828100191904101e+00
1.472619186905349764e+00
2.130294894885156776e+00
2.130294894885156776e+00
8.980821531081047970e-01
2.449931897350529297e+00
1.302044336509102340e+00
2.153388772774080806e+00
1.676101507769843568e+00
1.408456205875128431e+00
9.189637939580840298e-01
2.971847495456819033e+00
1.376043026535503921e+00
1.852430156317234067e+00
2.323042772694469793e+00
1.349419069855275266e+00
2.119516945461654700e+00
2.175034087035096153e+00
1.501904648214341886e+00
2.769307676373061078e+00
2.102936566531258489e+00
1.095659603300999096e+00
1.680576422045626073e+00
2.220471666420807288e+00
1.618269508702181891e+00
1.666893227223120499e+00
1.407973595232432373e+00
2.071747490641160372e+00
1.789600931786653915e+00
1.782256091480127980e+00
2.037321005453358147e+00
2.238692880332482371e+00
2.384579642304958558e+00
1.513814395717026029e+00
1.467640219232771548e+00
2.662537065072211107e+00
1.277257785905651311e+00
2.271285382454691248e+00
2.057652858575076849e+00
2.160926118747380720e+00
1.208278502071211902e+00
1.284163461801805850e+00
8.333220309263329462e-01
1.357474216981531923e+00
1.761144148592635128e+00
1.761144148592635128e+00
9.958196244652895990e-01
1.573838068252338740e+00
1.234064545340093133e+00
1.038759514810181805e+00
1.038759514810181805e+00
1.655148572045675115e+00
1.478058337940967581e-01
1.974350815180808683e-01
1.160619917706120274e+00
1.260437609977546058e+00
1.260437609977546058e+00
2.010754922431470249e+00
2.010754922431470249e+00
1.721091310172354616e+00
2.148926022498204969e+00
5.915454251091624149e-01
2.650952479005885820e+00
3.553467213176418893e-01
1.754403825487992341e+00
9.238484733858172149e-01
1.700621249520972489e+00
2.484675958720102606e+00
2.156106561481276884e+00
5.887940554989969932e-01
7.954915311358490282e-01
1.794102527155829963e+00
1.874879744591823494e+00
9.321606950395058266e-01
1.346270165309940703e+00
1.353480900198049897e+00
1.353480900198049897e+00
2.702748537522631445e+00
1.706196397608428894e+00
1.800176269276144492e+00
1.800176269276144492e+00
2.275363272874595832e+00
2.275363272874595832e+00
1.776360761246834841e+00
2.089302839539724843e+00
2.089302839539724843e+00
1.872805176151361550e+00
2.042865695047270780e+00
1.235070564878953503e+00
8.868707831151519949e-01
2.268781554116630073e+00
2.268781554116630073e+00
1.945480739825814487e+00
2.160582692462062582e+00
2.007173163627788526e+00
1.242774753503240071e+00
1.242774753503240071e+00
1.468264504374169110e+00
2.130439763204975190e+00
2.027100810756046201e+00
1.318717764152368188e+00
2.238170579034560070e+00
6.445768814481031006e-01
2.039971512856552316e+00
1.568883290403097597e+00
1.502628755019989715e+00
1.555543616294561504e+00
1.429362237237537414e+00
2.259471907166846538e+00
2.390782493747465320e+00
1.451340092679199500e+00
1.738482922280698784e+00
2.839320665808520161e+00
4.408454902541443787e-01
3.024939113059588180e-01
1.644371565224759912e+00
6.530672709579721236e-01
1.203991354359886357e+00
2.624612896462449108e+00
1.734203448545107662e+00
1.769487662961260144e+00
1.137622921374566332e+00
1.896826039705320710e+00
2.392744607936543866e-01
2.745887351837450030e+00
1.672236058663949310e+00
2.127973034181160017e+00
1.382950080749750343e+00
2.317866973035034750e+00
2.317866973035034750e+00
1.300759287712216716e+00
2.207887944596514274e+00
2.313040328826351022e+00
1.649679995243116259e+00
1.727491110218294823e+00
1.293947546555815897e+00
1.878621097031375253e+00
1.316560538112402368e+00
2.935939861677467899e+00
2.935939861677467899e+00
1.527649534510963747e+00
2.947919666467394340e+00
2.947919666467394340e+00
8.875035664396350166e-01
8.794943302402473684e-01
8.519486356969550034e-01
1.530908119438750825e+00
2.309948596562528600e+00
6.429040388196790579e-01
2.012302037828963996e+00
1.723851541763159023e+00
1.767826421394884884e+00
1.680539099698960648e+00
1.996288171365882880e+00
2.203524814059472092e+00
1.328471048183401448e+00
1.347939865410529015e+00
2.278367179379816587e+00
1.684567090030831604e+00
1.728828909087477994e+00
1.728828909087477994e+00
1.959076343721152025e+00
1.749637139261384089e+00
1.402742463051109167e+00
1.808668548437950330e+00
1.763591512597458610e+00
2.046340063069326920e+00
1.971750320279811897e+00
1.699019230550202098e+00
3.480855122381976141e-01
1.098440058058357982e+00
2.088749467440920160e+00
1.481670129290068694e+00
1.568476922365678039e+00
5.733753818757760801e-01
1.750829819324378089e+00
1.729635074218969004e+00
1.521503322275097103e+00
2.710609881654682862e+00
1.706585954350202661e+00
2.902439518625332227e+00
1.450768980218161586e+00
4.083635490625593389e-01
2.775152674333323244e+00
2.775152674333323244e+00
1.247138320409323597e+00
1.247138320409323597e+00
5.378409341727151682e-01
1.814385644049337110e+00
2.471618449986495492e+00
1.638467898295725478e+00
1.638467898295725478e+00
1.531928141619113060e+00
1.701995430304239054e+00
6.531889697428845398e-01
2.307710295132717082e+00
2.124466782753849703e+00
1.568228067470850640e+00
1.568228067470850640e+00
8.574790539809572509e-01
2.858380275136034321e+00
2.858380275136034321e+00
1.466486377622108872e+00
1.511056884156940727e+00
1.941971946042496899e+00
1.098510075685770637e+00
1.446989055935883561e+00
5.765963485668696986e-01
2.007973557631046457e+00
2.321656912295877007e+00
1.356102642140915693e+00
8.890004880832526046e-01
1.279745636769789474e+00
2.717214120616319839e+00
1.624777449955346897e+00
1.160031327528517231e+00
1.229516733566826892e+00
1.939026804335175935e+00
1.309604177807580871e+00
1.634430832629296448e+00
1.270916151038914199e+00
1.233440568359029710e+00
7.619033294565266123e-01
7.619033294565266123e-01
1.907128274543118840e+00
1.424587117054396224e+00
1.424587117054396224e+00
2.513394080174312872e+00
2.392805052864560800e+00
2.390783981427792693e+00
2.365494673548798055e+00
4.312825081493261714e-01
2.304222287180110573e+00
2.304222287180110573e+00
9.789278418029759843e-01
1.044293126248289516e+00
2.880351524853947964e+00
2.061783112362950199e+00
2.295670782391937337e+00
1.537294400809702033e+00
1.366391979157382641e+00
1.627343330615301120e+00
1.093191067856990495e+00
1.506625132998814731e+00
2.320406714960690397e+00
1.476870105658232291e+00
1.216543973405719514e+00
1.920552354038564724e+00
2.202832469436767138e+00
1.623688244521996227e+00
1.623688244521996227e+00
2.580432187608104666e+00
1.337948286320426838e+00
1.081755692252357903e+00
1.106161187730557938e+00
1.479450945815227625e+00
2.330161979192443500e+00
1.906302338593500068e+00
1.438368897694062065e+00
1.763533283541521168e+00
1.358498866008092110e+00
1.417980583244861092e+00
1.665511900710471949e+00
1.690806803598889241e+00
3.678855453744441228e-01
1.917780828744036770e+00
5.245391495919525804e-01
1.514717814793084205e+00
1.619471716803369210e+00
6.118228387227893084e-01
2.517614409656491858e+00
2.517614409656491858e+00
4.393525455030122817e-01
2.437921333858163120e+00
2.257480843511822766e+00
1.401601853500750616e+00
1.432515149504906660e+00
1.432515149504906660e+00
1.432515149504906660e+00
2.386972436454750213e+00
1.874151939115757948e+00
2.379349173878982260e+00
1.513147417189798727e+00
7.625044750990922493e-01
1.089914000888279055e+00
1.427140946015066580e+00
1.871332555894978711e+00
2.038139776708244977e+00
1.943628666610044853e+00
2.617508746607556169e+00
2.617508746607556169e+00
3.041911247443717325e+00
1.800051930133406364e+00
2.689648048255896651e+00
1.209347943754731203e+00
2.158739684749434229e+00
2.201457499408774332e+00
2.137755765856927948e+00
2.421431885622096214e+00
1.712461714609540886e+00
1.883012175311150393e+00
1.422651520810463976e+00
1.629136495634257109e+00
2.253173751237620426e+00
2.042202760656449456e+00
1.523300338389635744e+00
1.434529371483721949e+00
1.661978714636835330e-01
1.661978714636835330e-01
1.636425438549349298e+00
1.964176725450670791e+00
1.957417947746728837e+00
1.666960409078561245e+00
1.796036207821458230e+00
1.974751079626032357e+00
1.897469386613298337e+00
1.553475360718743037e+00
1.414497877917120450e+00
2.011155030459456761e+00
2.722088734686082923e+00
1.694299603817843503e+00
1.377039700080515239e+00
1.258451247127602368e+00
2.347766779073691801e+00
1.203162307325650104e+00
6.266177268218240393e-01
6.266177268218240393e-01
5.063817001502155524e-01
5.063817001502155524e-01
2.623831931614611257e+00
1.676879393046728950e+00
2.000014082445115804e+00
2.379280780940320472e+00
1.811796693746976050e+00
1.468787658807745533e+00
1.709219557809541490e+00
2.072555810891542727e+00
2.403820035822962442e+00
8.847219502351399978e-01
1.108135854671054021e+00
1.853755557281784094e+00
1.433471700362999979e+00
1.013835039466883803e+00
6.423164961834462172e-01
2.281246901474586863e+00
1.366624925499563492e+00
1.810188948681096033e+00
1.801963671080455187e+00
2.295799433345644402e+00
1.959302465636290291e+00
1.774766475121509757e+00
2.606262719504518266e+00
2.606262719504518266e+00
1.029704910611574320e+00
1.136279845586880111e+00
2.527781585019063026e+00
2.011462203758597411e+00
1.874780936220214800e+00
1.964612564909715919e+00
1.228927973497179860e+00
1.228927973497179860e+00
2.266660431862041136e+00
1.712610674123536514e+00
2.845593522385460705e+00
2.845593522385460705e+00
1.303829312199569213e+00
1.878552860163219984e+00
1.490339820402765358e+00
2.833320951256620202e+00
1.718931585175065058e+00
4.474164826792320082e-01
7.826916414380735709e-01
8.842206948881318196e-01
2.047276986329070958e+00
2.458224234833644051e+00
1.372514656147918899e+00
2.597148380806459489e+00
2.200252372789719857e+00
2.588867965113653025e+00
2.363080942386341476e+00
1.987292053011427972e+00
2.270984236180108695e+00
1.316100776412971518e+00
8.523119867369618463e-01
1.839524348514788077e+00
7.913783261274971448e-01
1.475804515751649060e+00
2.400125557210124772e+00
2.178213310801318414e+00
2.322565817883554207e+00
1.933344930114022420e+00
2.299096351868842536e+00
1.248034880818359893e+00
1.234470684218586634e+00
1.290636424124769199e+00
1.608772493513096924e+00
1.205295187268308865e+00
1.205295187268308865e+00
1.886097065671455519e+00
4.227512059441091985e-01
1.343223270213024012e+00
1.343223270213024012e+00
1.343223270213024012e+00
2.039244724921718710e+00
8.460158526443013471e-01
2.711713359099360843e-01
1.499008232071070701e+00
2.085886218903800771e+00
1.226233551910201891e+00
2.046659085593996785e+00
1.292328080048027461e+00
1.243130143104256069e+00
2.540091690905379451e+00
1.598497012611727497e+00
8.074534947427597364e-01
2.235186317306136594e+00
8.275765372137634523e-01
5.125924439086487761e-01
2.953871994820634228e+00
2.147468698424307210e+00
2.147468698424307210e+00
1.075302924466366328e+00
1.572944508195861291e+00
1.572944508195861291e+00
2.179123867870581321e+00
1.879259118430967490e+00
2.223837773179221600e+00
2.519679093821513671e+00
1.552392998046822736e+00
2.769402733836955122e+00
2.417308048508690188e+00
2.355586671467360116e+00
1.735039729534306518e+00
1.547919844174955539e+00
1.471950259026522767e+00
1.533947943607161912e+00
1.533947943607161912e+00
1.533947943607161912e+00
1.260282128469797813e+00
2.194578147105922916e+00
1.794862377145299837e+00
2.849712680367666007e+00
2.017302843078440766e+00
1.544609810623970070e+00
1.544609810623970070e+00
9.339467239163985468e-01
1.188037039703173203e+00
1.835999352176417299e+00
1.408925059908822996e+00
1.161193195735285233e+00
3.064150956394983361e+00
2.461538172958090076e+00
1.319426300374483496e+00
1.746969662668986123e+00
1.395595726055927521e+00
1.532515649516911438e+00
2.026002285184216323e+00
2.945891774756505654e+00
2.945891774756505654e+00
1.473770498292634290e+00
2.025023186561482724e+00
8.840994970944509035e-01
2.212143760605163489e+00
2.324954425191798180e+00
1.646122822848620437e+00
1.938392283890808088e+00
7.397795419833378405e-01
1.500711478095636764e+00
1.500711478095636764e+00
2.009230663329172550e+00
1.672172159471982500e+00
1.672172159471982500e+00
1.431326956427714903e+00
2.059406296291150351e+00
1.499209329148161185e+00
2.139130259205055840e+00
2.560849447649642396e+00
1.890904801057904816e+00
1.890904801057904816e+00
2.209792466642832132e+00
4.737998791509577257e-01
2.052877476443538907e+00
1.601177591932422484e+00
2.708817110741004175e+00
1.933230191313235258e+00
1.688041286541830388e+00
1.453586507636629888e+00
1.943922471727704826e+00
1.317707247996751985e+00
2.567578138742140581e+00
1.746832362772000602e+00
2.432364869288237141e+00
2.432364869288237141e+00
1.848026924409012839e+00
1.803005166301818063e+00
5.631199944952123282e-01
1.156826857020679000e+00
2.692651219986588629e+00
2.692651219986588629e+00
1.236512685234453901e+00
1.746218228540500350e+00
2.446092702637266747e+00
3.866258307630244251e-01
1.993177199174339220e+00
2.138502908455218954e+00
2.138502908455218954e+00
1.854159145914142881e+00
2.488363841938806331e+00
2.220079459783794729e+00
1.584094323930578696e+00
1.651508019310617525e+00
2.114085260147048118e+00
2.114085260147048118e+00
2.826182898542032085e+00
2.809217720380693617e+00
4.080722385825631959e-01
2.005818932183592640e+00
2.396062880335210199e+00
1.383156398968979905e+00
2.490256705572680307e+00
2.040908361817358241e+00
3.079082910305880549e+00
1.898030154139584091e+00
1.820710028959575677e+00
1.398624082080501596e+00
1.032711444052847094e+00
1.032711444052847094e+00
9.134631130281225531e-01
2.696884423854916779e+00
2.285918723926486873e+00
1.695730165221724484e+00
2.699098641100261098e+00
2.976785773950912706e+00
1.847329881469781609e+00
2.018381710336186075e+00
1.285988531281892833e+00
8.640434406025250258e-01
2.159742124326684110e+00
9.876891321700508319e-01
9.876891321700508319e-01
1.439953760907250579e+00
1.518512343911607054e+00
1.518512343911607054e+00
2.079895389544182294e+00
2.863197591359936567e+00
2.007342910622567977e+00
1.804106657436510330e+00
2.540897368835217662e+00
1.759425914952253978e+00
2.045922897229078163e+00
2.693594607924571172e+00
2.232737385036327904e+00
8.037620387536581479e-01
1.868627492008908764e+00
2.006050389864985739e+00
6.521329105758617573e-01
2.156805554110853507e+00
1.498127661231521524e+00
7.405309739998018337e-01
1.758156995504839948e+00
2.142513918667474204e+00
1.397693734201877147e+00
1.842309041681484905e+00
1.842309041681484905e+00
4.844076307405906223e-01
2.410063090285832654e+00
1.094037050331529537e+00
8.472895497775253526e-01
5.341879889388736480e-01
1.361679478970331036e+00
2.506221488806014808e+00
1.619360759439601560e+00
7.782740796951423956e-01
2.625720955965126446e+00
2.222828439060729355e+00
1.481628713606702341e+00
1.609749511334733318e+00
1.866992706003320457e+00
9.183183983919257498e-01
1.381418803404107942e+00
1.472504351142943424e+00
1.472504351142943424e+00
1.696837006293093308e+00
2.199326088792589395e+00
1.099500362272595594e-01
9.282052735554302547e-01
1.591039857580798023e+00
1.568874541677752088e+00
7.704188997073552203e-01
2.350362259916221497e+00
2.591232584150090723e+00
1.816692612320833566e+00
2.140353688013502786e+00
2.140353688013502786e+00
1.999194539247289626e+00
1.919230018382476866e+00
1.919230018382476866e+00
2.653919334516804174e+00
2.653919334516804174e+00
2.568463351534451267e+00
2.403183618410492883e+00
1.673303868976920628e+00
1.517476045499325910e+00
1.509526159351050056e+00
1.172811246601192847e+00
1.868202678553974039e+00
1.868202678553974039e+00
2.239374768151438211e+00
1.496261475955704467e+00
1.496261475955704467e+00
2.794776906886053514e+00
1.375879216568178576e+00
1.635554580257237767e+00
1.930685123955839133e+00
8.848515048159053542e-01
1.643456401663941913e+00
2.414331907460980808e+00
2.524673406536272147e+00
1.910225567869602070e+00
1.449755795832305294e+00
2.562404098814598186e+00
1.460014276497517915e+00
1.786585924101558920e+00
1.902222359425843168e+00
2.070094461425383781e+00
2.070094461425383781e+00
1.624792921686334379e+00
2.257417170019659913e+00
9.039516476742851525e-01
2.028964360183512117e+00
2.412247515429028599e+00
1.094040225638374997e+00
6.203102130515678603e-01
2.371504834632488734e+00
3.305025863800164498e-01
6.263127286619899481e-01
1.966408755534777120e+00
4.800280877217347197e-01
4.800280877217347197e-01
1.662090074223840697e+00
7.054330026320814184e-01
1.043268034052500903e+00
1.910379431745411916e+00
9.457111885612408120e-01
1.075064521488108271e+00
1.486151306322562204e+00
1.855342181507597665e+00
8.419228553922222247e-01
2.532769235172604105e+00
2.532769235172604105e+00
1.709911593728716372e+00
1.709911593728716372e+00
1.634568348839057661e+00
1.457390921320407040e+00
2.551396545951240213e+00
2.366017258745434226e+00
1.724471908223892846e+00
2.565647728731673460e+00
2.185010467176019766e+00
1.225408694537580612e+00
2.456822363628730965e+00
7.160983987099136527e-01
7.160983987099136527e-01
7.160983987099136527e-01
2.313641724612395478e+00
2.183529900612201313e+00
1.533880775175193500e+00
1.894529194892603963e+00
1.626328146468285496e+00
5.811224205220771877e-01
9.476175398201851507e-01
2.660864124437734013e+00
1.581015118148341170e+00
2.507903216804532764e+00
1.249244250459741412e+00
2.509601152647035871e+00
1.278620459567996859e+00
1.278620459567996859e+00
2.100334657880620348e+00
1.426421403728591608e+00
1.621311211032619104e+00
1.899695237695784078e+00
1.115568278674475833e+00
1.672357107748527083e+00
1.667352480141692128e+00
2.058181513773169602e+00
1.210659009615880022e+00
2.222416751831268300e+00
1.506704582668952019e+00
1.506704582668952019e+00
2.012911777735276520e+00
1.933401919963000815e+00
1.370885771637195827e+00
1.819773801902360821e+00
1.819773801902360821e+00
1.819773801902360821e+00
2.581144768133286860e+00
2.005874956228014483e+00
1.388312088756602281e+00
1.074321448232840259e+00
1.550121969852007897e+00
1.843068702136703152e+00
1.540884175195837980e+00
1.927879682724225940e+00
1.797082925570937295e+00
2.358068378977572710e+00
3.075280958963303224e+00
2.823745831233678061e+00
2.823745831233678061e+00
2.823745831233678061e+00
2.649252614217680879e+00
2.649252614217680879e+00
1.884168460375216014e+00
1.884168460375216014e+00
1.555011638159849108e+00
2.394779008564852152e+00
1.144015274921127201e+00
5.040477544789802034e-01
1.708435215143468300e+00
1.708435215143468300e+00
2.156509261529151011e+00
2.156509261529151011e+00
1.807381204952305920e+00
2.395071398332030199e+00
1.487866714489093134e+00
1.631816174202846303e+00
8.118399011504594531e-01
1.748561451725223037e+00
2.662917535677433722e+00
1.311902055358162400e+00
2.126351456638670978e+00
2.810601446266062897e+00
2.810601446266062897e+00
1.765930945293075149e+00
8.597584017483002050e-01
9.335119094151091979e-01
1.794221024197123704e+00
2.312602963379584597e+00
2.343338404913032136e+00
2.886645497311596031e+00
2.781871835713265018e+00
2.781871835713265018e+00
2.619450240851144418e+00
2.521476084741136159e+00
2.024999568111144121e+00
2.394053943909804527e+00
2.164513251541548833e+00
2.574416533921982886e+00
1.530490188975866195e+00
8.478473329605826780e-01
1.685661699847583517e+00
3.000859281675860135e+00
3.000859281675860135e+00
2.337742128109859152e+00
8.057146391872322955e-01
2.337885483767156991e+00
2.451375519812620141e+00
2.676506059084841738e+00
1.813756817673755961e+00
2.787966943802945519e+00
2.585557919385024217e+00
2.436068188034484994e+00
2.436068188034484994e+00
2.436068188034484994e+00
1.616662552933967545e+00
2.105321212986107859e+00
1.125001161483200729e+00
1.631583067870737702e+00
2.216390062828753393e+00
1.297509385362640710e+00
2.625866843175992837e+00
1.564166276547640955e+00
1.564166276547640955e+00
2.480150531770888733e+00
2.151521199939152584e+00
2.151521199939152584e+00
1.975948865947420696e+00
1.975948865947420696e+00
1.226290051030165307e+00
1.651540856600837159e+00
1.956190440659435259e+00
1.090143649897269862e+00
1.384388365624729555e+00
1.384388365624729555e+00
2.544506753835649615e+00
2.544506753835649615e+00
1.559222783410981306e+00
2.106961215712172653e+00
2.106961215712172653e+00
1.187233399240461118e+00
1.667897051870242064e+00
2.406516546424723568e+00
2.257367030504950467e+00
2.257367030504950467e+00
2.402075340259080427e+00
2.402075340259080427e+00
1.591838220592760367e+00
2.531103121216616625e+00
1.816133406775426007e+00
5.932436989919549486e-01
1.224089621235473491e+00
2.985291203571919905e+00
1.029709067049756843e+00
2.339551298007648550e-01
1.982993497896242019e+00
1.714940166611590877e+00
1.402100970235076183e+00
5.238977373390616421e-01
1.366054553057572507e+00
1.699182978910247943e+00
1.685631700065942873e+00
1.685631700065942873e+00
2.119685794947362201e+00
1.001729196370801933e+00
2.349686070942496041e+00
2.349686070942496041e+00
2.657425908382034851e+00
1.112526779176060909e+00
2.113582016306470912e+00
2.113582016306470912e+00
2.629957766714909440e+00
2.430451545380866829e+00
2.266918196476080727e+00
1.614381596989776568e+00
2.168859782002858783e+00
2.168859782002858783e+00
1.332626732144801096e+00
1.127394027706828616e+00
2.219011892727360991e+00
1.384973778999483596e+00
2.936784537429922182e+00
1.350439374999981901e+00
1.519541629616893985e+00
1.751006296397366491e+00
2.433740190975138606e+00
1.786821559945104498e+00
1.388079084878854452e+00
6.690290171772496353e-02
1.887899823761772788e+00
2.175713521607332890e+00
2.548744591265194703e+00
2.479534769410844053e+00
2.595552209960831025e+00
2.595552209960831025e+00
1.261374981042851395e+00
1.390459814383368187e+00
2.171380845617552069e+00
2.171380845617552069e+00
2.192539674982769693e+00
1.706921408254153061e+00
2.158571506423668129e+00
2.037814170593419405e+00
1.683218612206836440e+00
1.039915108896575680e+00
1.039915108896575680e+00
2.509406906722397412e+00
1.829303397475781967e+00
1.829303397475781967e+00
1.612190248571539808e+00
1.496700442057169678e+00
1.424541494039312850e+00
1.439014484046930109e+00
2.295981507472705019e+00
1.299648892477566209e+00
6.616466265302939354e-01
1.761347214589919608e+00
1.761347214589919608e+00
2.664160115297640186e+00
2.664160115297640186e+00
2.062448127055112934e+00
1.846683935123198728e+00
2.213578217134478887e+00
1.032665783143253302e+00
1.032665783143253302e+00
1.684710792859825279e+00
1.936333787073917678e+00
2.093644685952882778e+00
2.516432953644350157e+00
2.671392284437517528e+00
1.695872795972236835e+00
1.937525634275800046e+00
1.712965751251017021e+00
1.035598051193221236e+00
1.199837099835829424e+00
5.137071291956887276e-01
2.040764265040071912e+00
9.860297659624815969e-01
1.818470087681097302e+00
2.080854513739789358e+00
1.617282932008506258e+00
1.671521823196497003e+00
2.301700123394712527e+00
1.692078944440429167e+00
1.739725235359037114e+00
2.215436780832950259e+00
2.154278080702068721e+00
1.610121629939785137e+00
1.798315955141622791e+00
1.798315955141622791e+00
1.928878931503515304e+00
1.928878931503515304e+00
2.376292733599926432e+00
2.135089492460263916e+00
2.159553497496098817e+00
2.159553497496098817e+00
2.136292486113881672e+00
6.030826925439122244e-01
1.766613409268757984e+00
1.871641974986056001e+00
1.775990609246870910e+00
2.032921849836445638e+00
1.520085724944056027e+00
6.533706857169777615e-01
2.001011737264061452e+00
1.415183655339687263e+00
1.896200920085802766e+00
1.494123695946951935e+00
1.494123695946951935e+00
1.494123695946951935e+00
1.494123695946951935e+00
2.736951270460847851e+00
1.878867902098451559e+00
2.484337591311168492e+00
2.106127703764451908e+00
1.792334501750457276e+00
1.756144361194447612e+00
1.688800469136221505e+00
1.963387468803234004e+00
2.016165542291000978e+00
1.682641529975855921e+00
2.342725789119947777e+00
1.568936405761535369e+00
2.062553342063671469e+00
1.582933759813125230e+00
2.593145580198638278e+00
2.009141017584318956e+00
2.009141017584318956e+00
1.113367798527914676e+00
1.124973996709986768e+00
1.839995623112111289e+00
2.623253704319191026e+00
1.840495907794171160e+00
2.127996686030053652e+00
1.456451373957672324e+00
6.714005908297605574e-01
1.029375749494990222e+00
2.324076556463694487e+00
2.748908977142409782e+00
1.723853636428629432e+00
1.985983685624767903e+00
2.773440689730133357e+00
2.774484150442064756e+00
2.291706599843290171e+00
2.441964655518575888e+00
1.182163689762816272e+00
1.717306717715586517e+00
1.965176225333000071e+00
2.095802263543762756e+00
2.694514172944796115e+00
3.041746109299352963e+00
2.075329348440994703e+00
1.995862423387694484e+00
2.057385619197474202e+00
1.981308614125028011e+00
1.984436447225263578e+00
1.984436447225263578e+00
1.944811830265215535e+00
2.246973067660682055e+00
2.135254134414425131e+00
2.135254134414425131e+00
2.135254134414425131e+00
2.351523549929954271e+00
1.565728290064477113e+00
1.434688188593569835e+00
7.528128262441251550e-01
1.497535045356243266e+00
2.089112378992311836e+00
2.210936808372878204e+00
2.441475321938888943e+00
1.534796203491584521e+00
2.739677359681159441e+00
1.140762671207063539e+00
2.198943128230279154e+00
2.285692607442626478e+00
2.258084617347560830e+00
2.482818228261356008e+00
2.482818228261356008e+00
2.940246914561276625e+00
2.770863261114960618e+00
2.770863261114960618e+00
2.157959505524887245e+00
8.957364091110230353e-01
2.044423331365057717e+00
2.519604275711090580e+00
2.525404347963080998e+00
1.943882077189004853e+00
2.865400319703298226e+00
2.517740841926341400e+00
6.999544884098457542e-01
2.512094438275236374e+00
2.049426246567020993e+00
2.725816675861843397e+00
6.835854003743643270e-01
2.087368701054890696e+00
1.244407030038819029e+00
2.191213262822916619e+00
1.941888739297500832e+00
2.363947573506790967e+00
2.989958655320391401e+00
1.570380633713266860e+00
1.767512867588010295e+00
1.649901020946386243e+00
1.649901020946386243e+00
1.649901020946386243e+00
1.972138417026068069e+00
1.806056185899869604e+00
1.661936541794307720e+00
2.564422678665645439e+00
1.691275498222203799e+00
1.691275498222203799e+00
1.414062812860267027e+00
2.600674117980730227e+00
1.009667976392383926e+00
2.939371425468908061e+00
2.939371425468908061e+00
2.690546746104423903e+00
1.074385092990701507e+00
2.300997046755296704e+00
2.246770166819960668e+00
2.092306735166614029e+00
2.115266977641858226e+00
1.885753846664336875e+00
2.251836255768302930e+00
2.758822977082818539e+00
2.115136010476507789e+00
2.115136010476507789e+00
2.115136010476507789e+00
2.784170310592797737e+00
1.078894753571194354e+00
1.625766050145371233e+00
2.469658040133671850e+00
1.341916577157868717e+00
2.075610905121912708e+00
3.058103488308038242e-01
2.593897063137053483e+00
9.087914048549492474e-01
1.226527411817548652e+00
2.765472485060315844e+00
1.829645058513941658e+00
2.084093073559799780e+00
1.829278277077717618e+00
2.510350905354213680e+00
3.042504765344999473e+00
1.564968097211197229e+00
2.016618562054854458e+00
2.328366863221460914e+00
2.345172609354264193e+00
2.073531212297554216e+00
2.515674900394112345e+00
2.514546162035883548e+00
2.654267921598414848e+00
2.654267921598414848e+00
2.158676565741718179e+00
2.290878373154526138e+00
1.612861924731401997e+00
2.029642549096318138e+00
2.586690339864087029e+00
1.491403633327925471e+00
9.492767261619623476e-01
2.550799637331672365e+00
2.655628322072471459e+00
2.011114857801747036e+00
2.011114857801747036e+00
2.174691831408001708e+00
2.972105361436614412e+00
2.330842948858696584e+00
7.196125832211472950e-01
2.783139953737149508e+00
1.277382278786189262e+00
1.277382278786189262e+00
2.098025613828978564e+00
1.997570962775328862e+00
1.346662954313998739e+00
1.804531196160171547e+00
1.804531196160171547e+00
1.741172104515555707e+00
2.341536577379740969e+00
2.341536577379740969e+00
2.122799725873774079e+00
2.266908489082290146e+00
2.123219867420186535e+00
2.296205831626260352e+00
2.175928237337295901e+00
2.175928237337295901e+00
1.755268052929829903e+00
1.211517697270418248e+00
1.937395624143459116e+00
1.063608276109141437e+00
1.952552455297162703e+00
9.662959773730793733e-01
1.742081229979822066e+00
6.103173660301325354e-01
2.446222007621076333e+00
2.197863052791499072e+00
2.197863052791499072e+00
1.900128903341433695e+00
2.078687463209075492e+00
1.454567556803717743e+00
2.175264351617028691e+00
2.474653494418034061e+00
2.505193360404038838e+00
2.505193360404038838e+00
1.537101029400246066e+00
2.068166090377518529e+00
2.068166090377518529e+00
1.862090123771918293e+00
1.420788737408602342e+00
1.874355852809961309e+00
2.733595389409236631e+00
2.158225686864956305e+00
2.158225686864956305e+00
2.590483124905432533e+00
1.106172735272800356e+00
1.934853630656176326e+00
2.526995171838128496e+00
2.526995171838128496e+00
2.978517991807410059e+00
2.684562263231915935e+00
2.167617133198259882e+00
1.520275700308987288e+00
2.080545399149567043e+00
1.871054996843490859e+00
1.830974758209864772e+00
2.383673772274156111e+00
1.786373950385458098e+00
9.062669931562078451e-01
2.354746787555204168e+00
2.156975325109570463e+00
2.118414932667356698e+00
1.817656463553135593e+00
1.817656463553135593e+00
1.645178524873730064e+00
1.934968538427386475e+00
2.191585674469080924e+00
1.743742402077887999e+00
2.635802129780580039e+00
2.324672828711010553e+00
2.112152417913614411e+00
1.851840542471310469e+00
1.851840542471310469e+00
1.851840542471310469e+00
1.669183800559527642e+00
1.956792517031270329e+00
1.604999681448604720e+00
1.131853269430616482e+00
2.114634252450197760e+00
2.114634252450197760e+00
1.931209458616294450e+00
1.931209458616294450e+00
1.809917603807688735e+00
2.129639608699132491e+00
2.129639608699132491e+00
1.596330508978348162e+00
1.596330508978348162e+00
1.617230899503829145e+00
1.617230899503829145e+00
2.049888934272991570e+00
1.501270497753038891e+00
1.332392478845742856e+00
1.779744678051539575e+00
1.541051933212498559e+00
2.704743205332651890e+00
2.072621762993404726e+00
1.647644170368004701e+00
1.647644170368004701e+00
2.569728233564831488e+00
1.825410042227262108e+00
2.510123983050403407e+00
2.905786092100696383e+00
2.397223394504342853e+00
1.920008538077712323e+00
2.094198415853055995e+00
2.554965339720891571e+00
7.383892247349986837e-01
2.722371447633034069e+00
2.722371447633034069e+00
2.459568733735690849e+00
2.652072961435656850e+00
2.809207769143721389e+00
2.809207769143721389e+00
2.073042866350447877e+00
2.536111425628276184e+00
2.536111425628276184e+00
1.897492698047797965e+00
2.274001470450001339e+00
1.790836914760167042e+00
2.256025086647920563e+00
1.595224377021191575e+00
2.788754476799598869e+00
2.747775451492371790e+00
2.125850438600588088e+00
2.351788352845602503e+00
2.445633419262358554e+00
2.445633419262358554e+00
2.480337273128421671e+00
2.195729830063340771e+00
2.220859390559252411e+00
2.049330329792908856e+00
2.375096834514511812e+00
2.086620446203600654e+00
2.086620446203600654e+00
2.594148176501712921e+00
3.013932383751408928e+00
2.531740281150478111e+00
1.544895936954821192e+00
2.911039151035397232e+00
2.383878812815590109e+00
2.458854623511880444e+00
2.660718757979352755e+00
2.660718757979352755e+00
2.660718757979352755e+00
1.656024675748127617e+00
2.597858541577671154e+00
5.625752066082633229e-01
1.983652505497456087e+00
2.230357062356616904e+00
2.396703003690491496e+00
2.662768689839668745e+00
2.102134705707142448e+00
2.598700806248606554e+00
2.764206872801330483e+00
2.207809616638893413e+00
2.265331470008455916e+00
1.806643369464072890e+00
1.806643369464072890e+00
1.806643369464072890e+00
2.114629117281068726e+00
2.193528640976111888e+00
1.788021904075678847e+00
2.045982596478320481e+00
2.406299441273974882e+00
2.477796421379998559e+00
1.137771008710489529e+00
1.411725666720641703e+00
2.016072527733860476e+00
1.801669392452430296e+00
2.287288106074675476e+00
1.937467143503584843e+00
2.863336462610436506e+00
2.863336462610436506e+00
2.265652350187049802e+00
2.547348505239052763e+00
2.496398730373620811e+00
2.239742449510251809e+00
