a_2
3.225162233608079299e-01
2.081148898392478352e-01
2.081148898392478352e-01
8.030494105617796974e-01
8.030494105617796974e-01
1.395228672966370986e-01
3.169444790353684316e-01
4.176070352996898438e-01
7.368675203264665186e-01
5.844813283168198703e-01
1.492290505632647979e-01
1.045473120573592735e-01
1.045473120573592735e-01
6.376990998943686817e-01
4.276523082439260826e-01
4.276523082439260826e-01
2.918591032424474596e-01
5.866939742575455474e-01
9.375175648479571189e-01
3.946043295719559030e-02
4.871749835310038718e-02
2.363888335922137152e-01
8.352657589184432352e-01
8.352657589184432352e-01
8.352657589184432352e-01
6.148490581973355129e-02
2.323479084398386296e-01
2.542547281206785637e-01
3.761859519129926444e-01
5.106218105158936149e-01
3.982705051710246358e-01
4.971238859069712079e-01
4.584082609642865513e-01
4.584082609642865513e-01
1.372823151396960484e-01
8.561769787147588406e-01
1.137883962710780211e-01
4.721752736113464799e-01
9.624965404168998040e-01
5.431062950503463549e-01
9.248603551423660862e-01
2.447211850438450464e-01
9.127730045018873639e-01
2.286602045432879760e-02
3.298578676614178917e-01
4.989141563689475367e-01
6.324590101697009636e-01
5.377843260510890566e-01
3.939712623032210481e-01
7.120812857768462623e-01
7.120812857768462623e-01
7.120812857768462623e-01
4.678183006379189601e-01
9.921059580252389321e-01
6.871400423439092409e-01
8.421754975117227149e-01
5.560356861602435696e-01
6.153246360282267347e-01
7.458182047943943127e-01
1.020201089382828386e-01
2.965789301870452865e-01
5.203524869896640759e-01
5.212852176378756086e-01
8.822950392101592820e-01
6.054772193202806463e-01
8.169114120390837952e-01
3.441986610093913379e-01
9.236836647040848058e-01
9.236836647040848058e-01
9.236836647040848058e-01
9.398003498947941903e-02
1.502161808879021003e-02
8.597259778901491512e-01
3.441837437566098723e-01
3.441837437566098723e-01
3.848796407184498780e-01
6.391488315407103382e-01
2.630091879343657985e-02
5.999456560870503052e-01
6.743005046599928054e-01
6.185789879677409953e-02
1.059797681633771055e-01
1.237878101065040953e-01
1.237878101065040953e-01
7.781995809978753398e-01
6.429597581770686299e-01
8.810481502719934299e-02
3.060396981883425904e-01
7.095062655322540435e-01
5.163643258654453394e-01
8.431397784982425092e-01
6.245991579394776227e-01
6.245991579394776227e-01
2.776058841679825417e-01
3.777137635271551885e-02
5.989956517827081939e-01
5.989956517827081939e-01
5.850086033182543277e-01
5.850086033182543277e-01
8.131256810729448059e-02
8.131256810729448059e-02
9.701580159906435519e-01
9.701580159906435519e-01
8.028089986295350311e-01
7.140939677122976059e-01
5.662370947268793309e-01
9.998401059922080725e-01
9.806016103827766006e-01
9.806016103827766006e-01
4.029546548797301453e-01
5.965984620355317958e-01
6.036998576199108513e-01
6.515869348692748808e-01
9.740205754130794313e-02
4.620339898444952853e-01
3.492402260217301602e-01
8.644067207895196336e-01
2.694040821545810177e-02
6.869762765621474365e-01
7.328880437968453565e-01
7.989408923201752888e-01
5.731488012782756103e-01
8.271024835324364277e-01
8.635052395276610060e-01
5.334138155130122572e-01
6.315697538352807450e-02
2.503382062869312641e-01
7.940554244577969767e-01
9.112387968382941184e-01
7.315118124700786817e-01
8.922223646544094056e-01
4.461254622912435575e-01
4.461254622912435575e-01
9.179343102323389569e-01
1.109611943691515140e-01
7.782253525021053386e-01
8.435548774382375381e-01
3.533508214607529174e-01
6.780922378557777130e-02
6.780922378557777130e-02
9.056406455192637095e-01
9.756832562143743504e-01
9.479304082673630991e-03
6.827945541410553876e-01
7.198336206244493329e-01
6.174481693448209407e-01
8.899331764339717399e-01
5.025420138725817942e-01
8.911033339295914013e-01
3.216692033389577099e-01
6.140339208544636218e-01
7.632661736159559451e-01
3.537008333003748839e-01
6.604915812815899123e-01
9.642318208790672251e-01
4.389060816373109575e-02
9.384380069086183385e-01
3.421085125864458121e-01
3.421085125864458121e-01
4.576108189324112896e-01
4.370461987467025300e-01
1.506523982957793106e-01
1.506523982957793106e-01
1.506523982957793106e-01
6.501851345813283167e-01
2.287660872211899621e-01
3.963357860218159612e-01
9.098948485864708502e-01
9.098948485864708502e-01
7.937652325512633000e-01
9.118348844919673679e-01
9.118348844919673679e-01
3.022417689453821277e-01
5.443558051944400455e-01
7.358411303565982609e-01
9.482142903232669562e-02
7.546280875471965410e-02
8.988843509845452218e-01
7.610077778513170133e-01
6.294665916099696501e-01
2.482755909417357770e-02
9.628465325481962989e-01
2.744589343295137374e-01
1.772013485630618834e-01
2.165733337362788502e-01
2.165733337362788502e-01
2.453258655253169607e-01
2.453258655253169607e-01
1.797105797859328280e-01
3.022062356833273289e-01
5.685736834300448850e-01
8.993681581301280481e-01
8.605532874026963208e-01
9.896203997885477666e-01
7.385466063641143997e-01
3.171729003784607981e-01
2.039938178416016712e-01
9.209250338143174508e-01
5.753912888788849100e-01
5.753912888788849100e-01
8.768694271507001536e-01
4.620168039367192336e-01
3.558068765703693570e-01
4.518931170356337845e-01
3.302610729683228431e-03
8.660317364219957126e-01
4.540747388387112449e-01
4.781726574466717561e-01
5.047702238131243080e-01
6.582918695475595827e-01
7.277540706797902548e-01
5.952098315992909727e-02
5.369870372663674285e-01
8.542037375575531888e-01
2.392690317997664684e-01
5.911190474102958614e-01
3.033191748992288272e-01
3.033191748992288272e-01
6.896126548612181439e-01
8.746057887279432563e-01
8.746057887279432563e-01
9.858822988767541595e-01
5.795301638401207933e-01
8.840179685816533794e-01
1.724492989971215806e-01
9.174472569001101974e-01
2.458397875370466057e-01
8.759968759321632437e-01
2.942058560564988490e-01
9.665680410625741015e-01
6.540267102316412728e-01
3.219671853444098231e-01
7.017465077111186833e-01
3.155283892598727546e-01
4.886760172800522217e-01
6.987223218824520909e-01
4.317269790245274047e-02
3.447422602682739118e-02
5.238944311260894660e-01
5.779659231261933261e-01
7.758089062266589064e-02
7.758089062266589064e-02
7.405286093160152738e-01
3.196428487505243443e-01
8.149425966365378970e-01
8.149425966365378970e-01
6.842620119551823255e-01
9.558357343062137135e-01
5.638634490386730258e-01
2.725592573985500811e-01
2.244886341327479162e-01
3.507745600239579598e-01
3.585350406516160104e-01
4.580709373536367424e-01
3.741862602780224867e-01
7.802063256521996060e-01
3.407866643580646088e-02
6.782653427603213547e-01
1.456309652702193480e-01
7.397538398953847905e-01
1.846113453345301358e-01
4.615749093529391001e-01
2.522193686685654801e-01
2.522193686685654801e-01
7.478063999710841125e-01
8.973814500048260534e-01
8.973814500048260534e-01
8.973814500048260534e-01
7.635592326149860387e-01
4.774542973694361758e-01
4.610276250151626454e-01
9.181948850675819562e-01
9.181948850675819562e-01
9.112140532770125478e-01
3.335581788951735849e-01
7.745208943619136255e-01
7.060196013216207822e-01
9.051289331178187236e-01
9.051289331178187236e-01
3.336389376169673904e-01
8.852351632198097731e-01
6.767566988056054056e-01
9.845044784137375882e-02
2.430684133871382491e-01
2.800702989711540969e-01
2.800702989711540969e-01
6.472447278478586918e-01
6.472447278478586918e-01
2.982054094616711226e-01
7.650019064070288088e-01
7.650019064070288088e-01
9.931805687141169459e-02
7.676947046902751204e-01
3.987131931240099347e-01
5.009876859546980032e-01
5.009876859546980032e-01
7.587600919629009510e-01
9.752453805433809464e-01
9.752453805433809464e-01
6.852151780180021357e-01
7.496909473991385520e-01
8.835795639019824455e-01
9.267788599902371249e-01
4.325623664899338472e-01
9.245503025161974087e-01
9.596008239182984845e-01
9.596008239182984845e-01
9.176989154481286493e-01
9.064474530850414880e-01
4.448658947852631163e-01
4.448658947852631163e-01
3.148148302499180207e-01
9.660884298413524585e-01
3.833352967081876117e-01
4.465466084639382327e-01
3.726197852949209022e-01
9.524244305534184107e-01
5.446271311192972808e-01
2.585894471639820780e-01
4.583738485550210018e-01
3.272083222294487788e-03
7.281924664100261069e-01
3.526738481664314362e-01
3.199422402486760131e-01
4.469475306917760626e-01
2.664967876182248729e-01
7.168190031474311885e-01
2.708335520863000001e-01
1.610974607131391290e-01
5.798821497820733084e-01
8.049114467570860354e-01
8.140307228099936676e-01
9.695773576777271252e-01
7.018227391139939542e-01
8.335309449050469777e-01
1.031460698771255978e-02
2.372539023162513194e-01
6.479701379716462650e-01
9.070937683897373205e-01
1.919474806232255026e-01
8.130541008839741179e-01
1.494103977955671958e-01
1.494103977955671958e-01
1.494103977955671958e-01
3.239640200249139790e-01
7.706780882170566338e-01
1.811555881369801002e-01
8.273353481452045965e-01
2.556340511280040875e-02
1.179397556762877830e-01
1.033872626744555129e-01
2.234234691143988372e-01
1.779981488263167877e-01
3.799741730944232176e-01
2.682027577917800443e-01
8.046567340603536511e-01
1.554311555968335146e-01
9.802515736197838780e-01
6.839928869908187825e-02
9.437144470063426605e-01
2.851679695803547854e-01
8.468728590066999518e-01
8.468728590066999518e-01
7.369665334096582587e-02
7.369665334096582587e-02
7.554832721646603799e-01
1.780591943436218849e-01
8.396726992585140659e-01
7.162252527906299848e-01
9.705661931151039479e-01
8.839988646052973076e-01
4.510992806802422983e-01
5.327792143272872538e-01
3.887967103457698470e-01
7.613309966497028292e-01
8.740037462200241913e-01
8.192963015849885622e-01
5.734834492602727263e-01
6.898644149391196523e-01
6.002274066228867611e-01
4.797355860119365545e-01
4.797355860119365545e-01
9.263782513034669597e-01
7.299628698910994862e-01
6.412966418644486799e-01
4.748939827374668715e-02
2.164336195436834531e-01
7.719434913570756285e-01
1.769422224836302848e-01
1.769422224836302848e-01
5.694945099126282884e-01
5.694945099126282884e-01
9.201838120294217882e-01
4.075207259342074062e-01
4.376332290018970506e-01
1.153288302957049122e-01
8.901983849035830509e-01
8.901983849035830509e-01
8.901983849035830509e-01
3.924119016741562382e-01
2.148113469911038520e-01
2.148113469911038520e-01
7.858903481988196438e-01
7.858903481988196438e-01
1.930153815759734215e-01
8.303127427126243409e-01
2.549419486924225375e-01
9.701854621036593018e-01
6.887023976070706377e-01
8.507732107820599188e-01
4.143549462480636270e-01
9.293097335677731330e-01
8.934530284390928001e-01
9.487314596484789364e-01
9.204373221378185921e-01
5.483630664477163741e-01
8.045580707034232226e-01
7.243815348267544918e-01
7.243815348267544918e-01
4.200192603779454581e-01
3.833304293084841552e-01
8.893699055664567865e-01
3.952362642385756075e-01
7.655280368245992451e-01
7.655280368245992451e-01
5.064814320688336702e-01
5.124795256917734632e-01
3.975929775088906104e-01
2.264654553212594457e-01
7.545618945658387755e-01
9.409109348817553675e-01
4.933208701403108964e-01
9.995537989741742901e-01
3.612259822957584188e-01
2.115269499024023114e-01
6.234280872241376725e-02
6.234280872241376725e-02
8.808335925854939852e-01
3.100670264064830928e-01
3.436767429740352209e-01
2.899654895639165453e-01
9.284736580300652076e-01
1.194359287241148343e-01
6.640889311939273121e-01
9.864914349540275795e-01
1.319969836718836997e-01
4.941980045310636060e-01
2.158059481190240103e-01
6.050469258649304738e-01
7.510576361051809480e-01
1.901308396716301363e-01
3.547709312516435232e-02
9.095459127711902347e-01
4.777910226423540685e-01
7.847390870253834194e-01
7.847390870253834194e-01
4.994779811534778013e-01
4.994779811534778013e-01
5.012315715557731644e-02
4.658850976553981227e-02
3.424383494220615276e-01
6.260598638141233740e-01
8.094852718014335924e-01
3.599816639111727556e-02
4.461399552752378095e-01
8.380945451484830278e-01
8.380945451484830278e-01
8.380945451484830278e-01
2.958453153536530489e-01
3.843824786635209323e-01
4.771996237964432619e-01
4.890039772192661394e-01
4.890039772192661394e-01
6.259229730681054038e-01
9.291303512762187911e-01
1.843895885580597305e-01
9.045577584753834444e-01
5.440810860091521706e-01
2.703564184184480412e-01
1.344123966885976962e-01
8.711467874192818650e-01
8.711467874192818650e-01
7.963032065677739801e-01
1.106311856554295509e-01
6.696903028270205782e-01
4.979664825641209602e-01
7.374548800276560234e-01
8.281878995526732457e-01
4.763679596229807300e-01
4.763679596229807300e-01
1.044543256035930651e-01
7.553769991759790026e-01
7.399152271345676990e-01
9.447148976143090460e-01
4.350428240960659276e-01
7.530834002851547471e-01
6.666779814145961103e-01
6.666779814145961103e-01
9.780948416955087543e-01
1.796748017908794126e-01
3.740087576085032173e-01
3.404166677384404815e-01
8.833985135876673556e-02
8.088990976054492021e-01
4.479112317839917257e-01
2.050207115544764869e-01
6.175574872706578455e-01
9.120699996796138853e-01
8.199508719254307021e-01
7.528645292970664871e-01
6.832200183655472436e-01
6.832200183655472436e-01
1.514248726670444634e-02
4.533879112998820959e-01
7.134634586057374550e-01
8.416036390275516768e-03
4.814543449659356988e-01
5.172259982040819937e-01
5.632309472134718886e-01
8.717577770104869561e-01
2.677550468066640099e-01
6.344602134948759131e-01
5.696194323614680588e-01
5.206770484997118587e-01
7.206751483307218820e-01
3.730724674371723171e-01
1.881482301425402015e-01
8.442866488696907368e-01
8.472107341509680367e-01
6.980437250070390398e-01
2.326823504748566987e-02
9.045277250418316539e-01
2.347630322497595012e-01
7.428812668995545820e-01
8.024780625750130847e-01
9.711053433296674697e-01
3.640819989268698209e-01
5.602097760957385209e-01
7.758871116551118163e-01
3.813235128817465402e-01
5.875348885984376102e-01
4.804595943417738768e-01
9.021344126817352205e-01
9.680838502683762892e-01
5.604486764544861499e-01
7.605359715734981707e-01
3.282992641792173982e-01
3.096692293015476660e-01
1.997331938575461485e-01
5.897471990060888514e-01
2.154559494487293392e-01
3.828637809447709150e-01
2.202741781071607813e-02
9.901021821553510627e-01
3.645832715919137823e-01
7.091070104286271991e-02
1.799035354003515053e-01
6.294655997919822443e-01
4.152553712786272722e-01
7.367196601631642583e-01
8.216724530753546363e-01
6.370320664435158431e-01
6.914648162502859963e-01
5.678120677220291901e-01
1.973889146235954517e-01
1.973889146235954517e-01
7.832098529207439652e-01
7.637119175278059835e-01
9.806813171372554816e-01
3.773906691669711155e-01
6.991696687112559927e-02
5.074117921293425093e-01
2.463098106933927223e-01
1.553200365735199484e-01
7.159379204858561385e-01
3.248738180427424016e-01
5.358330664862007847e-02
1.999311901344867359e-01
3.701872016277652500e-01
1.167911502831678883e-01
7.374230573830230506e-01
5.890101617705114645e-01
5.890101617705114645e-01
9.809863259102923339e-01
8.396641142627805365e-01
9.719552766565423552e-01
8.284346198232919178e-01
1.897168863527590732e-01
2.031139075407377773e-02
7.549669348410954495e-01
9.374104118978436873e-01
4.476949877193927563e-01
5.959959780563871545e-01
5.959959780563871545e-01
5.959959780563871545e-01
9.804391022447280779e-01
9.804391022447280779e-01
3.285113056635653450e-01
9.687116671852280536e-01
8.062942667058285995e-01
1.276120039611912671e-01
2.267876469136766160e-01
2.267876469136766160e-01
4.192775773675987416e-01
4.718776908762586375e-01
2.164362754806150868e-01
2.164362754806150868e-01
4.092172412002514359e-01
3.179595155530195449e-01
8.310885284442214305e-01
9.676095885448727785e-01
5.994336807360898245e-01
9.134078532005832640e-01
5.163484321621318873e-01
9.169689698074979800e-01
7.161807140416258655e-01
6.488325053038543899e-01
2.109137152796356288e-02
2.109137152796356288e-02
1.176089707036498400e-01
1.176089707036498400e-01
3.818182734529981803e-01
2.290584135608134467e-02
2.290584135608134467e-02
1.584196039225335972e-01
6.657066418671239161e-01
5.816267957295629953e-01
5.816267957295629953e-01
1.892757834291975971e-01
1.369890366984356789e-01
5.916750625485136528e-01
7.965597812047372495e-01
8.842096475992098359e-01
5.076293389409207713e-01
2.675331608059445254e-01
7.925444890423747335e-01
6.528859633522174910e-01
9.225522770016612029e-01
7.396644894432191641e-02
9.709470229362514582e-01
4.983857275827012212e-01
5.614046863236622498e-01
9.704049651416195577e-01
7.115245303998362081e-01
9.887641201215566222e-02
3.355490916516346567e-01
9.664433041666669055e-01
3.383797833362373608e-01
4.560406874553100676e-01
4.560406874553100676e-01
2.442773162859823433e-01
8.523464573067989214e-01
9.070664316141792138e-01
4.754122440128583649e-01
5.293547636078891477e-02
7.765990395632642596e-01
3.947731807400188808e-01
1.783896392752673810e-01
4.390811399050569275e-01
4.390811399050569275e-01
9.241743298171183341e-01
9.384984458690657227e-01
9.253146883201330830e-01
8.923737722242633952e-01
3.782328105182897193e-01
6.526667817320239706e-01
3.717510582563857691e-01
3.717510582563857691e-01
1.364192010592927065e-02
1.155621549276526910e-01
1.155621549276526910e-01
4.093938203548339039e-01
2.566935904440389438e-01
5.257048180967947015e-01
6.214316786119770120e-01
9.105918668989662623e-02
2.542909724413024430e-01
8.518222651592285422e-01
4.025975066024260474e-01
5.653158670760565219e-01
5.914698115013523605e-01
6.970192325046766779e-01
6.807980766083097102e-01
3.684259575276907506e-01
5.904249950851544471e-01
6.538022927724369548e-01
4.483935227775591170e-01
4.483935227775591170e-01
1.771811146811900217e-01
9.847948556029566536e-01
9.847948556029566536e-01
9.690953181666427385e-01
7.272313106257455306e-01
4.418893272837008945e-01
6.381519321514073084e-01
2.069843444625631829e-02
9.881722979071750901e-01
2.611445462945734541e-01
7.891208349393862287e-01
6.285173289487687720e-01
6.285173289487687720e-01
9.969725243521278257e-02
3.263000563147077093e-01
3.263000563147077093e-01
6.910754894078050548e-01
8.922572711453761185e-01
2.258821386091141303e-01
8.448194791600636133e-01
8.448194791600636133e-01
9.871830861415983316e-01
2.237934796191747566e-01
6.363225115791809605e-01
9.243401875365296894e-01
6.153917008576791081e-02
5.011244027656311384e-02
9.536929943312799640e-01
9.483854271470562036e-01
4.871988344482322542e-01
2.349154867772843824e-01
3.022572031475757592e-01
9.244254432194006776e-01
8.413952961789554763e-01
8.413952961789554763e-01
6.174161671590910894e-01
4.563409725749824619e-01
1.362351339703780084e-01
1.362351339703780084e-01
2.734641650428092929e-01
7.244020171964458132e-01
2.509326453215265373e-01
8.235445519999314845e-01
8.235445519999314845e-01
4.363214063082274108e-01
3.949718666217130747e-01
2.294294638877081571e-01
9.143446074444969707e-01
8.189159840980775318e-02
3.194496804820171065e-01
8.454593855865345509e-01
7.674421630216711199e-01
8.850080977462042586e-01
8.850080977462042586e-01
9.021851922768540089e-01
4.168311456847426655e-01
7.578341789601998890e-01
7.578341789601998890e-01
8.584711932684879754e-01
8.584711932684879754e-01
4.799226089343048285e-01
5.414695807274373385e-01
2.671213355978491744e-01
3.220997009113242271e-01
9.595010717141075895e-01
3.135038812986648635e-03
8.549736695518493912e-01
5.848452794354087603e-01
9.986768175262746017e-02
3.125479410299814576e-01
4.003468808632259512e-01
2.171061618983619879e-01
1.326544776351169519e-01
9.240098276722227277e-01
6.083796988247329729e-01
9.925328323425461896e-01
5.358166841477871589e-01
9.629791836410834804e-01
8.181298514552208800e-01
1.624217272158616499e-01
1.230308696614525882e-01
1.889662124512623068e-02
1.889662124512623068e-02
3.961962736105634209e-01
3.241861725858846133e-01
8.912651255027310704e-01
8.912651255027310704e-01
7.355620727693762406e-01
3.805196894132661378e-01
3.655139157467017508e-02
8.764449232591575711e-01
5.118670088087614450e-02
9.761161071628216002e-01
8.837456866497732655e-01
9.553875109115828046e-02
9.553875109115828046e-02
8.854475204069733874e-01
7.728030967688050146e-02
6.161562626593649616e-01
6.161562626593649616e-01
6.161562626593649616e-01
6.161562626593649616e-01
4.077245610636000550e-01
3.509736897565955693e-02
3.899499972040321172e-01
7.541548695904932709e-01
7.541548695904932709e-01
9.681576668665822227e-01
5.532501171382803173e-01
2.224406523865218310e-01
8.294126126431455859e-01
8.294126126431455859e-01
1.665627763086715285e-01
4.000180754139399109e-01
2.025993753742012515e-01
1.515841228961961606e-01
1.435736514980946454e-01
9.058507158982950225e-01
6.958431267243165852e-01
6.958431267243165852e-01
8.601589309415393902e-01
6.001816858835939961e-01
6.114257513339150796e-01
1.726910516855131028e-01
2.763114064689664584e-01
7.486389497562979667e-01
5.759523380178408480e-01
1.715057403101044320e-01
1.715057403101044320e-01
8.240443324220543542e-02
6.619344920911529595e-01
2.721662958009272160e-01
5.055152132157328948e-01
4.336134911742537956e-01
6.985822017231457792e-01
8.674018008417810899e-01
2.453620725555685222e-01
1.643366221831618623e-01
8.782082010861632648e-01
8.857201027167717067e-01
6.550170298036146477e-01
6.651862900934377709e-01
3.659413644336763638e-01
6.314241550603196806e-01
3.229216756957979384e-01
5.125884015431362295e-01
5.125884015431362295e-01
9.049109123920354714e-01
5.694159690601647839e-01
2.415858228088980236e-02
7.493999982607750798e-01
5.615372379048404472e-01
9.890212815731038720e-01
9.625049056602236197e-01
9.625049056602236197e-01
1.247354049790042607e-01
5.571993984199742345e-01
9.148513917622043412e-02
2.197421096589878831e-01
2.197421096589878831e-01
7.971584179043808005e-01
4.048156550112303464e-01
9.720616994711300807e-02
1.835985476924980875e-01
9.447876478532466482e-01
6.579738434123925117e-01
9.425009968598313526e-01
3.967716069560177639e-01
5.192452289319561265e-01
7.239019698932510627e-01
8.706121077169686195e-01
8.706121077169686195e-01
9.207368781446240158e-01
3.318576973014646797e-02
2.579131238132251203e-01
5.388817531295602148e-01
9.726607234069354346e-01
8.641476857305457893e-01
5.822185150132084264e-01
2.479124574017236848e-01
4.865625088329568748e-01
3.996469286933808374e-02
3.996469286933808374e-02
9.456171858129138741e-01
3.047175114774866023e-01
5.175160233112446884e-01
9.790421784334371047e-01
8.858557379817681987e-01
5.896094921283817625e-01
7.870383233614556273e-01
7.870383233614556273e-01
5.580238914449606735e-01
8.875709929979008761e-01
8.339758446204416087e-01
2.232625625451799822e-01
8.400952515617772232e-01
1.759309649810730514e-01
1.759309649810730514e-01
1.510406338507805923e-01
7.304156356104445358e-01
6.100340038447747970e-01
7.561066305906618545e-01
8.108792557649666666e-01
8.108792557649666666e-01
2.832745049875559085e-01
2.832745049875559085e-01
9.590087311426214178e-01
9.590087311426214178e-01
5.255179650669097313e-01
3.431451517159248010e-01
2.073046158575085063e-01
2.073046158575085063e-01
9.606307928973848442e-01
9.606307928973848442e-01
2.217927056034149358e-01
2.217927056034149358e-01
1.067522093887303403e-01
4.704861878695018040e-01
2.740758246517948082e-01
1.935078531363823226e-02
5.605108309812851797e-01
5.605108309812851797e-01
6.553371182953997287e-02
3.595513265092074862e-02
9.930303257328949584e-01
7.434924482355222963e-01
6.813020160028355754e-01
3.795832407927886565e-01
8.915311131543587897e-02
4.899450934038997452e-01
7.633204393727803794e-01
9.436028638587419248e-01
2.335556555626442377e-01
9.315439448906042141e-01
2.460037270539933985e-01
4.050407894431731215e-01
8.850059614155720844e-01
8.850059614155720844e-01
8.507045713438082801e-01
2.879621480717460200e-02
1.778784964684466258e-02
3.785529691524044393e-01
9.785836424579309467e-01
8.962156042549886958e-01
4.439957846667187402e-01
1.734910550732404466e-01
9.954791274702160520e-01
4.309890720339186743e-01
6.948677227737147799e-01
2.185705896201803611e-01
2.480282883682671247e-01
8.022411513695834051e-01
1.637299797428430348e-01
1.637299797428430348e-01
8.070042981626779355e-01
6.383763450876027701e-01
4.595494286207535417e-01
9.608279669599130157e-01
8.939554963659755993e-01
7.827941447724057200e-01
4.517665952658658224e-01
3.166139184686349028e-01
3.166139184686349028e-01
3.166139184686349028e-01
9.188812270632944479e-01
8.075722632801458634e-01
9.397731577978618578e-01
1.899379310309676772e-01
1.305947192946019762e-02
7.214621980150061065e-01
6.426312000547029779e-01
8.306799115274764167e-02
8.306799115274764167e-02
6.916685420580684918e-01
1.841914394450210601e-01
2.680113010224152714e-01
3.812124811296663252e-01
3.812124811296663252e-01
5.116907876473896222e-01
1.037667930907345964e-01
1.757527489782939045e-01
5.968163233937526790e-01
5.968163233937526790e-01
5.968163233937526790e-01
9.652602883939054301e-01
4.955506948652443344e-01
7.031951729223170355e-01
8.810468543121282581e-01
3.551654149878435973e-01
8.619150390841323617e-01
7.280457365214630661e-02
2.065048699157581436e-01
2.065048699157581436e-01
3.194248414593308660e-01
2.913497426530793910e-01
2.639313311047613783e-02
9.769193698682870908e-01
2.710835263466369605e-01
6.888018972101738191e-01
3.306218639557569894e-01
2.710786169519616151e-01
8.502092668486380678e-01
7.796124275897888811e-01
7.796124275897888811e-01
7.796124275897888811e-01
2.561272886350409728e-01
5.276765047952942239e-02
4.590501523343756829e-01
3.816068701461521884e-01
3.969999014710048207e-02
4.722469216388291979e-01
7.040108646730086628e-01
1.072379225817088610e-01
3.747175276652238152e-01
1.065247983964407175e-01
2.817882758105416663e-01
3.048723856035071567e-01
5.416208087038572039e-01
5.416208087038572039e-01
9.137519446503262754e-01
7.518628447779182045e-01
5.366250301839595727e-01
8.089618111035822290e-01
5.756715782604564513e-01
5.756715782604564513e-01
6.416653275807329138e-01
3.842346494429668136e-01
5.572390934607462931e-01
5.572390934607462931e-01
4.683401761039439060e-01
3.582877370972923359e-01
5.841196510149712084e-01
1.818236902264797616e-01
1.818236902264797616e-01
2.567799417244082116e-01
5.597131601265395995e-01
9.984827019829957129e-01
9.282018975526120652e-01
6.238906737578636674e-01
6.134945682345114282e-01
5.288929600660838837e-01
7.244303195032366638e-01
7.244303195032366638e-01
1.471888397083677968e-01
6.572194669012264290e-02
6.362690330680915718e-01
7.292820189378650397e-01
3.167054814310278910e-01
6.410366510371859894e-01
5.424823172101784774e-01
2.637847921861048439e-01
9.077295768121024233e-01
9.077295768121024233e-01
1.709219346709818076e-03
4.276987560539807220e-01
6.265756376881018719e-01
7.210884241506815284e-01
2.231575140065924223e-01
7.949190252441807880e-01
7.425986225265850116e-02
3.767062123679154051e-01
2.994677589791679972e-01
1.144835131239340248e-01
1.144835131239340248e-01
6.478909257986643633e-01
6.550891582076845410e-02
5.962717530747538852e-01
2.111099506840327655e-01
3.777648777462909169e-01
3.777648777462909169e-01
7.172044794459854211e-01
7.172044794459854211e-01
4.118469315029646971e-01
5.231522143876295855e-02
6.985777173358869163e-01
5.898980093443914052e-01
9.118836351661162576e-01
2.022362348533639498e-01
2.022362348533639498e-01
5.166276017594511050e-01
8.770940692195496879e-01
7.737312744477033988e-01
8.234654208491178906e-01
4.473610413574026778e-01
4.473610413574026778e-01
1.825415490690338732e-02
6.784304748296393628e-01
6.784304748296393628e-01
7.743105346917414922e-01
4.312151790319683764e-01
3.321925251812478663e-01
7.638656725979744433e-01
3.349038282445769843e-01
3.349038282445769843e-01
1.185182170992277878e-01
5.460962426480589493e-02
3.962275631531597675e-01
3.697798842960702825e-01
4.238345328553449337e-02
7.833557783191980040e-01
5.004241827183102398e-01
5.004241827183102398e-01
5.004241827183102398e-01
9.467189427925419842e-01
5.061166806957445585e-01
4.066461905086173334e-01
3.754698751950474866e-01
3.723080302113205842e-01
9.075604536779823261e-01
1.929278766794611799e-01
3.830236783000782186e-01
6.803583771279071435e-01
6.056679198301759826e-01
2.329243575837527391e-01
6.917047155206526021e-01
6.917047155206526021e-01
6.343482326897807999e-01
1.836944937752015838e-01
1.836944937752015838e-01
9.850504190992835918e-01
9.653415576929689212e-01
4.115678891944807294e-01
3.088645073894853710e-02
6.558872902303578001e-02
6.558872902303578001e-02
2.837834130503943952e-01
6.515297869861094160e-01
6.515297869861094160e-01
9.930782188710086666e-01
8.920411928721296846e-01
1.744544137244076198e-01
1.331355650892189213e-01
2.033701751003661184e-01
9.147112870311811805e-02
6.526165492523197109e-01
9.193939203745836730e-01
4.946972574947527262e-02
4.408593843870619033e-01
7.283213769303888974e-01
2.723964967796360659e-01
9.222321812088550841e-01
3.591947937570257321e-01
5.360863328482184942e-01
9.748399133946434869e-01
6.138217162860278853e-01
1.936398010475920417e-01
9.381776513020563257e-01
1.042341808736303443e-01
9.564437825205236443e-01
1.265820977909633827e-01
1.265820977909633827e-01
3.159810443394608370e-01
5.064699905199908647e-01
2.960765607430763113e-01
3.129953977461643055e-01
3.129953977461643055e-01
2.250039474278605067e-01
2.250039474278605067e-01
5.311521049436603858e-01
6.627173027341242140e-01
3.038883487171660236e-01
5.493056651134271551e-01
6.088414507389534186e-02
8.644072889767600021e-01
8.644072889767600021e-01
7.381764050777003261e-01
7.381764050777003261e-01
1.494890349401334362e-01
6.802824809424270480e-01
6.014149338376220122e-01
7.004118275179237463e-01
5.742694402497930950e-01
3.181845006675642074e-01
9.081270330294245463e-01
9.038318051424809596e-01
5.667370957427865230e-01
6.023044315606185251e-02
8.287847653356739119e-01
1.521960488650257563e-02
7.940940981409714272e-01
8.497655403620059111e-01
7.597008343800613905e-02
1.571474007850496846e-01
1.409449277085276231e-01
5.002419548877199418e-01
7.941285321989709489e-01
6.684547102720818090e-01
6.099868780239808830e-01
7.011380624908485348e-01
5.073944786088708803e-01
8.094437173776625194e-01
2.204982169432434802e-01
3.339123394589562643e-01
3.339123394589562643e-01
6.580205454828360612e-01
7.107662031506478684e-01
4.222201363133004648e-01
7.061069747804475938e-01
2.441010278775183895e-02
1.550491307732918544e-01
6.255328136929864946e-02
7.517359221050604612e-01
3.956785821474514409e-01
2.843912266384485688e-01
2.274901622566444515e-01
9.393177048300916931e-01
7.670758688519669910e-01
7.789949611507369642e-01
9.777373061193576076e-01
8.567162058413695380e-01
2.921269751071091658e-01
3.083700468187494659e-01
3.083700468187494659e-01
9.314234189261839658e-01
9.314234189261839658e-01
9.314234189261839658e-01
9.707244765338550740e-01
5.803668412968858714e-01
6.615436656456844533e-01
1.627783200237216676e-01
1.207428558345274155e-01
4.117740490615287574e-01
9.252932319375424264e-01
3.377471520352566814e-01
2.817278384833377114e-01
4.611868484523068412e-02
4.019830629943670353e-01
4.019830629943670353e-01
7.976103078586512796e-01
5.868713616657867949e-01
5.868713616657867949e-01
9.496627824930584660e-01
2.844534400038802313e-01
6.165731522791720876e-01
7.853299671927507219e-01
3.342183272754211121e-01
3.342183272754211121e-01
9.444435113663472992e-01
8.749082150046703088e-01
5.033119866429117684e-01
5.515905072372813134e-01
7.851542705038797587e-01
7.521544777200800391e-01
9.091775112370481526e-02
1.940062928109048401e-01
1.940062928109048401e-01
1.940062928109048401e-01
2.414607102580579034e-01
6.376455908768666747e-01
6.525875248757976310e-01
7.735737541203716594e-01
2.891198537947293201e-01
2.064823587313916742e-01
5.623133199619433364e-01
8.981080936930437852e-01
5.073316785768786641e-01
9.894257720680118551e-01
4.724757929114138943e-01
8.655219310255294340e-01
2.894494391840046754e-01
3.143205068623031173e-01
7.679115113912736712e-01
9.247595271045010168e-02
6.149569236942215023e-01
6.149569236942215023e-01
4.917757139764336038e-01
8.164796517940970944e-01
8.798507439722510481e-01
1.790888817008555456e-01
1.770437085157254564e-01
5.384925011825137525e-02
8.828371710958824448e-01
8.828371710958824448e-01
3.308364571136044319e-01
6.330016973315572004e-01
8.493579512355281524e-02
8.514883338519165790e-01
7.355858620215420807e-01
2.895700143646189328e-01
9.199501748794476352e-01
4.542094258685874797e-01
5.308448573869477549e-01
4.918875907854908247e-01
9.241845373090863403e-01
3.971809174210119142e-01
5.817315502234787772e-01
5.538429350523613737e-01
5.538429350523613737e-01
7.965948781939394818e-01
2.476521954944353454e-01
6.514563316967817430e-01
9.249018412349280238e-01
6.120922019036642014e-01
9.990015232308983029e-01
3.579923023448577935e-01
5.625023284840000581e-01
4.497929167276414342e-01
8.125952420704710133e-02
4.246841194966465838e-01
8.442416823894866029e-01
8.442416823894866029e-01
1.852481779972687259e-01
1.849515767663489629e-01
2.627066357719553547e-01
7.936021229941344624e-01
3.389591049495313535e-01
4.361525032565026216e-01
8.563294198591130391e-01
3.222086707379245851e-01
3.222086707379245851e-01
7.671599514423635968e-01
7.671599514423635968e-01
2.046703010361369118e-02
7.403940372904314060e-01
6.706157238877660243e-01
8.889166730258039051e-01
8.889166730258039051e-01
4.120501148391521040e-01
4.832496007649759173e-01
3.235397817265460163e-01
2.177654697676852102e-01
2.127146988811186579e-01
3.596701774973584120e-01
3.596701774973584120e-01
1.587082118231015748e-01
3.333104995511076973e-01
7.680913781101575966e-01
6.482654396317574230e-01
5.589348507117575249e-02
8.315837130627361518e-01
2.831724328383856126e-01
1.933662852662862419e-01
1.933662852662862419e-01
9.185214725732685492e-01
9.185214725732685492e-01
8.460190540579145546e-01
6.914803058673006930e-01
1.921871521516429204e-01
4.240995665543781379e-01
7.732095851671167974e-01
2.994812471736928439e-01
7.678306548204820725e-01
7.954499432707430595e-02
5.709353443852169807e-01
4.339661320455326932e-01
2.019358280867054600e-01
5.474026219770051771e-01
5.344605036761397310e-01
1.876953990326020727e-01
1.876953990326020727e-01
9.285949410868484799e-01
7.138465912593352503e-01
7.138465912593352503e-01
8.891630265203407379e-01
9.636980739740881319e-01
9.879571932647850385e-01
9.879571932647850385e-01
9.014512893339381439e-01
9.380039936493089758e-01
6.937367746942111335e-01
6.937367746942111335e-01
5.622480603252620890e-01
5.622480603252620890e-01
5.622480603252620890e-01
1.873795344227853765e-01
2.543766528997373766e-01
4.019510806799723168e-01
5.073515105875644471e-01
7.949129318893634055e-01
7.949129318893634055e-01
4.441178348676242393e-01
4.441178348676242393e-01
3.104119877361039004e-01
6.195202730024746973e-01
4.694424048112693648e-01
9.602389957451873403e-01
9.935014166511879630e-01
9.935014166511879630e-01
3.358671230204146041e-01
1.481489591401438100e-01
6.885970303538063719e-01
6.885970303538063719e-01
3.166986500641429947e-01
8.161181330134534839e-01
8.962877671042221994e-01
8.601968418173084885e-01
4.532237443666614629e-02
2.850309358103748636e-01
6.207654834379326969e-01
8.678715861576179191e-02
2.372757688573302881e-01
3.504903957602668596e-01
3.654551746990251648e-01
7.716334317756213812e-01
9.795654089373153628e-01
6.067113966017899651e-01
8.102362964089121489e-01
4.235341389164523074e-01
6.351345370268629553e-01
6.351345370268629553e-01
7.151915304607856516e-01
7.151915304607856516e-01
2.026467102557885924e-01
4.553717250305959197e-01
9.715072218258136161e-01
7.135876272226311379e-01
4.995455851555527516e-01
2.159082738217725783e-01
5.949149756868756800e-01
8.547278105173378160e-01
7.378404118602437389e-01
8.386195100580829953e-01
8.770054887016235368e-01
8.339516884239770445e-01
9.615611174606251144e-01
4.130029305945835394e-01
9.324520047756791330e-01
7.373306650321739264e-01
9.820452136292117107e-01
5.253520634532731215e-01
3.840650921264827100e-01
4.027016183278527839e-01
2.462127557567351382e-02
2.462127557567351382e-02
8.052777535386489438e-01
1.104395020854817035e-02
6.932595885485612897e-01
5.605811287555405587e-01
8.713005355757846848e-01
4.295747315267308131e-01
4.295747315267308131e-01
9.375619342736022377e-01
5.321933133944413141e-01
5.451941754267425333e-01
2.039454090115568330e-01
4.579859356066449672e-01
8.309029809465675598e-01
8.659973202951838367e-01
9.259974906324348609e-01
5.211275970684781100e-01
4.031320310997132950e-01
6.841389748470672050e-01
4.937871967734051570e-01
4.937871967734051570e-01
8.972861953070028207e-01
7.170794360680249335e-01
8.216131553720135150e-01
5.295343792460280863e-01
2.172706629281639656e-01
8.759388935853877900e-01
9.401435934564232877e-01
4.723873142827684779e-01
4.723873142827684779e-01
6.863685335067216675e-01
6.364575417276066016e-01
4.526078617298333606e-01
7.229230609077983427e-01
7.229230609077983427e-01
9.753643148237710614e-01
4.604673725061926848e-01
4.850869282220714451e-01
3.500791031689872573e-02
3.775363067048721766e-02
8.205149910523368284e-01
1.530924157771547563e-02
3.178511756814895728e-01
1.966492698087369262e-01
9.414854868653653730e-01
5.861611217341988755e-01
9.429201247434735311e-01
7.845239898597426986e-01
7.497846685513157028e-02
7.181837745907120318e-01
7.222859636444950437e-02
9.884395768709891561e-01
3.980551866542193507e-01
7.907986587267334944e-01
3.771376092145971026e-01
3.771376092145971026e-01
1.474372294087373247e-01
2.724999738657318121e-02
8.776065122474747682e-01
5.551473776616255851e-01
4.820474836505130312e-01
3.381350474065490386e-01
3.381350474065490386e-01
4.656883332000633091e-01
4.656883332000633091e-01
8.092478287695907546e-02
8.092478287695907546e-02
3.298600781244152014e-01
3.298600781244152014e-01
1.135716267909309685e-01
4.460626479224254481e-01
5.514135201092964511e-01
9.810578776009247770e-01
8.439411322033492091e-01
4.140292269524100122e-01
4.140292269524100122e-01
7.551391697734483044e-01
7.551391697734483044e-01
5.717594888512997908e-01
9.040306577193519821e-01
9.452414666236892415e-01
2.857430957073388983e-02
7.908745685046656426e-01
3.647210010245093698e-02
4.115225884508041942e-01
8.743869817481776385e-01
1.664841509496753358e-01
2.655560700895985837e-01
2.655560700895985837e-01
6.179883122131047957e-01
6.601123269703738083e-01
4.946313557814083772e-01
3.193026442454400815e-01
8.374332366784269510e-01
4.486245764251043933e-01
4.486245764251043933e-01
7.480141688736602346e-01
9.142943911652507971e-01
5.004004567540775161e-01
6.098277587854594728e-01
1.705630896266084953e-02
3.156096667199898009e-02
7.615183913574335994e-01
9.505555252962006874e-01
7.261340202185062598e-02
1.845332419461036266e-01
8.104660218898857016e-01
3.081003212710500816e-01
2.575768124467090608e-02
8.450660995171951351e-01
3.336561983828483235e-01
3.336561983828483235e-01
9.847078041171807294e-01
1.789519691550906302e-02
1.181131664454756203e-01
5.137203958861077252e-02
6.099975328547163622e-01
5.811944134400786055e-01
3.416087277408982326e-01
6.411015981853321888e-01
4.833015568885149493e-01
3.264519780285415895e-01
3.264519780285415895e-01
8.891940843032219988e-01
4.991850003864016228e-01
7.278012614717814799e-01
2.354151121659877888e-01
3.585439938112339187e-01
1.364674061624221169e-01
4.938202816918836890e-01
9.946563574086002557e-01
7.862227173971827465e-01
5.767311620687882306e-02
9.883641088734255176e-01
9.883641088734255176e-01
5.466468843237899666e-02
5.466468843237899666e-02
3.481121334469532980e-01
8.639876201242824294e-01
2.059501285985240043e-02
3.162459032419006610e-01
5.447591521201340381e-01
5.595404449164991662e-02
3.268720929917954821e-01
4.665570486720863053e-01
1.593632095862486386e-02
6.415782703533542408e-01
9.399157237351227767e-01
1.338071162435559291e-01
8.536435929812936640e-01
3.151008870259427736e-03
4.490360710739608185e-01
7.133087481462047075e-01
7.133087481462047075e-01
4.051221387446837796e-02
4.051221387446837796e-02
5.880466671343923535e-01
3.561612586650480528e-01
4.180595028945196523e-01
5.237855909349434791e-01
8.962953593774473093e-01
8.962953593774473093e-01
5.227407446233629518e-01
7.974050391626609224e-01
7.245622264599816953e-01
4.169724546363246520e-01
1.583358807809887026e-01
6.515862647127356189e-01
6.515862647127356189e-01
9.371751045148372927e-02
2.779860402453475654e-01
9.556579342311897207e-01
9.556579342311897207e-01
5.705011981274212829e-01
9.095561009231226679e-01
2.695020575709547103e-02
5.052142138419271067e-01
1.835451537097097519e-01
8.422929817571542799e-01
3.435483336936841908e-02
6.155543280319846211e-01
4.900254059075917490e-01
3.701535150482134218e-01
9.391842114741190128e-01
7.496775601924432486e-01
5.897646205097046845e-01
5.897646205097046845e-01
1.974699879360305166e-01
5.317707089375854901e-01
9.913522308891338231e-01
1.753026112789605739e-01
7.385645712756812031e-01
8.606098018359920748e-03
9.443395662862803519e-01
6.811589731268042902e-01
4.428189616328273570e-01
2.153508147937588726e-02
5.046715571567431668e-01
7.011443607018035262e-01
7.011443607018035262e-01
5.293166869541985342e-01
2.591515673562274635e-01
8.710018173610201142e-01
2.481074701428741813e-01
1.960243289197866334e-01
2.247965920672931883e-01
5.213248955811962126e-01
2.346920021468073270e-01
1.451621085581185078e-01
6.422055902829801877e-01
2.141458091473674996e-01
4.045503780416347950e-01
2.052077716953139286e-01
5.212609648008879049e-01
5.489201850479968892e-01
9.413393766371074278e-01
2.594581201622757627e-01
5.736611464212795219e-01
1.596691518037072488e-01
1.596691518037072488e-01
7.185324221079023577e-01
3.330754176190305338e-01
8.961589149349656891e-01
7.123249644704057193e-01
7.123249644704057193e-01
4.012265750198874548e-01
4.031496468002192524e-01
6.051950728827117931e-01
2.453341508565695384e-01
9.644919201588687541e-01
3.838828519970031161e-01
9.131903359420663335e-01
2.463150640869767871e-01
8.490625507595545018e-01
8.490625507595545018e-01
1.889949286141515417e-01
8.124963839928672771e-01
2.806931980959325723e-01
5.101589286494825348e-01
6.334462567352964202e-01
4.029961735678588841e-01
4.654437339344759672e-01
7.115706019607991317e-01
9.899297575285203044e-01
4.669020793778097533e-01
4.669020793778097533e-01
9.385789168808231775e-01
9.882795670592933179e-01
9.882795670592933179e-01
4.045189473194590324e-01
1.133082096168736702e-01
9.286566404531422514e-02
7.329254436879425461e-01
4.332037884674994621e-01
3.240601921832760302e-01
4.738186266737566266e-01
7.892008617050718655e-01
2.562641061333212900e-01
2.675760102881212799e-01
9.212939402889674945e-01
5.952649176952989896e-01
2.863254072510900694e-01
7.533098165025901016e-01
4.902664780145722934e-01
6.752932777013601617e-01
4.611165580186243895e-01
1.683192927076840040e-01
9.502193821442182775e-02
6.862788374641106692e-01
3.822728167607142291e-01
2.380268492764445742e-01
8.012215894266576655e-01
3.224200890688055376e-01
3.786524587528409258e-01
1.545887240011773259e-02
1.992328755144858743e-01
5.819106847991141196e-01
2.177502952068039455e-01
9.891756708728026704e-01
6.429996520276638483e-01
6.429996520276638483e-01
1.893689322025150223e-01
3.069887248962448467e-01
6.937715628632379339e-02
7.206282813266466636e-02
8.731768449431170920e-01
3.493157010686002983e-02
3.493157010686002983e-02
3.493157010686002983e-02
1.965088290525799919e-01
9.674620952900698789e-01
2.687312418412052262e-01
4.931192538983460161e-02
1.959643739556552189e-01
1.959643739556552189e-01
8.905535744087900163e-01
2.134328325520502834e-01
1.079814466374096060e-01
2.634890956804161743e-01
2.634890956804161743e-01
7.067642173490792379e-01
3.499184911899025918e-01
8.329287103772687884e-01
5.675910893940852020e-01
7.985898237960249446e-01
7.985898237960249446e-01
1.248461066514777451e-01
5.144371670938829855e-01
2.494365166986710070e-01
7.860692069867042386e-01
6.232370800111480813e-01
6.891575789604970081e-01
9.704706614716679391e-01
8.791497290429390876e-01
9.972774920371417495e-02
6.184678104444706337e-01
9.635556567340829437e-01
3.274942163377373983e-01
2.822686766884267562e-01
1.574221265520590884e-01
3.698568697855345727e-02
3.488050323895481863e-01
5.958714174469503799e-01
7.841175650828083876e-01
8.581488306594293736e-01
9.905986869523711880e-01
9.105599264259868486e-02
1.510300138920008806e-01
6.246580923981398525e-01
9.545570413815915867e-01
3.968268901713156716e-01
5.288001917574254307e-01
8.143406795263734566e-01
4.428576477794881061e-01
4.428576477794881061e-01
7.527636088908677692e-02
7.527636088908677692e-02
1.490922279540953244e-01
9.832810213706948410e-01
6.652925701240181011e-01
5.426033044284397366e-01
1.314065631107931842e-01
2.874068694564519966e-01
4.425211049947839759e-01
4.425211049947839759e-01
3.701222542620292155e-01
5.829971773147591962e-01
2.948144809343203887e-01
4.971511030537641429e-01
6.245047610428980898e-03
4.938684429678590893e-01
5.569374560148478981e-01
2.092594921259132157e-01
5.125777356023808462e-01
9.404706151005062242e-01
1.888479554374421499e-01
4.766898752736336564e-01
5.883717969672587478e-02
8.740328804524096773e-01
1.657582948222277863e-01
9.086519026338694127e-01
3.308904246708342933e-01
3.690261760417744008e-01
3.690261760417744008e-01
5.261953390620308646e-01
5.863803418430808823e-02
5.714426227960334170e-01
3.079289782601259962e-01
5.530586364465143179e-01
5.530586364465143179e-01
1.876017167071633018e-01
6.682843382601355575e-01
1.721973550131536412e-01
1.961666236188875506e-02
7.363240227763713230e-01
5.978802357066745898e-01
6.075767331916632763e-01
2.655708592969041604e-01
5.435580560955407536e-01
3.709641258833420441e-01
2.391697244589101323e-01
5.811680295292505349e-02
5.811680295292506043e-02
3.095126545933900575e-01
7.515452781166215290e-01
3.718524602293357684e-01
8.195293752456558334e-01
7.513706711935596028e-01
5.461394575929523487e-01
7.531557052088440063e-01
7.531557052088440063e-01
5.781401152672544647e-02
1.961584978565052706e-01
5.278481866040890536e-01
6.735341191405856964e-01
1.075993746991599220e-01
2.368483249938899138e-01
9.433721373117746056e-01
2.131269144512546732e-01
9.248181568823558019e-01
1.331240928943919766e-01
6.296680298861355718e-01
6.359113569363944451e-01
1.343187188676274457e-01
1.976353113063985811e-01
2.452365459192157870e-01
2.452365459192157870e-01
3.745076445301012691e-01
3.745076445301012691e-01
7.204732077787273647e-01
1.016198130870806932e-01
1.038086117721577634e-01
9.936274974380648883e-02
6.910661545079543888e-01
3.056450857506977647e-01
8.446749673290493421e-01
2.351948124750353752e-01
6.233500205662666216e-02
6.026879029757702400e-01
8.810146292727766976e-03
4.442416495042539881e-01
8.156753444185202984e-01
5.242278942248873586e-01
8.613881091421347058e-01
8.613881091421347058e-01
1.774259757587094699e-01
3.975710821776845538e-01
3.975710821776845538e-01
3.975710821776845538e-01
9.092635900417727068e-01
1.443643725990868473e-02
9.475795756757828814e-01
8.613821256407475646e-01
9.484152909087313343e-01
9.484152909087313343e-01
2.533463047419355907e-01
9.853429176277535007e-01
9.853429176277535007e-01
7.457481900972652289e-01
9.894717235766714580e-01
5.969324920267550239e-01
2.537228553677874365e-01
9.355109594291379782e-01
2.602032834745671708e-01
8.438380869252865013e-01
8.438380869252865013e-01
4.365570958356712605e-01
4.365570958356712605e-01
4.872112833319280911e-01
2.610464275152833413e-01
2.610464275152833413e-01
2.583525475033033869e-01
2.583525475033033869e-01
5.602587728099955172e-02
5.602587728099955172e-02
5.602587728099955172e-02
3.591368507066331484e-01
4.410008052463187389e-01
4.410008052463187389e-01
1.088121454803939459e-01
1.088121454803939459e-01
2.601473115929862634e-01
7.551186404976486521e-01
2.685796439335846331e-01
3.108934619281450429e-01
4.756075911595290528e-01
4.756075911595290528e-01
4.695630268031125709e-01
5.188938304072825414e-01
6.982703490888373388e-01
2.500860696986388354e-01
2.500860696986388354e-01
1.118586079826978386e-01
5.240325712719349216e-01
6.379922904804204986e-01
4.960233859674988421e-01
4.960233859674988421e-01
1.798749577401600463e-01
2.432689190313326866e-01
2.861516433606264842e-01
9.679551514993649519e-01
2.321877514297511214e-01
9.079753128004481866e-01
5.526353398429206809e-01
4.607257427763856716e-01
7.274183326852704523e-01
8.591337612012246439e-01
8.591337612012246439e-01
5.894004882779372290e-01
2.315633883934586357e-01
3.211688280501032167e-02
3.695758178556188961e-02
9.040638460058354406e-03
9.638980368708535140e-01
5.549032365382916554e-01
5.549032365382916554e-01
7.552191843002170613e-01
9.876909524182598821e-01
1.162204127897281114e-01
6.670198652043940468e-01
6.972597230326135209e-01
8.736631145811413202e-01
5.664311798036807399e-01
8.013486873756484608e-01
1.192106374346355024e-01
9.108278407311026781e-01
9.108278407311026781e-01
8.085799748641822049e-01
6.710480246097590973e-01
3.250212062763023768e-01
3.454793570128506519e-01
7.914400026103460273e-02
2.696143396817326631e-03
2.696143396817326631e-03
1.018159257467617373e-01
4.955607668561327062e-01
4.955607668561327062e-01
6.331097515696033629e-01
7.980942298342529329e-01
3.581961928359007064e-01
1.428255577539201127e-01
1.428255577539201127e-01
5.618114197899319873e-01
3.236576254055715252e-01
2.654607791020479612e-01
8.333499486325884886e-01
6.539813820884571305e-01
4.664035736383926878e-01
8.199390315945287444e-01
8.389249564998354503e-01
3.820807655855708584e-01
3.801977049029308109e-01
3.801977049029308109e-01
4.054580093982240729e-01
6.523542181455543876e-01
6.087123420005958740e-01
5.243172345475195090e-02
9.523257876412266620e-01
9.245213329128449953e-01
8.512874834881580671e-03
5.094442058069439394e-01
2.422479105565725210e-01
5.906228365344530218e-01
2.569763336407101043e-02
9.418804254702854983e-01
9.418804254702854983e-01
1.662155314691469155e-01
7.269693974939253067e-01
2.195416267679489997e-01
8.043091052089811344e-01
7.328482677783029198e-01
7.328482677783029198e-01
4.724609818676096529e-01
2.638091465482268472e-01
2.638091465482268472e-01
6.558324048726890121e-01
4.171081139697568885e-02
3.182818704019920591e-02
3.182818704019920591e-02
5.998108222719013005e-01
9.589503282191365330e-02
3.788244295617249069e-01
3.788244295617249069e-01
8.437671466145050259e-01
8.340739353471918194e-02
5.423161648431071846e-01
9.577753506783992510e-01
7.852129353758667829e-01
7.815174903746050505e-01
2.502363318515878343e-01
3.323686070649710111e-01
6.231923297407678808e-01
8.463798409290723690e-01
8.463798409290723690e-01
9.333497272354494001e-01
9.333497272354494001e-01
8.149218466088758994e-01
5.166018464703306945e-01
7.556530090056104987e-01
4.684833580699369199e-02
1.948599547916086139e-01
6.304370138395456458e-01
4.424712524611466580e-01
4.424712524611466580e-01
3.713555048287396354e-01
9.714068594717852057e-02
9.214022892413966659e-01
9.222179025952352838e-01
9.222179025952352838e-01
6.641074472700925213e-01
1.191348212647122956e-01
1.738900390502843840e-01
3.914250688936753847e-02
8.430445495905721787e-01
7.591480136099953979e-02
1.926446519850353034e-01
9.369843558473700540e-01
8.108147198730139005e-01
9.590193256413666045e-01
6.539829911509772442e-01
6.339419792206643089e-01
6.587100934567918786e-01
6.107734331121505988e-01
6.107734331121505988e-01
8.834777549880870051e-01
6.606860609456173261e-01
4.176570801584800902e-02
3.034068286534279402e-01
6.746800710691540637e-01
8.525253143685597446e-02
1.074322423979496288e-01
8.608451615168170035e-01
2.592064355668819986e-01
3.458571945799859826e-02
7.962054075634104056e-01
1.854644759368861695e-01
9.284318222739764703e-01
6.898680729594105498e-01
2.915079653720382691e-01
7.180848380955868748e-01
8.554773033376164570e-02
4.368548021446478358e-01
3.918810687291942596e-01
2.410901631325951811e-01
8.449511534793266998e-01
6.232688715855186912e-01
4.750385010540945085e-01
3.269106151052469933e-01
8.603680345429564058e-01
5.581194252191169491e-01
2.652305329847829962e-01
7.431827047829893118e-01
5.330327198234207087e-01
6.857656410783943279e-01
3.134577316181129669e-01
2.252431314062204315e-01
2.252431314062204315e-01
5.225291527696956928e-02
4.635567220475482753e-01
9.185155242366596084e-01
1.654413476321882348e-01
7.607429999078859978e-04
1.252222279247505732e-01
1.252222279247505732e-01
1.142198753859815508e-01
1.521899442702500382e-01
3.746549631409433756e-01
4.935918288083416261e-01
4.320933209756745441e-01
6.974533471485633296e-01
9.051398842510329779e-01
8.129045385016130110e-02
8.129045385016130110e-02
8.129045385016130110e-02
6.392762285984004977e-01
1.959023893513535397e-01
9.556770409375858755e-01
1.288522137253472477e-01
1.287370131657761783e-02
4.357336384970132981e-01
3.272028382885817099e-01
1.499712808754623539e-01
8.817386108505588238e-01
3.899835475578462551e-01
2.392274841478131409e-01
2.392274841478131409e-01
8.018065154331683875e-01
8.018065154331683875e-01
4.056022486634878188e-01
7.329197108634124547e-01
8.982163165764042168e-01
8.515741532316911666e-01
8.863584346158701610e-01
9.006156421275935964e-01
1.892328742651323281e-01
1.892328742651323281e-01
8.548024992707378145e-01
8.736952025518971432e-01
7.992626368654159874e-01
4.075439247928568931e-01
1.889105776912920476e-01
9.031061854491706509e-02
7.996185902352138941e-02
1.982346814577192751e-01
3.331304216799297335e-01
2.153897435365867141e-01
4.891619346782338784e-01
4.223102572569446128e-02
9.592296931952901673e-01
4.417838151983170536e-01
6.184339124220896711e-01
6.252097854095179930e-01
3.996561223963341902e-01
1.503486558747705315e-01
1.503486558747705315e-01
7.908812215624910769e-01
3.186935815059286359e-01
4.338370057162552196e-01
5.702567149710263683e-01
4.022031337580361243e-01
4.022031337580361243e-01
4.494109265970610556e-01
4.968061781500486274e-01
1.801417217457500219e-01
4.432445125762013438e-01
3.991866801960533007e-01
4.594601809303561213e-01
4.376230173455991079e-01
6.906002745197590276e-01
6.906002745197590276e-01
1.247796668107680751e-01
8.832059909552099075e-01
3.770664636681926307e-01
3.770664636681926307e-01
2.185369175026265487e-01
7.263375301176120402e-01
4.022798185800309234e-01
8.561398728642707345e-01
5.706480393534556494e-01
1.719981848498163546e-01
4.490676531367538971e-01
7.801951428468272276e-01
6.667853991109788936e-01
5.199347295905661082e-02
1.488541230405437399e-01
1.488541230405437399e-01
5.404764562930501615e-02
5.770256392767316722e-01
3.317761251520360832e-01
4.019804621833586999e-01
1.334968364519532602e-01
3.651901804345273912e-03
1.709339217933786570e-01
5.155055498092144806e-01
6.050207503297158063e-01
6.133961631163176165e-01
6.093468133019190880e-01
9.191224346784727939e-02
9.191224346784727939e-02
7.405575791969717381e-01
3.661990411766227194e-01
3.661990411766227194e-01
3.917847786872615812e-01
8.869113180054967183e-01
3.867208550146947199e-01
7.460988254199085734e-01
3.893037645608926622e-01
9.337523518467637229e-02
6.296195992316734324e-01
2.232537711020073090e-01
4.610418434631867179e-01
3.656891898909886418e-01
9.707770553474767139e-01
8.884285819182496935e-01
4.862184084210721124e-01
4.883103545469310580e-01
5.127527337122709250e-01
7.112258851807655713e-01
7.112258851807655713e-01
2.751715329006503702e-02
5.896788655526066236e-01
5.896788655526066236e-01
5.896788655526066236e-01
4.031464401798373620e-01
8.850905248638542000e-01
8.850905248638542000e-01
3.215813896836748897e-01
8.080789217485359055e-01
8.080789217485359055e-01
5.686264107535203838e-01
2.241399297191629669e-01
6.348304858485740443e-01
1.761288178094247078e-02
3.999185522648950886e-01
2.060010486908467053e-01
6.446239579630635985e-01
8.071553146167319281e-02
1.798563462107140853e-01
3.038139532934758247e-01
3.691428954863471001e-01
5.815302318459704134e-01
5.316532718977883265e-01
2.826166422389601030e-01
2.655573388029766613e-01
3.697521893282908478e-01
8.979888520789038875e-01
5.376519567287306733e-01
8.028614218547890369e-01
5.243105407955670483e-01
7.890039916571043310e-01
5.283260413468324757e-01
7.224263917904316656e-01
7.924934649696763200e-02
3.468387915514433706e-01
1.928954656407415591e-01
6.869249377955708447e-01
4.830356750604699045e-01
2.774499504654753257e-01
2.774499504654753257e-01
7.811785382466778227e-01
2.143036084348985126e-01
3.768306804291264578e-02
2.446134231474463711e-02
2.446134231474463711e-02
5.198687908694503701e-01
7.341811248888472363e-01
7.341811248888472363e-01
6.350191714932827969e-01
6.350191714932827969e-01
6.764664536643220927e-02
5.712561405104707652e-05
7.157978045347883345e-02
2.244220196909979259e-01
2.244220196909979259e-01
4.932941296918557650e-01
5.021021069012728821e-01
1.165946734950245867e-01
4.700136445868121626e-01
3.322229842891204488e-01
6.433262139216573416e-01
9.243100808595353657e-01
8.631871496479036621e-01
1.363040507312223704e-01
5.202049890525831666e-01
4.519820568862831234e-01
4.453066674148601356e-01
8.919253348050592001e-01
4.739789729927143536e-01
4.739789729927143536e-01
2.324926755794842759e-01
2.324926755794842759e-01
8.611979680242030089e-01
8.611979680242030089e-01
4.458543080130831227e-01
4.458543080130831227e-01
1.707274847742869250e-02
8.168159594280405278e-01
2.921135437509483901e-01
2.997599115299183770e-01
6.997737827699539448e-01
2.671650392884599712e-01
2.671650392884599712e-01
6.073367342173159322e-01
3.912611632512288384e-01
7.831858537534398534e-01
2.898700421418413664e-01
3.829191952189277548e-01
1.505274868493901574e-01
9.433674881452466243e-01
2.872773897082944727e-01
1.558818477839584750e-02
7.862402992337954588e-01
3.486974715193507102e-01
3.486974715193507102e-01
3.486974715193507102e-01
8.484055706021190746e-01
2.478569201271237921e-01
9.748962957884865776e-01
9.748962957884865776e-01
4.572818594950287530e-01
4.085894876859961222e-01
4.062549619752722774e-01
1.567486824004150348e-01
1.567486824004150348e-01
8.133290272837996326e-01
1.765381990931146339e-01
3.535933417730351414e-01
3.535933417730351414e-01
4.235845820832105924e-01
4.183358950585289726e-01
7.709699469397083282e-01
4.245760920233798696e-01
2.957177918866065180e-01
7.906210262465623861e-01
7.906210262465623861e-01
1.822626973815358875e-01
1.763508809141278721e-02
4.592702408567557737e-01
7.456078404297934448e-01
5.125944106928806976e-01
4.276905397010545284e-01
8.465291376213717189e-01
8.730427177533277572e-01
7.624056836096768652e-01
8.938846587727465876e-01
5.298437603627087489e-01
4.340914274834956760e-02
3.247091974208435872e-01
6.207663633926546742e-01
5.659286457095604739e-01
5.659286457095604739e-01
9.927812851295739760e-01
1.483619377409283457e-01
9.681009738681092269e-01
8.362038170224633804e-01
8.362038170224633804e-01
4.276892393117115443e-01
7.055188042840168094e-01
7.169952031637902845e-01
6.567707832974640780e-01
2.313842595778191347e-01
1.962702713653892428e-01
7.000102089393845928e-01
7.000102089393845928e-01
1.152995885724151792e-01
7.506864143730576644e-02
4.337354255063224362e-01
4.707850679990790987e-01
4.763040690539680488e-01
6.485441493627757126e-01
3.383261310459057536e-01
2.682156174180186023e-02
4.069346277946176982e-01
8.022267077069066277e-01
8.022267077069066277e-01
3.565763620979623544e-02
2.068519652424318789e-01
8.777757516218824552e-02
7.646162696595865116e-01
3.667229424732871279e-01
6.339109427065062752e-01
3.823988350864174768e-01
6.853836094371053012e-01
5.840302233260522558e-01
5.840302233260522558e-01
6.946092407364947707e-01
6.946092407364947707e-01
1.816999685528210007e-01
1.763065789951117901e-01
2.659328498446336675e-01
8.351510459211043402e-01
6.263558255544496856e-01
6.263558255544496856e-01
3.071925557576655336e-02
3.355832061941886324e-01
2.351943013184355502e-01
6.569150309809804189e-02
6.569150309809804189e-02
8.175040746985051676e-01
8.175040746985051676e-01
3.400258329206100605e-01
3.891206311937952522e-01
1.406663573151665514e-01
1.406663573151665514e-01
5.176140463459681929e-01
5.570563373277278574e-01
5.570563373277278574e-01
8.916528153590810302e-01
5.680514195988669579e-01
5.680514195988669579e-01
6.921271947256496526e-01
6.921271947256496526e-01
6.921271947256496526e-01
6.455729870163041673e-01
9.532923674799709257e-01
9.532923674799709257e-01
7.866308564092349132e-01
8.257055484553684765e-01
6.729534023910326290e-01
2.000008890402638351e-01
1.974906201261462102e-01
5.719178091959628008e-01
5.291912016437372301e-02
1.848846434678667883e-02
5.433400859272929928e-01
2.143901341212195444e-01
2.646123588576161645e-02
5.933342727052726834e-02
5.933342727052726834e-02
3.382096960196668278e-01
1.936465218971036573e-01
1.936465218971036573e-01
7.471234554443276776e-01
2.457173675303661875e-01
7.993784084501710518e-01
8.899345486869553179e-02
4.368854561470204151e-02
2.194786989363928797e-01
2.783184858976320980e-02
2.783184858976320980e-02
2.847823178087870999e-01
3.856701313621076210e-02
5.264008069262191558e-01
3.577698519121053633e-01
9.255529983635876201e-01
2.615355405487038154e-01
9.773346006838775635e-01
6.869383591299859093e-01
6.395170894495373348e-01
9.250897615999470469e-01
9.661577352697661158e-01
5.897292717931974515e-01
4.992766177106611747e-01
4.992766177106611747e-01
4.249645688370064928e-02
1.231007577230574558e-02
1.231007577230574558e-02
6.620307024317910738e-01
4.369214358908655310e-02
9.022157696107708791e-01
5.589730205261117524e-01
6.382689465637125803e-01
6.382689465637125803e-01
8.584805585921981841e-01
7.131590564493780482e-01
