iota
7.994681595218373626e-01
1.083228542766758729e+00
1.483702145883839085e+00
1.376059088133067432e+00
9.673236548701935611e-01
9.902181394983200491e-01
1.285063691646795903e+00
7.063386650150659252e-01
6.873782226377107563e-01
2.258474785689318143e+00
2.040322211825932985e+00
7.459559378348510350e-01
9.996463574359057969e-01
1.693580228682846300e+00
1.343907632218009907e+00
1.503834546832432562e+00
7.729152826132543730e-01
1.365861955693902230e+00
3.098685229003592667e+00
1.969159173764264859e+00
2.000436591963984601e+00
7.806910438177925293e-01
1.376416014339721938e+00
2.089411497868893797e+00
1.206793144184624911e+00
2.747041310247279267e+00
1.123802308593681243e+00
2.094491977820144069e+00
2.388629236171487591e+00
7.094207682289273009e-01
2.582881369490974244e+00
2.565515001120859395e-01
1.694162178918512618e+00
2.330148683716460667e+00
6.271243554365668604e-01
2.759152268175740552e+00
6.156411108577366509e-01
3.001367262582676165e+00
7.161725773040921172e-01
1.595660052442653187e+00
9.202907572187427609e-01
7.756912610056682089e-01
4.466661302285565571e-01
7.743200192698581619e-01
2.674649659367987820e+00
2.425184183349843980e+00
5.823692123052445213e-01
8.230093551215195147e-01
2.137424203313612825e+00
1.370815764510210089e-01
2.123186764319298994e-02
2.997160718142796831e+00
2.131801943655194709e+00
2.315297935347847780e+00
2.331740624828150921e+00
2.370701917367534328e+00
2.548677414183881496e+00
7.792200681833370002e-01
2.183331175354491283e+00
7.882959758539728190e-01
1.683664180902408436e+00
2.596316202088273517e+00
2.416303341594744580e+00
2.462289306118324195e+00
2.406323940364680780e+00
2.249431243467391539e+00
2.815299832869900598e+00
1.602479234316944501e+00
3.012225093741624615e+00
2.370396759027035838e+00
2.500684243046952027e+00
1.572507925641399629e+00
1.072169287189428832e+00
2.279233286229936706e+00
2.584262045402313301e+00
2.620297184262111223e+00
8.755802741595621885e-01
2.310006473136078320e+00
1.225604818578809097e+00
1.351661561114934296e+00
1.472842509194613791e+00
1.159332871382097174e+00
1.435256873211078199e+00
1.965920633518235539e+00
2.186016326657800768e+00
1.092491446116437448e+00
2.921524965305872801e+00
7.080400842540188755e-01
2.355220567383578434e+00
2.044618665154390946e+00
4.560971156239195246e-01
2.736531476052209033e+00
2.371501041418182076e+00
1.056402017051693454e+00
5.369456126271359153e-01
9.581923131109582048e-01
7.439060262071858221e-01
1.289461887810298801e+00
1.698726725634584378e+00
6.493129388256926315e-01
1.621960580963341503e+00
1.104307099713952800e+00
1.026344221566399817e+00
1.729388187764067553e+00
2.868508767235672940e-01
6.839663702529701350e-01
1.253212858171555144e-01
1.414885300684278757e+00
1.561788072319350462e+00
7.507681754667738794e-02
2.815237663831415826e+00
9.630001143080552106e-01
3.094133462942292301e-01
2.856633167006725316e+00
2.596602132421596210e+00
4.071397508359090311e-01
2.856693339351508598e+00
4.912422124117488131e-01
2.117289964720892925e+00
1.160432150744370672e+00
1.135815463768210298e+00
1.045112234825543940e+00
1.512522898070098210e+00
5.160085234173003021e-01
1.340322807709299624e-01
1.046967891742927259e+00
2.588711491359120931e+00
1.286152134631495692e+00
3.967913360943917112e-01
8.914477864015580844e-01
5.587294949035340741e-01
2.863920433066359017e+00
1.223889264559615109e+00
1.910470596493819562e+00
3.886614287181776040e-01
2.617312002263739057e+00
2.229606891560238779e-01
2.846211531130370176e+00
5.745482451115855316e-01
1.191544363795683514e+00
2.522880748972520237e-01
2.628944281027119967e+00
2.357712712553972634e-01
5.835208089694924327e-01
2.832760689799071585e+00
2.814741298709234063e-01
1.512182999016092433e+00
1.002632544661935965e+00
1.939865189831530556e-01
1.066283155220977052e+00
1.265098611741528600e+00
3.045553894340064183e+00
2.053813698839002111e-01
2.398388632965319012e+00
1.479397190532663942e+00
2.056245537932028800e+00
2.281687045530376601e+00
4.849677266379434082e-01
2.910694638463038775e+00
2.315667600725679787e+00
1.912465201477548060e+00
9.883198761622752349e-01
8.615858182841550361e-01
2.498728901178244755e+00
1.273960392513012185e-01
3.096513683743134515e-01
3.836625963331748990e-01
2.751731444011531469e+00
2.807075187600511779e+00
1.992764301524368342e+00
5.741819243879403567e-01
4.911074406660769220e-01
1.016891856714119413e+00
1.546097720593667235e+00
1.943074326350263892e+00
6.751645274485411630e-01
5.761141104803862989e-01
1.870000916934140833e-01
7.540726314975402245e-01
3.981491808704546581e-02
1.282235044580882333e+00
1.009856887844185147e+00
1.083622418026385648e-01
1.339599005047265701e+00
8.584231372133666049e-01
2.688077966901446292e+00
1.131580266429202536e-01
4.982816405349406175e-01
1.682812509512514598e+00
2.472287597350757427e+00
8.880735239438890538e-01
1.667739106038741870e+00
7.969977431864432305e-01
1.277453792886727557e+00
1.565078699965447573e+00
2.839640120623498465e+00
3.024580738059335250e+00
2.607358335236683811e+00
1.102885435946746734e-01
1.491570703925618191e-01
1.685571118783689926e+00
1.570097943644196137e-01
4.984992953340710020e-01
2.029832202145704478e+00
8.025049155249981414e-01
2.435847690451201419e+00
6.996906604171958532e-01
8.348844140889511989e-01
2.894399373956967558e+00
2.196444674294724564e+00
1.779568734545063924e+00
2.177380625557719274e+00
4.079292031210839942e-01
1.350777859116293111e+00
6.879189411241531937e-01
2.191502488822498484e-01
9.595144066711631670e-01
6.451602262576313640e-01
3.678076851266774971e-01
3.871078726437420237e-01
2.452855984615120999e+00
2.239498526276508361e+00
2.729693725675141014e+00
1.336119516158696507e+00
2.064034449544415839e+00
1.106468740266147499e+00
8.661087828096929453e-01
1.310187312065645093e+00
2.404976307158926296e+00
2.586094086257136659e+00
5.952024818422757546e-01
2.580110249798483468e-01
2.122629709539824550e+00
2.201066492019138288e+00
2.548964963911866555e+00
1.134543251672553987e+00
2.061340806165252726e+00
5.593690904544833531e-01
3.023793180383032464e+00
6.457489794193024268e-01
2.755581664013298848e+00
2.845214442255608933e+00
1.912246608197962328e+00
1.899643712234873494e+00
1.018816773726613167e+00
2.085893923732722754e+00
2.753369379553340046e+00
2.763462388160243144e+00
2.604556623933090620e+00
6.967870388723117481e-01
2.978115671739780979e+00
8.578439397254612464e-01
6.035900260324725819e-01
4.124978715796848161e-01
2.649004747887989453e+00
1.589773634022134896e+00
3.711588239625492891e-01
1.692109704854400487e+00
2.411924491309800356e+00
2.508265198954788833e+00
2.080541068139172722e+00
2.946228982544888408e-01
5.535349365606162531e-01
2.592730922626388601e+00
5.740139465938308705e-01
2.922087466265423039e+00
2.474324786110131402e+00
2.764107708556887477e+00
1.753381125506866756e+00
9.173299321849082144e-01
2.160840170052623854e+00
5.198102254021176316e-01
1.681850841925518036e+00
5.883988115587985845e-01
1.995780752789921175e+00
1.782094246804036386e+00
2.783045929573044752e+00
2.426822604445244114e+00
4.609335256673057768e-01
1.323853587948324639e+00
2.016023132108083260e+00
2.105733231071853062e+00
1.303954793499545683e+00
2.468559168100433077e+00
2.478344702812611544e+00
1.963273882217410504e+00
7.099767720811406280e-01
9.937010901659143469e-01
1.486842840156015477e-01
2.850011651184340078e+00
2.818172377503636028e+00
2.262952284057779817e+00
2.202019022463331532e-01
2.778708268908002044e+00
1.603744841965556889e+00
2.717721565639282577e+00
3.539278994097694309e-01
2.986774036448724523e+00
3.054907237967767752e+00
2.242869314919022194e+00
5.550238640371987220e-01
2.947180150797450437e+00
2.754998849195559263e+00
4.851680675060238146e-01
2.912697531938365447e+00
3.363398268625408805e-01
6.809380741937711701e-01
1.401583833187392436e+00
4.757713535548013239e-01
2.372790806478497494e+00
2.452644318781400212e+00
2.084806939302854545e+00
6.027174254121840935e-01
2.126916674063792367e+00
1.161990935904896327e+00
1.510859010738857977e+00
8.942127127147390109e-01
5.942602188922555539e-01
2.399914425968907139e+00
3.043514671580968667e+00
2.777500697492678139e+00
2.847651796148502168e+00
2.774367372184803893e-01
7.036823119657374948e-01
2.732996449447548382e-01
1.941229629463777639e+00
2.266349367469908671e+00
9.213104149849425939e-01
3.070842289770937761e+00
1.987158676288679704e+00
1.053397644300469782e+00
2.061432455016674048e+00
2.082685644622370713e-01
1.771835521502108435e+00
5.101686391945905452e-01
2.979573003558046995e+00
2.627185746599374205e+00
6.124850028823872750e-01
6.315412811342153709e-01
1.809675749841858083e+00
1.267006469763294618e-01
3.043307909531870692e+00
7.723148753735068484e-01
2.222909285983780681e+00
2.094187127165199502e+00
3.373178407245124855e-01
2.660705896876656595e+00
8.593726227325972911e-01
8.435995594406310305e-01
1.430191540128502803e+00
5.058605825819133539e-01
2.592979940469779532e-01
9.508900667769032422e-01
2.437768648756383438e+00
5.231044688728514469e-01
6.693022530119472346e-01
8.791596609931346951e-01
2.073058527965475406e+00
1.137745655425759450e+00
2.336277042018590322e+00
2.436090595070652398e+00
7.477660418207270343e-01
2.419122148776640113e+00
2.552026093192139022e+00
1.946069944276325625e+00
8.521427117025266451e-01
1.772801203819494464e+00
9.384135549918631858e-01
9.790750595077696294e-01
8.264504345654051232e-01
1.512528182724726111e-01
2.117270405762712748e+00
2.719696500345828216e+00
5.664736822852001197e-01
2.747331050558305066e+00
5.928791095675443046e-01
2.311440496432494829e+00
1.125137413915197282e+00
2.118061934193867124e+00
2.618309717601545739e+00
2.121432858624115791e+00
2.531851360529159489e+00
6.067723793566752732e-01
9.222692163610776150e-01
1.932454460671226393e+00
8.682988881614247534e-01
2.227813586015624736e+00
1.049865712713000665e+00
1.646068506639809526e+00
2.713647650970085756e+00
2.414409021506628061e+00
1.742782832047232500e+00
3.212663470971102719e-01
4.014123018509120899e-01
1.711960774971206467e+00
6.759375178817905727e-01
7.271660662142224174e-01
1.227157583168126509e+00
3.130284791333525773e-01
1.401915941896149098e+00
2.709331007056848817e-01
2.459392634569592673e+00
1.767023842303066861e+00
2.407193782907887381e-01
2.918001274422747482e+00
2.212584697670884615e-01
7.932156645361914116e-01
2.738998385694260129e-01
2.741502076424383816e+00
1.625863436523801164e+00
6.959246326184701514e-01
2.114627193395199889e+00
2.764331692000769003e+00
2.383022386798616665e+00
8.988602001426969634e-01
1.068159036100532200e+00
2.392860064032007461e+00
1.276953412332940463e+00
8.835184958705886160e-01
2.294209332949596059e-01
3.625722235175640185e-01
3.473333138915548068e-01
1.647557840749126479e+00
1.263308572771612459e+00
2.710387434946228691e+00
1.873922038859676398e-01
1.264220265977590074e+00
7.058961530658594552e-02
7.359396738205553623e-01
1.173107851805868407e+00
6.252186313138899942e-01
6.448107616564066058e-01
8.829197470387482038e-01
2.564949048770416962e+00
2.156640996077198835e+00
2.589374547640862723e+00
1.376248736217432045e+00
2.560164411888460112e+00
2.216688934744333483e+00
3.828735152534423758e-01
8.647217909869762131e-01
2.455286122705041318e+00
1.258799424335508510e+00
6.283905333920051239e-01
4.235487425772184733e-01
1.028728770644823154e+00
1.071332608399742092e+00
9.622807180844079600e-01
2.522429476691876893e+00
1.693828088944758781e+00
7.550871415496930306e-01
1.906608253607405268e-01
1.046213389891414103e+00
2.786911627377101741e+00
7.967005219916826197e-01
6.909474699412438969e-01
5.555935319001792383e-01
2.448502698953062495e+00
2.116395415589083229e-01
5.624759307365504446e-01
2.533744710080422458e+00
7.131523994462878324e-01
2.359119747355149510e+00
2.237886598634671209e+00
1.087902862964923667e+00
1.277105425865349142e+00
1.307839754918361796e+00
8.590050224235098453e-01
7.502022637554921491e-01
2.783551381430208749e-01
2.558193869519645336e+00
8.446181655049348480e-01
1.960210991225912025e+00
1.828721163949677653e+00
3.226412090320518455e-01
2.787763577877622190e+00
1.067400556030493997e+00
2.501288590846913795e+00
3.976586833734753745e-01
2.302696703177043780e+00
5.187300101712901679e-01
8.573039944775184829e-02
2.709714015959826749e+00
8.655681305488975852e-01
2.088723030611333797e+00
2.479932311964368807e+00
2.431819116126006985e+00
1.674794415711545081e+00
1.542175734764051231e+00
7.460431021833270337e-01
1.650828037560035377e-01
1.198625690400763943e+00
7.549776995285677472e-01
9.989580414303645961e-01
1.234627902696288748e+00
2.614905674953463155e+00
1.018329006676766291e+00
1.977586279566670324e+00
2.548830065427338365e+00
2.796475014319935948e+00
2.115584623143675014e+00
2.786972338577338171e+00
6.591669706520858485e-01
2.165801953163357663e+00
2.746445495592031882e+00
2.648275420296288818e+00
2.358019106258526953e+00
1.787427447740140174e+00
2.741763880049190139e+00
8.072634259653250766e-01
2.220387259201756169e+00
2.435052783200000182e+00
2.688217916378172756e+00
2.908850936889908478e+00
1.626500148739423057e+00
4.037145547590503258e-01
1.648505759679869120e+00
2.217774080338556497e-01
7.413631377745566464e-01
1.607200051233500293e+00
2.564747896687168183e+00
2.440739142059878297e+00
6.007231333193904232e-01
2.372345987707699777e+00
4.437438845903570739e-01
1.103023429171354097e+00
4.312749864461100091e-01
2.171466063384890788e+00
1.582666758747282687e+00
2.018193317979196433e+00
5.352464379744119594e-01
9.022746262275266327e-01
2.161025537250520046e+00
2.194699882331152097e+00
1.120738515788481493e+00
2.587832683729979211e-01
8.692848108557653664e-01
1.422070410884475944e+00
2.026499936248910227e+00
2.919953281521978194e+00
2.023105693749954970e+00
1.342665279455677929e+00
2.662103686428614058e+00
8.014995594549120250e-01
2.499116840671932849e+00
1.473752422126015649e+00
7.859210610414462117e-01
5.892424035071088806e-01
5.945971647635593937e-01
9.311304408451628323e-01
2.609223489498295745e+00
9.737412236979268165e-01
2.200752356335279991e+00
3.246092408576918831e-01
8.975607962283681518e-01
3.958372183766158403e-01
2.916395445093974192e+00
1.010774419186281525e+00
8.595862680303943959e-01
2.509646519242430873e+00
2.688172240065633267e-01
1.386433850460000672e+00
2.371639625079025038e+00
1.317380154615479970e+00
2.157720228229794923e+00
1.881393515897894719e+00
6.065491384984503798e-01
4.760344857612390235e-01
2.466416094926112468e+00
6.001975802602547150e-01
1.854681042160912785e+00
2.655788043574058843e+00
2.962133309754776178e+00
1.131509029011590339e+00
1.139317373663965904e+00
6.794675462064559968e-01
2.210840315589350791e+00
2.801140042520894990e+00
4.861582800730341880e-01
2.544782458981869500e+00
2.879223556103156945e+00
2.262865764529378154e+00
2.467845107010538275e+00
1.076439036380501202e+00
1.017319455279703133e+00
1.570725839120878042e+00
5.346452835869323073e-01
5.964818947101787616e-01
2.778620820096712740e-01
2.089744811804338909e+00
1.537871783706229900e+00
5.760483251767961610e-01
1.005056216688595461e+00
8.263942617328741136e-01
5.708797900936620762e-01
9.215323899691065801e-01
2.017914171886684205e+00
2.093354328406202836e+00
1.820753455831397583e+00
2.670991034820688892e+00
1.467733914683663654e+00
8.319500327958770924e-01
6.104522254409916471e-01
1.091659720586613203e+00
2.458029710169975512e+00
3.960521311988125515e-01
2.679010167987661006e+00
2.103354586920259894e+00
2.902755352121013654e-01
1.834604846673012712e+00
5.014709977014762954e-01
2.268999633375231806e+00
3.113912860330390608e-01
2.594377199536824996e+00
1.935937014212030460e+00
2.770642323777600113e-01
2.403175218191849538e+00
2.940166873616413268e-01
2.589552692644772058e+00
5.427876729134445410e-01
3.630152978009861253e-01
6.572831982626210490e-01
1.345214132456157952e+00
2.522880971304144904e+00
8.786876275992934193e-01
2.225091066852491917e+00
2.922445183438544980e+00
1.458832850457658648e+00
2.417990633850556570e+00
1.266030218617084202e+00
2.142758210532007102e+00
2.637015121767867232e+00
1.927123300939401540e+00
1.629074470439208389e+00
6.814402782500195155e-01
2.218766190703241659e+00
2.171826960261844963e+00
2.968754346828758273e+00
1.460450475211831689e+00
1.295151885462415553e+00
1.718984331097317186e+00
8.048267487066054215e-01
3.418666280830813253e-01
2.097261000270422837e+00
2.866020307924483923e+00
1.309576472665955338e-01
1.592705661998713218e+00
8.747665679570577613e-01
7.371990426898332727e-01
6.896916527674321618e-01
5.292379093056757133e-01
8.820542144223570968e-01
2.867881428235248831e-01
2.141231608656600116e+00
1.801500519638715270e+00
6.078774276369200980e-01
5.252746611325063153e-01
3.856415641907127156e-01
7.105247951040520871e-01
2.610632578872062126e+00
9.427211712811489619e-01
1.662752154950375649e+00
8.261543510495862330e-01
1.500671536015062868e+00
6.832686412868517190e-01
1.001963002660448021e+00
6.514462470792653503e-01
2.932731536781090220e+00
6.150807839676337707e-01
2.806826078747507225e+00
2.729071877046099104e+00
9.086271018818243839e-01
5.023360637265243955e-01
1.369233528165207048e+00
2.945018209090032868e-01
3.018285576188386443e+00
7.390295312720306375e-01
1.833289057311411563e+00
4.752057176957614759e-01
2.735919394000688509e+00
1.193131489011712010e-01
1.660830671446874796e+00
1.261966493895656294e+00
6.417138936293996787e-01
4.579632016414935114e-01
2.502786077984489044e+00
1.185052490672363845e+00
2.071739998960851814e+00
9.029935679638494417e-01
8.026173430694989452e-01
1.441499024716859534e+00
9.575091684997290020e-01
3.749532546625879981e-01
1.123222667718532852e+00
2.548708002899844893e-01
2.733536556219300806e+00
1.666999630939149935e+00
8.222730530620282474e-01
2.836513731842405406e+00
1.214430091020003655e+00
9.326616450780299550e-01
2.306871102109362137e-01
2.244856821472124064e+00
5.951889114819356452e-01
5.659946020912983711e-01
3.906248045950937442e-01
2.707538460784909340e+00
6.483097321057436080e-01
7.186005287295260668e-01
2.141491222255734961e+00
2.858094166274002479e+00
2.483263126997766523e+00
6.790277981796096762e-01
1.846615483855890694e-01
2.062088530079738025e+00
2.049562130938340054e+00
1.023473773415339405e+00
2.544866806314072694e+00
1.242390157438974851e+00
2.288920172454134150e+00
7.686516166437521447e-01
7.585038290554894091e-01
1.100829213134442597e+00
2.712266879373927408e-01
9.582565751215024186e-01
1.493740270643230783e+00
2.450118198209740861e+00
2.590893232148471448e+00
7.884063003702836969e-01
9.029720807381902414e-01
9.708154514091376086e-01
9.661581091423856460e-01
1.199934120450071445e-01
2.399140414854162184e+00
2.790953946302336508e+00
3.800945392200377193e-01
2.280725947262574937e+00
5.081471923320938222e-01
2.593584097080270823e+00
2.187920323703340664e+00
1.075717483242206063e+00
1.297022510372119131e+00
3.375902200584796065e-01
2.632967983245745103e+00
8.556282950081445238e-01
9.323173443319654474e-01
6.544425685805486115e-01
1.886851641206227947e+00
3.699163713186192082e-01
5.427008954474296099e-01
6.910385337014373075e-01
2.696493396914734220e+00
3.850002375686641387e-01
1.048976788134470400e-01
8.026898036118463864e-01
6.133095651923839986e-01
7.848114732397715176e-01
2.510073068111584593e+00
5.364978682324890169e-01
6.631991860677307615e-01
2.400259622523012837e+00
2.987660400810446149e+00
1.383659367667799955e+00
4.738548620867918948e-01
9.549278745645447541e-01
3.792885131279961075e-01
1.202941164596545542e+00
2.751688042242824039e+00
2.446572437530623478e+00
8.160543013195658002e-01
1.498482123137163891e+00
2.559223211711030288e+00
5.683711592055834538e-01
1.936224214166865965e+00
2.343498896151030131e+00
8.293397410446690099e-01
1.361578723204245112e+00
1.700621301665394824e+00
1.996195434080948905e+00
1.272712361241371104e+00
1.109384762321038664e+00
2.255518180678376172e+00
5.274869322971801333e-01
1.023952579114529415e+00
8.059467365365545755e-01
2.758560342594847281e+00
4.369194512571870637e-01
8.409110958068076735e-01
8.195949803781279464e-01
9.420446482508956221e-01
1.194570224840197481e+00
2.794732481341360764e+00
5.288746641502326540e-01
9.351190429296190043e-01
1.509471293839169226e+00
6.836717653982337106e-01
2.438085732815153506e+00
2.768104645458096869e+00
8.558548833033996495e-01
2.666121864738507430e+00
5.408349902680753551e-01
4.602917484510882229e-01
1.736544723680932378e+00
2.247100164425174018e+00
2.262085049703752127e+00
1.049596713764677780e+00
2.477456491767494828e+00
1.115271101805855203e+00
1.328188741523105509e+00
2.647536669068488724e+00
2.003495196217354390e+00
1.098940830500883870e+00
7.820297941226074245e-01
2.663128513369839023e+00
1.114842640549541297e+00
9.724921709341045606e-01
2.681933389315106497e-01
2.696208928732438892e+00
1.924016020910934710e+00
5.987713411145348941e-01
2.093926269349233316e+00
2.243868165958039285e+00
1.431344124923096706e+00
2.626476689849696733e+00
9.501458966231728365e-01
1.577956104837979545e+00
5.932603393906390465e-01
2.755456597557530252e+00
1.457810174958778848e+00
1.427718694607676309e+00
2.478930767714787820e+00
2.854348894988480545e+00
6.058001190391977264e-01
9.657339622255342038e-01
1.748745641468161249e+00
8.150276345789762011e-01
1.788281790398131177e+00
8.880956747691909348e-01
2.381511837350449023e-01
6.661262399628141706e-01
1.102831813459474342e+00
1.466639179355994305e+00
8.565969527727762545e-01
1.515956161386663892e+00
9.220584213505016447e-01
2.343662848606216986e+00
8.485813527122677558e-01
2.425431961093668765e+00
6.074894226544945708e-01
3.012817924097177524e+00
1.076293813671495903e+00
6.536966096314592578e-01
2.466231692028978184e+00
1.864969782494406036e+00
1.981704269442888799e+00
3.950584426634261015e-01
2.217704687198976732e+00
1.769400216103370838e+00
1.930020875432276739e+00
2.830757255504960490e+00
2.492599132307782572e-01
2.667119253650911403e+00
4.287931911536545515e-01
1.754789217242284316e+00
1.133534343702188751e+00
6.152876371530326960e-01
2.302332492696357757e+00
1.302495958154931410e-01
3.334716831273191184e-01
1.033423701258973981e+00
2.483896683610620215e+00
1.002231998967059612e+00
6.619593857764040079e-01
2.385437703945847865e+00
1.532309530363345162e+00
4.006869966356546575e-01
1.573667097696058059e+00
1.049229716415386315e+00
5.742706243980310044e-01
5.367297408259811275e-01
2.532648474032397790e+00
2.804604546776655383e+00
1.700422788855717293e+00
1.692348311406841610e+00
3.553780387190327850e-01
7.837147998807566518e-01
4.335086864067397294e-01
1.627251064397651659e+00
1.286767851190230849e-01
4.527251618349614759e-01
1.897225599426684006e+00
2.683820467308762225e+00
2.875348017513377652e+00
2.617092878821715818e+00
3.630531963253599836e-01
2.420860464780894006e+00
8.330438741305165040e-01
9.429759043160872434e-01
5.501513598904245184e-01
2.731281618632593666e+00
5.745701531309292953e-01
2.280403179317848014e-02
2.442933138494961520e-01
3.357455021601640222e-01
2.991416199783734631e-01
3.247271373026704433e-01
7.832540411897630506e-01
2.536812316356508834e+00
2.247111723453970367e+00
6.183808876889969053e-01
2.034116025833682340e+00
6.897030777330509510e-01
4.671733167986412139e-01
4.365017467022692110e-01
8.743051668760194461e-01
1.980019994001054329e+00
6.105796424322172955e-01
3.382507562536144485e-01
3.521246118782418444e-01
1.431186497443793115e+00
6.539644491802202309e-01
6.801371541242969831e-01
2.453134777652265619e+00
4.941000033848393924e-01
2.149827124668607148e+00
1.262068282696645172e+00
5.134322587972057761e-01
1.533746316571361179e+00
2.463535302927616577e+00
1.962872213037540892e+00
2.477016655843927051e+00
2.386823378121321060e+00
2.989140633257036384e-01
8.120403248427141563e-01
1.362553154474500428e+00
4.966527965131394828e-01
2.070849132206322718e+00
1.314959710610577703e+00
2.299510363716264383e+00
8.604741742967645379e-01
2.240629893154708618e-01
2.780480030928051960e+00
1.642494832448817110e+00
1.819367784181082470e+00
1.292911861204764090e+00
7.065409688193360349e-01
9.999907663202883823e-01
2.468622825676985766e+00
8.964183752680942030e-01
3.594920392852021251e-01
2.862503699458966100e+00
1.983398869733312031e+00
2.291293129354816660e+00
3.321460704325391311e-01
1.154675656303371545e+00
4.079064960825383168e-01
4.230061312700671983e-01
1.873114612216158381e+00
2.644893324340027441e+00
2.820770677188882303e+00
2.319292409572534019e+00
1.905146955071361115e+00
1.911760304471921135e-01
4.708432304615139952e-01
1.960895040601242867e+00
3.072788127504381794e+00
2.180714833033310818e+00
1.000348693234815789e+00
8.520898124755246217e-01
2.504747281686406368e-01
2.275280434180719791e+00
2.468304417907833059e+00
5.333676347955382813e-01
8.908494559399150470e-01
1.085282885394835528e+00
6.589757823453024077e-01
2.336680289300343549e-01
7.983281505832622305e-01
1.307653142939311230e+00
8.766651944859634726e-01
2.381216260929337469e+00
2.527773434618486803e+00
1.125276872309434628e+00
1.999850246014287292e+00
9.029307644742755601e-01
2.439110941855157311e+00
5.903204715361471955e-01
1.157759455801588455e+00
2.658662558102511952e-01
8.146734396407938616e-01
2.443677371363924156e+00
1.432822918234210263e+00
2.578152004799830088e+00
2.417814831568406930e+00
1.685417834835348350e+00
9.198465957586964281e-01
1.336986245318345423e+00
2.008853852423851283e+00
9.769453586471920081e-01
1.951342951075431653e+00
1.451504394664307473e-01
1.690476431806104296e+00
4.737491615729900185e-01
1.741033792030508121e+00
1.091277522137140243e+00
3.745511372809056105e-01
8.242605005046368394e-01
2.580294562600576658e+00
1.909056189057388719e-01
7.137307031751827235e-01
4.306436122985142778e-01
1.212231146200206000e+00
1.758329154674890038e+00
1.893951774656672749e+00
2.828284640743873091e+00
4.323244913147423762e-01
2.388133438696054434e+00
2.561329508669738964e+00
1.983061310478860528e-01
3.016165504308269130e-01
2.634589905720876146e+00
2.475816325406333007e+00
1.333714703333247265e+00
1.116739974565177596e+00
1.552562078059142703e+00
1.286593673013436412e+00
2.623282185508137410e+00
1.071776224089607821e+00
2.374961499604120174e+00
1.860162898896223549e+00
2.904896467728444787e+00
2.652094781770226284e+00
9.480633613373375956e-01
8.523546974920267472e-01
2.134429283201714433e+00
2.319714083454846421e+00
5.817089639488608466e-01
4.121289563947792001e-01
1.550662383095796404e+00
1.811833336005278738e+00
1.179644342831128290e+00
7.167104922902906017e-01
4.948952684979909256e-01
6.420838938199248114e-01
4.843946229967203143e-01
2.406874840218135247e+00
9.981074113295359540e-01
1.072262776186229116e+00
8.191807781241633446e-01
9.992856767529243456e-01
1.161150274418377037e+00
2.119674786370678576e-01
6.156633033667856247e-02
2.127741912630408905e+00
1.394837545874521911e+00
1.840141881247292055e+00
2.799665734621916147e-01
2.694523901110230213e+00
1.412522596166652100e+00
1.675092534044279047e+00
2.634357774353601744e+00
2.835632980648735035e+00
5.655717308106530394e-01
1.922929374837140326e+00
9.149472481638936117e-01
1.007919785277372693e+00
2.232596219038524676e+00
2.608674763852007583e+00
1.419925264359683137e+00
2.493321184294233550e+00
2.337680113468872722e+00
6.301588180533856942e-01
5.856640714094435429e-01
1.949625712740370442e+00
1.232548924673756874e+00
2.200108401494967225e+00
4.633278354140781818e-01
7.822575882215291321e-01
5.875137525959241991e-01
5.517172578614855105e-01
2.889951366037613489e+00
2.700610866630472451e+00
1.258264743593577206e+00
1.098626475113189116e+00
2.166357999293771819e+00
2.466767963591782298e+00
8.799786283897228500e-01
6.351872894006534986e-01
3.065672054007450242e+00
3.814762426141616453e-02
1.784523559840620166e+00
2.658681730011229316e+00
7.299836145346642047e-01
2.191547050250524542e+00
1.219456000851143918e+00
2.362645744987975915e-01
2.424689615171979007e+00
2.242374551514747960e+00
2.420429838080711438e+00
7.988015350449394480e-01
2.329344680350290409e-01
2.543256050804129753e+00
3.428774082677488733e-01
4.154663569745519758e-01
3.114503191627077672e-01
2.207770669675920949e+00
2.704515331716899507e+00
1.948323289994726704e+00
1.820360891746399146e+00
1.752019044393688385e-01
7.813289083872324570e-01
2.669601257226895119e-01
3.469677549787107407e-01
2.346152099525286250e+00
5.559575425050655717e-01
1.936493970320064317e+00
8.756886329514111944e-01
1.541016154797916426e+00
1.274775927562421529e+00
4.021191164026888254e-01
2.060319274385715438e-01
2.520719198374546277e+00
2.260312531562568061e+00
4.942099393115546024e-01
4.980574802059378192e-01
5.965240707611565441e-01
1.201295563983221237e+00
2.174274220337191199e+00
4.085350229404334788e-01
2.742752524737599895e+00
5.306405688485119621e-01
2.817316965660848993e+00
1.460977215809381891e+00
2.837611057148059057e+00
2.707263821588199892e+00
2.569395649224877509e+00
2.308229092156773632e+00
1.011089241658160498e+00
1.166935408444873978e+00
2.319067744462895764e+00
6.425985422133421165e-01
2.950626520038951650e+00
8.029818350540758320e-01
4.757535767745135757e-01
6.544328646263376514e-01
5.305183008704508207e-01
2.491782828213219947e+00
2.893096959672296631e+00
4.872492871567988826e-01
1.348164928451399458e+00
2.071549292216676719e+00
5.036547159706957766e-01
7.871930548631187463e-01
3.196226492405755959e-01
5.802245401235656130e-01
8.249516469885311842e-01
2.317662420296204839e+00
6.022378977641911213e-01
2.913636018627188129e+00
2.371945965050506477e-01
1.150848346516472720e+00
9.299484360028278385e-01
2.886406844137079375e+00
3.803535135693463243e-01
1.896699286407719898e+00
1.422541789927920519e-01
2.848090815155480016e+00
9.669359631316152281e-01
2.908685370893424049e-01
2.110369622082329144e+00
4.206087853891756212e-01
5.812996815892228497e-01
1.496528733994812344e+00
1.494975408758776325e+00
1.738419303623214063e+00
2.732944048744663235e+00
2.385668994018468325e+00
1.538204891239669303e+00
7.820879344532517541e-01
6.444848425915787882e-01
2.476387324816896884e-01
2.308061784112763970e+00
2.111146183660311149e+00
3.268109459218122570e-01
2.391233608724043780e+00
8.458659201089634427e-01
2.485667182544629039e+00
1.238196554229680890e+00
4.969776349998746845e-01
1.177313334622059227e+00
2.195016328810008854e+00
6.766289283373553287e-01
2.218567238755368098e+00
2.520627955914720886e+00
3.676172553460436143e-01
2.117848924608648709e+00
1.585459425028209912e+00
4.986177439792670030e-01
1.095244916807327273e+00
1.782363395581859189e+00
2.615217454139851516e-01
1.211164917085436610e+00
1.444668270225993201e+00
2.046598527077766239e+00
2.489052937568057455e+00
1.830403287262856393e+00
9.953956488944899483e-01
7.971771781295482473e-01
8.746717767214138295e-01
1.709365044651184051e-01
8.596366553247797304e-01
2.113680009816200744e+00
2.686520177950520782e+00
3.505024323755209226e-01
2.025171262776355174e+00
4.465401585351356784e-01
1.746366106995589806e+00
2.096030131222359927e+00
1.842240379259960648e-01
2.861546125703771093e-01
1.114963329119879498e+00
1.762830516113097046e+00
1.946581813744395983e+00
1.883015753936144732e+00
1.778619013002711524e+00
2.462689476523690857e+00
1.040525718588125148e+00
2.221027486281329233e-01
2.245289257238919145e+00
8.094641369699253630e-01
2.790739381314854217e+00
9.229057809541465485e-01
3.652668586383415184e-01
2.475172035185105590e-01
2.729766067630168713e+00
8.407060678986418012e-02
2.147505619993854697e+00
5.748855298237529610e-01
9.606137043280733590e-01
8.495166469752262195e-01
3.366525782045980408e-01
4.897350989461646820e-01
1.499512152992670044e+00
2.184228417339555417e+00
2.293613771996704020e+00
2.426818562451612760e+00
6.564137091994499684e-01
1.161629307352889162e+00
1.737667594440839569e-01
2.205923865710420984e+00
2.340653089335527071e+00
3.055501428398628150e-01
2.881100254116720993e+00
5.114245914476630572e-01
4.175105012469341181e-01
2.420826073944943868e+00
4.204254332933208826e-01
1.631080814458700790e+00
2.232507373587295785e+00
1.956167414198465515e+00
2.603340094479956068e+00
4.693384337489843183e-01
2.015630278090900784e+00
2.757491665801584890e+00
2.757238895466076478e+00
2.915421146531920193e-01
2.107685549647256185e+00
6.256410096677755828e-01
2.457888803395566146e+00
3.578562593564887928e-01
4.902213762739853625e-02
6.805965693634161706e-01
2.041711644113195945e+00
1.192293286674583230e+00
6.506523554041017121e-01
2.945513686466086356e-01
1.268603071982406849e+00
4.942987276457582735e-01
1.572060532056357873e+00
9.487692894251653630e-01
8.278293679158585938e-01
9.759984308415884380e-01
2.619977003907106194e+00
2.558665151160663509e+00
1.216277593134514889e+00
2.705559764791859223e+00
1.132509434771072021e+00
1.545258602575789286e+00
1.566831665831299514e+00
2.695798653791277033e+00
3.777123305098474271e-01
2.458013849650436122e-01
8.279186495098758147e-01
2.883546970217116812e+00
2.367735131178150265e+00
7.266272098092260712e-02
1.372941426530977838e+00
1.794312502747456461e+00
7.477855063996640128e-01
1.969126662559840035e+00
2.018548654621816318e+00
2.200481781819060068e+00
5.186205624087325550e-01
2.033556228694450407e+00
7.554239257900466908e-01
2.059727384133161365e+00
1.546259817174274520e+00
2.739918343537617762e+00
1.807528902870167098e+00
1.063211569583697891e+00
2.415070745336971747e+00
2.021718784470420971e+00
1.882820196950633518e+00
8.762711596937994285e-01
2.246240001263777764e+00
8.704602529745413264e-01
2.535924886892297003e+00
3.977267034337325091e-01
2.356224406272145355e+00
2.230342211754667847e+00
1.436454852099769530e+00
1.681766665809136585e+00
2.331093715933965083e+00
7.109695836191711749e-01
9.934459500479300154e-01
3.430829141257533133e-01
7.269474719807887952e-01
1.001306400014717601e+00
1.745195484423133436e+00
8.356927632298010167e-01
1.828439256678684455e+00
1.967305230652947268e+00
2.454732425187974965e+00
3.888875689045843131e-01
8.149537999781824027e-01
4.480827354336730517e-01
4.668489283842264803e-01
2.133790835660979379e+00
1.645664186672198381e+00
6.844693238246285505e-01
6.932600527539858337e-01
2.445702240281710793e+00
7.865354579816724589e-01
1.010169133145894627e+00
2.298892303951286298e+00
2.410266437467657674e+00
5.291939477089804278e-01
2.554385052554384750e+00
2.332191958063050130e+00
5.696872160374700789e-01
1.011705323856462613e+00
2.589443599996275047e-01
1.697646980544205153e+00
2.345692763329584096e+00
3.038776973001072079e+00
7.556245517719666349e-01
1.106755212024334689e+00
8.587968783958670471e-01
1.332580260007148354e+00
1.984306392691779497e-01
1.810210443542838776e+00
5.893116845322161623e-01
6.484617746366848623e-01
2.475665035103737477e+00
5.636124606346513133e-01
2.086937139357422755e+00
5.612932686261921100e-01
4.818874448913433861e-01
1.034760871943266825e+00
1.013344297108465630e+00
1.385564846838471142e+00
1.305364012515709549e+00
7.162183465985838549e-01
1.810073702736248347e+00
8.329467361928447611e-01
5.447543423352750880e-01
2.462228420708315824e+00
6.135556531397049485e-01
4.827186398686649782e-01
6.947920363993742576e-01
2.004510499871280660e-01
5.133466134560163985e-01
2.224907709038475456e+00
1.927136254177211905e+00
3.170952781098029249e-01
3.402889698647342254e-01
9.411882448225687980e-01
9.948037840771516427e-01
3.316420390698012199e-01
2.597748499158132329e-01
2.577862818294544667e+00
2.584386844541228356e+00
9.871407898616367804e-01
5.960802404806336829e-01
2.203370440233385796e+00
1.568335217978545248e+00
1.061775982819534336e+00
5.551740660137557404e-01
9.038892928108962499e-01
1.314056063676399155e+00
9.430730505080131554e-01
2.809847409526832207e-01
4.311834100808334402e-01
8.293649657272289533e-01
1.136275623614246000e-01
2.425726707882606359e+00
3.322102409735563922e-01
3.794523347392839141e-01
1.448910747465459892e+00
1.011843447479835234e+00
2.264502838407820740e+00
2.947196836245273399e+00
2.121215571904795816e+00
1.498578604594838382e+00
2.307106551823326246e+00
2.026365694097575221e-01
2.499175666665423012e+00
1.762168958908972405e+00
8.551103858196557050e-01
2.163972887913990117e+00
7.647894913516417592e-01
6.086199104917223712e-01
2.648775623833933501e+00
2.835283884567420198e+00
1.327427520769780100e+00
1.054379918650394599e+00
3.313147824130269203e-01
9.643087072793824488e-01
3.446684570147335869e-01
2.131894469727196650e+00
1.442838004660490281e+00
1.439557601087318339e+00
2.559353022838191549e+00
2.457230608065928745e+00
2.009387720179318215e+00
9.800031918942821996e-01
5.751944648326058340e-01
2.105720073988528007e+00
3.656873549111961386e-01
1.723171931877246044e+00
7.536395654171673675e-01
1.196090503794088988e+00
4.016904504855708935e-01
1.643926553296307214e+00
1.262185808270907872e+00
1.881908801398092690e+00
1.450829728917822026e+00
2.117875472663081626e-01
9.983730615125936403e-01
9.570421359586579468e-01
3.143935208041800378e-01
2.561439027784953026e+00
8.148285595010186233e-01
2.109492584370418200e+00
9.002342318270099009e-01
3.053818420777538289e+00
2.503480351091445399e+00
8.021130655800714493e-01
8.960018764445769612e-01
1.094900596306637164e+00
2.070796112778390707e+00
1.301342119454891311e+00
2.086363953683387229e-01
3.016115156146186305e+00
9.817168071229516180e-01
5.463458702465187056e-01
5.249522774506886202e-01
9.311142371407712393e-01
1.995515654017373519e+00
2.235492838427206586e+00
2.627667103034046825e+00
1.258619557835482627e+00
4.300017697846305054e-01
3.622501622990260128e-01
7.582234817929761617e-01
1.819422566712878719e+00
7.991876571451148603e-01
1.016056520591485546e+00
1.724499670921735950e+00
2.558698449118980811e+00
1.010397370803230332e+00
2.533320724607304175e+00
2.273573769096348673e+00
9.992069500385264424e-01
5.972361343324483762e-01
1.150103180717363255e-01
5.308524085412809068e-01
8.440218917369214369e-01
3.646240509629727899e-01
1.067729369347133472e+00
5.147739394908336097e-01
1.910572584691800690e+00
8.713480323842853759e-01
9.067133304544772177e-01
7.740395410111734487e-01
1.539404964742020487e+00
4.874018329916188219e-01
2.051051843406722419e+00
1.725740295622422815e+00
1.549759776497038111e+00
6.814772723077530125e-01
2.274492506961113492e+00
1.421841416825646354e+00
6.141992416419870260e-01
1.397932192273761531e+00
2.832886285583753327e+00
9.091383329113772449e-01
1.902377384199620769e+00
7.724036514353478378e-01
8.002760307652210248e-01
4.432971983917128878e-01
1.283740366448447245e+00
2.854456799067400574e+00
1.297705563462632217e+00
4.484609334570894834e-01
2.501223374019498458e+00
2.284786928742792989e-01
3.068279399640614913e-01
2.470078478634246899e+00
6.842297677320839933e-01
9.986811488056015484e-01
1.605943343057673944e+00
2.811857575212038718e+00
1.798992098173533227e+00
1.979452819307254474e+00
1.653675599442016697e+00
3.353791733183507096e-01
7.736186471055656044e-01
7.856498340870194941e-01
3.051937845464808841e-01
2.029997789583096512e+00
2.512544341303783124e+00
1.226458781667828735e+00
1.080612611269641921e+00
2.146935842402573513e+00
2.184050448038752812e+00
6.170235214160231241e-01
5.686455999593955646e-01
1.710834762568528511e+00
8.295650604151784124e-01
1.346391734082493130e+00
2.456995547232271981e+00
1.715899240202109821e+00
6.912285388728898194e-01
3.334963777644347482e-01
1.597236722073766879e+00
7.539825207136974239e-01
8.555232933684357999e-01
8.674636902876285971e-01
2.834226360606168171e+00
2.170055371747127815e+00
9.641736335935887636e-01
1.264917562353864211e+00
1.877139015190316895e+00
8.415971202313785593e-01
1.226212581866954698e+00
2.014572763502737729e+00
1.803941880058052005e+00
8.878086009130400358e-01
2.235219438829947780e+00
1.241474402585535541e+00
8.412849109870526032e-01
8.743974120024321506e-01
5.979498678462061845e-01
2.431912083197524943e+00
2.912398666527152291e-01
2.589778251260487441e+00
2.929394190093648209e+00
1.790113085152093220e+00
1.339300368468989699e+00
7.600253445080298320e-01
1.561147361428379510e+00
6.199185109997551457e-01
4.231907650314828961e-01
5.993806023801498961e-01
1.742137692469995613e+00
7.204745106403614985e-02
2.360445239743323764e+00
3.702183376560106987e-01
5.355564420482024079e-01
1.148183107789906510e+00
2.402101717468915432e+00
1.241116250058111214e+00
2.243234667758691181e+00
4.579479787791245760e-01
2.880120729229390442e+00
1.474247673061348740e+00
3.889517304648064111e-01
1.939447455137949694e+00
1.324082264572371548e+00
2.472293679079056172e+00
9.828714185163444084e-01
2.312038865631056428e+00
9.377680218446110549e-01
1.066243859231775115e+00
1.683802842090113216e+00
1.257402924856185544e+00
1.471157211767069928e+00
9.840906127637544243e-01
5.092234137986124676e-01
8.335441749909719977e-01
9.094010476691052336e-01
1.357307398583168068e+00
8.043109805089998510e-01
2.371595603576236666e+00
8.759262435723877971e-01
2.041868020283747143e+00
9.681329269644477487e-01
1.098942317278755187e-01
6.464247645582544832e-01
2.176620832516577675e+00
8.822401325078819134e-01
4.068413230473498232e-01
1.545391175597333300e+00
6.602206172368392245e-01
2.982571766258027779e+00
2.558486503359359787e+00
7.169275826047357691e-01
2.480432261079461131e+00
5.170206641190508989e-01
1.478209250283665677e+00
4.904090839605730889e-01
2.242360120614950159e+00
1.846509415061736048e+00
4.761176351220671177e-01
4.539103299971217198e-01
2.173459168208874193e+00
6.991285801950991585e-01
1.480224767519721540e+00
1.173219703972691708e+00
1.089540552663990747e+00
4.930511749072946093e-01
1.081890710266304900e+00
1.787453669485367103e+00
2.229402442405625351e+00
5.133843734120119295e-01
2.429313791101535447e+00
5.737127321917457889e-01
5.045769724164600456e-01
2.641469838779152646e+00
5.359735051168771358e-01
4.837231656466733920e-01
1.688851650779842561e+00
6.610070759098074511e-01
2.138103755722880247e-03
2.719548382947452048e+00
7.382041558646810220e-01
8.780813685170005822e-01
9.791682763373842358e-01
1.887667366038374706e+00
2.247111800361388134e+00
1.122663297661287807e+00
5.434632368312120043e-01
2.721853413917079134e+00
2.474616010227956409e+00
1.180414473761104643e+00
4.541171580064645164e-01
9.209185629384883942e-01
1.532713406883626783e+00
2.756439400246023741e+00
7.880860791599283433e-01
5.700876469544733371e-01
1.984158509994336850e+00
9.526734106494572085e-01
2.670682210906377141e-01
1.963920357756616886e+00
6.360968243784160814e-01
1.011891107924467681e+00
9.903082825184970073e-01
2.311479122484743076e+00
1.120838796353350819e+00
6.695452317137429166e-01
5.185857957137030017e-01
2.669897863912413793e+00
2.252429224919465067e+00
2.878790164525468320e+00
4.457130118579933353e-01
2.305439274143480599e+00
2.551035993089199927e+00
2.827594666101719501e+00
1.461661212303842494e-01
1.041550457469728741e+00
1.515797850709879491e+00
1.438569866636525640e+00
1.650089716607463508e+00
2.611494734952027219e+00
2.842362349974155489e+00
6.381904068787249695e-01
9.452555589885407450e-01
7.460180422938224032e-01
1.427331834632159069e+00
1.255591053631621490e+00
9.196418492761664343e-01
1.978753900287620882e+00
7.854774381511877568e-01
3.961006539846345653e-01
3.828751443045791958e-01
6.565319867408457855e-01
9.403514345592686174e-01
2.790423224239380051e+00
1.274226505445909652e+00
1.754441017019116700e+00
6.892489377034451969e-01
1.540448441484283171e+00
6.093930989871793047e-01
4.883524506219686923e-01
2.715456643824206040e+00
1.890358005768195682e+00
9.269498336170095554e-01
6.728862880549801861e-01
2.391431631447802353e+00
7.625469992468203451e-01
2.407116618401173636e+00
2.816749080301294228e+00
1.101313204254275258e+00
3.896684910648168798e-01
6.861489406901698507e-01
6.561386844441688959e-01
4.170330730702365152e-01
2.962894781274127975e-01
2.357345665761572118e+00
1.579877793767384908e+00
2.429858932342061628e+00
3.447837156829505201e-01
8.982792177101728281e-01
1.991572232168270729e+00
1.039108227720297428e+00
3.277055972676609641e-01
2.165822116939932762e+00
2.350706180030913472e+00
2.082380008128161819e+00
1.109346270579673499e+00
1.708524031545288313e+00
1.316993169129196728e+00
1.304608865694229625e+00
1.234035838658098294e+00
1.923077269628793662e+00
1.340929286660669906e+00
6.053586810860273060e-01
7.276356128737533346e-01
2.946009575635879507e-01
1.193765786885530700e+00
3.002324569450632308e-01
2.386725994954698393e+00
1.923653200258819418e-01
1.832377534420220888e-01
1.025188274592481408e+00
2.505131139350750491e+00
1.364980508676803206e+00
4.929628903140162999e-01
1.699364493009182520e-01
1.825045777292948035e+00
6.862004327962129002e-01
4.160716886821991256e-01
3.798147545827241234e-01
7.044974876573169009e-01
1.890511189429092020e+00
9.130071499780137989e-01
2.594193254426078177e+00
1.978113480300422777e+00
2.703051334440334852e+00
9.255262142425060290e-01
8.464709760266171390e-01
1.353253649194521291e+00
6.674147838995377890e-01
1.330871979142428607e+00
1.019099493381415034e+00
3.017193979905436474e-01
2.180487066557672993e+00
1.201194256385901937e+00
2.529056112226241160e-01
2.391666483259230258e+00
3.879040317122742776e-01
4.085956912344719805e-01
1.324572305107410752e+00
2.233910978356064447e+00
4.565252342360962001e-01
9.314563929482158056e-01
7.558178932996834076e-01
2.419801746324370839e+00
1.661738180015467137e+00
3.594014812271985604e-01
2.308138721005700944e+00
7.149428026653431578e-01
6.173063884299108128e-01
6.264193485168727538e-01
1.121136061536651241e+00
1.458996522676249574e+00
7.892800738542572470e-01
4.706302593247230215e-01
1.211924089444236907e+00
6.804146330536774423e-01
1.052285450637411301e+00
1.631814219037186708e+00
1.086062195292926358e+00
2.780578984873787740e-01
6.574575077645841148e-01
2.626125467979589789e+00
2.503006809353054418e-01
2.676340566562983803e+00
9.056037898304002409e-01
1.939636957804150796e+00
2.680994903566643828e+00
2.231149262501610497e+00
8.762182637738541446e-01
2.464105072635030425e+00
1.688453720207640396e+00
1.691636370097702846e+00
2.881775324220964052e+00
7.504159127387054484e-01
4.893477699861201735e-01
3.479428157337213223e-01
1.260303409571067679e+00
2.647310314114090346e+00
5.703453508212732448e-01
5.021993365611590043e-01
1.062647225605597212e+00
2.242694224055049812e+00
2.857829138872974184e+00
1.113681209755066348e+00
1.197563705934323819e+00
2.208715716138797358e+00
2.728513083045011278e+00
1.553344346712240531e+00
7.299306381832966206e-01
9.571121858670496030e-01
8.302471045518771131e-01
2.837432038753759489e+00
4.571093573064458071e-01
1.802223302965549667e+00
2.218452333833254020e-01
1.058259369134683547e+00
8.398382211092317862e-01
2.860710481678225392e+00
1.610478221315795100e+00
1.374004438663617211e+00
8.069325914570762981e-01
9.533974598607152240e-01
6.852074855192549219e-01
3.072480082185528261e+00
1.923570179506013611e+00
1.109823470822247637e+00
2.938299802720309106e+00
2.346693916707234262e+00
5.098666448371265147e-01
4.321323826507064148e-01
6.345320449506254290e-01
6.592048443951822323e-01
1.919568699592967498e+00
8.963010368054865618e-01
2.922539167217737432e+00
4.855240256921868891e-01
4.088969677774953460e-01
2.912001477114380066e+00
2.787937980993751452e+00
1.868763503075332899e+00
2.280838868823187759e+00
2.237706059630283573e+00
2.703582414787476740e+00
1.848026884875535902e+00
1.140255398758780903e+00
5.642262046741672865e-01
3.629374606462903996e-01
2.634928416397591899e+00
8.130088366314297543e-01
7.453480773141614169e-01
2.118048903726036158e+00
8.643281791829440230e-01
7.260610657537635015e-01
5.594399817339479331e-01
7.553314560628429097e-01
1.628726408556010030e+00
7.442131883365081801e-01
2.166414563638758839e+00
2.018035867766114766e+00
1.951663320576790817e-01
1.358807261755848428e+00
2.719847486977857720e+00
3.602572682325174136e-01
1.176467604027281899e+00
2.015201107889727172e+00
2.096517287844882116e+00
2.105225735605742443e+00
2.405366820628403790e+00
1.131712328375297449e+00
1.405006336570882475e+00
9.215865328196164441e-01
5.476029318243320620e-01
2.268023528959851820e+00
2.315534955466509004e+00
1.588442316993704306e+00
1.728462413313582025e-01
4.987412654017203129e-01
1.494239412934146749e+00
1.098932613912196654e+00
2.226092205535322055e+00
2.667726576833864272e-01
1.415253074326590310e+00
1.622256348116096536e+00
4.572923161143349069e-01
9.838387856713796120e-01
2.469819330814999159e+00
2.008758639524324874e+00
1.265538387460664049e+00
1.025322957216166841e+00
6.149174417877579790e-01
6.463764553248272371e-01
2.639676826108781516e+00
6.742513860877914489e-01
1.779296695725053112e+00
2.948625304816663850e-01
5.454618991669728523e-01
3.179904982566206240e-01
2.267657436957155159e+00
1.785365338708163163e+00
9.411139364505030080e-01
7.641501520856053276e-01
7.575872601395811090e-01
7.275114883586842884e-01
8.755536777129494519e-01
2.754137773420162194e+00
8.337386871750486206e-01
2.911184698632952039e-01
9.140662700461431589e-01
1.113076336205814698e+00
2.709180802954237688e+00
3.581366878218845695e-01
1.995817173683545498e+00
9.901385492413335987e-01
2.252281378297698922e+00
1.460174268882757698e+00
4.395238078121558867e-01
1.567344586860311972e+00
1.034887872405292342e+00
7.420738723408381032e-01
2.893892864260043662e+00
2.024268615437294194e+00
6.842484308520929703e-01
9.223667659276507669e-01
3.638618322770936775e-01
2.509026178273426222e+00
2.427214110517610379e+00
2.652081197507877075e+00
2.836933560447903790e+00
1.385601204348961168e+00
2.216672406504634374e+00
7.002386323573366322e-01
2.520164002420383742e+00
1.146085180579376472e-01
2.773406445513876495e+00
2.157793368196230244e+00
5.603073916439091917e-01
2.446070795879384807e+00
3.853507901311805650e-01
8.967650281612813412e-01
7.633256073634997474e-01
1.981630050346709693e+00
1.495007523058106969e-01
1.384646412279111560e+00
2.972997785654508007e+00
1.396372391789524992e+00
2.257640885528692021e+00
7.213820864631770302e-01
6.598723548667710936e-01
7.626634218662927678e-01
2.784671420149924526e+00
1.008083137642410865e+00
1.744202111855450710e+00
4.359197712925721446e-01
2.757215589477368667e+00
9.304971605146219460e-01
4.541112007619337865e-01
2.626356970282383241e+00
9.295393225332038156e-01
2.337612951122856941e+00
2.627260085086295049e+00
5.789382518478425332e-01
1.486207943115195551e+00
7.063133713406015701e-01
1.701233588991327483e+00
4.332961316825804099e-01
2.525429976562112433e+00
3.816508017035823985e-01
4.991481917498146181e-01
2.368855152029793132e+00
1.858807140951926451e+00
2.084916721184936872e+00
1.026063440429005880e+00
4.286803130424293173e-01
2.841425463169717225e-01
2.322735374235986860e+00
2.209362498451071133e+00
7.327278766804034005e-01
1.817118853218024022e+00
2.629524986264853759e+00
3.067403453940102498e+00
8.126250421920925282e-01
1.090118210545767408e+00
2.578232182526986271e+00
5.613035316138857977e-01
1.834028505205129500e+00
9.655127926092396118e-01
1.461138384970024351e+00
6.024091234821854490e-01
1.075575527534352371e+00
1.825546871892069101e+00
1.169071762479483523e+00
1.895606808315916325e+00
1.705359412521747275e+00
2.724080392110439508e+00
2.091318021885886225e+00
1.557597953136335089e+00
5.353553056078641514e-01
6.841449112432788082e-01
6.109036652481412144e-01
6.332934620532909564e-01
2.331255799635380210e+00
1.133279578801146492e+00
9.762722765532053648e-01
1.122886254848779242e+00
1.781854750330048587e+00
1.012185902403501148e+00
3.042874186960864868e+00
2.960346742361028016e-01
1.461235507273815348e-01
1.046121637427861240e+00
3.597894671990051196e-01
2.694186161291929782e+00
9.843795313385171886e-01
7.827650535328070092e-01
1.433741034629868016e+00
1.087048849124504502e+00
2.933328873558675109e+00
6.308822330292698233e-01
4.080429844740065537e-01
1.382891267771073185e+00
5.674261989517835891e-01
1.783666845210555296e+00
9.795984378835800310e-01
2.580989305664511124e-01
9.767620926361247902e-01
6.192877539401699938e-01
2.294315332988687839e+00
8.278387913183440361e-01
1.497152232135736449e+00
9.120917782769140114e-01
9.493752559092746290e-01
2.322945274168870089e+00
3.486378675498825186e-01
1.498097677224960345e+00
4.638850657601771843e-01
2.659653810408681540e+00
2.597670133648380730e+00
7.410606188041265474e-01
2.890172464885279457e-01
5.346840130183617701e-01
1.037622616411727483e+00
2.028715037348537642e+00
1.074875273528681507e+00
8.641706966505482423e-01
3.692355274274009558e-01
1.110152068379122614e+00
2.674426027708328490e+00
1.750579896814268566e-01
1.117050893518485299e+00
1.054024776233548621e+00
2.007005759860806204e+00
9.334529017922156280e-01
6.526730787371698428e-01
8.746275933570080152e-01
3.148190288254911207e-01
5.032132071664247031e-01
1.593523790463793555e+00
2.496947124049390787e+00
5.836717228817379644e-01
1.044833885832396891e+00
2.855633410768846581e+00
1.301541364224596764e+00
1.629869520396127203e-01
5.191586159731548245e-01
2.609730947539149692e+00
4.771436296159957124e-01
9.621153227921808160e-01
1.564696615557709336e+00
2.660383276033337019e+00
6.406289485109305515e-01
2.032634074122023904e+00
1.480049868427167681e+00
8.929030446056499537e-01
2.860270442219046583e+00
2.329696796231949474e+00
1.144920636391894897e+00
7.758062287432470061e-01
2.074274152897559897e+00
1.793275219419168343e+00
3.169846895675787479e-01
7.070557548370246526e-01
8.645260199369434462e-01
2.125187417608708884e+00
5.521498911637370277e-01
2.435515442831491573e+00
1.705367854873040434e+00
4.982242914339524154e-01
1.934186697992662740e+00
2.007020970733269127e+00
4.699079100709461221e-01
1.723172789183728293e+00
7.780220794344622215e-01
1.389937421695861097e+00
6.032261064868849054e-01
9.748449954734540457e-01
2.807961158968612203e+00
1.230891184763298840e+00
1.601488115712522253e+00
2.791282428227277013e+00
6.411138065824490972e-01
2.249296448325964981e+00
8.537558246378358362e-01
1.209930835785014036e+00
2.146658011269406252e+00
5.701233650052002222e-01
9.686367102408114382e-01
2.257006323111137469e+00
1.794728782759298813e+00
2.146153339564085716e+00
7.529147346007309949e-01
2.009454171807426803e+00
1.113324607573305813e-01
1.054276850152209510e+00
8.013477217194162616e-01
2.353904775149187056e+00
8.490085738304162799e-01
1.280344241736661948e+00
1.474159495615213089e+00
8.060224376895507303e-01
2.526479540800412038e-01
2.339811814777938981e+00
4.165969313137286578e-01
1.229051599761213254e+00
5.328671250603713716e-01
2.467837937937235882e-01
2.702583046576754189e+00
1.101257198086079692e+00
2.443150577240527088e+00
1.231128218730394908e+00
6.957855001935083772e-01
1.952186914910128079e+00
1.603807599499375014e-01
2.887929777822904942e+00
9.280818143280940014e-01
1.162046649957066302e+00
2.663893354861959217e+00
8.836294064963825523e-01
1.935896577635145555e+00
6.769912573037033532e-01
2.239613119969201538e+00
1.161130068118335856e+00
6.393993709768539535e-01
4.076931400827213392e-01
9.374476561394580187e-01
9.237713147654685875e-01
2.695199087166589291e-01
1.101568266862376078e+00
1.138379098197045414e+00
4.861875711643771081e-01
6.429981642975201028e-01
8.384279617284906561e-01
1.046010296676118889e+00
8.161496963094706514e-01
1.795602094061031842e-02
6.421510781458051875e-01
1.050539928843253534e+00
3.241984010528672910e-01
9.887347482634939455e-01
1.308075256130080799e+00
7.384549525938801651e-01
2.221064989848279492e+00
2.025489258009316451e+00
9.802235178200163768e-01
1.573453061493357508e+00
1.006154923532004197e+00
2.909777546587198671e+00
2.452161488933890521e+00
2.801982614920680792e+00
1.578092340022751339e+00
2.620388171100967778e+00
5.727643008111145129e-01
2.103488489079280210e+00
2.870701661202361143e-01
7.129952161442614234e-01
5.458640460105335102e-01
1.607052322364274755e+00
2.249989923795238767e+00
5.506355769443074255e-01
2.798458996520493347e+00
2.356319846469624668e+00
2.538723656937284634e+00
1.961083151529084745e+00
1.248590871008148806e+00
5.950223717092549824e-01
9.441027653454220347e-01
9.868817827647587970e-01
2.025932257880296017e-01
7.868656113184021583e-01
2.401082888072460619e+00
9.274641036520100412e-01
2.712000048136806729e+00
1.743129683316426259e+00
5.582658607655666128e-01
1.811224590953012692e+00
2.704207608720787803e+00
8.149055981572698171e-01
9.544185280500375734e-01
8.416351633821256284e-01
2.698443342807123280e+00
1.182674094270578014e+00
1.120760034614579181e+00
1.770948795574444734e+00
4.429693707060897157e-01
2.634468564701438975e+00
5.489547927137283789e-01
2.922633639842437070e+00
2.879800603388064761e+00
7.272323039279221524e-01
2.309130030139201040e+00
3.651735779716118735e-01
2.812093924024124725e+00
1.086656996901084193e+00
8.675336811004146220e-01
2.024749041704631214e+00
1.253172981088857829e-01
1.121874060039177889e+00
2.683486148111187575e+00
1.581074356923922508e+00
2.741888049616168832e+00
7.886993799853742049e-01
2.598789238165122306e+00
2.546606901029800696e+00
3.060537890527116334e-01
2.582385120001069012e+00
9.431685529379312261e-01
2.348745362441266860e+00
1.542041966081381110e+00
1.184545874165799706e+00
3.028485549678430755e-01
1.743157222363466596e+00
8.936566735569887454e-01
1.673715137450002777e+00
2.506219438614986750e+00
2.898557015535394576e+00
3.930733235741363241e-01
2.520881039764400811e+00
2.017554336736441023e+00
1.521555744365608476e+00
2.730800747481260116e-01
2.176600762834036473e+00
1.120141786711228216e+00
9.289785062686179984e-01
2.724433167951698209e+00
2.814021310623611161e+00
5.724144359386825753e-01
1.553084786900513103e+00
2.552206691662859850e+00
2.554092803257023814e+00
6.845966562107553832e-01
1.925321424155574057e+00
9.935376406435452168e-01
1.170946647562953191e-01
1.955310194861312301e+00
7.234347367137309304e-01
2.206562862523811841e+00
2.148841351132599442e+00
3.904753835692025277e-01
2.246751595314235850e+00
2.193197516417296100e+00
5.393545165915996087e-01
2.066321695365220812e+00
7.063681756067784479e-01
3.948724328152791729e-01
1.398661967111818782e+00
6.701484129749823992e-01
2.091014131968892187e+00
5.180698500453844169e-01
1.889292544552702457e+00
1.129283756940862027e+00
9.740450064341600322e-01
2.163521265308305352e+00
2.466373882056363431e+00
6.828602345524068529e-01
1.638723549772417964e+00
6.449275129720379862e-01
2.865264603940619104e+00
1.859027100486697615e+00
8.878938113751465577e-01
8.427948588183912237e-01
2.316845392070480347e+00
5.176583263873228979e-01
1.804978223509084767e+00
9.856647229495899554e-01
1.212165209057087134e+00
1.850177580819564849e+00
7.472914641937314917e-01
3.914016261651003803e-01
2.525300378530700662e+00
1.846853704099034710e+00
1.504723435919512298e+00
2.215021754731128389e+00
1.298917975508762312e+00
2.160491920170146241e+00
5.134925186936474262e-01
6.828233838534657485e-01
1.576092621216390821e+00
1.008368033434589028e+00
2.514086275345898347e+00
2.622650760156276739e+00
2.710366762477504077e-01
5.452069047694410031e-01
7.266824531889090055e-01
2.024534841530275742e+00
8.310990973151827221e-01
9.255684858182031682e-01
2.506122113382217353e+00
1.267201654794566368e+00
8.809490341387412604e-01
1.747485847165105133e+00
1.013069466142739516e+00
8.234524779823882978e-01
7.997242687452466026e-01
2.928160204761368846e+00
2.530220626830418151e+00
1.447177260737934734e+00
1.271192952358757067e+00
7.378057552794381468e-01
1.482857273239390761e+00
1.156051402035370490e+00
1.573996758845549238e+00
1.273602404450406622e+00
1.923363261793720858e+00
2.294632650773208216e+00
1.723733523796993961e+00
2.767595079065210406e+00
2.383933181612279739e+00
3.802292274676209449e-01
1.925939174221173555e+00
2.173555559018006123e-01
1.134488412054351913e+00
6.559045730121634277e-01
1.446775490078110737e-01
9.580582770205690046e-01
1.280406036579187168e+00
2.265413455694508027e+00
7.065018005020525793e-01
5.174874573650184439e-01
1.461823679878658577e+00
1.430652172794516508e+00
2.570132727318100163e-01
1.148694056753079007e+00
8.789505990270340963e-01
1.386150036382223671e+00
2.788658289119439804e+00
7.102218183861092049e-01
1.230707770907101484e+00
1.502027643489027620e+00
6.320340747239611146e-01
3.286232979513601382e-01
1.616839625158805971e+00
2.000401092601028719e+00
1.129469562895258461e+00
2.556233141971747891e+00
1.473849233242448653e+00
3.300796794154162717e-01
1.867907105184472449e+00
3.998347901072678567e-01
1.275077703662614415e+00
1.242079824780068398e+00
5.207267780828966908e-01
8.458248938267196593e-01
6.618571510552468951e-01
2.530743490261993411e+00
2.531958243584351287e+00
1.451225432901246837e+00
8.896713351490638244e-01
6.690511704180109875e-01
6.462934057843819913e-01
8.087886018072919514e-01
2.279251283239112968e+00
1.014151762183045813e+00
6.494411946298889182e-01
2.633864686763184526e+00
8.301414125440470526e-01
2.571145691905779795e+00
6.421558785267043046e-01
3.839572840615039784e-01
1.511273266316454311e+00
2.693676376778830317e+00
2.726562877480144920e+00
5.574991679889645946e-01
5.243768282313915341e-01
2.755098322557116841e+00
1.114231776790675532e+00
1.101239431263023816e+00
1.912654451132435263e+00
1.488428441351978548e-01
1.445682592870729088e+00
1.680132861192926486e+00
1.453193929352021296e+00
9.146629451886796325e-01
2.308834470058598320e+00
2.262075918524170337e+00
1.846261369960914722e+00
1.924527778337840722e+00
2.387691126928209506e+00
1.338283735250786810e+00
1.438756992160603154e+00
8.986546015533025678e-01
1.005633927354735446e+00
