mass_ratio
1.372426379641542848e-01
1.314714059557136050e-01
1.314714059557136050e-01
2.179113732955455240e-01
2.179113732955455240e-01
2.379125947677127040e-01
2.352628663881403959e-01
2.945782285492111741e-01
1.512418735219388799e-01
2.505298122980431086e-01
4.089487321146058618e-01
3.436135182634169616e-01
3.436135182634169616e-01
4.177540059840705311e-01
5.061922537847634018e-01
5.061922537847634018e-01
3.790948739285425750e-01
9.899173208216979769e-02
3.125068739838953724e-01
2.184721500047994425e-01
3.505434785922535434e-01
2.624393037407389273e-01
1.623884762066740983e-01
1.623884762066740983e-01
1.623884762066740983e-01
3.383581037399179259e-01
4.253206623411930343e-01
3.852337099286343158e-01
4.215888393505636822e-01
3.676463938379420093e-01
3.088549136935084261e-01
4.529038447830038838e-01
2.567362802416098821e-01
2.567362802416098821e-01
4.800096206366715190e-01
3.596980404317183799e-01
2.272432771301791943e-01
3.316856317949360977e-01
4.124641513156919737e-01
4.418882843501590330e-01
3.111356297922895364e-01
2.539694542281480394e-01
4.911562628398237207e-01
3.907329484540444930e-01
4.865480990762852120e-01
4.337873250614753262e-01
2.406627464115768944e-01
2.492051088784177082e-01
4.163091384272009088e-01
4.581559231993080905e-01
4.581559231993080905e-01
4.581559231993080905e-01
4.766504206657374842e-01
4.176238184699728739e-01
4.855599870129891915e-01
4.422912211048861675e-01
4.935505100027777203e-01
4.236166744508759741e-01
4.823230813534343242e-01
5.196200518926673562e-01
4.123029549409428784e-01
5.356270609583652087e-01
5.331444821181211546e-01
4.690801209473685063e-01
4.493204974874797086e-01
2.922705548422576127e-01
5.169825902001522477e-01
5.030964035801070988e-01
5.030964035801070988e-01
5.030964035801070988e-01
5.252591686913662405e-01
5.248727224802224312e-01
4.003956728080385608e-01
5.422841767784630784e-01
5.422841767784630784e-01
3.965036050235729581e-01
2.204684903503595916e-01
4.064671688419547735e-01
3.971601729200817665e-01
6.810192336727888263e-01
4.806890528169288079e-01
5.100287912253171907e-01
4.101383982114406579e-01
4.101383982114406579e-01
3.605574624536135864e-01
5.108470363386445889e-01
3.932736525220513757e-01
5.635136851980446782e-01
5.111931568017040739e-01
5.715994557825058164e-01
3.974310420316694570e-01
5.145168145354088729e-01
5.145168145354088729e-01
5.639863917017370332e-01
4.711858611642497086e-01
4.350208936298266549e-01
4.350208936298266549e-01
6.279508368779790350e-01
6.279508368779790350e-01
4.173240842045365384e-01
4.173240842045365384e-01
5.305598081772736618e-01
5.305598081772736618e-01
5.661968059284623322e-01
5.724308167364803301e-01
4.420575656851126745e-01
5.193223388708482213e-01
2.309644199926745578e-01
2.309644199926745578e-01
4.299168868513485453e-01
5.659094612260338053e-01
3.784673798396630540e-01
4.733495990800146158e-01
5.471843876342855628e-01
5.623714253568490307e-01
5.265864297811531092e-01
4.492462442097663877e-01
5.415752765502763744e-01
6.433264347846094910e-01
3.112933126250613247e-01
6.176872340060896027e-01
2.012652266291542480e-01
6.936880081294304334e-01
4.995300166009711273e-01
2.687029618950622645e-01
4.040103070387818240e-01
5.537250534762727661e-01
6.102770766673585312e-01
3.308973808659112503e-01
4.838538357238467147e-01
4.492802026605304255e-01
3.954202378148172770e-01
3.954202378148172770e-01
6.208073780051688306e-01
4.141935147647529125e-01
4.645043919227018203e-01
5.361000194071071645e-01
4.383073236887765622e-01
2.039492135549527962e-01
2.039492135549527962e-01
2.562679994544144191e-01
3.523041786701466282e-01
4.355231567561027028e-01
5.129098782335055340e-01
5.320957994581456685e-01
4.050173204334186483e-01
6.903188856636711668e-01
2.763002912736768346e-01
4.692565668719588245e-01
3.295685708121359747e-01
2.642762272225328002e-01
3.687521101841583770e-01
4.218352929928830819e-01
3.606714047922429112e-01
7.140717450421735224e-01
4.801216872061093155e-01
7.611408837172053410e-01
3.611134714797119005e-01
3.611134714797119005e-01
5.347778771425960587e-01
3.630499353226931958e-01
5.410695147153390394e-01
5.410695147153390394e-01
5.410695147153390394e-01
4.478079213456179208e-01
4.366627426912269572e-01
4.924808802917792772e-01
2.270233790496082871e-01
2.270233790496082871e-01
7.192357103627905479e-01
3.526009875979940200e-01
3.526009875979940200e-01
3.680748198267858595e-01
6.728430844339994277e-01
6.252288498461976429e-01
4.981046994180788889e-01
5.974392204554408448e-01
5.268445242790441574e-01
4.338126174542260016e-01
5.296014564080516740e-01
6.423419453071891327e-01
5.036557431300221488e-01
4.036123592939949156e-01
6.375974888034715571e-01
4.573852300245265790e-01
4.573852300245265790e-01
4.315344634707404259e-01
4.315344634707404259e-01
4.763505620748533231e-01
2.778947221840080140e-01
5.694822698543582362e-01
8.616015314340838005e-01
5.235397375132585518e-01
7.332498569685346190e-01
6.106274317730446821e-01
5.722463079528470331e-01
5.018280194060078525e-01
3.956624087086348940e-01
4.704660148696175881e-01
4.704660148696175881e-01
7.682696322667365019e-01
7.789480371633209499e-01
5.796004635104465841e-01
2.730384239941290869e-01
4.035730888892114510e-01
2.135906322771306542e-01
5.907857408195106297e-01
6.321379680868626227e-01
6.741836157417373521e-01
5.897979189431771241e-01
5.600547963644091354e-01
4.570326714946785773e-01
2.948502793334641381e-01
5.306700660169286765e-01
5.947527542905740594e-01
2.659441271676002416e-01
6.263615470532489793e-01
6.263615470532489793e-01
2.223934053674760658e-01
6.651790953525553718e-01
6.651790953525553718e-01
6.201199519762701229e-01
4.936658972921357802e-01
4.920895731355851010e-01
5.577703299677581050e-01
3.886459352666539191e-01
5.981584081575458400e-01
8.393612303145654430e-01
3.771468208119679866e-01
2.995509604682843885e-01
5.653392178259637468e-01
6.096811676603061114e-01
4.434886948504668802e-01
7.236742284481019194e-01
3.379805037491068753e-01
7.073298428289549467e-01
2.468178286530426369e-01
4.363080084383069157e-01
4.905468157706887045e-01
4.832475764187760814e-01
6.503229137872273968e-01
6.503229137872273968e-01
2.876067049721601210e-01
6.848582947940267118e-01
5.182906570843257565e-01
5.182906570843257565e-01
5.652777784639250180e-01
8.334043983290339019e-01
5.447502272989585004e-01
5.961731505262278796e-01
3.737048504357339263e-01
6.765835747861608240e-01
4.195292491498221477e-01
4.964906731198536760e-01
6.235222090496586045e-01
2.537842374803448986e-01
3.871267983950812952e-01
5.801960044932186200e-01
6.285020944378573171e-01
4.971133723691730233e-01
5.812596156121450086e-01
3.863416864164793685e-01
5.637412565801148689e-01
5.637412565801148689e-01
5.709753202115623871e-01
3.209606700248860411e-01
3.209606700248860411e-01
3.209606700248860411e-01
8.151614981922099545e-01
4.145329902854820170e-01
5.155034468691761518e-01
4.093979560150399766e-01
4.093979560150399766e-01
5.522316200039758538e-01
4.152852258959059961e-01
5.532166184342127702e-01
2.470820427653475926e-01
1.704419337806171164e-01
1.704419337806171164e-01
3.794417353089081235e-01
6.539905679298119168e-01
7.308908510905653966e-01
3.503446871908687532e-01
4.366773190486256118e-01
5.592405035155699755e-01
5.592405035155699755e-01
4.371503111939967212e-01
4.371503111939967212e-01
5.456600278250141045e-01
2.804392856467016748e-01
2.804392856467016748e-01
7.627766182622045532e-01
3.275031844355085764e-01
6.991454234834715287e-01
7.085215810647841339e-01
7.085215810647841339e-01
4.429960068780018356e-01
1.836028870111212630e-01
1.836028870111212630e-01
7.856921894053459088e-01
3.581995910790981563e-01
4.110681553599772053e-01
4.395003360758032995e-01
4.373860286864079128e-01
3.726978467910759818e-01
4.395104701382429035e-01
4.395104701382429035e-01
7.713061947720410982e-01
5.357357643944681280e-01
4.257937036297239075e-01
4.257937036297239075e-01
7.090833270892059614e-01
6.806188143557944104e-01
1.415113719528206526e-01
6.019012131618529660e-01
4.016955436958807857e-01
4.187909307975593576e-01
5.496874108700339212e-01
5.638062358713423761e-01
5.585467074283153588e-01
3.821353659939421554e-01
4.828324270468810075e-01
4.093851901431628248e-01
6.449837693562464613e-01
5.801740575525653476e-01
6.968589278697697731e-01
3.635305523347637235e-01
6.776470186602854273e-01
4.938666678869489957e-01
8.719165360596088377e-01
5.085242386567762063e-01
7.108891180890946071e-01
4.280164786645948016e-01
6.842872434861261288e-01
7.466371274024041771e-01
3.414852945864440548e-01
2.757764026190834272e-01
6.898131338068678176e-01
7.126791425864820173e-01
4.631783384825500227e-01
3.167451531582184954e-01
7.410283942730817586e-01
7.410283942730817586e-01
7.410283942730817586e-01
6.381204754470676255e-01
6.801857061863713083e-01
4.108229563509933069e-01
7.814248799351816155e-01
5.949272012498963980e-01
6.545715723654966789e-01
5.951695505629985838e-01
4.905233862757322205e-01
6.930384316336154482e-01
5.036547285453234490e-01
5.009298059831612804e-01
7.132425939651825253e-01
6.081894317791558535e-01
4.929584134974178133e-01
6.983064905962532709e-01
6.163325649595029487e-01
4.229172093373029240e-01
5.347829555921725930e-01
5.347829555921725930e-01
5.916661584301321497e-01
5.916661584301321497e-01
5.254981964651396220e-01
6.467028399892168489e-01
8.824687774231786408e-01
7.511613877222985680e-01
5.861454430840151719e-01
4.111762757109144739e-01
6.783314139840197488e-01
5.474404626456540468e-01
6.551006600239347444e-01
6.535379823219221729e-01
4.721932082189815860e-01
6.239138885847115290e-01
6.140134208705624319e-01
4.226999025259373099e-01
6.490753819225617560e-01
5.068251904377601980e-01
5.068251904377601980e-01
7.075015613220104749e-01
3.272125640031273153e-01
6.505240134054354195e-01
5.936796756366532479e-01
4.314505288243719039e-01
8.003620228980495854e-01
6.948711347830984764e-01
6.948711347830984764e-01
8.246318691852274618e-01
8.246318691852274618e-01
5.198137917106375738e-01
4.859761420341868754e-01
5.372558810748854219e-01
3.601300217588260244e-01
6.345894314587400276e-01
6.345894314587400276e-01
6.345894314587400276e-01
6.792105011146013505e-01
5.647762169891542561e-01
5.647762169891542561e-01
5.886929799016730191e-01
5.886929799016730191e-01
5.401833481035356321e-01
4.178876454239661142e-01
6.479278436666913166e-01
5.675883745938296032e-01
7.047888122011912726e-01
7.510596913830445143e-01
5.199058742800646282e-01
7.973526709138319957e-01
6.443655700310774170e-01
7.712302358760434462e-01
5.665165938814528124e-01
6.183571303263105667e-01
4.878926616348547851e-01
6.451392728126937870e-01
6.451392728126937870e-01
3.830229984714033087e-01
2.701088066402171917e-01
4.122753910269011945e-01
6.614203203447800439e-01
6.925016547090816488e-01
6.925016547090816488e-01
4.369364225847865435e-01
5.945306344802220311e-01
6.415010877530852307e-01
5.963770131891126258e-01
8.525652061092970913e-01
6.898176443310434225e-01
7.062012960745711609e-01
9.063016193138160315e-01
6.115925484893554032e-01
6.321634782843962297e-01
4.885316750805970276e-01
4.885316750805970276e-01
5.173258918896829206e-01
7.383573470475106593e-01
6.433959172159227080e-01
6.300077522394148533e-01
2.232484701991568621e-01
5.257978253098914978e-01
6.465895912578242255e-01
3.667362462282893198e-01
6.577517452732670744e-01
4.924267315002661127e-01
7.535824928447021342e-01
7.116872468805341967e-01
6.580414031821105736e-01
4.657274668484441271e-01
7.440481650450649909e-01
8.644760752737378207e-01
7.097276498701542424e-01
7.863675162531231777e-01
7.863675162531231777e-01
6.113673798990417740e-01
6.113673798990417740e-01
4.158713882544868845e-01
4.780521603320653234e-01
7.316647013926481646e-01
5.591071107342834301e-01
8.342783883763648101e-01
7.798189981935357284e-01
7.511659430301648177e-01
8.319811655141956530e-01
8.319811655141956530e-01
8.319811655141956530e-01
6.989846905046194214e-01
3.422603190147751051e-01
4.933536630243136045e-01
6.861830828013721906e-01
6.861830828013721906e-01
8.000510521918139384e-01
8.092542207027074719e-01
8.442194816399122281e-01
5.103456038330803635e-01
8.154548329928978934e-01
6.310607340518651354e-01
7.496935644253539532e-01
3.871286096260376786e-01
3.871286096260376786e-01
6.572269600609281781e-01
6.759805634395357199e-01
8.271480407544358204e-01
3.164170980720185100e-01
5.556410306077552708e-01
8.257802626587406047e-01
6.563047150255646445e-01
6.563047150255646445e-01
2.957871098200682836e-01
7.361461101099981974e-01
6.710607704532339790e-01
8.027131282662606226e-01
4.894902334002450006e-01
5.149916224558556133e-01
7.140040206365324549e-01
7.140040206365324549e-01
7.889851074677958209e-01
7.471262271549684586e-01
6.322362711041443761e-01
4.091170495736009549e-01
5.139873861097417063e-01
4.776708137280621935e-01
5.853453111716118151e-01
6.735580156595647461e-01
6.660947527870421103e-01
6.634926201193902529e-01
7.631049096484709970e-01
7.951931430416752100e-01
4.165329624210479809e-01
4.165329624210479809e-01
4.107041368792656022e-01
4.155655691947363062e-01
7.689751370869642999e-01
6.762871569416002426e-01
8.291359879967129531e-01
6.860675393002726441e-01
3.788721812706801750e-01
8.850981219503434305e-01
3.975537343773060117e-01
5.409002728174310271e-01
6.725458742773704479e-01
4.198268621646416010e-01
7.944348940035509399e-01
3.300661769044653249e-01
4.749957761535728018e-01
7.470508017615008489e-01
9.683143331174024482e-01
5.728945236969932298e-01
7.430933855390248199e-01
7.347491083237402965e-01
6.385989903606515972e-01
7.760760676126842172e-01
7.733591547552514101e-01
6.968841510296577280e-01
5.329916197097329666e-01
5.875392871328163347e-01
9.230572001594620213e-01
3.863631713052361194e-01
6.592267622640848312e-01
7.440564328470433697e-01
6.923690926614811669e-01
7.581652228351938305e-01
6.725021098935999309e-01
4.691153250510228800e-01
5.429016726066971943e-01
6.892632462085659384e-01
7.076026345787513883e-01
6.382336798547580958e-01
7.783130657840915401e-01
5.266365246968144342e-01
7.308801989173868696e-01
6.927905549653089468e-01
7.889382927091838082e-01
3.908112783715446681e-01
4.057627968743766633e-01
6.461419500656877535e-01
5.460300842686593992e-01
4.576062718670751983e-01
4.316767592501317696e-01
6.496478869413848667e-01
5.889355640720788099e-01
6.481165946355976759e-01
7.636896937338077951e-01
7.636896937338077951e-01
3.435381150187469257e-01
4.368772820073327234e-01
6.094226581446396951e-01
3.313918444874254243e-01
5.883552885292947510e-01
4.520506602167297938e-01
5.054839308848489976e-01
7.788138350014127687e-01
7.105712410147148050e-01
6.047142987758353794e-01
4.923984575867719204e-01
6.709678133609813244e-01
6.928247596201576597e-01
2.632284006689742939e-01
5.829402380798153205e-01
6.675279458997993576e-01
6.675279458997993576e-01
6.790209025373552532e-01
9.393943981964352208e-01
9.486356084045474146e-01
3.144948460000598356e-01
5.271338768645789097e-01
4.012261080765908150e-01
9.870248701394798152e-01
6.229811204337791786e-01
7.169549894826332537e-01
8.460256990879138073e-01
8.460256990879138073e-01
8.460256990879138073e-01
9.286454764780144311e-01
9.286454764780144311e-01
6.038478867545520323e-01
7.712686527690403304e-01
4.959643051380807077e-01
7.913757606306528469e-01
4.676751726465793735e-01
4.676751726465793735e-01
5.271483311848600417e-01
6.159768083189460786e-01
4.715572916209551102e-01
4.715572916209551102e-01
6.438662354560370504e-01
6.535437124262449826e-01
5.434833161857710593e-01
6.610944447692619352e-01
5.606025216729950689e-01
4.553433821259256220e-01
7.086635211112626287e-01
8.407181489861594859e-01
6.108502573904016630e-01
4.832356857742751144e-01
5.170736731802325625e-01
5.170736731802325625e-01
5.347322314160420920e-01
5.347322314160420920e-01
6.102632315916385330e-01
7.360677116763694183e-01
7.360677116763694183e-01
6.764943954671031046e-01
4.843697578351143229e-01
7.937318292140398412e-01
7.937318292140398412e-01
4.996503970143775786e-01
7.950324351643254239e-01
8.244598290990502454e-01
8.914182807916019025e-01
8.216679247235989525e-01
6.605007107383368270e-01
6.147558974322255843e-01
8.752916777123519454e-01
6.606052066556353797e-01
7.276372278404157345e-01
6.213939508733083983e-01
7.401619050676643274e-01
3.492791729820370339e-01
4.274505194583410606e-01
5.813069775417025742e-01
1.868947409769828871e-01
6.850186593843811123e-01
6.030883606313720557e-01
6.601839569396699137e-01
8.010378662532438021e-01
4.548561045393758051e-01
4.548561045393758051e-01
3.289095454103307392e-01
5.701521060149633557e-01
8.791637740517861399e-01
7.170578334267202480e-01
5.440097568653007309e-01
6.207041635573836702e-01
5.034834295566247286e-01
6.093091454262566931e-01
4.775384002822388174e-01
4.775384002822388174e-01
7.028352260674844976e-01
8.952522328347410907e-01
7.172992678324892069e-01
9.148384169701467838e-01
8.404826526879706217e-01
6.315433768940532655e-01
4.286023183230558420e-01
4.286023183230558420e-01
5.565294767701579604e-01
7.534236277089795264e-01
7.534236277089795264e-01
5.820169874793945652e-01
6.766340638193287793e-01
5.109434082047453751e-01
5.993418509373961145e-01
8.050527410398865547e-01
4.608250125300811240e-01
7.376584277321598382e-01
6.160134708257930525e-01
6.808053006682504016e-01
7.295875772573933160e-01
8.806121207077926005e-01
8.331904172722424118e-01
7.864712646460400025e-01
5.698058849650631252e-01
8.228602759246426146e-01
7.171499645888113061e-01
7.171499645888113061e-01
6.613220255032922212e-01
5.450947214735137880e-01
5.450947214735137880e-01
8.950355643159947361e-01
2.253288182647970594e-01
6.181620243007347471e-01
5.948298996047631793e-01
7.592551292555155262e-01
6.756403671837141189e-01
7.292138883179420938e-01
5.798407053739985662e-01
6.887001258942707649e-01
6.887001258942707649e-01
2.483375747624405050e-01
4.248986743696225310e-01
4.248986743696225310e-01
7.138268223692512127e-01
8.012485866628299425e-01
4.233791796553664222e-01
7.112002850051539760e-01
7.112002850051539760e-01
7.132192491238833476e-01
6.513879439808833993e-01
9.437465028291828206e-01
5.491222503905220931e-01
7.988805660203555092e-01
4.460075460751418697e-01
7.642105048896590258e-01
5.500481611054035547e-01
6.296513171800327546e-01
7.656978856801485156e-01
4.517075064260241968e-01
7.214282654292936137e-01
8.669834036518114795e-01
8.669834036518114795e-01
3.071008436261035146e-01
4.315210941510915776e-01
6.060822767966845825e-01
6.060822767966845825e-01
5.564889235729699735e-01
3.823150662092864027e-01
6.489748026296660033e-01
3.176727773939422295e-01
3.176727773939422295e-01
6.088267618824316774e-01
7.248416802477669618e-01
3.404296783312748542e-01
6.825494340752048528e-01
5.568244658346356291e-01
7.006544992341144917e-01
8.060680640168750299e-01
6.200174991483335951e-01
7.366932216200493544e-01
7.366932216200493544e-01
5.252055529073638152e-01
5.068563462313236956e-01
6.983672050830693756e-01
6.983672050830693756e-01
8.889708117934850273e-01
8.889708117934850273e-01
6.118017169806331257e-01
4.872896591175324144e-01
6.481356647699088036e-01
6.800320480586035110e-01
4.053433187668100124e-01
5.202246343588329269e-01
7.753237219608190012e-01
6.820335903112497711e-01
5.857422896041086791e-01
6.180587005767731457e-01
4.377973496363349315e-01
6.394542963879680242e-01
6.041966987891431717e-01
8.250876814528732561e-01
6.794469189884706495e-01
7.011385816690667294e-01
7.410334929265133264e-01
6.714769750121363234e-01
9.414182761401156396e-01
4.754788332537692175e-01
6.720361309620447310e-01
5.638120117135437814e-01
5.638120117135437814e-01
8.273240649511899303e-01
3.633009537833972180e-01
9.283281164936701968e-01
9.283281164936701968e-01
7.663875583030990146e-01
7.232816997837016038e-01
9.616501412651795588e-01
8.073792562267250172e-01
7.893905572204324983e-01
8.884154220320518158e-01
4.924845478548935951e-01
6.170280034806254754e-01
6.170280034806254754e-01
8.417225938770570570e-01
6.723969550585163768e-01
6.621815010294782589e-01
6.621815010294782589e-01
6.621815010294782589e-01
6.621815010294782589e-01
4.898627492952636886e-01
1.858734898170326111e-01
6.436055459062369755e-01
4.967169398548589854e-01
4.967169398548589854e-01
2.821669912151863469e-01
6.983997948826339286e-01
6.693575260948384509e-01
6.440790522834723975e-01
6.440790522834723975e-01
2.488201856011937607e-01
7.188736839477444240e-01
6.303358116462551841e-01
5.630570575280553491e-01
6.107527585923826496e-01
7.584627786200576205e-01
7.291856211722812509e-01
7.291856211722812509e-01
6.581577229958430753e-01
5.825773886800135193e-01
5.583846488696794230e-01
8.706328711400358467e-01
7.015195624216764569e-01
7.886421575910286252e-01
8.415980515460770306e-01
7.714387898421234402e-01
7.714387898421234402e-01
6.294982307512246855e-01
6.874631149892487247e-01
8.341908280006763432e-01
5.628913156573659426e-01
6.697426029290551863e-01
8.099088863387522430e-01
4.945752740651300772e-01
8.130469649472783500e-01
7.879830552926554432e-01
5.566572526678017496e-01
5.387861721418800709e-01
7.768129361851419112e-01
8.233107410429628681e-01
6.473266306511582524e-01
6.149478519733335702e-01
8.092990444012544415e-01
2.960059021494648168e-01
2.960059021494648168e-01
6.625634334464187702e-01
6.796978245995520806e-01
6.831927115398542805e-01
7.581254152358538612e-01
7.720998381410879574e-01
8.558114247679430298e-01
7.081955573430949169e-01
7.081955573430949169e-01
5.565579921783104789e-01
7.549824831370844924e-01
6.186070293651731999e-01
5.575752395155293417e-01
5.575752395155293417e-01
6.383364475225949963e-01
7.389906473341210091e-01
6.569233527062968703e-01
6.901072122635123485e-01
8.468170051115742059e-01
8.336359956271800487e-01
7.179156103415371692e-01
8.022382104951373272e-01
7.596928478861082468e-01
9.457099861323702283e-01
6.470984845705060051e-01
6.470984845705060051e-01
8.580072117204219362e-01
6.443871208557385710e-01
8.256314139774860728e-01
5.932213517346833775e-01
7.580934240343022434e-01
4.963613463408492743e-01
8.512441038318457887e-01
7.849167719183749448e-01
5.454321647258815187e-01
5.890997685114434113e-01
5.890997685114434113e-01
8.911811113742612589e-01
5.767821011769307393e-01
6.363033357855534256e-01
6.350755526894549252e-01
4.150613963994468913e-01
6.473197109386444881e-01
7.204651912378569056e-01
7.204651912378569056e-01
6.223876987461459676e-01
7.209237160182082604e-01
8.770348028109077321e-01
7.195783827658285281e-01
7.803520563632491136e-01
7.324042662976738560e-01
7.324042662976738560e-01
7.535806895937505745e-01
8.135399613658557127e-01
8.522534735938722683e-01
8.494167173763840228e-01
6.477612141328802364e-01
6.477612141328802364e-01
6.202696174430795129e-01
6.202696174430795129e-01
8.294703482585975562e-01
8.294703482585975562e-01
7.741994504616490635e-01
6.680978669677025694e-01
5.718776282899424857e-01
5.718776282899424857e-01
7.426424644559378452e-01
7.426424644559378452e-01
3.912760936368652187e-01
3.912760936368652187e-01
5.216012239212478585e-01
9.524169493276003484e-01
3.912407937321060736e-01
4.156890617079213035e-01
7.552808840367853938e-01
7.552808840367853938e-01
6.089759976390438645e-01
3.658919123434095089e-01
6.509579391871397336e-01
6.506314319091821563e-01
8.124249353459201961e-01
6.588231757686747736e-01
7.499530744243965152e-01
5.943243213088927890e-01
8.564378436312064524e-01
7.955529437044051022e-01
6.031529392084125085e-01
7.270682229786026296e-01
6.127515158920824323e-01
7.550127855513087960e-01
9.958725687579186303e-01
9.958725687579186303e-01
8.360922555566538961e-01
8.061353203733538919e-01
8.502701593836053950e-01
6.081915251193266148e-01
8.819377520744390297e-01
8.350655611853571303e-01
5.193590051608337754e-01
6.882120415674606306e-01
7.464366671490061389e-01
6.222073216091247305e-01
8.708580798432992154e-01
7.352939419065378512e-01
4.227040925252865122e-01
5.684647901462660524e-01
5.401349861982340794e-01
5.401349861982340794e-01
8.251390850776721964e-01
8.886648651629626139e-01
6.181683676997583587e-01
8.440360382708184117e-01
8.671386433693998308e-01
7.668315701232184534e-01
9.191654829974591490e-01
2.030654339379943385e-01
2.030654339379943385e-01
2.030654339379943385e-01
5.788549509010918470e-01
5.217615338888612619e-01
8.103065936285475113e-01
6.769888798426471066e-01
7.404534142723487866e-01
8.489259696329317650e-01
7.369998078605554115e-01
7.942407532724462538e-01
7.942407532724462538e-01
8.709774608091821468e-01
7.761650504314477894e-01
7.981965132613040304e-01
6.780196408050601642e-01
6.780196408050601642e-01
6.384801816647920347e-01
7.409935867691775924e-01
6.418655307670589893e-01
6.732397429388187193e-01
6.732397429388187193e-01
6.732397429388187193e-01
6.505586804677224722e-01
7.257017008812300940e-01
8.807982031927006350e-01
7.035054778141771603e-01
6.040763404045697005e-01
3.129962226194780150e-01
7.110172972117261292e-01
6.041028347779713314e-01
6.041028347779713314e-01
3.878007927534761201e-01
7.448876231738383868e-01
8.120271179502085435e-01
9.631663850704483831e-01
7.618211848116306362e-01
8.750948214598538444e-01
7.697490120490599885e-01
6.664099747314857769e-01
7.422268197169381576e-01
6.389172936059648311e-01
6.389172936059648311e-01
6.389172936059648311e-01
6.454313779836545750e-01
9.294767889059786237e-01
6.256827296228889557e-01
7.485627275809350056e-01
5.067833997738995233e-01
8.397646872142796592e-01
9.131500488280620553e-01
7.110728502617098545e-01
8.348546255093860502e-01
4.081250925639787752e-01
8.349461009048038118e-01
6.772200404020713993e-01
5.919990955789685705e-01
5.919990955789685705e-01
7.032513559448237972e-01
9.249037287782332362e-01
6.282559268683231002e-01
6.560714906847522343e-01
8.455987442240897600e-01
8.455987442240897600e-01
5.971018263775258461e-01
5.513378663463947005e-01
5.804834317786544684e-01
5.804834317786544684e-01
8.269038838153247584e-01
6.024842835164623267e-01
6.920022345481535719e-01
5.761896573110362185e-01
5.761896573110362185e-01
6.366499000191585544e-01
2.707021474754400248e-01
9.429553108740178491e-01
9.333732135571296551e-01
6.568252668588224763e-01
6.514245662293695061e-01
6.805110758153437578e-01
8.798127487102086475e-01
8.798127487102086475e-01
7.178565016973703639e-01
6.905773078334898063e-01
7.183294878921685500e-01
5.914347620062687660e-01
6.595129951930354117e-01
8.460103078749006134e-01
5.066403432280082164e-01
7.643514215123722311e-01
9.212455655404987453e-01
9.212455655404987453e-01
8.430331508980718480e-01
6.342902362754796464e-01
5.477823210511808538e-01
7.389114313450806382e-01
1.771952162714305334e-01
6.624174159143454421e-01
7.982100061244571387e-01
8.181026543258177464e-01
7.194317256124234117e-01
5.297264287100338365e-01
5.297264287100338365e-01
6.523789592663417070e-01
7.708781831111738425e-01
8.834258678962562117e-01
7.074458134989255464e-01
6.154912923685387227e-01
6.154912923685387227e-01
9.540546708932627906e-01
9.540546708932627906e-01
7.850438577367581106e-01
6.361929701076263211e-01
9.276738799717449968e-01
8.908530932271363501e-01
7.876136955013171015e-01
4.374618618204385578e-01
4.374618618204385578e-01
8.262522967826582132e-01
8.873450634716325558e-01
7.712560851308316590e-01
6.460822737576441543e-01
6.831549922057649216e-01
6.831549922057649216e-01
8.027017793981994220e-01
6.907858265237241113e-01
6.907858265237241113e-01
7.766498622386730499e-01
6.634584951583961665e-01
6.975423962616685847e-01
7.011860402368111922e-01
8.336793572108768258e-01
8.336793572108768258e-01
6.540049516962240794e-01
8.872834881003279772e-01
7.721645598206170469e-01
6.348502885447865340e-01
6.382370310287661663e-01
4.946087393872508065e-01
5.819471370006600308e-01
5.819471370006600308e-01
5.819471370006600308e-01
9.617621989509486102e-01
7.755173541946818183e-01
6.364058017650766619e-01
8.474385527904993998e-01
7.245433935575813500e-01
7.623315477087317937e-01
6.909207116950033534e-01
6.586389554623971465e-01
9.915371955085151567e-01
5.639102606775919790e-01
7.094973692666661780e-01
6.671409841871791535e-01
6.671409841871791535e-01
5.447191608772556926e-01
8.431074159834336390e-01
8.431074159834336390e-01
5.762342726472305943e-01
7.557976882912027516e-01
5.467287868374347548e-01
8.596402463212600153e-01
5.518764153726314348e-01
5.518764153726314348e-01
7.904187316677866448e-01
6.822393252910108341e-01
6.822393252910108341e-01
9.959032792854252136e-01
8.333454230546561980e-01
9.381019640106643687e-01
4.324307632523881617e-01
4.884324754133260726e-01
7.061585444084552687e-01
9.090944705082522059e-01
6.846578664146135695e-01
7.626215191797167670e-01
8.047487274789889566e-01
7.035099602374541572e-01
7.140901890598106982e-01
7.500550715620464270e-01
8.239229160415479924e-01
5.891357897669060595e-01
7.757562674500727562e-01
8.353237995884129630e-01
6.655895306915177168e-01
6.862627680196577984e-01
7.783157865108302209e-01
5.794341192188912082e-01
8.729439626320928403e-01
8.729439626320928403e-01
5.018199976441434229e-01
4.620035702022454172e-01
6.760676684090702881e-01
7.096182755594205860e-01
7.096182755594205860e-01
8.642330019089723425e-01
8.642330019089723425e-01
7.651153459554813629e-01
8.336186079189279452e-01
7.128072947814357851e-01
8.789904343787006136e-01
7.352401639823143986e-01
8.282128532050569980e-01
8.282128532050569980e-01
7.312861980077065560e-01
7.312861980077065560e-01
8.096596860547059515e-01
7.839645718072544289e-01
3.752175949558774759e-01
6.040843369921465866e-01
7.458629334862533211e-01
5.512581195839171277e-01
8.222524154806112318e-01
6.273788025740800745e-01
6.302582686318729532e-01
7.491184960835709505e-01
9.424127613185876440e-01
6.308935849893499981e-01
9.539049074492056413e-01
8.551512651169557166e-01
9.426230136969881990e-01
6.675253470325844818e-01
6.625187361183689783e-01
9.022041101626455673e-01
6.882607696817640841e-01
6.018487399191371212e-01
7.910452406887982235e-01
9.323448068050084192e-01
8.026449290052821706e-01
6.258409621295986103e-01
8.742742705860940822e-01
7.504726302934338067e-01
7.504726302934338067e-01
8.147406174192456385e-01
6.280359531764545533e-01
7.596697030016467123e-01
6.582376533340508207e-01
7.456309360347731507e-01
7.073836253314025324e-01
8.247558772779896019e-01
7.049283968691665292e-01
9.103871832254012419e-01
3.934150126411317117e-01
7.163918315040903595e-01
9.331395298104108171e-01
4.781476075577282270e-01
8.730838552346902315e-01
9.149057130908587743e-01
6.645922081957287286e-01
8.045806280078757755e-01
5.996597577019888714e-01
5.996597577019888714e-01
8.780021429914866005e-01
8.780021429914866005e-01
8.780021429914866005e-01
8.780943527967330908e-01
6.472167487120764617e-01
8.691054342945482292e-01
6.340243362505127989e-01
6.923920651993119568e-01
9.354937521002267831e-01
6.855660712389355371e-01
8.309308562651277486e-01
7.518693723553290242e-01
4.828301518507785994e-01
6.977165187383713718e-01
6.977165187383713718e-01
8.010153468081117056e-01
7.000605531202050980e-01
7.000605531202050980e-01
5.279412624422926692e-01
8.447145516784763108e-01
6.744944956975841288e-01
5.962467046002917215e-01
8.969361947001341928e-01
8.969361947001341928e-01
6.553549884783248514e-01
8.649120292793448517e-01
5.954928159601886595e-01
5.768207772914820675e-01
5.574792086989621698e-01
7.147065425908381009e-01
6.201043082576735976e-01
7.178985003591231706e-01
7.178985003591231706e-01
7.178985003591231706e-01
7.691864934743485316e-01
7.288485304344414217e-01
7.076639099364409047e-01
8.683944196847013242e-01
7.044888430557753045e-01
6.579826615861770200e-01
7.255513576293395328e-01
9.051849923378816332e-01
7.143809700401120288e-01
8.861366848196364776e-01
7.391865394814588486e-01
6.698798661379021802e-01
8.734227473914681905e-01
7.954745380115308961e-01
7.871205022471735591e-01
7.329312363256893503e-01
6.422777785346757140e-01
6.422777785346757140e-01
8.243009442217789084e-01
7.476181160899274536e-01
8.668248843867363274e-01
7.424492076930182538e-01
8.182947593228251382e-01
3.856725950890445009e-01
6.424522315576266518e-01
6.424522315576266518e-01
6.495756940565408089e-01
6.904727208715665254e-01
6.747571087895920527e-01
4.997417143196674072e-01
7.206093785784789540e-01
6.715506508202566671e-01
6.515660245255047167e-01
9.606677433211807671e-01
9.599548479762152198e-01
6.082448577702429526e-01
9.806270291947938311e-01
6.901699533327650959e-01
8.504314211460108908e-01
4.659705028112078873e-01
4.659705028112078873e-01
7.123962038531121976e-01
6.009018197763381641e-01
7.042882067556999193e-01
7.603803182921013981e-01
8.443540058907558210e-01
7.894935293146766453e-01
7.347007614845842971e-01
8.860212761548496019e-01
6.912600003379590907e-01
9.317723356648132116e-01
6.458276854028495162e-01
8.551163095959173344e-01
8.551163095959173344e-01
8.141147428084254400e-01
5.375576456980702966e-01
6.297094975602810507e-01
9.189782558357255660e-01
7.985913434109257469e-01
7.341284727095268581e-01
3.037998610015608114e-01
7.764497155567421371e-01
7.764497155567421371e-01
9.051808897138640120e-01
9.051808897138640120e-01
6.952502751553103488e-01
7.096801569156493406e-01
7.204723862333684004e-01
6.112176234480287684e-01
6.112176234480287684e-01
6.060105375607148792e-01
5.462546609911889117e-01
5.967924574682228478e-01
8.130150130328054336e-01
8.577231831747066382e-01
8.847290033540621268e-01
8.847290033540621268e-01
7.609995462014768064e-01
8.878655008707436735e-01
8.767648618547225770e-01
9.036500067892584420e-01
6.536411978312121063e-01
9.525947718708136502e-01
6.981210308299683476e-01
9.621775826473120130e-01
9.621775826473120130e-01
8.297937725963150379e-01
8.297937725963150379e-01
4.069797659185506733e-01
9.275521126478060152e-01
6.403951822667022231e-01
7.494125991009659149e-01
6.653710405600922195e-01
7.198600337667588889e-01
8.861069996943804483e-01
8.370233885690205877e-01
3.672107195844538374e-01
5.999417687005510480e-01
7.258163169429874273e-01
7.804987630971813584e-01
7.651041131040803300e-01
6.403790885745912487e-01
6.403790885745912487e-01
8.681338812682812822e-01
8.910777811818780814e-01
8.910777811818780814e-01
9.439705100975980256e-01
7.843870792378994095e-01
9.073810966825304192e-01
9.073810966825304192e-01
8.794963584151986868e-01
7.705387109542654045e-01
9.880052054294308217e-01
9.880052054294308217e-01
6.451671506498449782e-01
6.451671506498449782e-01
6.451671506498449782e-01
7.793958488726575595e-01
9.690824524634872317e-01
7.383472035893126062e-01
8.696002885578090202e-01
7.428814996613033461e-01
7.428814996613033461e-01
2.867087713966656737e-01
2.867087713966656737e-01
7.050030067794069710e-01
7.710543393555744363e-01
7.780158771835862241e-01
7.111690440013289649e-01
8.105340993712265574e-01
8.105340993712265574e-01
6.603056015134733947e-01
5.677086923547786101e-01
8.666307191458634263e-01
8.666307191458634263e-01
7.504367458009305603e-01
7.704328644411164717e-01
8.962323081986260931e-01
3.344805758346957592e-01
4.826311703137008968e-01
8.039646844660641722e-01
6.741832529173255040e-01
6.673983434296103523e-01
8.192574352859587350e-01
8.218790605510355451e-01
8.625373340825507329e-01
6.796777434101721749e-01
8.864668184771525850e-01
8.998995735729922174e-01
8.848686485992598438e-01
7.106453096378092527e-01
7.791883227225442354e-01
7.791883227225442354e-01
5.391484078036298255e-01
5.391484078036298255e-01
8.942455201569426970e-01
7.123557306725072369e-01
8.808846354414630042e-01
4.686811040120770211e-01
8.939973730122185991e-01
9.289153347674096173e-01
5.848421837111589250e-01
9.429989691840512389e-01
7.815419923554907111e-01
8.170444648004607791e-01
8.358560600487866532e-01
8.336957277128074217e-01
9.280646921818042072e-01
8.022710391883403069e-01
6.680789987369387672e-01
7.544177017669941865e-01
7.157761693485096277e-01
5.175333523680711867e-01
8.624221997227219383e-01
9.614483650973244533e-01
8.429372733068981605e-01
8.429372733068981605e-01
8.994482231224693036e-01
6.644583176808969149e-01
7.881519048784774162e-01
7.129132531702051523e-01
8.033587264066449629e-01
5.893969333682068656e-01
5.893969333682068656e-01
6.220335869577595655e-01
6.961970680797959776e-01
9.270865463365434156e-01
7.525697734095482261e-01
8.148338646185814271e-01
6.432287992747860450e-01
7.362367545872942065e-01
8.454965420067526161e-01
7.447137866684645502e-01
6.129807804044177244e-01
8.246504222377624149e-01
9.708992714868723839e-01
9.708992714868723839e-01
8.953602773405552329e-01
9.122902657052835984e-01
8.579642093349167942e-01
9.054290974286876015e-01
5.185368603628145445e-01
8.261406405597868652e-01
8.567554653213186322e-01
9.248027879156811570e-01
9.248027879156811570e-01
8.055026008498332724e-01
6.767920473204246390e-01
8.655320939812028991e-01
8.648482188037598384e-01
8.648482188037598384e-01
9.410481012233835596e-01
9.755688158916407948e-01
7.413249103632434389e-01
7.987263045414888518e-01
9.426778680845048219e-01
7.651560235344654348e-01
6.652368365228779057e-01
8.425861214428942425e-01
9.934773237489011866e-01
8.432143834241911939e-01
9.020497801347208133e-01
5.963320881762449455e-01
8.719648466320694125e-01
4.725622670970944794e-01
7.634137303989338985e-01
7.194905427828004463e-01
8.720750480793962867e-01
6.118700781442981684e-01
7.694603608293537622e-01
9.103660012167059667e-01
9.103660012167059667e-01
7.288959114016877461e-01
8.350070871499163383e-01
6.701540991746840481e-01
6.916113423443215336e-01
9.722766940671008218e-01
8.516470952216399493e-01
8.516470952216399493e-01
9.410416529178423639e-01
9.410416529178423639e-01
9.104780889519935583e-01
9.104780889519935583e-01
7.162923309648877579e-01
7.162923309648877579e-01
9.615606166587532533e-01
6.548983829979303506e-01
5.667334872109660582e-01
9.833005848531474191e-01
7.178526147624023634e-01
8.830747299276626716e-01
8.830747299276626716e-01
4.800745464410763885e-01
4.800745464410763885e-01
5.854016873304050961e-01
8.344342535522082382e-01
7.912244111298686322e-01
9.649328119354706468e-01
7.100199098818507082e-01
8.064599726092344101e-01
9.885711624097082151e-01
8.262193314375628761e-01
8.464070385313661182e-01
4.501008125931431070e-01
4.501008125931431070e-01
7.039253229711972537e-01
8.384160965135405430e-01
8.362250363347645266e-01
8.730756493068333457e-01
8.717337588266309556e-01
8.736972594616837506e-01
8.736972594616837506e-01
9.386796612095259507e-01
9.383121917333103745e-01
7.173697099552753809e-01
6.022456923054745337e-01
9.391523892371508309e-01
9.734745438279880370e-01
6.626290333309446945e-01
9.790247396118252343e-01
6.541644042521727043e-01
5.242699289858662182e-01
6.246403580471133754e-01
8.504627594943251490e-01
7.640019692318813505e-01
7.819166402858445108e-01
8.518502262089125976e-01
8.518502262089125976e-01
9.020741184478552332e-01
8.530758563731896116e-01
9.007412716050360313e-01
7.166688083038748047e-01
6.985927612105027329e-01
8.276674108419047604e-01
8.641006985990757894e-01
5.647118961461533582e-01
9.214184923802015703e-01
7.386596799141387226e-01
7.386596799141387226e-01
5.834509692145894988e-01
6.268060329294149469e-01
6.021491222304817814e-01
5.603521158653101963e-01
9.500827693533443474e-01
9.131219293822006033e-01
8.691075510265350301e-01
7.533285117750510018e-01
8.548934346163370446e-01
9.588733427737976545e-01
7.785184694506452896e-01
7.785184694506452896e-01
9.481596113523167446e-01
9.481596113523167446e-01
6.834196555090216174e-01
7.952111219863173819e-01
8.766818316313389481e-01
8.116389152375086402e-01
9.710101002781600377e-01
8.613216340602549703e-01
8.077365682233395017e-01
8.234627378374206330e-01
8.852295598576709335e-01
7.994808256059773299e-01
9.220010129124259768e-01
7.719899188267197454e-01
9.277807583377536416e-01
6.692222590464006471e-01
9.077936587257999790e-01
7.177625730560076578e-01
7.177625730560076578e-01
7.510518599011417606e-01
7.510518599011417606e-01
8.524168180397301287e-01
8.173002816382171076e-01
6.203948048647279778e-01
7.331586120270850992e-01
7.853276135012722259e-01
7.853276135012722259e-01
8.209303261605191970e-01
8.076106067868746852e-01
9.236846047130428117e-01
8.373675683468716491e-01
7.058541940162347261e-01
9.234884374999403622e-01
9.234884374999403622e-01
9.404154057822099455e-01
8.301519646231217964e-01
8.149157330569772872e-01
8.149157330569772872e-01
6.418784845888363400e-01
9.650556701370032187e-01
8.863202210195546549e-01
6.991847175067955611e-01
5.036496655621550689e-01
9.691401727858216519e-01
9.435287620700547606e-01
6.872505976037116548e-01
9.461944001501807477e-01
8.514413712381565524e-01
7.920316084445113702e-01
8.517442771619320174e-01
8.989041796009226148e-01
8.989041796009226148e-01
9.388621763747460047e-01
9.164458993422671673e-01
8.617065551039509996e-01
6.944726807048463568e-01
9.750424366718793978e-01
5.730746436647935482e-01
3.765255178001857272e-01
8.024170808297973467e-01
6.848899266452725954e-01
8.310505442869033921e-01
8.064656519740601714e-01
9.869639167521412348e-01
9.869639167521412348e-01
9.417375960220280007e-01
7.900103349117435503e-01
8.499046720449618952e-01
9.835960774223060366e-01
8.754466104569237350e-01
9.777105524261664460e-01
7.222992240957530896e-01
7.284258061456168054e-01
9.118074865181343691e-01
7.650090404932839983e-01
8.425524296398668733e-01
9.600667564936690157e-01
9.279895424723504371e-01
7.368005190733301069e-01
6.773746973734825483e-01
7.044874232265637692e-01
7.891167229297130215e-01
9.714689395504487734e-01
7.562996701266886390e-01
7.562996701266886390e-01
8.429925731070041506e-01
9.581767002667980204e-01
9.644289331338692373e-01
9.217766626923148410e-01
9.217766626923148410e-01
7.548777067530747509e-01
8.468400024467452880e-01
7.949509006553594492e-01
6.155709467051851957e-01
7.132587547595607980e-01
9.284695993979059647e-01
9.244028765337860554e-01
8.977568943677638469e-01
9.470191149440060352e-01
9.470191149440060352e-01
8.663907334428897489e-01
7.030244054531916698e-01
8.468733452618130153e-01
6.830030846480813489e-01
8.605692912506479608e-01
8.628308869592402619e-01
7.749705069232729615e-01
6.694722173886270555e-01
8.221536125072418377e-01
9.028934971222095651e-01
9.028934971222095651e-01
7.847659558202030317e-01
7.800173553124675196e-01
7.800173553124675196e-01
9.599072797362524501e-01
8.368683525264809520e-01
8.782681150388278457e-01
8.814557729902936511e-01
5.217909889265528456e-01
7.177605871372675361e-01
8.333807974783629113e-01
9.848857061663788270e-01
8.205793772785868745e-01
7.695286950337677512e-01
7.985168883942973528e-01
8.710460283068194309e-01
7.896743470500942053e-01
6.966922806975703875e-01
9.568026849847307558e-01
7.244272332463863595e-01
8.615704889218741558e-01
7.949659945569474973e-01
6.350640376358696049e-01
8.666086409114569511e-01
8.287133335182256255e-01
8.606397724851545528e-01
5.320542573405141473e-01
9.263843765795402030e-01
7.200624822416981097e-01
7.106528419733169066e-01
5.053985478220317518e-01
5.381706403605076572e-01
8.817363104844955224e-01
9.523454875976108402e-01
9.911903383347347996e-01
9.911903383347347996e-01
8.168176500936973339e-01
7.736632948557723433e-01
9.355475890971299835e-01
8.767023668749827081e-01
8.181254600011322875e-01
4.408612312613275908e-01
4.408612312613275908e-01
4.408612312613275908e-01
7.643863272679726206e-01
9.212434329576080216e-01
8.628849994710210414e-01
7.345512745794229303e-01
4.493729258867357190e-01
4.493729258867357190e-01
9.670934527324903662e-01
9.075978705099255750e-01
4.997180936089157255e-01
9.160363283995828221e-01
9.160363283995828221e-01
9.033227234380442061e-01
8.873704272853645270e-01
9.049103956529730430e-01
9.155503240080355987e-01
5.850465160085401850e-01
5.850465160085401850e-01
6.430773255530666255e-01
8.138423478126249888e-01
9.439111398589236090e-01
9.884168166363506147e-01
8.453919105862778283e-01
9.521323525522580322e-01
8.362479477622057900e-01
7.864674236738250501e-01
8.945815373024970096e-01
9.413801714411059729e-01
7.229640510465293879e-01
7.851260771597710075e-01
9.721159842008542107e-01
8.480452793298618452e-01
9.854371314289932515e-01
9.825450289523796066e-01
7.733273753594669397e-01
9.921727902050467840e-01
8.248168048151629517e-01
9.020952221751128430e-01
8.759365362040211211e-01
8.482772042993914630e-01
8.179045214184338386e-01
8.371123141819317715e-01
8.935509715673526365e-01
5.439825773706633560e-01
8.960072757083370476e-01
5.843666086940753068e-01
5.843666086940753068e-01
9.399684911877331794e-01
9.399684911877331794e-01
7.144420078144728681e-01
9.952425388058138145e-01
9.890284879417280406e-01
7.854247712574802254e-01
8.380773859428101158e-01
8.586252107937276667e-01
6.776526516275027667e-01
6.776526516275027667e-01
9.274446560880588164e-01
8.160756553907428934e-01
8.058198081404873703e-01
7.765273568341866106e-01
8.655151915742713697e-01
6.382755462056536322e-01
6.058157686267352515e-01
5.910269198569239046e-01
6.180843496027288442e-01
9.645041424868006086e-01
9.445470660690632458e-01
9.659360472603848446e-01
8.082561718119410932e-01
6.794829202226528864e-01
8.133695427959789503e-01
6.562154787596264915e-01
9.284229380734976278e-01
9.328835649185055479e-01
9.328835649185055479e-01
8.281240106443134019e-01
8.048717668281125670e-01
9.924672699847404411e-01
8.050047801998930774e-01
9.437905414049215791e-01
9.437905414049215791e-01
9.295632051193412071e-01
7.283203098444746004e-01
8.420422650806306253e-01
8.111963935259511871e-01
9.829928088692455601e-01
7.755133892643900628e-01
7.710874787395870511e-01
8.001856348376794603e-01
6.428555643874618308e-01
8.355577786691653630e-01
9.450588778648282284e-01
9.442179806377516416e-01
9.442179806377516416e-01
9.021243530510916209e-01
7.402041742473102204e-01
7.654713495362834852e-01
6.838260814433676504e-01
8.218476693740417449e-01
8.699403622770598421e-01
8.835720218600634501e-01
8.835720218600634501e-01
9.672909083805986130e-01
9.245891933605664414e-01
8.770775701372690580e-01
6.961408445197437844e-01
7.863521071158121600e-01
8.848812718076557449e-01
6.744824016935577760e-01
9.764010903764166471e-01
9.888535760216623505e-01
9.528406456597140473e-01
8.346703121713158202e-01
8.689825687524570519e-01
8.086344540290453242e-01
8.326214980538761967e-01
9.652102359186728320e-01
9.652102359186728320e-01
8.110886827363996687e-01
8.110886827363996687e-01
9.150308109182252458e-01
9.422315752695058499e-01
8.134605682354293377e-01
7.911173244322201592e-01
7.556299490494523541e-01
8.676655449174855983e-01
7.802419102540776308e-01
8.646495111473091466e-01
7.832530938174770974e-01
8.673578113392261812e-01
7.490152545005066553e-01
6.629869068385555453e-01
8.666804765552551526e-01
6.654359549866185608e-01
9.444751132097192192e-01
9.444751132097192192e-01
8.006310156863754024e-01
8.230891486692838432e-01
8.230891486692838432e-01
8.230891486692838432e-01
9.347115181466612022e-01
9.029192230498236382e-01
7.143377760702505075e-01
8.231198715486076622e-01
9.882373932855692544e-01
9.882373932855692544e-01
9.405854107140355636e-01
8.588834727788402512e-01
8.588834727788402512e-01
9.370710116107512366e-01
8.472313192372306068e-01
9.881754270811760055e-01
8.749965479430868998e-01
9.764114162435260091e-01
6.980767921831395606e-01
7.824432824101266171e-01
7.824432824101266171e-01
6.438994329634276648e-01
6.438994329634276648e-01
8.604317671146389790e-01
7.277794986231810315e-01
7.277794986231810315e-01
8.213504384476219000e-01
8.213504384476219000e-01
9.503980436054290104e-01
9.503980436054290104e-01
9.503980436054290104e-01
8.273742857666454009e-01
7.334687353300129997e-01
7.334687353300129997e-01
5.144166578707580761e-01
5.144166578707580761e-01
8.012244151287258864e-01
9.107289810292850119e-01
6.801653594986029061e-01
9.378717347343707988e-01
9.381860646063031606e-01
9.381860646063031606e-01
8.022109275126643180e-01
8.313050792956978574e-01
9.430309840830559676e-01
7.066204227848416064e-01
7.066204227848416064e-01
9.622481788274559467e-01
8.888261197592696172e-01
9.331456719224026086e-01
8.660680874493532633e-01
8.660680874493532633e-01
9.596474104498348145e-01
7.258160725508897571e-01
7.434620039275164904e-01
9.282768555044346170e-01
9.551073871435722396e-01
7.366035427489201481e-01
8.885463683826573256e-01
8.924556366414998498e-01
7.257101583859414395e-01
8.758906824412588943e-01
8.758906824412588943e-01
9.566084678722763801e-01
9.078839441992435644e-01
9.125887696162692242e-01
7.653450337379887891e-01
8.813348474103005481e-01
9.477402338998499598e-01
9.494065068802444163e-01
9.494065068802444163e-01
9.575035122913786445e-01
9.845814117419348088e-01
7.305747684476723292e-01
8.386232678813139163e-01
8.936635017603136166e-01
8.389026599357816139e-01
6.717374043765317326e-01
8.451625932947062214e-01
8.612866264848506592e-01
9.202201444080552184e-01
9.202201444080552184e-01
8.311755220093698382e-01
8.090655587687102246e-01
9.457382875575731651e-01
9.789049264760215641e-01
7.717140621662810229e-01
9.118268758370338123e-01
9.118268758370338123e-01
8.390947665479954187e-01
8.966500234961621851e-01
8.966500234961621851e-01
6.917337683061639542e-01
9.081117855064696487e-01
8.319140424262918554e-01
9.002586393906113482e-01
9.002586393906113482e-01
8.385659018095930062e-01
9.615039112987368020e-01
8.453620758512814248e-01
9.699016153205659574e-01
8.382613446059647977e-01
9.173451768729732336e-01
8.495256933567342239e-01
8.127290883928547371e-01
7.906247733372018249e-01
8.924506907848730464e-01
8.924506907848730464e-01
7.518586463003960052e-01
9.610274895933792472e-01
8.146718275526914077e-01
7.881660725989634297e-01
9.849324535015470117e-01
9.398113889403232335e-01
8.203326999606114223e-01
9.583558798469328233e-01
6.695433125679329800e-01
9.126027261846240135e-01
8.133289944740326183e-01
9.605836671898736467e-01
9.605836671898736467e-01
9.763312953088462143e-01
8.961545331471925113e-01
8.838013392364442167e-01
7.910714726462194646e-01
8.077200299442515163e-01
8.077200299442515163e-01
9.043211804926095665e-01
7.542419455201565537e-01
7.542419455201565537e-01
9.340736800658375749e-01
9.930665636544131480e-01
8.912474646932578848e-01
8.912474646932578848e-01
9.022084651971076230e-01
8.788745327687779163e-01
8.157780090146651286e-01
8.157780090146651286e-01
6.703859609011407761e-01
7.284368559508050955e-01
5.614905010595793167e-01
9.897835620304563653e-01
6.993062206924408608e-01
8.920976560700504265e-01
7.533594254937644452e-01
9.765138878870027739e-01
8.931004132311091137e-01
9.475414477923144174e-01
9.475414477923144174e-01
8.820548266653474023e-01
8.820548266653474023e-01
9.872774674556163976e-01
8.093431775697410568e-01
7.984284623748070242e-01
8.178453013610985645e-01
7.799069356544466869e-01
7.746201300603037243e-01
9.943288065288555799e-01
9.943288065288555799e-01
7.732189131800858428e-01
9.340644230912388268e-01
9.137297680441891501e-01
7.699531462386022262e-01
7.699531462386022262e-01
9.941194809437944313e-01
7.721241037892290215e-01
5.386402771740713691e-01
8.657850847657357907e-01
8.553089213794597967e-01
8.441379277792161462e-01
8.449176108918674544e-01
8.910486384815139438e-01
9.069485464079100057e-01
9.943887128448474222e-01
8.860254165813298277e-01
8.821185961450821456e-01
9.759809570581580163e-01
9.428102778586722188e-01
9.428102778586722188e-01
9.149571664469478005e-01
6.807017868533264959e-01
6.542137520454442967e-01
7.565070323198245239e-01
8.364682880941169962e-01
9.721561039638232371e-01
9.425110756153187719e-01
8.832982769510978605e-01
7.092639783278792409e-01
8.288208241006882471e-01
8.306277153663469415e-01
5.577378010506636175e-01
9.604468855886564294e-01
7.395950011975602756e-01
7.957703365250602401e-01
9.372171549721866057e-01
9.165139489974754028e-01
8.244409579699537582e-01
9.730537650344062151e-01
7.732180279165745684e-01
8.093836397100639957e-01
8.312864653953186966e-01
9.257933483914584372e-01
9.779997696581324007e-01
8.122844816896112041e-01
8.202762602739492870e-01
9.515137938395812345e-01
9.146755743721147747e-01
8.512420278547651042e-01
8.373690772075054189e-01
7.869855710050025488e-01
8.482564493837455588e-01
8.482564493837455588e-01
8.049354008543549988e-01
9.043418108353820095e-01
7.297146399239955450e-01
9.814134303863926156e-01
7.382878087425869262e-01
8.090973622467154680e-01
8.090973622467154680e-01
8.859654774964557111e-01
9.454595563805872072e-01
8.506637878026326316e-01
8.999665960427145617e-01
9.943114654944755770e-01
8.791002095609090627e-01
8.604307133193194179e-01
9.346030008670092037e-01
9.346030008670092037e-01
9.346030008670092037e-01
8.615689043487654297e-01
9.287305491640439614e-01
8.180036179741392299e-01
8.739296145353141476e-01
9.245048103204019929e-01
8.327533959949887654e-01
8.024456354748389364e-01
9.539346668198284140e-01
9.743763632069002423e-01
7.706156069502662076e-01
8.810661887560629069e-01
8.810661887560629069e-01
8.717369997913247959e-01
8.717369997913247959e-01
9.586502070494383743e-01
9.592330041980051680e-01
9.510744247497660009e-01
9.141407532523277979e-01
9.426171416270704428e-01
9.338078217153406024e-01
9.223877178944454025e-01
9.223877178944454025e-01
8.491322114931173504e-01
8.080059553441139020e-01
9.054428221858975556e-01
8.191863124173009991e-01
9.170477635819396234e-01
7.053004614832042440e-01
7.921010533976274859e-01
8.426059854076407563e-01
8.964155571147507384e-01
9.462634549713582199e-01
8.072597810336996638e-01
8.657753302434130216e-01
9.909704923194380122e-01
9.369909620448275689e-01
5.312723404835270058e-01
9.848417751559696010e-01
7.152922334120863646e-01
9.436807835065491590e-01
9.436807835065491590e-01
9.512516560736298254e-01
9.060044157810299703e-01
9.929561606963102083e-01
8.380990137681597618e-01
7.898354097956390429e-01
7.898354097956390429e-01
9.364232018008460390e-01
8.712612596643563023e-01
8.695626892260818197e-01
8.996142629371414179e-01
9.190395346409595545e-01
9.937050281510367844e-01
7.269432358990878251e-01
9.729502076146762102e-01
9.729502076146762102e-01
6.460420569108110689e-01
9.871768700671171848e-01
9.916740693125215556e-01
9.916740693125215556e-01
5.743691835052679995e-01
9.821099908157348013e-01
9.150615603137960408e-01
9.615700674368720113e-01
6.859852023982438984e-01
9.679339990498984081e-01
9.132127814493375961e-01
7.625236987558714485e-01
9.474172641762668157e-01
6.191928097824713761e-01
8.888100481601344249e-01
8.888100481601344249e-01
8.058212484575631995e-01
9.360014808129115682e-01
8.812475444228589083e-01
8.059393382400101835e-01
9.299903154537726424e-01
9.307399891249465984e-01
9.902939935878719568e-01
8.139688137994336437e-01
7.140173147038904045e-01
8.849212840392686186e-01
8.911034507705706265e-01
6.816446037104764155e-01
6.816446037104764155e-01
6.999866459251425921e-01
9.928298572624684182e-01
9.928298572624684182e-01
9.655648136752860156e-01
9.343843181894111449e-01
8.015022666537211515e-01
9.322355766072734085e-01
9.624336955299708229e-01
9.118128400168832304e-01
9.344583950314320209e-01
9.374416422198448284e-01
6.754286966705267403e-01
9.481695122970226208e-01
9.276560679660832420e-01
9.480979085458776101e-01
8.123181960740497587e-01
9.367375592392671591e-01
9.897711438120622152e-01
7.824951699306533781e-01
7.824951699306533781e-01
9.446774494327704330e-01
4.835047665124749816e-01
4.835047665124749816e-01
4.835047665124749816e-01
9.473879274328671496e-01
9.829818402871371985e-01
9.829818402871371985e-01
9.412856335071400071e-01
7.967387912380430315e-01
7.967387912380430315e-01
7.419004541845829470e-01
9.581702356872592308e-01
8.515917421910426111e-01
8.516117298241282496e-01
8.985577179685505511e-01
8.751195956616938387e-01
9.118619970989020329e-01
9.866055370979399664e-01
9.516193106652282019e-01
9.872685608415303626e-01
8.565408139673376109e-01
9.171925902540646325e-01
7.791572145979739350e-01
9.363385228359210055e-01
8.996986510653827152e-01
9.385091057366832246e-01
8.535624711713341028e-01
8.829012983071206078e-01
9.922116853483275989e-01
6.631748203693670352e-01
8.678351778079728129e-01
4.829831351939425921e-01
7.297349408617800348e-01
8.947933533199809997e-01
9.385151589467167765e-01
9.731744870038535611e-01
5.345402499658343798e-01
7.385995638710981526e-01
9.151973858445864307e-01
9.151973858445864307e-01
9.890184291096384417e-01
8.121312238581757104e-01
9.206637268965970344e-01
9.059798503248448487e-01
9.059798503248448487e-01
8.321301376795814386e-01
9.277116061928312174e-01
9.277116061928312174e-01
5.977383564561425944e-01
5.977383564561425944e-01
9.317841337840060412e-01
4.767825629773969065e-01
9.875730964644947596e-01
8.268511661711471783e-01
8.268511661711471783e-01
9.954423708709524421e-01
9.013550672737051794e-01
5.310944986141752366e-01
9.318991406933796462e-01
9.801795617503792357e-01
7.635695405530285029e-01
9.055962485557668140e-01
8.665582125773548805e-01
9.166063420716783483e-01
8.931536438333964600e-01
9.837546936994752134e-01
7.893871845461976067e-01
9.894352760274464087e-01
9.639095687668751689e-01
9.639095687668751689e-01
9.766443723835528390e-01
9.766443723835528390e-01
9.132033135087092024e-01
9.132033135087092024e-01
9.806899485676570105e-01
9.806899485676570105e-01
9.428321908758208192e-01
8.861538220454309167e-01
8.538794403244429621e-01
9.679322213056962276e-01
9.506308509241091498e-01
7.639710505982291178e-01
7.639710505982291178e-01
9.737166949028067675e-01
8.239704196079773446e-01
7.637960602032758395e-01
9.143493820157582164e-01
9.654284111682404079e-01
5.400588057634599926e-01
8.842685511639245544e-01
8.257302655651698187e-01
9.427830401976148300e-01
9.769837936202006023e-01
9.584997091640240496e-01
9.584997091640240496e-01
9.584997091640240496e-01
9.853167716467136072e-01
9.153878266893440419e-01
9.409618324577048165e-01
9.409618324577048165e-01
9.851540347043451495e-01
9.909362767291386431e-01
9.488801241373320261e-01
9.141031047170200541e-01
9.141031047170200541e-01
9.864371575332123721e-01
9.171435494230911756e-01
9.956256560436471670e-01
9.956256560436471670e-01
9.343737690657536454e-01
7.441676413533458989e-01
9.570608922836819632e-01
9.943664966446047471e-01
7.192724229875646635e-01
8.717007630985437183e-01
8.717007630985437183e-01
8.875005167108810378e-01
8.174934025605752330e-01
7.468632342620383779e-01
9.800353171475951752e-01
9.043521027663632417e-01
9.887644712282339654e-01
8.047101092115026555e-01
7.341084600605104482e-01
9.220984101099282126e-01
9.288707902436034169e-01
8.950794751125495941e-01
7.875859284004167460e-01
9.758095245691658093e-01
7.035798573460597671e-01
8.298661531501897448e-01
8.298661531501897448e-01
8.798447357977948746e-01
9.564439428230026019e-01
9.077707658373923572e-01
8.185506516560534518e-01
8.185506516560534518e-01
9.025588058401488034e-01
8.106141246528723032e-01
6.759429340215538096e-01
9.450104998671660095e-01
9.860540112383932021e-01
9.576166066755660289e-01
8.422999673334956583e-01
8.422999673334956583e-01
9.040374074020476325e-01
9.677087434072899619e-01
7.396485207722747202e-01
9.735699972535244440e-01
9.046078902944270084e-01
8.592913006154978550e-01
9.078993533130286231e-01
9.376735956488762014e-01
9.943755741739054299e-01
9.841742184384412173e-01
9.841742184384412173e-01
7.616949845915101935e-01
9.570597698395664210e-01
7.008317922210494100e-01
9.319096281453903563e-01
9.722205368839712536e-01
9.775051703401024250e-01
9.778288653797455598e-01
8.980302033181319921e-01
9.186956122909312183e-01
9.186956122909312183e-01
9.956262189345479463e-01
9.956262189345479463e-01
9.355677567782504367e-01
9.048382489870482326e-01
9.839809691182750395e-01
9.937330047067619576e-01
9.457092813130614228e-01
9.457092813130614228e-01
9.642001769363911512e-01
8.880225015294757052e-01
8.955811796430387384e-01
9.170574554768555764e-01
9.170574554768555764e-01
9.432972032120934269e-01
9.432972032120934269e-01
8.887678043689740681e-01
9.736419131733610177e-01
9.587407928708298055e-01
9.587407928708298055e-01
9.641020530227063512e-01
8.617094552332285051e-01
8.617094552332285051e-01
9.588420599375964137e-01
9.623788578110762382e-01
9.623788578110762382e-01
9.637851464871192153e-01
9.637851464871192153e-01
9.637851464871192153e-01
9.424649185424444076e-01
7.850972870450525498e-01
7.850972870450525498e-01
9.420863477680934128e-01
9.732349084042077880e-01
6.896878126781328389e-01
9.789844647657731658e-01
9.513325873836627755e-01
8.233013006656210164e-01
9.870657598123859788e-01
9.915491654280004230e-01
9.778753615733639659e-01
8.434259286010002965e-01
9.945863460146667778e-01
7.297445462991342113e-01
7.297445462991342113e-01
8.893088426396317248e-01
9.834473087773990541e-01
9.834473087773990541e-01
9.461261938705514130e-01
9.307689878462716004e-01
8.948292294771420519e-01
9.115922712205140055e-01
9.927938761140515656e-01
8.783719772395818248e-01
9.456230237250643489e-01
9.456230237250643489e-01
6.334135566732298495e-01
9.888734660484364003e-01
9.713191038032191749e-01
8.558943047406437632e-01
8.771006058880941314e-01
9.106883660480435960e-01
9.901117866355612085e-01
8.995785855329948566e-01
9.915804564111065922e-01
7.770594508361218233e-01
9.876487127087464346e-01
9.411082261347244460e-01
6.741450731876835745e-01
6.741450731876835745e-01
8.877182891373297524e-01
8.106787988882714346e-01
8.106787988882714346e-01
9.919947016631307513e-01
8.920323967617459493e-01
9.782650895437944305e-01
7.021086832513196985e-01
7.417839422280818606e-01
7.417839422280818606e-01
8.533300311672354921e-01
9.004852794978990271e-01
