phi_1
5.324616971359926509e+00
1.383452107987410251e+00
2.586238931883027448e+00
2.177886245783954067e+00
7.154478199005422923e-01
6.137940183467346600e+00
4.701232188847207283e+00
9.405796692739523124e-01
1.867516970283119804e+00
6.404723751377865426e-01
3.655783467315861568e+00
3.358017959544259856e+00
4.040801950037590906e+00
3.687181939239612571e+00
3.257024141124511551e+00
1.408291858722941825e+00
1.459940814995521308e+00
1.724149421321287790e+00
2.590685775956034220e+00
5.452941020766489011e+00
2.414392885481415618e+00
5.275641237669574934e+00
1.262797029029501417e+00
2.274323951042120484e+00
3.434557287422752569e+00
5.913690187492969486e+00
6.242125637055319309e+00
6.276762149467324470e+00
4.954394374013002533e+00
4.639671308343732647e+00
4.928381931904340263e+00
2.147128104057555831e+00
5.630745960495898039e+00
1.380601388955096098e+00
4.060149001037995475e+00
8.309741495330840166e-01
6.173561536945431527e+00
5.160755405695941711e+00
9.377191582068444831e-02
6.093927018991490918e+00
1.019109562114463685e+00
4.930319643788351414e+00
4.746493678407654571e+00
4.897457410693862201e+00
7.395290932588771682e-02
1.353541330425246159e+00
1.828034030316398884e+00
3.143997581353762172e+00
5.914439272716341733e+00
1.963514162181940748e+00
3.703267560760891808e+00
1.810338547908653339e+00
3.111044522843853244e-01
2.195061528042140608e+00
2.044921851904312859e+00
4.294695207946979565e+00
3.119172460879148900e+00
3.926482082022957343e+00
3.082176777366305132e+00
2.409114472376247207e+00
5.429257449552933323e+00
2.027874845469600729e+00
5.429820410735000991e+00
1.104280110958644201e-02
5.176552084076936566e+00
2.959677180877104519e+00
5.999776214621737047e+00
3.071117214937029161e+00
2.997746368066600553e-01
5.325790518097660353e+00
3.421391125810105294e+00
2.994560310631637634e+00
3.950647833408593712e-01
1.743074781776446258e+00
5.160647264938328149e+00
3.129502115679816399e-02
6.024001635518732911e+00
1.155690825086176154e+00
2.179160111759783192e+00
4.461141149322589428e-01
3.845201686714903033e-01
1.696298777738791230e+00
3.217530084640071841e+00
2.221185323544235146e+00
4.835352219434223109e+00
4.833851858552735692e+00
5.035616316191950936e+00
4.121069484023998086e-02
1.143845188386753087e+00
5.740597058927868979e+00
5.904261600611819816e-01
3.157479570303465266e-01
6.251954049309302874e+00
8.573556543402327534e-01
2.924231994912839028e+00
5.757858477126217345e+00
4.308605678998491229e+00
2.666556731042192041e+00
5.126322403948470274e+00
4.804080855923740678e+00
5.876963991553038724e+00
9.041889482522238453e-01
2.488599199133734174e-01
3.896457428986996874e-01
3.198660235083545800e-01
9.103735074890284551e-02
3.653023383655001233e+00
7.902878058314053433e-01
5.380986583932765299e+00
3.882593976258919888e+00
3.804789296157356393e+00
1.373923167675767942e-01
6.279886763511956183e+00
2.129978871670653362e+00
5.877946183745165420e+00
2.273997865096710314e+00
2.404654688609920044e+00
1.573610854061359809e+00
1.320203539016526761e+00
5.910258299046032171e+00
1.941900430674907696e+00
3.653833511918886945e+00
4.526157448103145242e+00
5.235418562016588950e+00
1.813068396092614165e+00
1.244245455604264805e-01
5.715887040159539190e+00
1.817975476552366132e+00
1.205772836794666958e+00
3.841845776204559471e+00
4.679351203958520777e+00
1.118310322372649601e+00
4.838040564533748977e+00
3.421839889879794150e+00
1.909911564537356554e+00
4.625273103651885265e+00
5.267076873569632056e+00
4.334240896832950440e-01
2.425293733761964887e+00
1.228639869750958624e+00
5.080811783876811205e+00
2.549603772954910141e+00
3.600620849695376879e+00
8.612687975535129326e-01
6.187476047908786470e+00
1.371740986217199421e+00
8.108341632589315395e-01
7.227126984590253045e-01
4.212422975966880756e+00
5.965736562778111818e+00
3.536188793807662378e+00
3.196077733621426997e+00
5.132223606906009650e+00
9.961809220804793696e-01
3.313178211208469115e+00
3.453196579813074596e+00
5.157437032141935163e+00
1.132920305495937363e+00
2.587803931417841596e+00
4.812358512292312263e+00
3.894362130116876930e+00
6.240493251997753177e+00
3.358490167799121462e+00
5.846902013623785699e+00
5.756626233641478407e+00
2.786867399302092707e+00
4.955432971029454237e+00
5.709311150431825688e+00
2.966496983564502088e+00
2.274865373028891469e-01
1.864577398226474614e-01
3.093496184172424890e+00
4.968253430436840645e+00
5.309360084539891389e-01
1.510483501361022718e+00
3.782255944791992786e+00
3.396104954299242973e+00
9.470122586104743334e-01
3.433238212997044680e+00
1.165498112368671180e+00
3.968152949557852249e+00
1.027453889631524397e+00
6.055776199438883900e+00
5.866928809988205096e+00
2.790594053067980695e+00
1.114702750474877213e+00
2.256968666161229820e-01
5.863715293398250594e+00
1.022897780790779976e+00
1.435381531827529145e+00
4.071597634499815044e+00
1.285263194392802788e-01
6.082484578288550381e+00
9.484540479982577210e-01
5.514767244302941407e+00
2.928009030430093418e+00
1.876478558300652466e+00
1.294123452916455363e+00
3.852183920957941154e-01
3.866402042464403443e+00
9.862596229606905851e-01
5.435335601323460608e+00
4.557653750617418176e+00
5.903121135652538598e+00
4.554623905228914360e+00
8.975212065250701698e-01
6.067596836987499742e+00
2.868672666290351003e+00
1.744378837927911263e+00
1.282287694452557858e+00
4.502820037878674242e-02
5.507031757603111366e+00
7.653097116898601726e-01
1.390249660557456579e-01
5.748724532974563317e+00
6.078112925323738480e+00
5.850849180317632126e+00
2.219886897968507355e+00
8.181258180140638103e-02
2.446141540860619301e+00
5.885615261280487509e+00
2.764650991928981227e+00
5.258636121265006125e+00
3.398326013666830292e-01
3.588480265835712668e+00
1.537630213497667597e+00
4.435315540012735092e+00
3.194683144134677910e+00
1.669027914837143634e+00
1.139174517756543992e+00
1.086419736301160732e+00
5.570915631728889927e+00
8.166421859208350398e-01
3.162145389706887411e+00
6.172101513238231973e+00
2.015703032090172542e-01
1.773578734594369877e+00
1.985309078321238374e+00
2.081678329620373802e+00
9.586437146026467460e-01
2.014322530094171171e+00
5.588164843572123175e-01
5.630196369030491255e-01
3.215000036544036544e+00
7.646516746199649717e-01
4.878249261022381766e+00
3.825685296356267084e+00
1.192766015555986492e+00
7.985085770482944767e-01
2.335373664432630392e+00
3.507132916125846211e+00
1.672117065787483980e-01
5.467107241764791681e+00
9.729525938857062073e-01
4.762934230047257245e+00
2.540913276426390865e+00
5.568241530407604500e+00
2.734618685434067942e+00
2.488064192388481644e+00
2.746745642479055505e+00
5.832136696972866297e+00
3.885231195735321830e+00
4.000652527389542357e+00
1.038628303736320646e+00
3.033435021598055670e+00
3.077952185415767872e+00
9.500890621197894959e-01
6.177311444703332377e+00
5.651118403930555090e+00
5.193564616787055499e+00
2.464613334169971637e-01
5.213360045965154121e+00
3.548346764373749629e+00
2.852595268227769765e+00
1.505799221126101095e+00
3.724009039812417488e+00
3.237456996487959149e+00
4.478427176212306904e+00
5.933649563906429947e+00
4.564403779638323222e+00
5.367673375853646789e+00
9.654216245416851194e-01
4.274262924657987739e-01
2.329181427747283095e+00
1.998647348934216694e+00
2.585973590699385483e+00
4.132885224730713958e+00
1.336307860524465596e+00
1.321590645586324442e+00
2.454919835751395496e+00
5.315984177717002268e+00
8.547951993143989569e-01
4.750280478335120904e+00
9.491216585557351593e-01
1.660646550800438881e+00
5.018849618872477159e+00
1.715996419618249114e+00
3.000718013197852585e+00
5.731928805985846864e+00
1.365295508283709935e+00
6.869910840077526615e-01
2.914475922369510030e+00
3.888985042676996962e+00
2.277916939852865141e+00
2.232735461430305435e+00
3.766655540571281602e+00
3.460295122377720300e+00
1.214956028696457579e+00
1.104699043397818770e+00
1.711947797249782965e+00
1.571165057703376000e+00
2.601995996841683478e+00
1.730883273609297390e+00
5.076028306442334603e+00
3.581128232651668242e+00
1.034887879986310821e+00
2.141375693873442287e+00
3.762464055231687698e+00
9.521414906754532836e-01
5.108857299750393821e+00
4.737806889119604570e+00
4.541701051542776923e+00
1.188911246325302429e+00
4.099352277223980323e+00
4.549859354759231422e+00
5.334985405615938703e+00
1.173691826289144480e+00
3.647624951533885884e+00
4.017461484544288197e+00
5.190113096260897230e+00
5.290902251051149641e+00
1.198097790082003122e+00
7.121429613796532720e-01
1.471325957393153416e+00
5.354078128928177804e+00
2.172247199741034862e+00
1.335634874367956471e+00
2.610527034497961196e+00
3.942970320045535715e-02
4.405516963509539252e-01
4.155497953640427511e+00
8.316884583923487284e-01
6.134117567565024132e+00
2.753004250439300193e+00
5.387177950505309454e+00
3.589605524723555874e-01
4.325103102641946862e+00
2.518698583478153452e+00
8.439242185551716346e-01
4.130580951616485308e+00
5.772943307598742635e+00
5.232156519370967374e-01
5.892477621058304749e+00
3.487367924177284806e-01
1.845159748904162456e+00
1.019505768385434052e+00
3.868149328554010502e+00
2.418975873094748152e+00
2.110818563798169123e+00
5.044435975411358797e-01
5.395367725185122865e-01
1.223333954261055290e+00
1.116067641987726233e+00
5.528594212930668661e+00
2.540301763989685213e-01
2.389248237125570995e+00
4.053833505332070430e+00
5.450874690575782111e+00
1.955196666706360276e-01
3.004689588796230382e+00
2.764074335322145970e+00
3.294702478611474028e+00
1.235918580644312037e+00
1.823394298122595458e+00
2.576448966571813770e+00
2.333896299072392821e+00
2.509311025059821176e+00
2.502663538411120214e+00
4.438618253997418606e+00
5.466736291272912496e+00
5.682680160702435757e+00
2.654582242114374324e+00
5.805137697981192169e+00
2.749082627624259700e+00
1.275616340827411044e+00
3.502914814527922083e+00
5.356194842154319069e+00
5.965623467401227842e+00
5.941138391199373814e+00
3.338254292370000265e+00
5.458065581007192968e+00
7.962998672838139669e-02
1.449861023138211635e+00
2.715297795147805004e+00
5.652904884716003941e+00
5.482711903312372570e+00
5.991188261564239781e-02
5.081372499046617364e+00
4.388117249820551180e+00
3.947309292770572853e+00
2.848369716072177482e+00
1.364419632898899337e+00
5.843853877339572733e+00
4.162969730661909118e+00
1.293138142368385424e+00
4.813737858970323025e+00
4.959292671229139415e+00
2.688265054038881274e+00
3.846458762726499003e-01
2.474040137513807025e+00
1.450849887978057140e+00
2.329506121265609409e+00
2.209617732016528890e+00
5.682680160702435757e+00
1.466869968317734418e-01
3.821087106017275303e+00
6.102982756190696634e+00
5.952468222685991961e+00
1.030843836615847664e+00
5.341427552441740723e+00
4.303826407776984553e+00
1.111444560056272124e+00
1.966463020189035404e-02
5.322747334920753914e+00
3.106024700417325590e+00
5.112136159080233000e+00
3.310389794550148146e+00
1.127494520089063812e+00
2.144371668485179683e+00
2.767664916707007094e+00
1.247216719641940585e+00
4.233472370742315860e+00
5.854605997746282320e+00
3.589166533748502363e+00
1.729392942013269874e+00
5.717802008924647517e+00
4.533653981755168871e+00
2.331050747834607861e+00
4.603542121427598666e+00
4.624431315120603792e+00
3.084379575679811580e+00
4.679914746581445684e+00
4.787694483573495141e+00
1.588707160172425858e+00
5.881847584426296294e+00
6.147942500196984739e+00
6.062171820405662714e+00
4.667167914339458434e+00
1.334004544414402638e+00
1.742152123821991694e-01
1.240280894644635978e+00
2.233257419545413569e+00
5.769732797174320638e+00
7.802364926025244785e-01
6.128698169959158726e+00
6.068548792601069053e+00
8.490361156448464897e-01
4.771381344959433335e-01
3.339063045858785106e+00
3.716239583813262026e+00
4.927788418966550843e+00
1.055009755384439529e-02
3.117689592849423263e+00
5.979371158153028887e+00
6.011666637574270666e+00
2.083641679483827502e-01
3.846131324461392609e-01
3.847306639842422271e+00
5.143425385948120265e+00
3.864364288566881189e+00
1.427280465543539378e+00
4.344627193340365068e+00
4.976167277941788925e+00
1.662525776663386523e+00
3.811826533633730474e+00
4.935739864300534130e+00
2.074668304323854073e+00
4.963619948391369441e+00
5.140405329764055509e+00
3.367667349343509642e+00
4.346753563972587386e-01
1.385703426977631381e-01
8.165002208687308638e-01
4.908448385701163375e+00
5.484122176794911319e+00
7.717926936827144146e-01
2.684608834976273783e+00
1.610254812910715927e+00
1.733072710571200048e+00
5.693971584205565151e+00
1.503873085052023661e+00
1.646089823372509642e-01
4.250437010205731170e+00
5.022209503763424010e-01
7.356016944900201082e-02
2.289913389839718150e+00
5.314413126410645560e+00
5.302539078771824066e-01
4.035366716898952433e+00
3.117567910940154619e+00
1.893251785569814771e+00
4.879426191973380789e+00
1.045408976374952559e+00
1.042594371247237639e+00
3.949156019335604562e+00
2.379585739126419242e+00
3.232411418021490679e+00
5.221167588229196355e+00
3.188264090354703484e+00
6.055434000106149739e+00
4.787797038328882593e-01
9.702504274142453866e-01
2.843760779011248019e+00
5.433837395655988445e+00
2.603769242705691767e+00
5.830296124362758015e+00
5.805144443196022408e+00
3.175568290662194926e+00
3.125339785334139364e+00
1.727202287367944677e+00
2.173380287614154582e+00
5.741517682055568450e+00
5.649039198330942924e+00
3.181489709082458095e+00
2.049538468106273825e+00
2.800231903711157599e+00
9.170007657273231416e-01
3.651349891388051550e+00
1.282560130518728414e+00
2.887162197902197747e+00
1.121305587017731753e+00
1.338363762671983537e+00
5.306314172349893887e+00
1.889799194033601637e+00
2.998572153312411004e-01
4.862916543448386975e+00
5.333501227261441713e+00
2.608519539065371262e+00
4.856584591329093925e+00
8.647245276216199983e-01
2.448537748340260833e+00
3.293670680641529458e+00
4.283484442208775889e-01
4.699392416774441195e+00
3.919396848012191015e-01
2.482605972937697913e+00
5.826657098597992857e+00
1.854721058832749847e+00
2.153261905741947757e+00
1.462988117507929786e+00
4.888001708895832742e+00
1.788172021964284042e+00
5.930126004877463330e+00
4.897691167628437370e-01
2.440654110708084801e-02
4.660058604224904144e+00
6.483677590211227582e-01
4.561034257221031396e+00
5.605192349183885980e+00
1.842505915518248827e-01
5.367058655623453411e+00
5.621097943896692151e+00
1.482590726613505439e+00
1.089314330264397057e-01
5.378557786416910957e-01
4.497454775938992455e+00
4.206148818322111183e+00
5.286628800454002075e+00
4.582101248884709932e+00
2.146729473153337509e+00
2.286587809403576088e+00
4.031679560211738789e+00
5.860330277206442950e+00
4.493488280822581338e+00
2.299776928318154390e+00
4.714032952801882281e+00
6.102195147690063770e+00
4.329071874491774885e+00
3.821467862813794802e+00
3.354564369637044852e+00
6.019918873647609026e+00
3.455407697426096103e+00
5.305219798943912934e+00
3.351676832147222118e+00
7.454711944220271391e-02
5.825345318863872635e+00
1.659629535307646897e+00
1.892219190277353746e+00
6.143410128242449808e+00
3.644416566727618267e+00
5.495099879058882308e+00
1.438738686540404821e+00
5.233186510685348125e-01
4.520715108804483684e+00
2.891879917586450688e-01
5.199210490945697316e+00
8.569880423062148367e-01
5.459426803893640212e+00
5.027007928323445896e-01
4.783726358104758880e+00
4.767949569822551581e-01
1.759378179972648226e-01
4.732729319084660879e+00
6.162592923337961714e+00
3.327522512778013919e-02
4.727104386885783605e+00
2.582908148519312164e+00
4.752058167824193546e+00
1.438201118025313363e+00
1.657842757815856771e+00
2.317354526576639984e+00
4.576022420763008469e+00
1.861003597760998218e+00
1.535171740537242258e-01
1.677238078329970961e+00
2.579905834382266505e+00
5.782884453085396892e+00
1.868670928172541323e+00
4.827580566628240533e+00
3.327522512778013919e-02
1.911338969758411110e+00
2.697100735572568908e+00
1.447695548208999483e+00
1.043852143063690008e+00
1.081656839961937067e+00
5.923547373688568207e+00
2.328077828766021540e+00
5.647427976749933798e+00
1.901700486361431075e+00
3.766795896985271064e+00
2.306287946616274454e-01
3.833740169455386759e+00
5.895801406376047105e+00
1.087125751233115167e+00
5.446201901219493102e+00
2.573836737058332602e-02
5.411202867891995005e+00
5.363571137122000287e+00
5.172184083834985735e+00
2.072733036615366231e+00
4.330975908784212791e+00
5.056934503835600836e+00
1.936769544410113397e+00
1.557646270898939811e+00
1.786641929457683631e+00
5.137582786687922010e-02
4.173390960670902317e+00
5.592215077760667619e+00
3.065943112256913849e+00
5.013705859854111324e+00
1.669027914837143634e+00
4.706312364338930188e+00
3.802983358391411883e-01
1.535208909941968791e+00
1.476090120666494698e+00
5.108786046040956208e+00
5.106741149523090328e+00
2.929859195202382693e+00
6.120859758189963529e+00
3.285258727435825143e+00
5.562564545487203915e+00
2.651248560509044339e+00
1.884934861399029771e+00
4.552183851399324688e+00
4.701338031032249454e+00
1.545637917472348022e+00
3.325284759125183065e+00
1.077146908719908147e+00
2.121716335573662349e-01
5.356985865714236184e+00
1.103409628421570865e+00
4.863227182166516727e+00
5.881961921286791295e+00
2.893576412798125830e+00
1.132067249229800510e+00
1.382482612831685387e+00
5.243433844436982127e+00
4.015146116255137620e+00
1.240238351513227144e+00
2.425184906884474856e+00
5.251638867630640917e+00
3.570215268611022008e+00
2.853479360720948321e+00
7.049038632135395943e-02
5.808124283852841963e+00
5.395753845588351361e+00
5.434087471642657263e+00
7.174367016654539242e-01
2.300650589166364668e+00
4.926388372781665304e+00
2.340532233930469275e+00
2.091119170855620268e+00
5.868493083384805686e+00
7.233043222729103050e-01
2.043038407612842278e+00
1.469041966247186970e+00
1.408470347975297798e+00
1.404186281395291225e+00
4.974304862189566023e+00
4.349319043944642971e+00
8.258968841492624335e-01
6.070460637639517820e+00
1.086391858741523109e+00
5.421415941678647599e+00
1.136380364453724923e+00
2.235702101723484603e-01
1.407476671731674678e+00
1.581460495344530592e+00
5.656736242841068574e+00
1.493977808546715025e+00
1.741110709966958936e+00
4.551161188962995041e+00
4.425936244024124555e+00
5.716264429668925118e+00
2.899067036663847574e+00
4.122754844633499616e+00
5.024490492829038146e+00
3.468846534510356960e-01
4.853625771338476724e+00
1.335563937006988944e+00
1.641985714585052492e+00
1.684935997218504511e+00
3.670928057737942396e+00
5.810921347231951195e+00
6.263284767475504999e+00
1.128529489040763778e+00
4.373380317396540207e-01
2.878879502214436670e+00
1.700181596169286991e+00
7.464020621458145044e-01
3.367066332862816314e+00
2.352846279125841988e-02
1.114686142549124348e+00
3.197955259583662446e+00
4.214678759558797339e+00
1.671212440987908998e+00
4.068033240455187993e+00
1.336826145173779068e+00
3.964696487378394973e+00
3.625678798163010086e-01
3.814429987659374799e+00
5.919732396869675561e+00
6.377559413802762478e-01
4.976905228231776945e+00
2.866641619334250990e+00
5.064883958422804255e+00
5.670154802913351944e+00
6.260523988297481246e+00
5.696531112584177770e+00
1.155029465149239876e+00
5.356194842154319069e+00
2.713284826983432652e+00
5.270242994946881865e+00
5.728451610437717001e+00
6.218026842190735870e+00
2.659925199536465001e+00
1.434717351054113799e+00
3.074777910985512008e+00
6.082975848504394989e+00
1.986659312682951040e+00
3.275692003805898977e-01
2.701885114855549830e+00
1.947892581839200332e+00
3.958353206988035389e+00
1.329793464300972339e+00
1.509850220404151955e+00
6.238134439298639755e+00
4.428480055522963532e+00
3.472823101920977429e+00
5.485291114007176283e+00
2.288536074756137850e-01
1.480428821153642716e+00
3.034671957381982921e+00
5.469475458493322506e+00
4.386850239293238474e+00
2.578555014160412995e+00
5.769703911724636036e+00
1.714990012226141225e+00
6.046939744860946320e-02
3.272474637876765513e-02
7.165760490985206843e-02
2.228871547491543481e+00
1.322131188821613179e+00
2.635278652055283999e+00
3.166461309561232174e+00
2.514756639570352448e-01
6.024001635518732911e+00
6.088356831732506080e+00
3.146057026934578449e+00
5.488602129301319188e+00
2.035341736810682534e+00
3.204110523130365262e+00
3.486884402814791173e+00
5.204132411716621220e+00
4.155184199033712389e-01
3.176384768895605504e+00
1.832183001924306609e+00
2.598050963719702011e+00
6.109321522201748955e+00
5.816800066073967379e+00
3.297584880365094673e+00
1.110481008018027183e-01
4.538375031096641976e-01
5.470029198532137649e+00
3.444164235443896160e-01
9.413379136115134216e-01
2.806132826568555672e+00
4.456936695675578264e+00
5.851405337229067527e+00
1.373932563909178839e+00
1.807021091898267429e+00
2.552326101025110816e+00
2.555450265024576950e+00
1.660499401993641655e+00
1.126704540087396289e+00
5.335775592531419420e+00
2.268337047034933107e+00
2.524730356345532556e-01
3.688021794590063518e+00
4.637770719599783042e+00
3.440888973325100686e+00
4.508392941213136496e+00
3.494094503134086427e+00
5.896795837742512703e+00
5.967163788330513974e+00
6.389933231512578971e-02
5.809356815517158878e+00
3.228708697796346172e+00
3.820494905193614343e+00
4.543661065472365479e+00
6.321302474852137365e-01
6.250641549327798252e+00
5.904800551328911240e+00
1.841115518630617842e+00
6.069388340233625279e+00
2.373944045160918392e+00
1.103106954252064398e-01
2.876040121474057187e-01
8.125872898928854227e-02
1.500745025965052548e+00
3.733882108002497979e+00
4.699493515624510565e+00
4.420763157871428817e+00
5.203003704469733925e+00
5.542761170129033133e+00
5.546739167333765153e-01
4.023656006357379411e+00
2.119931809734211470e+00
3.829204201754787817e-01
1.080287864252546193e+00
5.300457622252415568e+00
5.241223045967844385e+00
1.233347977341681556e+00
5.281742624494078164e+00
5.494414309198117685e+00
3.415362025266749590e+00
1.991192151779976882e+00
1.755779148869780926e+00
5.202052016481859553e-01
6.257116171386363668e+00
1.666938779089612410e+00
4.739034361212027591e+00
5.030749322896006070e+00
4.994300528416294682e+00
5.245958444539819965e+00
2.207266977245145867e-01
4.189316235557388524e+00
4.100131562964726584e+00
3.050923155355391714e+00
3.899903764830696673e-01
6.008845455783703216e+00
5.852007482957479745e+00
5.424777290483297598e+00
5.501916764525187631e-01
5.334618644694415046e+00
9.499321558071081029e-01
6.084504223889046770e+00
5.142532043261540231e+00
5.555689142287629778e-01
1.037309044852585238e+00
2.619327725140507823e-01
4.247082672474101983e+00
5.426873097646560673e+00
3.582496436535075102e+00
4.862921711560873383e+00
1.408284817968397107e+00
2.400760619358887737e+00
4.976778287932367206e+00
3.369914775175919974e+00
5.078870000917428129e+00
8.089282214086352951e-01
5.049984189856466799e+00
4.084419494374508908e+00
1.582746370912255784e+00
1.970906647837352921e+00
7.241108268155276306e-01
3.445203327649870584e+00
1.870720380355100687e+00
2.999828562658951370e+00
4.286336649845800650e+00
3.389120393103200346e+00
7.179630330855024667e-01
4.912881277928883961e+00
3.991856149147627875e-01
3.852201319571282756e+00
2.079604419562066653e-01
3.286844585792897178e+00
1.067947286961736353e+00
1.011269587690034832e+00
1.981056440682639419e+00
5.609743874919246309e-01
1.009153886367329278e+00
1.194647918215681059e+00
4.678674725999294459e+00
4.217607135312750444e+00
4.030387057921767990e+00
2.670769808979834181e+00
4.553794965195568700e+00
6.531727472530102219e-01
3.092874825249571913e+00
1.171997311635243122e+00
4.267313751283735357e+00
4.636102046908279206e+00
3.480553104110082785e+00
6.089851431142098370e+00
6.183751167523794834e+00
1.452913841759889912e+00
2.239391613667212511e+00
4.113120008085983770e+00
5.223380134590710711e+00
5.551223422466805779e+00
1.033837139312708153e+00
5.186790529998743793e-01
2.775722448803769282e+00
3.662547746744508448e+00
5.234290996083849734e+00
3.245592157076645723e+00
9.428500894861446824e-01
5.737248400498875078e+00
6.459792400363291165e-01
2.416513470555601728e+00
4.518257541605814609e+00
5.174976578302797670e+00
3.729786985075307371e-01
1.891120980205940327e-02
4.513793078186401075e-01
6.246518420705349683e+00
6.192279722286907706e+00
5.505649620086966678e+00
4.954081802706106430e+00
3.170240749183305340e+00
3.116557376940997770e+00
2.190451289766858878e+00
2.338295206163611084e+00
1.681684950923166610e+00
2.555206618236301352e+00
2.397595223174375789e+00
3.901586521907757454e+00
4.574987438002051654e+00
2.354281967361592010e+00
2.153569608725808493e+00
3.359059602283649859e+00
4.694777178477598234e+00
2.769842393162312177e+00
1.921077854920063999e+00
6.246987158254276196e+00
1.150760064727016641e+00
2.534368224214942344e+00
1.594164569843343315e+00
7.700237800084330786e-01
2.474040137513807025e+00
3.501160236759462308e+00
6.955015087856173395e-01
5.515075008219145758e+00
2.770008638985110849e-02
2.465801304613224332e-01
2.454204544034013225e+00
4.594173136012126513e+00
3.770347852212757367e+00
6.150871020689365309e+00
3.980236468863328270e+00
2.116597134172462091e+00
2.423522888462295910e+00
8.500796699087524999e-01
4.548882737943333865e+00
8.210581290434397772e-01
4.607890960366741950e+00
2.862613704112790813e+00
4.524508852705571016e-01
2.615957793956606992e+00
3.585821491743229839e+00
2.680709783426312498e+00
4.925367408639514721e+00
2.800711976788299751e+00
5.376506268195875293e-01
6.010475275074159462e+00
5.631560662713690490e+00
6.171087185034880740e+00
3.742058201248195104e+00
2.006184627065092485e+00
3.425943905817528279e+00
4.976484526307363154e+00
1.327271685636599585e-01
5.030990468845022434e+00
5.655905777110543653e-01
5.620208949495132167e+00
6.187441351984497295e+00
1.419975977627221830e+00
3.188882219818665931e+00
2.182619934450174881e+00
1.770068237290651325e+00
4.736894478080209581e+00
1.353684391745424875e+00
2.220322024524758575e+00
5.382433502194130526e-01
3.728656430616049011e+00
6.386419217829253370e-02
5.656839788460933605e+00
4.059826479373212393e+00
1.036503254412602715e+00
5.971318843472419147e+00
6.633167265575119487e-01
1.489564514905234560e+00
2.803776599146132753e-01
3.102046025768082416e+00
1.204851562493256978e+00
4.038733768135614355e+00
2.289689015892271584e+00
5.188274701762950691e+00
3.801122240806327657e+00
4.900587720098243949e+00
3.239764608335431895e+00
3.090933968354949712e+00
4.078423926610489580e+00
1.668191687237460918e+00
9.403815685922980450e-01
4.294912960520909095e-01
1.194329220044688888e+00
1.448046776711169770e+00
3.650806008373024714e+00
3.166650306174887852e+00
2.076162425402928946e+00
1.938118596996016407e+00
1.910656285359300099e-01
2.353547315793772299e+00
9.409067944150963925e-01
2.722539978526896221e+00
3.662885922113906290e+00
5.252061502806597559e+00
1.985730741012549316e+00
3.291229161579993345e+00
1.495369778896698421e+00
5.491033456330407070e+00
1.566453762802332506e+00
9.033268645806256103e-01
7.656165233802099124e-01
1.145493555394656582e-01
2.809065339885584933e+00
2.928264868574302682e+00
7.704637200819774989e-02
2.924924661333140108e+00
5.277951283496445711e+00
1.449227673087945867e+00
4.258340537732143716e-01
4.315908017913812955e+00
3.524612225616357009e-01
2.180920027770017811e+00
6.732051076120555422e-01
4.386768921283907829e+00
2.778324632416570239e+00
9.814302656555762283e-01
1.853933152501374693e-01
6.143411138055716592e-01
5.907002933470406170e+00
1.353384153254865829e+00
5.838931608338988610e+00
4.668935284224320803e+00
2.512885859395010968e+00
9.787419172717735094e-01
5.823155752032594279e+00
3.330513048601833948e+00
2.854766637002734697e-01
3.459636817275752563e+00
4.578140092477717360e+00
4.294585664755263821e-01
4.176214418822210561e+00
2.909367709338713581e+00
4.751199464797549510e+00
3.200553285656099423e+00
8.456095861079679921e-01
3.169354853634676505e+00
5.451036293915834108e-01
3.687661949467564426e-01
2.449542697930642277e+00
3.449769500252241716e+00
3.000150041811144419e+00
4.101203644513406132e+00
4.929673464412529960e+00
1.907908478450366374e+00
2.761938426102878097e+00
3.077465430783430378e-01
5.443711695351707291e+00
1.577376968869896423e+00
5.352395802490965693e+00
3.345121736375515908e-01
4.882018224380679783e-01
4.604087521655854331e+00
2.182868738175242740e+00
1.189348336385541494e+00
2.374206082308788268e+00
3.598282010231881323e+00
2.171677880946015549e+00
3.464520594978228729e-01
4.930405422254068526e+00
5.566412142744894709e+00
2.911454339089353027e+00
3.197955259583662446e+00
5.703057206261078704e+00
4.649482928230662893e+00
2.124337329004317709e-01
5.227473853798207060e+00
5.279616722427467046e+00
1.016751676940899074e-01
1.868739158704491032e+00
2.387339990453728689e+00
1.720682464309009063e+00
6.754210758962564398e-02
7.620295845911737587e-01
6.168673781669339107e+00
2.263058721572635434e+00
3.481637490321420447e+00
5.433934187257334791e+00
1.372383280863798127e+00
2.583379908602385200e+00
2.534225029591162581e+00
1.925847426479787572e-01
2.040006355213380473e+00
3.211387719690030451e+00
7.029727267974807958e-01
2.605371989134082966e+00
5.445994111500572998e+00
6.383512515998841508e-01
3.121771782654892746e+00
5.859541930504886587e+00
4.735913150196997989e+00
5.225322849534681957e+00
3.933854917811192564e+00
4.212643649365485743e+00
4.659012474665188641e+00
5.400226040358601765e+00
4.292579632639176523e+00
3.577319431795010551e+00
5.107478628528550502e+00
6.173776033711718014e+00
1.610365543842584124e+00
1.794695993978498549e+00
5.579372737054717923e+00
1.434496716131463678e+00
5.443807054209379714e-01
6.219197380009508613e+00
2.049680963942229539e+00
5.988183107184920750e+00
2.948609558316395152e-02
4.452852867793714253e+00
6.251127875840698067e+00
1.601705894543377084e-01
1.604148451988814728e+00
4.214418519777213490e+00
9.091724669865577368e-01
9.881824817235633773e-01
2.355379546064543916e+00
5.178623327330468484e+00
2.549810303458407645e+00
4.326794917101706162e-01
6.419543186907210597e-01
1.650538805642128182e+00
4.306503390140102638e+00
1.976411961511686854e+00
1.341840309502831730e+00
2.557769739268147546e+00
4.757540805610993573e-01
6.208766407380982066e+00
5.076028306442334603e+00
2.906844625662442283e+00
2.894661145418176318e+00
6.796370525773580695e-01
2.561958552616472318e-01
3.733721494164374821e+00
3.764574948025922740e+00
4.316898537108000866e+00
5.454899758368211948e+00
4.385767198742453132e+00
1.275853038219581848e+00
5.013599794930973630e+00
4.668450802651510578e+00
2.291138409244446450e-01
4.822609586396957582e+00
3.489002253737239378e+00
1.388652683880952310e+00
3.573642799372660495e+00
1.630128630040017512e-01
4.336083188535163835e+00
2.853150243449992018e+00
5.728489558404194604e+00
3.466723161814625254e+00
1.412426906237490343e+00
5.111905811516095355e+00
6.114922861247222841e+00
7.172035248011354724e-01
2.764177832679010294e+00
3.898643405395707084e+00
5.899534020031227399e+00
3.162138712040350796e+00
1.659852686226983565e+00
3.134174721213547343e-01
6.208250512959350154e+00
5.361007731470148308e+00
2.270239325515227335e+00
6.231646998531307879e+00
4.984432826336249178e+00
5.856355549880240652e+00
4.173681897828069864e+00
5.280987949912245405e+00
6.259274188992758781e+00
1.433407774762914144e+00
5.938286441497894863e+00
2.884826249235405982e-01
1.294165844622887640e+00
3.005463270653310204e-01
1.118310322372649601e+00
5.537808409891201045e+00
4.496732385700196843e+00
2.765902920037587975e+00
5.218727713499040632e-01
5.968628636454726966e+00
1.013592464825588735e+00
6.257303878205151548e+00
6.235744098005138625e+00
4.913024881306629510e+00
6.031473700456083442e+00
3.254652381949644901e+00
5.226330761529598412e+00
1.189675068890290177e+00
2.863264467362512278e+00
6.109257614038504869e+00
2.579002995641591411e+00
4.550553401807745146e+00
2.907768113070652305e+00
8.373100595090381404e-01
4.749523756904716620e-01
4.946556227951409923e+00
5.337792350168567346e+00
5.474560199177549435e+00
4.770741532609935831e+00
1.238718000567127220e+00
1.697097666907898983e+00
6.439983108678752899e-01
5.867690000977610509e+00
1.973934723981514594e+00
5.261630828060320120e+00
3.198868351118261177e+00
4.907365850476553604e+00
5.884972560363418204e+00
2.743537976150260960e+00
3.150919022771312861e+00
3.618134654291203400e+00
3.702035464813429932e+00
2.979787087728775319e+00
1.885824730187053433e+00
4.725242840983549186e+00
3.335265774593364263e+00
5.530441021065142237e-01
8.950579196970620544e-01
5.531229432241987709e+00
2.164581743632300714e+00
1.349373134691541409e+00
3.845590888241800620e+00
3.665497475479470690e+00
2.448739111795408263e-01
2.001306637995629245e+00
6.277650434240098498e+00
2.374643631920184461e+00
6.010627431727066039e+00
6.946591393548411375e-01
6.208029697388936619e+00
2.631485991447613415e+00
5.453635808356480652e+00
9.047026880644466473e-01
5.827362208422384171e+00
2.239528063040010508e+00
3.288595928045577210e+00
3.155473115381320248e+00
3.003272026584582477e-01
2.468387588419345136e-01
1.430979002829619873e+00
2.854511576852893029e+00
2.537949383613629095e+00
4.153020432886492586e+00
1.907071123081939490e+00
1.362889148396488892e-01
3.478310561671917878e+00
4.780595046742734056e+00
8.665843494096394650e-01
7.510313395727603591e-01
4.837964705952934708e+00
3.364296323576709824e+00
2.052969306458415133e+00
1.801746776957076079e+00
3.591569239849261130e+00
2.645584845791661976e+00
5.315901242317267794e+00
2.006182371016480559e-01
2.886874103063135522e+00
6.220953779883743984e+00
3.662708156457770592e+00
4.163919382528005642e+00
2.342453593134615986e+00
4.283553302916700112e+00
4.181289814603507793e+00
5.392103522486861422e+00
6.674046119133727473e-01
3.760459230466688840e+00
2.439918711853874100e+00
6.064526912423294114e+00
1.394075472647009484e+00
2.239237554145093512e+00
2.185378461381972670e-01
3.968352497991061156e+00
4.579393787205179756e+00
5.343006642239818582e+00
1.984495297496643218e+00
2.249487692779897685e+00
4.704974017369563555e+00
5.791234121623054065e+00
6.614377819110348611e-01
1.323320354626152273e+00
4.312481661791096599e-01
1.847139599918754982e+00
5.231060457606984571e+00
4.161609231157074262e+00
4.052334398221724143e-03
1.679208680803768949e+00
5.991948293062474562e-01
5.967673104987562205e+00
1.864339772445575250e+00
3.170548647624028327e+00
1.062037455304635891e+00
4.911032591124674163e+00
4.486292040984769969e+00
5.381828721001472360e+00
3.503053140263863163e+00
1.449847514890807432e+00
1.617485624426901580e+00
6.865694558469108699e-01
4.008062571116390416e+00
1.593666699916262530e+00
1.091332004186590154e+00
5.855591707354066422e+00
5.903121135652538598e+00
7.618028888649535091e-01
5.854610674707347862e+00
3.145071063870073402e+00
3.985264979916241845e+00
1.252259039665426066e+00
3.292919613262581979e+00
6.269552059604461824e+00
2.685018857730952391e+00
1.343505923636850952e+00
5.984317098264746448e-01
6.160336934462028680e+00
3.994783878652101272e+00
8.607535934980958814e-01
1.917194666304331108e+00
5.321545140430940179e+00
3.691438928864452240e+00
2.471099185473324411e-01
9.188002576272786825e-01
6.184418939067757748e+00
5.609128702658841448e+00
5.596725157783914995e-01
3.739550253366275001e+00
3.394145728247040861e+00
3.110505706917953361e+00
4.715390844710981355e+00
4.660431429220412980e+00
1.113943515983114807e+00
3.273100534754380675e-01
4.731469001356336967e+00
2.105249222444642854e+00
1.696520515320136369e+00
2.061698554332021871e+00
5.278914799267763414e+00
1.312320007382118625e+00
1.678621474279597514e+00
4.890845810175870945e+00
2.302818895375409625e+00
5.042351648109484330e-01
3.378523696390249853e-01
5.718782692519329025e+00
1.211847551463496764e+00
5.149856542091750811e+00
6.093680380716328671e-01
7.033568291186211852e-01
6.139053186403901741e+00
4.169660380470187278e+00
1.199429299587437825e-01
6.232643270867278318e+00
5.246307225676983599e+00
2.830865171888317988e+00
4.116703013302865699e+00
6.148680005301853768e+00
1.217889095191537763e-01
1.164328554829872076e+00
5.744307971885955766e+00
1.531748401519585912e+00
5.268274984936070382e+00
5.427943383850960757e+00
4.737806889119604570e+00
3.259689302912066378e+00
2.408648724730003465e+00
5.785840942602987091e+00
3.834294737028187683e-02
6.194553230223442952e-01
6.178041706275820388e+00
6.152785778593040433e+00
1.999404884576518882e-01
5.130298725386595038e-02
1.549828501704768158e+00
5.315908034799896598e+00
6.069706579455823814e+00
8.091068559669256643e-02
5.996965734068186116e+00
5.718665994351240123e+00
1.313250822291186282e+00
2.856186207806690192e+00
3.374218122461487113e+00
2.238741674028217332e-01
2.953756311534942114e+00
9.320437581565279572e-01
4.403922481594717553e-01
6.138425772992521345e+00
6.083252977868198741e+00
9.165764248524981284e-01
3.656754844290033279e+00
5.950929060128500758e+00
1.389633720323375954e+00
4.734831859763716011e+00
4.664299161250962555e+00
8.612406224083848372e-01
3.125100234297423896e+00
4.069811035271353461e+00
5.459390529446928930e+00
2.613326358132757932e+00
1.436291641832339039e-01
5.651378785649766812e+00
5.535575116855726563e-01
1.933412493394337517e-01
4.496749915604400627e+00
5.124628096814680234e+00
4.524495231759953384e+00
1.045434847449566718e+00
7.499301050381212974e-03
3.280806613178422371e+00
3.394145728247040861e+00
4.947522843449544183e+00
1.087143248907903370e+00
5.908518796507445714e+00
5.711905752211302811e+00
3.193185368567571736e+00
3.630998127435645983e+00
5.020885718731782354e+00
3.032929671231840985e-01
5.784164485842864245e+00
2.171218777374130937e+00
3.445399630371842825e+00
4.426284820995395997e+00
2.738035157707953360e+00
4.865618504234662467e+00
4.419770402234890483e-01
2.384683446109043814e+00
1.418096595943918459e-01
4.431925327937346282e+00
2.626804758809221596e+00
3.798891515796365859e+00
2.634294463064161818e+00
5.074758369775818068e-01
4.846460802807074586e+00
1.474803687518068784e+00
2.295491700419516334e-01
4.776103583270199238e-01
2.734921901568029057e+00
1.180822828102149558e+00
4.672150863980345292e+00
3.450978340294422075e+00
5.448595157503667963e+00
1.923246488211798777e+00
1.503611412811002523e+00
2.679129063297468250e+00
3.282811542400977167e+00
8.065647567935929629e-02
4.504999715067887323e+00
4.735064552825990702e+00
3.461171915634658536e+00
4.211449833275514365e+00
5.154950322875146540e+00
6.139218348258047797e+00
2.674617058276014703e+00
9.430803125135494014e-01
5.736081520829388936e+00
6.261797101704936530e+00
3.258017204342848583e+00
2.716104002353214142e+00
5.070072028378773688e+00
2.083176104036162712e+00
2.294014103150544770e+00
5.869277538770176328e+00
1.562683278204032078e+00
2.991682066174378818e+00
3.976507358047093987e+00
1.750431805516312167e+00
9.396299887794956618e-02
2.125774771213867709e+00
4.355419427518487652e+00
3.809024423279276927e+00
9.692467437348639692e-02
1.109579583215409393e+00
1.081188678507770895e+00
1.868157888876645245e+00
2.175407841737179382e+00
4.773683426191199786e-01
5.938675329818710935e+00
2.770839750165283277e+00
7.968616400227519492e-01
6.295669526321967524e-01
5.641112678861198049e+00
2.515577398116677799e+00
3.981712185760675204e+00
2.861256716544421153e+00
3.341416604685587100e+00
3.960754277578150795e+00
1.032955852707306832e+00
2.665174219137179890e+00
5.403235479212192161e+00
5.859541930504886587e+00
1.802789462869688109e+00
2.293155976927353734e+00
8.534363887446616559e-01
2.130272814905369572e+00
1.062286547966430739e+00
1.923799843852753710e+00
2.255874130946008194e+00
1.971598728576385184e+00
3.910017366147207962e+00
2.494933554908762119e+00
4.219211271968029919e+00
1.637222980663567640e+00
6.449338340846200168e-02
4.288160677922014941e-01
1.245696557140010263e+00
5.640084798970494973e+00
2.002404561267658423e+00
2.201562730192065942e+00
1.410052636004299309e+00
5.956676405278992448e+00
1.433822033980077570e+00
2.664004636649092816e+00
3.849939336984663729e+00
1.261769288931962052e+00
3.312920102227457697e+00
3.944137837940218105e-01
1.737413600548798343e-02
4.490091272577014792e-01
1.375040033198105860e+00
1.376336053342111398e+00
4.534142681087237392e+00
4.494492171838524897e+00
4.882878435884705048e+00
5.015366140786047033e+00
4.264994469971737701e+00
5.334730775420682747e+00
5.580965078740985241e+00
5.019879137145192516e+00
2.787544329226438578e+00
4.964841862337403100e+00
1.989245303987093649e+00
8.510773524002370749e-01
2.233096601220900368e+00
3.142857609684730491e-01
5.630240156159151077e+00
2.804264031884272868e+00
4.811958158139582054e+00
1.736825120823509039e+00
5.748759851405998766e+00
2.790950391938551434e-01
3.458563340109512385e+00
2.698314984735961986e+00
3.153905070542753375e+00
8.677353004351422427e-01
6.948873595547979676e-01
5.569374302291435264e+00
2.557047550909867795e+00
9.922982888948110869e-01
5.386075699927287630e+00
3.698378860183094030e+00
6.161206150155178030e+00
3.727452194330930890e+00
5.701880857676585812e+00
5.411714385224790647e+00
3.142793499329731066e+00
2.076504483442874971e+00
2.911632153732007566e+00
2.966485087657744657e+00
5.398801654665387417e+00
5.480607401729002959e-01
5.173241310128346981e-01
4.570715108588585096e+00
5.434703044257295446e+00
5.828649980248785667e+00
4.425177006469579233e+00
3.922866021466068442e+00
3.442957501224777062e+00
4.996693200647541744e+00
4.894867948109734357e+00
4.535305384089456382e-01
2.554292250558489741e+00
2.995235779851235236e+00
4.501893817610902460e+00
4.700597425814091679e+00
2.163478902408654037e+00
5.693525447237185233e+00
2.262712952144319445e+00
3.047517382714117318e+00
3.435596848100570533e+00
2.294994577601578101e+00
4.669120665789517233e+00
1.004382754783383902e-01
1.653161209548260402e+00
9.228675223328410837e-01
5.496311195810070771e+00
5.948230048817507054e+00
2.693023856339683775e+00
8.588964385113726507e-01
5.881992118540607883e+00
5.796490377103815206e+00
4.837386028672069571e+00
4.046415561948144557e-01
2.776762475951940701e+00
9.573356715322791644e-01
1.631427797262929857e-01
5.409472679408203533e+00
4.887769430856803154e+00
3.253569367539821400e-01
9.607089569352371683e-01
9.196411769207948339e-01
2.297060762421480717e+00
2.084017249713419062e+00
1.463118652874666026e+00
5.590364370195243460e+00
5.949348875848423646e+00
1.994036723619112550e+00
4.370356274581608247e-01
3.128144725188599651e+00
6.269864310803297869e+00
6.233763528716816715e+00
9.830695032649305887e-02
1.953809921160331697e+00
1.991239752838556143e+00
3.783992356703767879e+00
2.219189435707223268e+00
4.952527464202860941e+00
3.761338654152081240e+00
5.971244438743423366e+00
4.202976255877247880e+00
5.174703932054569577e-01
2.253422213762608095e+00
4.957004734723012618e+00
4.408814586166664107e+00
2.840809973844669045e-01
6.069432616335965314e+00
3.512557755174841922e+00
4.536823814403661004e+00
8.214602229163725511e-01
5.153423675018052208e+00
2.215924425990268176e+00
2.491872150756679005e+00
5.341871435113857203e+00
4.326675914316145288e+00
5.263669464241563567e+00
5.244869520603028690e+00
6.002817037509258213e+00
6.486075991345785496e-02
1.745232356959899533e+00
1.971054484971812570e-02
4.451506113610861348e-01
3.758171210263290707e+00
8.658040448244905818e-01
2.456585346887557364e+00
1.911657858245703778e+00
1.015065100054170166e+00
1.943298687002435798e+00
5.440288867011218166e+00
4.700570966837762654e-01
8.812121005459161438e-02
1.749295341270537207e+00
5.574730337205259012e+00
5.080239338005446470e+00
4.045041472959480799e+00
7.407434604531397682e-01
3.734757318494004164e+00
4.303280797805708602e+00
4.755678807260630414e+00
5.519571110629097888e+00
1.177821725404803566e+00
2.694581931583980960e+00
5.251048972168280038e+00
1.916274217489991827e+00
4.655310370308944456e+00
4.840218300339458324e+00
3.412121109169914845e+00
4.554443671409191374e+00
3.437225346680122584e+00
4.359273206516638410e-01
4.719639064229620651e+00
2.359663107308627161e-01
5.664021702612457965e+00
5.277577252799483531e-01
3.192272665682615695e+00
9.942844712526799356e-01
2.977838970198940061e+00
2.819805697184975202e+00
2.842457230834854798e+00
3.557823671221607142e-01
3.140629156115778642e+00
1.234127456944967172e+00
9.152253315021683377e-01
3.374011010050029569e+00
5.789378402167283610e+00
4.087128889697586587e+00
5.817775084723658452e+00
9.943626554422309027e-01
4.089584294597923275e+00
4.255995621441145182e+00
4.287910443417054296e+00
5.902424150010810777e+00
4.254476096358218662e+00
7.043889262562075260e-01
2.652242173450238383e+00
3.482018945461217374e+00
1.178252565793893147e+00
4.424115391741850978e+00
2.441892974013576634e+00
3.577067420066432302e+00
1.540380435979477269e+00
3.952809024379833502e+00
9.094631257927172641e-01
5.499619730451173361e+00
5.979306157641476993e+00
2.607812741081787067e+00
2.800616911151594834e+00
2.460595816081641019e+00
1.197634775473060742e+00
6.220390315368801382e+00
4.087537469089792985e+00
3.486097966091873168e+00
4.751016946438834765e+00
2.540784116309486862e+00
4.863187332408564600e+00
1.346158321116737611e+00
4.671556544064440430e+00
6.177229272203075716e+00
5.168880435724483746e+00
6.184897373259476971e+00
1.140169891351187736e+00
2.437101003066272753e+00
9.357719105133437409e-01
3.154030630476079011e-01
9.316275127866857630e-01
5.971474759021604406e+00
3.797293961234445181e+00
3.068212556725615769e+00
3.710081271066279829e+00
1.830034007989844724e+00
2.507136327880898463e+00
1.091575401681295077e+00
4.681658890852748556e+00
5.295249883084550468e+00
2.998905792737165399e+00
2.336898395967747177e+00
5.780677588090007646e+00
4.655701096871948330e+00
4.899823676784365034e-02
4.101365955193592150e+00
6.042672067360671306e+00
3.769429036061168858e+00
6.080924885004733049e+00
1.830034007989844724e+00
9.443382816746206387e-01
5.994104252095475260e+00
1.911874062439421706e+00
7.442131047305853286e-01
5.682030461045457059e+00
5.286609872855923875e+00
5.844360823695436302e+00
6.264752110384024242e+00
6.514031852836934533e-01
1.009435036075124081e+00
4.428621552474787393e+00
2.713462617029035684e+00
2.038105358695428748e+00
2.717107420030126619e+00
4.804164307109631160e+00
1.593287238442266940e-01
5.418901726230931359e+00
7.192852631083290760e-01
1.682463834314605222e+00
2.870633692309931817e+00
1.587015234942779074e-02
2.479113925332676160e+00
1.087891019800110826e+00
1.555094475061951975e+00
9.038059521078656289e-01
3.251765032378752807e-01
4.065746536933237287e+00
1.411318824696402352e+00
3.891874076237892055e+00
5.395610960084439078e+00
2.101638086109085535e-01
4.199868363817255812e+00
4.555054364413754442e+00
2.573645052191251281e+00
3.916954376675019223e+00
5.089115036864582997e+00
3.385861172927437490e+00
2.847173365919385191e+00
3.326037573440127293e+00
3.842983302855451644e+00
5.817425023139930929e+00
2.105413832582947009e+00
3.689975963223510735e+00
6.446782976288183420e-01
1.168220220081470195e+00
3.406581813815085624e+00
2.801881808882869862e+00
1.555449568977318897e+00
2.862035724228789491e+00
5.279569677364779778e+00
4.218977285614199602e+00
3.636769746687148697e+00
4.443345778200388452e+00
5.046051745367389429e+00
6.114386379355221557e+00
1.793759151191347101e+00
4.657259465883756278e-01
4.866250933955387659e+00
2.915794138122890899e+00
1.911657858245703778e+00
5.046828700853160043e+00
3.519716655117006709e+00
2.616487675689850079e+00
6.249181698695605469e+00
3.494029466630621528e-01
5.584776792285444103e+00
3.155826855644683349e-01
9.560538182156195219e-01
2.355862888461889071e+00
5.914209060759155534e+00
4.678303657862069365e+00
2.860890387164511495e+00
6.228082567117769308e+00
8.505078698549919380e-01
7.617844775219344555e-01
6.032757601744632936e+00
2.789238415694137885e+00
5.661275499914439457e+00
5.031418851233897982e+00
6.148478673467026034e+00
2.737363165864222125e+00
6.079659243025314908e-01
3.780565534520876625e-01
1.117641019017511894e+00
2.088667830325384500e+00
4.605225053339819574e+00
2.150950873896121607e+00
3.173793506860056013e+00
4.889547362131259511e+00
3.368255196576113164e-01
2.625741462431655293e+00
1.273497996136722321e+00
5.083280762681598119e+00
5.348850758134513939e+00
3.648224193765775780e+00
8.025045672089632376e-01
3.546747986315767598e+00
5.053541064138182826e+00
4.350195505969462140e+00
1.667768236436105056e+00
4.605617378211771751e+00
1.208759479150212535e+00
2.063690956697827872e-01
4.529949941284296955e-01
2.150721828301801253e+00
3.824081894342218568e+00
4.881944839897800037e+00
5.121218878713415634e+00
1.735980757531329743e+00
1.943240187080272463e+00
1.919272088006019672e+00
2.075230858470387574e+00
5.417766839104980470e+00
5.327677149072020946e+00
5.046618042004817895e+00
3.127933670486660489e+00
6.213937670501870514e+00
2.862035724228789491e+00
4.050106453842364118e+00
7.204079830687790675e-01
3.154030630476079011e-01
2.104453248225901518e+00
3.903400304964140588e+00
3.033478058696557511e+00
3.252875521604616793e+00
4.145132889137965293e+00
1.529686260979636003e+00
1.742534311125918833e+00
4.813375383545330344e+00
2.515084375085596236e+00
6.073596460929676866e+00
6.176012324322761593e+00
1.119721086601087379e+00
4.804164307109631160e+00
5.234867940014878762e+00
1.166899640922359538e+00
1.123706321284520193e+00
2.170972889565181418e+00
5.681426771234121986e+00
1.456646036539354760e+00
2.551647566198038675e-01
3.523338429201213984e+00
3.891874076237892055e+00
2.613103054925893787e+00
9.425457700532273719e-01
2.737641919798615930e+00
1.035389609496114360e+00
3.475065295572559609e+00
2.820742062564956854e+00
5.347757433862005527e+00
2.317821030693924200e+00
9.989882128064486722e-01
3.658300718433534104e+00
6.025735347642853235e+00
3.018489305259464572e+00
1.236740141982268781e-01
1.723453674001934388e+00
2.668474574649419395e+00
3.636769746687148697e+00
5.050742656268850439e+00
4.078717385187530908e+00
3.280487223460734736e+00
2.977838970198940061e+00
2.020671745430291821e+00
2.660863470076478166e+00
2.261266826293892862e+00
1.279838834970835393e+00
6.032679412804707653e+00
4.070784074015751486e+00
8.859497096550787987e-01
5.702333848748789791e+00
4.678481325362167098e+00
2.498374459881979703e+00
1.091575401681295077e+00
1.849257800456873824e-01
1.013875292139112538e+00
3.062217452565075604e+00
2.220152199623752765e-01
5.893380302898425960e+00
4.349452861119035063e+00
4.214003826117881601e+00
1.719668986155198809e+00
2.150532803330150955e+00
2.206299103956318675e+00
4.869904407367704025e+00
7.868694926750530172e-01
4.851367703385411900e+00
6.551105141419917288e-01
3.873603080469147475e+00
1.489627694653351320e+00
4.523038668501643045e+00
6.035240631118389487e+00
1.117227474694297840e-01
4.755370191304031380e+00
2.046435648176059274e+00
5.004026702245952585e+00
1.019861096737359141e+00
5.597299910456862371e+00
2.168206641684177427e+00
2.775952966187050563e+00
2.180026145966632356e+00
5.821058051009359247e+00
1.444678242495481157e+00
2.863875259184055722e+00
5.042741020811680741e+00
5.976772528515199134e+00
4.344253601090871442e+00
1.936291591613052532e+00
2.539671237472612475e+00
3.254594170685648269e+00
2.630812310820045852e+00
3.618904264827048856e+00
4.899823676784365034e-02
5.985505207276540673e+00
5.194030709619761765e+00
1.239534997453825227e+00
5.126100374071693722e+00
5.771221466398451128e+00
1.554397948701786270e+00
1.872577072775351681e+00
1.339511881641828772e+00
2.668778361574108970e+00
5.984028711766567810e+00
3.095783022476830126e+00
7.604010652502415368e-01
3.417274386863447866e+00
3.350902275526949303e+00
3.265399968022502541e+00
2.727300272098943879e+00
2.957361719962158020e+00
6.834238655879225632e-01
2.098704319333187129e+00
6.314497548099842206e-01
3.689975963223510735e+00
5.099903922740458562e+00
3.073081633826335590e+00
4.428621552474787393e+00
2.548363616676937227e+00
6.230239905861758132e+00
2.674585402712409632e+00
3.606867087575604369e+00
7.604010652502415368e-01
1.473802150932963073e+00
1.403382450516131641e+00
2.624445704287811765e+00
1.300449559218828099e-01
1.168557348449761335e+00
5.247633643700579498e+00
1.584797563921684471e+00
1.450187929258160757e+00
1.261359574358282387e+00
5.171748212889776042e+00
5.738566278769718920e-01
9.971563779546785966e-01
5.173384143369870181e+00
1.416660130453641919e+00
7.132664905616863393e-01
4.564852402873441406e+00
3.930373525998591244e+00
3.891764206279614946e+00
1.029795353172959338e+00
3.773388242767881096e-01
3.810930569639940479e+00
3.287793325459420046e+00
2.115709647484820266e+00
5.223363196209648507e+00
3.885979592029189078e+00
1.001059252137479483e+00
2.998313335160240456e+00
1.932775428546852581e+00
1.249241984247267290e+00
3.737132093980036984e+00
3.902013112839803011e+00
4.234290971468585241e+00
4.109737002730971867e+00
4.947389818352293744e+00
2.835132324337330090e+00
5.475164782574816869e+00
1.481360357603807465e+00
3.105944788358453224e+00
3.327233951792530675e+00
2.968323774448158758e+00
4.804164307109631160e+00
4.111364550111321847e+00
5.700401532068112509e+00
1.481457308899283731e+00
2.413858074756713989e-02
1.141460799030512341e+00
2.084554195266882459e+00
1.482889528130498569e+00
1.972611492323677496e+00
5.062890565355554706e+00
2.890438462455925617e+00
1.189667968468176795e+00
3.345500990286321308e+00
5.506210753382291045e+00
4.092762883904615734e+00
1.737747689098398496e+00
5.310190478548086901e+00
1.083940055515867584e+00
1.558598826623791567e-01
6.551113333702618391e-01
3.005477091174784121e-01
5.575438581602310428e+00
3.282775889005462133e+00
2.917024457111814684e+00
3.462658915858118469e+00
3.901164719664440117e+00
1.328842918669721485e+00
1.525731750388603203e+00
5.902830598962083286e-02
1.254477711163337617e-01
5.973393616128693573e+00
3.980250704624872071e+00
2.669194530422064560e+00
6.175412287946008050e+00
3.660646604189133235e+00
4.851367703385411900e+00
1.583127651819465243e+00
3.197535885441828540e+00
3.155705285446813502e+00
3.015216728949674518e+00
8.381667800328527207e-01
2.095831078877440135e+00
2.913471754797528845e+00
3.374451972423176294e+00
6.078588449901753066e+00
5.445710546259563856e+00
5.008598743601485381e+00
2.801529120335864320e+00
5.697339017745640888e+00
4.849365218733058924e+00
1.254477711163337617e-01
4.206559530120465240e+00
2.141021119203275092e+00
4.647456457177123745e+00
2.213683021001283890e+00
1.951357235832194448e+00
1.605884316506364762e+00
9.277092176425343339e-01
3.888473099636974961e+00
4.437893652737791683e+00
4.835265159019726866e+00
3.061980905729383196e+00
5.208400859493222512e+00
5.591342573179510111e+00
3.932210001026058777e+00
8.690428822910627460e-01
3.334911724385467124e+00
6.010368787246562761e+00
1.197634775473060742e+00
3.323022600951130112e+00
2.628454891619067979e+00
1.861265324691263601e-01
3.740352358142029487e-01
2.435056569653271552e+00
3.641244539878604414e+00
5.141522032743274906e+00
4.767589129978060392e+00
5.686161637283811743e+00
5.886904191120895469e+00
1.717409529827175874e+00
6.314421256487943168e-01
1.216685579670189199e-01
5.398470879785827847e+00
7.132003201793422065e-01
5.771127429231198036e+00
7.152764348119378113e-01
6.152974733086008285e+00
7.650467133960860977e-01
4.632096300761590513e+00
5.358197636812644049e+00
2.959705784649020899e+00
1.621075246954197802e+00
3.716661249330490691e-01
7.337072374393649454e-02
3.163183991104818293e+00
1.502643006749321941e+00
6.076843417863414309e+00
6.666341118554468537e-01
4.116959380605162089e+00
3.689975963223510735e+00
5.745328973553422536e+00
2.688909013050009733e+00
8.719996692848157593e-01
4.928736512428086414e+00
3.334891071861616485e+00
4.835653094349325443e+00
2.621536941077303950e+00
7.927518842246872310e-02
5.181839411895589720e+00
4.859060949150294739e+00
7.645438786771361350e-01
1.665704319306144043e+00
3.358572615424594066e+00
7.569020874981191582e-02
8.859706100140245510e-01
1.528901204461190488e+00
3.523338429201213984e+00
3.544841041055349251e+00
5.894409353542794605e+00
5.183485679440314797e+00
2.158150763003266803e+00
2.444348617971145998e+00
5.031418851233897982e+00
5.860392071222826793e+00
3.969242010925846831e+00
3.302118176924010218e+00
2.596308409478922385e-01
5.451828646516792887e+00
4.286774743193666026e+00
1.189782666485523777e+00
5.985962994324101061e-01
4.138331470397547562e+00
2.144574646312209509e+00
1.925345605914738911e+00
2.915303301117370793e+00
6.073085332924909707e+00
3.187619401353829041e+00
5.008598743601485381e+00
2.942831033292582887e+00
2.377909104794415640e+00
2.364366633700946352e+00
6.991065507058991102e-02
2.513042613649227874e-01
4.950033473767311065e+00
1.795740589165927048e+00
2.280726538851908458e+00
4.237270194550147195e+00
2.581542997247815663e+00
2.457036823914133805e-01
1.503283962788147576e+00
2.104722412424120392e+00
4.097542241742700320e+00
2.054442486260025902e+00
3.132553190851556479e+00
1.168181529185421397e-01
4.889696909893842758e+00
2.764580780158526707e+00
2.819558409976131941e+00
2.519740426575856063e-01
3.750692279879244584e+00
3.823629618331338964e+00
5.814861369463947049e+00
5.544889513937894421e+00
5.677142740681698996e+00
5.138037941012578713e-01
1.281147785399918249e+00
1.730204419660562820e+00
4.616100659519779548e+00
4.982538673212745017e+00
6.071674158488431061e+00
2.110239452635836344e+00
3.105636759207218489e+00
4.440483779017776911e+00
6.038746318825243264e-01
9.182605528545355611e-01
4.950033473767311065e+00
2.419407170605438750e+00
4.385487477157782088e+00
2.021621874057792922e+00
3.613979347157419308e+00
2.692417883789266497e-01
2.759035688668554087e-02
1.891022729243905687e+00
2.291277254419711085e+00
6.213273370602666823e+00
1.026433774061956683e-01
4.288831435635269251e+00
7.132664905616863393e-01
4.921330973078688942e+00
4.252083853447449435e+00
1.587015234942779074e-02
4.472263268517665757e+00
1.987174830412588022e+00
4.027574972718461765e+00
1.681383126332587352e+00
3.114499507741959050e-01
4.815493611114558092e+00
5.995187998818506614e+00
1.502453113426367004e+00
4.616641918763323638e+00
2.281066385892302151e+00
2.851601542820196400e+00
5.250638561711484797e+00
1.925345605914738911e+00
6.118938223757881545e-01
9.378527857453411443e-01
5.412576456244571510e+00
4.364406318824802788e+00
9.093137799876664928e-01
4.486834418984007478e+00
5.902830598962083286e-02
3.045005965173681162e+00
5.966106148651120655e+00
5.771560482877234222e+00
1.645703003708772982e+00
1.066310976157776480e+00
3.093163707471362045e+00
3.598323207430184301e+00
1.193905454054918991e+00
3.282775889005462133e+00
6.281946658748549517e+00
6.119386367950952810e+00
3.354984574972193379e+00
1.133218100268690520e+00
4.078717385187530908e+00
1.299721354251650141e+00
1.099259069829415125e+00
5.808928649686034618e+00
6.055310431205782606e-01
2.497580427374286316e+00
2.043400155866549994e+00
3.875821633060705373e+00
1.677245908280364795e+00
4.925178053950184598e+00
4.252083853447449435e+00
2.243385823782965360e+00
3.250245725605244385e+00
5.454710401746505788e+00
3.964615028891989024e+00
4.950276781250849467e+00
4.411590350775767888e+00
4.489851172112482303e-01
3.659980097891013529e-01
9.571536404452940516e-01
4.145053421640213287e+00
4.071762592324770225e+00
2.281066385892302151e+00
9.462193655004194071e-01
3.995139045896586971e+00
4.730497967598378040e+00
6.076843417863414309e+00
5.206065894806240379e+00
4.840765454280647084e+00
5.821670280810909759e+00
5.156827650392623141e+00
6.092536094270517566e-01
3.419691599669576920e+00
3.045044032125233002e+00
2.479553546094294347e+00
2.057872899540230449e+00
5.778373043118125274e+00
3.178828040464152238e-01
3.117017376507366322e+00
5.185259167555873461e+00
5.187797971286868481e+00
7.565139313495956586e-01
4.101365955193592150e+00
1.180375398297174527e+00
3.700217942417220129e+00
4.997720729775952719e+00
1.241819916827145320e+00
7.047977803926563922e-02
2.944968101139096461e+00
6.001803379964725238e-01
5.058136774283564563e+00
3.465993520141384288e+00
5.784280410381595239e+00
1.270367196661627673e+00
5.627724666634920325e+00
1.471957421938189903e+00
4.756023793749259099e+00
1.378141017108617916e+00
5.697339017745640888e+00
5.020842480333882030e+00
5.318999148968361013e+00
9.850489193260703047e-02
2.733237368468859785e+00
5.839770737859033112e+00
5.607012324993232433e+00
3.514576717317212218e+00
1.056397718644873862e+00
4.320672243674921198e+00
1.730204419660562820e+00
1.085858905858079204e+00
4.214003826117881601e+00
3.293472023443942742e+00
3.399185779043219391e+00
2.998909186930669435e-01
4.005019692995412939e+00
5.543510078126869800e+00
5.584776792285444103e+00
1.475988338372881792e+00
4.751016946438834765e+00
3.268964407047384668e+00
4.081541233542909097e+00
5.531866229543548563e+00
3.339806973995004036e+00
5.242711783208569010e+00
2.327322578762029082e+00
2.511735152217820399e+00
8.915766690841433473e-01
3.818280553513349496e+00
1.328055956192359055e+00
2.105505156649236653e+00
1.189782666485523777e+00
1.382133421805345819e+00
5.000471118684581384e+00
1.835194220653910691e-01
5.264927217319963049e+00
5.745328973553422536e+00
3.686586440714329171e+00
5.801624675937202547e+00
8.368304505268131521e-01
4.130882671738723921e+00
2.742441168408495500e+00
4.034982657407000239e+00
1.973913787705134482e+00
7.868694926750530172e-01
6.047373099330250135e+00
2.931913233933027385e+00
2.270885000412913968e+00
5.794634816504830255e+00
2.448390138262785953e-01
5.357352020858078490e+00
3.076737141223830463e+00
3.093577497225007633e+00
2.098704319333187129e+00
1.931786963973978644e+00
3.231431200645661583e+00
3.078211192642598348e+00
4.136638019978251535e+00
6.775081651233030300e-01
6.243279665114958021e-01
3.809777692344782363e+00
1.518199828722906375e+00
3.764382488644170355e+00
1.851310585207635029e+00
1.792380404294913632e+00
1.508429081376714720e+00
9.159914043553296636e-01
5.557726132809340136e+00
3.555171988677010564e+00
6.278366141812319334e+00
9.726404265257944104e-01
2.764580780158526707e+00
2.883430932837256933e+00
2.531341279103806130e+00
1.475901659127258903e+00
5.997700224159821403e+00
5.954974643351418351e-01
9.803657332401520819e-01
4.120352862587959741e+00
1.575504449761319314e+00
2.927737518894184987e+00
4.848450335205575890e+00
5.569719589355510259e+00
1.262718259537969345e-01
6.039169371672479691e+00
4.539202828070036944e+00
5.371305807660942122e+00
2.260463215192805464e+00
2.518367042021655067e+00
4.997240013222281618e-02
4.322156553211886632e+00
8.364211873394840069e-01
1.123032349178862077e+00
9.748987055434064075e-01
5.319545328908031223e+00
5.218048560675478953e+00
3.912322905833717890e+00
5.963916825463202009e+00
2.435874322943618608e+00
5.596627114399487901e+00
5.347071695682702241e+00
3.480694990607926087e+00
1.502643006749321941e+00
2.630238951042109363e+00
4.925987752915764517e+00
1.740562711956100017e+00
3.010177445445592070e+00
1.554397948701786270e+00
3.298202335022136555e+00
2.431109089174611881e+00
6.163597203887816178e-01
5.792844643657236503e+00
2.544381866285171157e+00
4.866059652409632008e+00
4.839772599282398780e+00
5.988588745642289268e+00
3.775065727370531921e+00
3.913613419206457333e+00
2.291277254419711085e+00
4.882851099846361009e+00
1.308889929728163537e+00
5.104835093506744137e+00
1.475988338372881792e+00
4.835018211515045294e+00
5.450635040674489673e+00
5.595687890542980547e+00
2.049689285772036129e-01
1.134882908505495003e+00
5.734949365493411833e+00
1.233781561338540556e-01
6.094067487228794100e+00
5.250004304503206320e+00
4.781869902666897154e+00
5.681426771234121986e+00
2.276895883420486655e-01
2.126722396837942952e+00
2.012155917546893491e+00
5.597416140839573728e+00
5.494105721938007392e+00
1.961251444105087671e-01
4.703481833554779001e+00
4.503019896322518534e+00
1.898301168923703486e+00
5.139081178398669181e+00
2.017394815301809530e-01
4.341904672538058563e+00
1.608628110025921210e+00
4.066255344292250662e+00
3.410660348571961986e+00
4.540888090218644813e+00
4.136724049641261836e+00
4.322495282804595718e+00
3.885586238400172476e+00
3.717306965514812322e+00
9.759964011205397583e-01
5.594400024490386869e-02
6.925863922395958383e-02
3.925550053745942680e+00
2.822734791889416783e+00
2.725824257707269993e+00
4.605617378211771751e+00
2.982399982912999903e+00
4.385487477157782088e+00
2.171150994897416808e+00
4.776304390609282358e+00
5.710889084782622582e+00
4.198083119259315765e+00
2.693012689340230637e+00
2.351052165022654350e+00
2.727300272098943879e+00
3.354344382788382539e+00
4.460880533021669869e+00
1.139580528115466507e+00
3.695939661996698877e+00
2.737641919798615930e+00
1.859460486584255889e+00
5.640651187803767286e+00
4.090560960927501100e+00
1.801951658140708901e+00
4.063988011780264031e-01
5.025692741408960273e-02
1.997237621787590456e+00
1.204024053866191046e+00
3.180814654616202830e+00
2.759515154504576628e+00
3.925327663074650086e+00
1.715772061526763537e-01
9.949325643198392299e-02
4.919105765147996578e+00
9.232631910549962129e-01
1.456008432577059253e+00
1.449869298328376743e+00
3.419683329187882759e+00
5.041428917034561863e+00
2.885838422544352966e+00
4.280601259231811895e+00
2.609659877984977783e+00
3.747879504441320453e+00
3.746107395554183483e+00
2.246404728563016207e+00
2.674648829148329909e+00
5.944483798158266552e-01
7.656523073176000338e-01
1.449869298328376743e+00
1.973913787705134482e+00
3.254594170685648269e+00
2.010344829035219050e+00
1.913463030599693582e+00
3.926033172716154596e+00
2.550738234142638561e+00
5.147744319260731061e+00
2.779053933117905828e+00
5.763498340148510479e+00
1.643166664767727880e+00
1.344723227302278445e+00
1.916686706499238113e+00
1.645703003708772982e+00
3.732825593776732287e+00
6.195633963832955615e+00
1.916738206730284944e+00
2.964568128427298888e+00
5.723211851321155841e+00
2.307652124597662890e+00
3.366851335729494910e+00
8.183199806135066368e-01
5.817425023139930929e+00
3.727878235790230477e+00
4.117164443342180569e+00
1.524963506200406549e+00
1.374226849207188295e+00
3.803842952185795490e+00
1.703205446435149817e+00
1.662716912805397129e+00
3.551881809473759422e+00
5.043514566848172009e+00
4.448788296909634177e+00
5.387119935667905146e+00
3.163709444082334343e-01
5.495879144497948232e+00
2.681943441827963071e+00
2.559587590748723329e+00
4.267004724655161674e+00
3.062387385926799155e+00
1.405277971438840368e+00
2.698430623107391568e+00
4.922252677508984320e+00
3.240753239982211209e+00
4.262145697729884830e+00
4.498349783688928127e+00
5.146900636129903006e-01
5.546261078642780618e+00
5.239865307539398387e+00
2.429793747810062854e+00
5.464536870089146348e+00
2.212899847925779540e+00
8.539831321752124893e-01
1.651932520625241096e-01
4.410665011527559187e-01
1.746270705063194484e+00
3.720027546074771596e+00
2.127691500897842758e+00
7.874136157269484571e-01
4.426038179269835560e+00
3.574939472906575322e+00
4.855912799259209045e+00
5.218048560675478953e+00
5.868900770888905605e+00
2.033390431048491820e+00
4.563825632249876918e+00
4.471973623048038249e+00
3.396464010805446687e+00
2.881272861696327681e+00
2.798784993839674939e+00
2.247003194938223203e+00
1.614377352262106768e+00
5.033847991361375840e+00
3.282775889005462133e+00
2.437008392704093751e+00
3.456830467984677746e+00
2.136004505418286570e+00
5.870570513047623784e+00
2.548487949485384263e+00
3.697042910702459828e+00
3.293968096011165247e+00
1.526122408190277113e+00
2.178639739501571526e+00
4.044145923349141469e+00
6.001803379964725238e-01
1.804163894831496862e+00
6.064973142134125972e+00
5.981129048801436809e-01
3.020897843673136407e+00
2.506070411222566463e+00
1.277559054233496028e+00
5.346295436285918967e+00
4.254877683343034178e+00
4.588626695554378188e+00
2.713998299755260746e+00
2.246558818263302726e+00
2.344959383770390815e+00
4.828501176255885596e+00
1.786379086787691861e+00
3.163183991104818293e+00
5.697339017745640888e+00
1.049823121222595468e+00
2.587341189678401321e+00
3.571111340959312042e+00
5.347071695682702241e+00
5.455407392029843372e+00
1.825355410156062064e+00
3.726609522132868335e+00
3.425185681054490061e-01
1.241819916827145320e+00
6.979561610299169772e-01
4.528406507980713869e+00
2.867122372526115015e+00
6.259231341718382247e+00
6.001809722793258750e+00
2.743581751698540572e+00
5.386415536598511800e+00
5.787681128327651692e+00
3.667664795867531691e+00
5.471856521748524216e+00
1.308085939346208981e+00
3.143300293005128143e+00
5.066892118934020139e+00
6.038513002436377342e+00
1.563016727096682601e+00
3.394830894471592142e+00
3.669709740723237079e+00
1.953242249296348376e+00
2.807136334427337232e+00
2.622120437661591197e+00
1.191494229763260471e+00
2.927457111823180469e+00
3.929815072182506253e+00
4.803956103619073659e+00
2.081226206137344548e+00
5.395413077891726417e+00
3.114499507741959050e-01
4.217844319639810102e+00
3.778367702182592325e-01
2.969137096752596960e+00
6.259231341718382247e+00
1.634438317388143602e+00
4.844140929075978264e+00
3.903545939305174350e+00
4.320672243674921198e+00
5.664918380935705322e+00
4.790507729482579968e+00
1.308588744433221152e-01
1.934514273466032108e+00
4.693081462992194197e+00
5.049828226837661305e+00
4.744531290421367231e+00
5.380557216622605665e+00
4.645099388117203354e+00
1.141417153048740474e-01
4.408766765836469759e+00
5.206928159667753242e+00
5.576845738220947091e+00
5.434603298016291717e-01
3.248168051084783237e+00
4.948160756192628185e+00
3.950214828489281516e+00
5.606189763365159173e+00
2.714706945802474181e+00
1.098453234054390215e+00
3.861898835528280394e+00
6.027948104731484236e-01
4.102212877940337954e+00
2.822734791889416783e+00
2.388429767291883721e+00
3.446167068263028543e+00
1.263109691047644034e+00
1.981620255033172739e+00
4.407588429538568775e+00
3.905847498523309369e-01
3.616239926904729618e+00
5.778526301921536046e+00
2.545264300126497403e+00
2.220651650394803056e+00
1.765832602299896692e+00
4.794640229360424222e+00
4.625915522688663906e+00
1.650764011223864181e+00
5.033874979648779835e+00
9.425457700532273719e-01
2.454044973615912895e+00
4.754102786561440475e+00
5.187882820885423740e+00
2.035777683824347761e+00
1.167658176254612989e+00
4.049982197984341781e+00
3.910608651368746802e+00
1.372374869053856195e+00
4.337633009892786440e+00
2.752217017505085295e-01
4.254476096358218662e+00
5.065869075694093837e-01
5.131277539947221022e+00
5.886904191120895469e+00
2.467118409889067721e+00
1.662716912805397129e+00
5.639954654060451489e+00
4.126645328903462584e+00
7.801982051574718469e-02
1.375202357427423472e+00
4.066255344292250662e+00
5.359662636269943548e+00
2.319004693164414377e+00
4.896528055650458455e+00
6.119386367950952810e+00
2.205845220109583948e+00
4.199868363817255812e+00
3.121145368762784145e+00
4.539309031164997954e+00
9.445597405984775818e-01
6.069137939681851002e+00
4.349450048643489275e+00
2.432262884065528041e+00
4.390215378674847457e+00
3.852662942495695741e+00
4.212755089091045235e+00
5.588177214442585417e+00
2.242824324606029762e-01
4.393244218829652326e+00
5.221834420972943036e+00
1.318223344998985525e+00
3.377123505448902829e+00
6.039211540375792886e+00
2.759035688668554087e-02
2.448390138262785953e-01
3.833919506037384295e+00
5.901489581759349790e+00
3.678158809550683639e+00
3.453319716652477833e+00
5.344868508164001497e+00
5.860786906697605936e+00
1.945202150782661121e+00
2.944157733853618453e+00
1.560260823842619438e+00
2.958897626794438906e+00
5.952175227683960124e+00
1.228670505963998849e+00
1.380959061656850118e+00
4.410665011527559187e-01
2.413858074756713989e-02
3.132114340976759337e+00
3.008497713990159639e+00
6.114386379355221557e+00
3.734155287385468203e+00
5.939662739684065329e+00
3.664174184384504152e+00
5.611912773797403275e+00
1.688925430309646813e+00
5.233624401445740482e+00
4.064645577945276145e+00
6.248359778861944491e+00
2.945182427480316889e+00
6.211555970983936525e+00
4.891678895968324170e+00
5.848992918346669789e+00
5.730790831162547505e+00
2.535119096777776804e+00
4.223702942014720740e+00
1.217823826744218962e+00
4.741407917769540070e+00
3.419683329187882759e+00
5.333454701567106326e+00
2.999888934862720902e+00
1.384995550830186772e+00
3.990564114828558662e+00
4.417830434629874681e+00
2.460773600783660697e+00
1.104657350314226072e+00
5.998235652657382566e+00
9.482785427967819203e-01
2.633900738466129710e+00
4.654038784921228356e-01
6.399449476713918727e-01
4.625915522688663906e+00
1.061469345977395839e+00
3.240654803492763580e+00
2.210010334437130908e+00
1.366953373174721875e-01
5.810009002271746326e+00
1.727795601517780000e+00
5.671359492153252191e+00
4.889547362131259511e+00
6.182388034331544269e+00
2.199721052397455523e+00
2.693534324152665249e+00
5.117127970572170170e+00
1.076962960921976631e+00
4.925178053950184598e+00
2.915303301117370793e+00
3.738986047812487001e-01
1.990975013222515244e+00
5.566564651393735019e+00
6.612152734381337993e-01
4.258103417878720265e+00
7.712800339375718295e-01
5.800940800054616986e-01
4.395939944633102670e+00
9.759964011205397583e-01
2.021702455519751140e+00
1.971618070322348260e+00
6.055833851530228351e+00
3.409058109155767013e-01
2.958897626794438906e+00
2.178316453397036057e+00
5.991562150275183463e+00
7.062418356581723344e-02
4.869534776139148313e+00
4.232542499479750475e+00
2.107502367124340026e+00
4.397046411563261259e-01
2.021256733635281577e-01
5.048885600627670556e+00
5.013318460447147018e-01
4.955626180857092500e+00
2.660863470076478166e+00
5.012038074799104237e+00
5.627584896521577562e+00
1.001059252137479483e+00
6.162302706659946949e+00
5.812073747248612143e+00
3.179396672100085475e+00
3.396982339036194176e-01
6.042948467271290092e+00
2.921218356952916650e+00
4.087394022145014461e+00
9.051210996235541373e-01
4.791862708251343861e+00
2.417925763410767814e+00
4.349450048643489275e+00
1.904731492554905259e+00
3.180814654616202830e+00
2.652092745824718989e+00
2.698430623107391568e+00
1.504964397841973778e+00
3.423336173072804023e+00
1.712379596141067495e+00
3.925550053745942680e+00
5.836841427296125318e+00
5.293750820851581551e-01
2.278142320523382836e+00
5.376856787293937678e+00
5.625672666254804000e+00
8.103086970374215880e-01
2.199090725766128074e+00
3.796178017100020341e-01
1.546932689889843893e+00
2.680529691722172814e+00
2.204789464710232849e+00
2.746353441285783958e+00
1.766566732208369572e+00
3.456830467984677746e+00
1.206039132330143815e+00
1.101564052689136375e+00
1.722732459332547705e-01
2.872286866378800596e+00
3.274354522402308287e+00
3.644987315690164653e+00
2.474423520759485129e+00
4.584982696714392958e+00
2.359663107308627161e-01
9.627913417904450100e-01
3.437225346680122584e+00
4.044145923349141469e+00
5.336947462992734259e+00
3.141248294036039113e+00
3.674976733052540911e+00
1.063589869780000363e+00
5.549110349365868444e+00
4.416760892095293656e+00
1.427951961812885529e-01
2.379155988536732380e+00
1.667768236436105056e+00
4.065956358360384826e+00
3.051543672411821007e+00
2.557320410794179821e+00
4.751527568800300472e+00
5.672464170191977573e-01
2.879803197490474531e+00
6.167189787812105806e+00
2.042423241576489801e+00
1.423210850124441151e-01
3.881081788543295552e+00
4.330066429397135153e+00
1.489265444986738629e+00
4.437486180158495941e+00
4.310695364280491049e+00
2.941553117530659733e+00
2.775484475727814981e+00
4.949692249499541674e+00
5.303075229954222536e+00
4.487389078626335959e-01
6.087317479245474949e+00
5.780402490533250948e+00
4.755401697196819377e+00
5.371014628317572814e+00
5.783613248242209792e-01
3.156377656498097206e+00
7.681036053876866276e-02
5.998235652657382566e+00
2.406936183136428653e+00
4.126314235266665520e+00
1.381155929951301431e+00
3.151286574673761276e+00
2.732478805594242388e+00
5.114515635189371245e+00
3.421186850521215295e+00
4.840218300339458324e+00
5.827779894806712768e+00
3.804372349242225226e+00
4.188953555135285001e+00
1.380506529432254048e+00
3.351855151068897865e+00
3.389591531282290404e+00
1.785816590092739631e+00
4.086832245390842999e+00
5.027135516911865665e+00
5.224990537303929372e+00
1.458974990056286281e+00
4.010332533545238221e+00
4.236962926979722432e+00
7.036737428355230861e-01
3.654167092330030453e+00
3.166866275229194283e+00
2.492349415640795485e-01
3.970987677084740319e+00
3.726798885025519148e+00
4.808231062547660528e+00
1.803187420775183014e+00
1.147520940553832247e+00
5.635779570511874503e+00
4.588936957885756840e+00
4.906375097215915915e+00
3.425185681054490061e-01
1.048720081653962133e+00
3.523338429201213984e+00
4.835018211515045294e+00
2.454044973615912895e+00
4.776789460571377433e+00
5.747113055123856284e+00
3.209017446258954465e+00
4.256665163957616294e+00
5.109132159139807783e+00
7.569020874981191582e-02
9.340531068041091345e-01
2.851601542820196400e+00
4.699091477629147029e+00
3.501176905178884358e+00
6.925863922395958383e-02
4.148972601884119982e-01
3.234378061386887993e+00
5.958177329474741768e+00
6.178590478842677314e+00
4.887447605237022152e+00
4.343691149315017874e+00
4.349452861119035063e+00
6.194799230725752004e+00
6.189268462735883602e+00
4.259791427990370138e+00
1.063589869780000363e+00
4.572872974801374113e+00
2.148227525176338304e-01
2.928140428397099981e+00
4.760199965268204991e+00
4.744531290421367231e+00
5.376856787293937678e+00
4.124205638971682575e+00
2.573841334790325064e+00
6.593374651157475341e-01
2.136004505418286570e+00
1.044245625440412439e+00
3.095783022476830126e+00
3.143876132971059167e+00
2.676587680456107066e+00
3.710803950916742533e+00
2.955699438969453752e+00
5.170536946247633381e+00
3.779860599733579019e+00
3.667355291807842477e+00
5.852532612249348176e+00
5.588177214442585417e+00
3.408580796638057020e+00
5.854023871871369522e+00
3.224304512602969464e+00
2.049689285772036129e-01
4.077840095387649910e+00
5.179058675206769990e+00
4.212016397115824873e+00
4.572727932577411281e+00
3.640036363764628913e+00
4.412885990004109971e+00
1.246118077070036634e+00
5.852193241188037298e+00
4.515783070670760679e+00
5.894409353542794605e+00
2.692417883789266497e-01
3.827830739111020453e+00
8.031499287021492961e-01
5.964795083003568976e-01
5.392484661972180682e+00
5.921968760551920674e+00
1.249717395189509972e+00
1.902976089400091553e+00
4.956458955625872242e+00
3.220598982517977493e+00
3.813256727343207420e+00
6.112826601818377448e+00
6.055798223509736289e-01
8.031499287021492961e-01
4.571258748426435758e+00
6.551105141419917288e-01
2.800762404654683735e+00
1.628249340554150493e+00
2.491872150756679005e+00
4.379875533490992012e+00
1.195631620255230843e-01
8.761442421896425969e-01
4.500840503829275363e+00
1.108422428248136526e+00
6.670554076354520134e-01
2.661093226438772774e+00
1.177452480759633602e+00
3.929636767047467671e+00
9.759572595809631324e-01
2.012155917546893491e+00
3.049853230437138407e+00
3.367357351232151075e+00
1.179250836864906837e+00
3.565212376678168482e-01
5.349555823370160113e-01
2.664175432280609712e+00
3.677404311655775526e+00
2.647209717553286268e+00
1.194751022626867609e+00
4.686510735920032644e+00
6.209401011215573085e+00
1.991554616166254732e+00
2.648846167664673956e+00
6.088098831400043487e+00
5.542354649263475430e+00
5.854023871871369522e+00
3.501410331631455986e+00
1.249075466463535733e+00
6.189268462735883602e+00
5.769384521308307257e-02
1.040027146509002520e+00
5.225056195001923420e+00
1.337300642425105046e+00
4.202425328554613593e+00
4.087128889697586587e+00
1.247304053481812502e-01
3.054617233657126008e+00
6.257327329138224314e+00
1.814787797878654629e+00
2.053674087498098544e-01
4.425654180255148340e+00
5.125279303675926101e+00
1.139460720076784561e+00
5.078097895584336996e+00
1.321600460530731880e-01
4.389188674184951289e+00
4.373304574709149684e+00
4.328638548871934333e+00
4.731055606831040983e+00
8.028787858702246538e-01
4.467780902532627607e+00
1.552998641955737114e+00
4.975698931910999434e+00
3.173489606020792664e+00
3.260408233129656441e+00
6.178676272555804871e+00
6.257318300539520983e+00
4.158144712986594271e+00
3.914151384639833697e+00
8.698324919053135318e-02
2.786866786879507174e+00
4.923992478680636609e-01
1.185491348203413509e-01
3.541663245362613566e+00
4.275408650583296222e+00
4.388877320425205397e+00
9.650336494089746253e-01
4.267515342180447036e+00
3.105761488776300538e+00
3.099978845950159823e-01
3.880763349944055918e+00
5.035922826641852978e+00
5.231341439996086251e+00
4.152476284006183960e+00
5.939442981187460724e+00
4.744531290421367231e+00
5.417447780492057774e+00
6.618584021854783117e-01
4.191389920437654126e+00
3.843395597260910179e+00
1.952100041337262226e+00
5.495879144497948232e+00
2.756351573256585752e+00
1.948100248749208063e+00
2.093580774420821911e+00
3.275575917772346468e+00
2.470754673213892971e+00
3.198970644434103061e+00
4.259247980012311530e+00
5.818891344280403999e+00
1.990975013222515244e+00
4.276261733324360215e+00
4.395095637740062955e-01
2.035777683824347761e+00
1.098453234054390215e+00
9.630115908294367699e-02
5.902830598962083286e-02
1.376089829682939580e+00
1.756623961901009778e+00
1.711072451530075256e+00
4.036411198068160289e+00
7.653604250223375871e-01
4.363319005356194324e+00
4.579906457499625105e+00
2.177174969055826637e+00
3.760121609655752373e+00
5.319545328908031223e+00
2.378657964608406061e+00
4.309318997938648366e+00
8.502099891623187133e-01
1.635771768567072293e+00
1.198595060133731849e+00
4.597948509467830291e+00
3.723767795149376614e+00
1.555094475061951975e+00
5.623590238370765881e+00
3.156236922176277382e+00
5.640651187803767286e+00
1.919272088006019672e+00
3.639890191633790018e+00
5.357293762502699508e+00
5.021196633439749313e+00
4.417764688962726005e+00
5.760786973140541001e+00
4.055897644267890456e+00
2.724493431735570681e+00
4.614617992083404729e+00
3.275575917772346468e+00
2.892073454170809299e-01
4.912034006780363171e+00
4.668798016738533008e+00
4.230367107070978960e+00
3.606624571360280918e+00
3.373739114112407123e+00
3.781223540935849670e+00
2.645540176630582607e+00
4.085000065514345025e+00
2.523644236451550782e+00
6.242234924151074615e+00
1.098145621604218469e+00
5.013399035276293603e-01
5.024214726567738154e+00
5.716071594106610476e+00
1.030295942150447175e+00
3.236806103523542699e+00
1.237758839346568607e+00
5.582578948959893594e+00
5.274905295427836371e+00
5.827779894806712768e+00
5.508697256390287400e+00
3.686623377801943047e+00
4.650863696651359014e+00
5.314526199527955796e-01
4.471197443922093839e+00
5.822039890258620787e+00
1.436438620589770565e-01
3.861898835528280394e+00
5.454710401746505788e+00
1.833497463707221442e+00
1.392143977843520730e-01
3.769356401807992807e+00
5.697397638511301210e-01
3.678158809550683639e+00
3.049201730680922040e+00
5.102678022944411751e+00
3.331259258994658357e+00
6.183060622312850363e+00
4.949692249499541674e+00
2.437253329662043555e-01
5.468560550240305851e+00
3.341107089100915140e+00
3.244177767124466261e+00
3.528035997932262635e+00
2.117856814282344402e+00
4.515783070670760679e+00
4.354693965377268938e+00
2.064926700360945944e+00
1.454033952716154765e+00
4.719592603490197824e+00
4.658878300605958422e+00
3.005477091174784121e-01
5.373047466397748551e+00
2.590491315567264863e+00
4.375551829475474719e+00
2.038573658109411824e+00
5.371434881515023463e+00
4.223364270516533736e+00
3.918920678080552111e+00
2.269152574925062282e+00
5.198958995380322357e+00
4.604114343745919768e-01
3.704789044118658836e+00
2.594126927770671998e+00
4.800325394813373947e-01
5.365487765329721270e+00
2.389943524021816756e+00
9.079120172601609084e-01
6.128062432809071147e+00
1.311702743072387989e+00
1.472132900712027848e+00
4.780369284350264536e+00
9.359154999489893711e-01
6.220390315368801382e+00
5.600217862456302598e+00
1.382133421805345819e+00
2.464838249118111335e+00
6.214532331519161623e+00
5.701042467907099009e+00
4.090422914605983173e+00
7.502017010801065311e-01
2.219788341861317349e+00
2.466356510461768181e+00
2.083754637365188955e+00
2.435056569653271552e+00
6.112962892605221299e+00
3.099978845950159823e-01
5.795923039363044538e+00
4.925987752915764517e+00
2.012671402986200064e+00
3.365387992372660619e+00
5.000471118684581384e+00
5.082476322941564817e-01
8.441952708878188716e-01
3.439408154022616682e+00
2.352654449194890418e+00
1.044596116248169615e+00
5.469714014648534572e+00
3.210123658653412093e-01
6.181637635259829011e-02
5.239449284924646122e+00
9.079120172601609084e-01
2.474423520759485129e+00
6.048118808001405000e+00
4.950276781250849467e+00
1.704165655513631528e+00
4.614617992083404729e+00
6.160365976688768619e+00
5.848760485949060950e+00
2.424828184775650541e+00
5.623867106066149368e+00
5.767772586083758313e+00
3.969242010925846831e+00
2.563502529094359161e-01
2.281066385892302151e+00
3.234826080291808292e+00
5.336947462992734259e+00
3.024488119676712827e+00
7.426203507851827368e-01
2.311455768430409563e+00
1.696638983299061820e+00
1.564108768144487627e-01
1.366953373174721875e-01
2.654180064714859455e+00
1.153658965070819775e+00
