chirp_mass
3.096839494927121450e+01
3.169757160689383113e+01
2.943369163394260113e+01
2.834255058058163357e+01
3.085646348746783829e+01
2.988682891856394619e+01
3.115435083276227601e+01
3.103551860170125920e+01
2.850712059300667889e+01
3.058809864948378632e+01
3.050077539770151347e+01
3.017418504926689948e+01
3.118637213520027274e+01
3.061301390296888059e+01
2.989285442139005156e+01
3.071540981981383567e+01
3.196057364600823192e+01
3.136509126836969230e+01
2.896667393533321544e+01
2.927574660201729273e+01
3.188220549031374773e+01
2.936695121056141744e+01
3.148559777035714546e+01
3.134413969451750148e+01
2.992459241766972866e+01
3.044586790095701900e+01
2.828363187757456743e+01
3.044417742298481500e+01
2.949551856450321452e+01
3.033179011236824607e+01
3.000185959311987460e+01
3.094265058776488431e+01
3.035919212161086023e+01
2.953786936227907134e+01
3.093718978476110237e+01
3.269696352439199671e+01
2.959896534035378934e+01
3.130167744595259194e+01
3.158843844620884411e+01
2.819897426016165198e+01
3.005242181995954098e+01
3.095585567039119468e+01
3.005056653724126292e+01
3.062652739191019080e+01
2.992036971542325574e+01
2.936545114381734933e+01
2.901214034883349058e+01
3.162444592363611662e+01
2.957742104298941399e+01
3.187660072551403090e+01
3.040903353439854939e+01
3.045484283397363612e+01
3.169099489444686313e+01
3.004629121145021742e+01
3.138551508602074946e+01
3.014928357094796496e+01
3.101677094890372643e+01
2.918763529900083498e+01
3.101268113088961798e+01
3.041005943645442144e+01
2.982815810494297537e+01
3.083396458646694072e+01
3.078342366037488986e+01
2.945627135553819897e+01
3.068716026007273712e+01
3.089566922887975409e+01
2.908403540932797426e+01
3.075040619954274845e+01
2.989245384691041352e+01
3.195967685684112070e+01
2.973464668678527900e+01
3.008822938474704856e+01
2.987920794213822617e+01
3.274634819481769199e+01
2.970788315768819743e+01
2.916440129744755794e+01
2.929844700849296046e+01
2.981389826401226983e+01
3.089359778875120455e+01
3.021950756216200773e+01
2.891028274578578561e+01
2.865610969593041091e+01
3.107345866344068952e+01
2.984192284003723827e+01
3.095243800616429652e+01
2.927768198348706363e+01
3.034508975321802993e+01
2.952817002551009651e+01
3.076928064921220596e+01
3.055071398926791915e+01
3.074935133151259947e+01
2.987584642865772011e+01
3.026180957589220810e+01
3.008844318531156503e+01
2.947605670925516819e+01
3.064955346106318146e+01
3.006066025523640661e+01
3.043591333864671356e+01
3.111162013624994671e+01
3.129400669921081857e+01
3.145288810097082788e+01
3.222797366116529361e+01
2.982378280745537680e+01
2.938991087592464169e+01
3.026224062339529652e+01
3.022713425151977873e+01
3.052251907122246877e+01
2.947821511410924700e+01
3.114853744138314084e+01
3.226413625227626625e+01
3.160021429081863076e+01
3.045110233687604051e+01
3.029647806474591221e+01
3.062498431058301307e+01
3.042764223706090121e+01
3.103971144904560830e+01
2.939211077824390017e+01
2.973807220191310563e+01
3.334878588029189217e+01
3.134962199838504660e+01
2.908185980974814200e+01
2.984251099054518619e+01
3.138784762710691822e+01
3.101327879495997664e+01
3.108533518835324116e+01
3.081521401244405922e+01
2.953918449821605918e+01
3.018126104223228978e+01
3.012861817920835250e+01
2.855038420717940895e+01
3.041238588192802084e+01
2.932619368333857679e+01
3.022706803817733956e+01
3.024045810195392647e+01
3.124371274574036406e+01
3.024095688231114920e+01
3.186395718484908457e+01
3.099694248305908673e+01
3.114173820320303321e+01
3.055715773555441928e+01
3.070079456067464108e+01
2.977430317812724425e+01
3.188441339359304649e+01
2.897086275553531465e+01
3.082918863036389467e+01
3.101309944354434123e+01
3.132778807798567300e+01
3.035063573534943515e+01
3.144337155240707915e+01
2.918068410764771770e+01
3.193271029199487643e+01
3.076874279073076579e+01
3.089345746092967460e+01
3.134045683800263404e+01
2.999827774051009399e+01
3.143682269636762783e+01
3.041990651691065395e+01
3.064547510258893936e+01
3.079597860637840867e+01
3.125654694950460666e+01
3.087196529372781129e+01
3.047836980522285089e+01
3.107305771666326066e+01
2.902596026683151464e+01
3.206766003848150604e+01
3.201750521119844706e+01
3.015107982474182791e+01
3.008961594874208956e+01
3.094344723193446356e+01
2.930957341476327116e+01
3.042641369811023111e+01
3.001892266473999982e+01
3.035124546414586177e+01
3.130478953333327397e+01
3.111390180404744044e+01
3.095201773677559842e+01
3.121737324452812956e+01
2.862824584902061886e+01
3.068767049506236333e+01
3.067265069806537880e+01
3.068161148185123110e+01
3.100585809228852341e+01
3.015505632025279681e+01
2.981699441145486063e+01
3.029201913674476287e+01
2.917293851827725959e+01
3.094595769169896471e+01
3.019526758632570917e+01
2.931111442283102164e+01
3.074813441690393390e+01
3.113043014314502699e+01
3.212516773093616962e+01
2.866740786287004994e+01
3.031166712634932381e+01
3.106080470132620874e+01
2.939846412818920385e+01
3.140406325121693953e+01
2.979663781187025506e+01
2.862365753856719408e+01
3.109937079280981820e+01
3.123738788956011092e+01
2.966729040017304797e+01
2.946425640953209069e+01
3.167828061793615291e+01
2.908489036803209160e+01
3.132732618390101109e+01
2.932929478092067299e+01
3.107199033695872004e+01
3.025193539601927384e+01
3.030296107260264193e+01
3.067603653671161013e+01
2.897234323803944989e+01
3.084560883609718829e+01
3.047876280289424145e+01
3.205940678487132089e+01
3.094356427382241037e+01
3.083789210665466385e+01
2.950474258349655798e+01
2.999964170939557917e+01
3.137652980791990487e+01
3.090482639454536695e+01
3.084967053633540601e+01
3.202344820405759407e+01
3.011756791166700964e+01
3.113966787160027039e+01
3.025872997969267786e+01
3.047930921825257045e+01
3.016116100730783955e+01
3.058470654068240790e+01
3.122015063179362926e+01
2.821788609184720187e+01
2.928767855888786897e+01
2.934698742567206509e+01
3.104782227094273495e+01
2.958157820655888059e+01
2.916997867136921130e+01
3.062970769437449192e+01
3.093812281915645102e+01
2.987626346140822875e+01
3.163546191329424317e+01
2.970296224025453924e+01
3.100151346069771563e+01
2.984037583998804877e+01
3.137013064569633514e+01
2.854128178974067964e+01
3.105390052242342236e+01
3.064189696421080455e+01
3.269156814808940936e+01
2.901575951607577508e+01
2.977195369495588650e+01
3.072910039557951478e+01
3.007735136723797353e+01
2.956159732875878987e+01
3.019855948715998295e+01
3.065631313688460224e+01
3.123764162167243086e+01
3.097226021449755251e+01
3.050829079826769785e+01
3.081751436828547241e+01
3.163454113208883811e+01
3.026217663983577921e+01
2.928631126836149789e+01
3.124942044623586312e+01
2.954804605433161058e+01
3.173148801251478801e+01
2.914674296202489145e+01
2.886097349575357995e+01
2.954430634810433887e+01
2.992899783727329677e+01
3.077343766079080822e+01
3.143900745053831258e+01
3.054188452284237698e+01
3.191916748608731424e+01
3.004656739311358038e+01
3.075535131206935091e+01
3.043351145721111450e+01
3.330160653702358076e+01
3.084986696383535332e+01
3.050243417149862779e+01
3.130200231226285723e+01
3.121083318536527074e+01
3.157834585525807469e+01
3.040697792544548506e+01
2.866961340313164897e+01
3.056922905730600704e+01
3.024915339013769611e+01
2.991907713167872274e+01
3.048564953053808324e+01
3.079837315343651127e+01
3.075758785733376399e+01
3.037830215071905471e+01
2.982720307504759205e+01
3.124990230772469957e+01
3.175243546714790455e+01
3.186755135542371420e+01
3.051605287488373008e+01
2.863795830312080071e+01
3.161107712165941663e+01
3.033396527547045451e+01
3.135271540797276302e+01
2.886370308593500056e+01
2.900861993633856528e+01
3.088310513924879075e+01
3.004109334454538072e+01
3.135440627900841548e+01
3.142808455763763575e+01
3.221188413867842115e+01
3.103042749710968096e+01
3.126816075809586337e+01
3.085988772623089460e+01
3.117037897957703763e+01
3.079137046626796703e+01
3.052695372538538265e+01
3.238925462650151843e+01
2.945662525129343123e+01
3.140448141475707189e+01
3.206704382297444056e+01
3.103148260320202567e+01
2.939067685479776060e+01
3.078533014567732806e+01
3.103011802897642468e+01
3.075502908890260301e+01
3.244422909795972743e+01
2.833999916958610754e+01
3.132140545455134983e+01
3.011218648579076884e+01
3.156481174917006527e+01
3.127988860101650559e+01
3.041712288606671422e+01
2.928961649010770074e+01
3.117895339471264293e+01
3.060999537974562301e+01
3.062950678848641672e+01
3.051183288390294734e+01
3.100845608635289707e+01
3.073659107347603836e+01
2.822043147758553516e+01
3.089913854741793031e+01
2.832384382850315774e+01
2.990644559121346191e+01
3.066319457399786330e+01
2.987294787349480174e+01
3.120966044741449608e+01
3.074225837361657554e+01
3.063846240999725623e+01
2.880248188947717480e+01
3.043082148907931739e+01
3.097169789304813747e+01
3.005813268240176583e+01
2.968392411067552317e+01
3.098684403093048090e+01
3.015807222276542632e+01
3.059864197879984005e+01
2.940937803095884462e+01
3.019468694127013109e+01
2.987906063227948650e+01
3.150560955739610591e+01
3.036873100134666359e+01
3.057983396078614291e+01
2.864526705143085294e+01
2.956524702709067398e+01
2.944348097512365570e+01
3.021772783709897681e+01
2.914357266283229464e+01
3.057998496565722846e+01
3.081771120187978497e+01
3.170866583874371969e+01
2.984619923084079218e+01
3.098254029254482589e+01
3.037594912866765640e+01
2.899246295465826861e+01
3.065308326721329379e+01
2.905158560447712190e+01
3.041310046174011106e+01
3.015299117778130977e+01
3.068096205845319346e+01
3.079400074391767461e+01
2.994194274116622267e+01
3.023859830132017024e+01
2.991510111333715471e+01
2.827632514446025880e+01
3.008226811499679343e+01
3.040373234729636565e+01
3.000535380780387129e+01
3.034779645235459711e+01
3.096304393729869986e+01
2.978783645525303569e+01
2.924111684361015406e+01
2.958308220323072035e+01
2.963155307605675759e+01
3.015591799517408944e+01
2.990451628791646144e+01
2.971378989158987238e+01
2.924479416917774088e+01
3.033809739069681299e+01
3.012900339058289845e+01
2.998817764186934198e+01
2.989703972890675843e+01
3.079861950145543048e+01
3.074327534701079401e+01
2.963898685984898407e+01
3.016674108890922312e+01
3.069449491844818922e+01
3.056473422769548165e+01
2.972878571236445921e+01
3.045396086125466084e+01
3.020941225508077110e+01
3.119338867222748135e+01
3.063489670913072871e+01
3.060878676840669144e+01
3.145424716644507157e+01
3.123698744183001708e+01
3.009419551713779839e+01
2.827632514446025880e+01
2.993004530273657338e+01
3.077701389108475283e+01
3.025324602440166544e+01
2.973116646692050580e+01
2.986453212748200770e+01
3.008298249575504002e+01
3.182337037977889693e+01
3.008837431203710366e+01
2.996150806779290576e+01
2.987993967826052710e+01
2.964953087549053379e+01
3.095241731412370711e+01
2.905940031733794626e+01
3.043563403985304561e+01
2.947962506691225215e+01
3.080462573902753221e+01
2.896188454049559624e+01
3.072268565450590216e+01
2.990814041189876704e+01
3.019275338751447535e+01
3.078277882959190492e+01
3.010566122579073323e+01
3.063206919989373844e+01
3.065570112164589744e+01
3.023161171845519490e+01
2.863577324671708269e+01
3.030643959555232314e+01
3.185244884017884459e+01
3.061610118317414830e+01
3.019092716776472329e+01
3.073510814129353719e+01
3.091232557050392060e+01
3.093859487972890321e+01
3.073900703082674468e+01
3.213365038051233569e+01
3.034335522181689271e+01
3.088720304854568255e+01
3.014613276815943976e+01
2.960492792894230618e+01
3.155243084077235594e+01
3.058874118729545089e+01
3.004916801595551590e+01
2.923133964041952026e+01
3.053860843876426756e+01
3.000570846559958227e+01
2.988705155044371153e+01
2.944021705908785336e+01
3.113502970739997266e+01
3.111621895263606774e+01
3.130729268737447057e+01
3.022137404365490454e+01
3.038364926623533790e+01
3.121189004020161661e+01
3.004190801459190396e+01
2.916117025896567938e+01
2.964101520560012304e+01
3.045978421488105781e+01
3.143311698740838978e+01
3.233412403222133236e+01
2.944270385385143385e+01
3.035352104231947834e+01
3.126656480353586787e+01
3.067064699185731058e+01
3.147942273743211317e+01
3.031171482493574132e+01
3.019183150608691335e+01
3.045649521392618908e+01
2.957035120255794780e+01
3.115481721109279079e+01
3.096806598437578018e+01
3.063033362026127904e+01
2.930315997342166767e+01
3.190119020790978865e+01
2.935727070265056682e+01
3.142738604423969306e+01
3.034035117496010869e+01
3.137956384356494155e+01
3.009528610039237506e+01
3.194530631421607580e+01
2.938576111662627000e+01
3.010331618903906659e+01
3.141577685088756766e+01
3.036576837058672496e+01
3.186494527325800519e+01
3.264128663907020922e+01
3.093482065474829668e+01
3.077115972124537180e+01
3.260612932220789872e+01
3.127791957462435235e+01
3.108752068483921605e+01
3.045408323697059672e+01
3.038356029769517974e+01
2.958805243124755435e+01
2.999180918052989853e+01
3.274959270340579565e+01
3.084198938626034092e+01
3.118898117292018668e+01
3.050874184528387900e+01
3.038118866794011907e+01
3.103892030820621173e+01
3.106167399013573416e+01
3.208095962333440809e+01
3.085960061268291099e+01
3.161261508834309097e+01
3.138907923977093262e+01
3.014460381510919262e+01
3.064639541462619121e+01
3.015130651250621341e+01
3.031373759630631071e+01
3.091076231757180892e+01
2.998804171949674213e+01
2.974931089573658838e+01
3.129759119473857609e+01
3.124297884222611543e+01
3.048505101788054006e+01
2.967232493191319875e+01
2.990507629901918207e+01
3.078549001162383192e+01
3.026692443822949485e+01
2.908185160184501683e+01
3.072623995089594118e+01
3.036647312117524322e+01
3.058701360455673068e+01
3.105879598019550158e+01
2.983465204055153563e+01
3.013050556574309979e+01
3.102653463697286540e+01
2.933393157196198331e+01
3.140331971011572776e+01
3.350048291743167539e+01
2.907993090627611821e+01
3.052330006149581010e+01
2.911767997649304007e+01
2.937198748261145909e+01
3.182599790852464494e+01
3.065739669800384348e+01
2.934521168678013225e+01
2.907279201683619974e+01
2.939640090077007883e+01
2.953673552721194184e+01
2.985129283002644840e+01
3.139180125450988257e+01
3.118777516331192246e+01
2.911526871661288141e+01
3.083207443075474785e+01
3.129434110616664810e+01
3.164167756536904008e+01
3.254590266321273617e+01
3.029882882559299517e+01
3.000041823548303199e+01
2.990508538322246324e+01
3.061329671006178899e+01
2.870909577233393506e+01
3.024856371507064878e+01
3.043166744243091770e+01
3.061952745657682229e+01
2.949366030817453321e+01
3.023657649110101175e+01
3.063266727386275079e+01
3.074301406580397256e+01
3.141670303196949732e+01
2.866116368908824086e+01
3.069902356154005219e+01
3.053461605670120704e+01
3.092367676012819899e+01
3.037351306886069580e+01
2.926800787760148026e+01
2.949219082734637354e+01
3.059196693126570921e+01
3.078131452294837445e+01
3.030024927644306842e+01
2.941173570759112721e+01
3.170078255471191753e+01
3.090204476976297698e+01
3.055153429840898127e+01
2.951577662398029034e+01
3.120096502023735141e+01
2.829074911019501215e+01
3.045514877643663354e+01
3.160471998735410537e+01
2.917622929793180475e+01
3.101142790860523135e+01
3.073020021753577780e+01
3.098940804662585435e+01
3.076458332642715376e+01
3.035514627137099808e+01
2.919532647245685553e+01
3.107798100183985213e+01
3.263713755510582359e+01
2.914295815492122443e+01
2.958976525675137736e+01
3.025077519793595826e+01
3.000041980458403756e+01
3.063951393375086596e+01
3.082124064856022017e+01
2.890753734278921527e+01
3.002633319503540932e+01
3.144313768576001777e+01
3.049281390331131192e+01
2.879918316611192353e+01
2.847216660327465121e+01
3.058288593881016482e+01
2.986227160359911537e+01
3.063238035199156784e+01
3.022252013852443397e+01
2.958976525675137736e+01
3.117382964175862625e+01
3.050719860413984108e+01
3.038623815793590310e+01
2.948203480369773288e+01
2.995022712058784009e+01
3.112939862363315413e+01
3.000357374347304429e+01
3.023909145968614709e+01
3.113070096524494801e+01
3.121400050453987163e+01
3.136118177586723021e+01
3.036773090213723592e+01
2.993794678729264902e+01
2.946632213967925651e+01
3.011533854768712359e+01
3.068461571321844161e+01
2.943971078659126661e+01
3.121540337266080556e+01
3.169519933177940274e+01
2.969799937736978990e+01
2.768248030433126061e+01
2.878175769040140253e+01
3.049014878542514140e+01
3.072735588782170524e+01
3.042213256171960722e+01
2.988236406049351146e+01
3.100205683792739109e+01
2.975615371998709691e+01
2.903000222721980350e+01
2.929989963561173028e+01
3.058470654068240790e+01
3.113557033272109109e+01
3.032060919019439638e+01
2.768380586371971219e+01
2.919830652434625051e+01
3.009091495211865208e+01
3.077761896044411927e+01
3.087135404714213394e+01
2.866052869963841232e+01
3.075838966016214471e+01
3.007352526176906693e+01
3.091530568256513689e+01
3.050596457801512074e+01
3.180760420453787773e+01
2.909366643723505419e+01
2.735149956711992303e+01
3.102258463740864514e+01
3.121066374564513879e+01
2.940704648986261915e+01
3.053940248718279094e+01
3.168008026144839562e+01
3.131324127649330435e+01
3.203787218993065977e+01
2.885627296621273530e+01
3.005980668718592952e+01
3.133108933810746777e+01
3.150921494351507590e+01
3.133607060121495991e+01
2.953003317082044532e+01
3.048108816459546944e+01
3.152695888424790382e+01
3.066951844466779420e+01
2.899428501383000523e+01
3.038941108973932259e+01
2.948805164875540541e+01
2.870890722789696881e+01
2.924082021852535718e+01
3.206663272646516560e+01
3.089460915199140700e+01
3.011028177874593581e+01
3.104677336004388266e+01
2.978528578065717269e+01
2.999601314827478404e+01
3.030601222895888469e+01
3.046675284534474315e+01
3.023803376153807321e+01
3.074558070222929373e+01
2.978275245340525856e+01
2.943286557905216583e+01
3.027575078685983456e+01
2.961011816207243896e+01
3.057382466849935909e+01
2.959374131471902203e+01
2.944591619659455972e+01
3.086783665761426221e+01
2.926308532732703327e+01
3.110464610931511942e+01
3.100615283796719979e+01
3.030947079555089019e+01
3.154543681677541045e+01
3.044135404742506168e+01
2.879450564232625354e+01
3.063321526398940975e+01
3.246274676739083986e+01
2.965710959340217201e+01
3.065309917555508790e+01
3.139990777990248816e+01
2.944861633985973626e+01
3.228109455177678200e+01
3.043203515178698382e+01
3.149206771998367671e+01
3.126548444910308078e+01
3.050686790302784601e+01
3.076405485509140902e+01
3.019518566248815361e+01
2.918640797890909155e+01
3.034591443504690034e+01
3.012243776794474570e+01
3.160304491023014961e+01
3.086976046412747721e+01
2.978493218886283955e+01
3.090689250453515058e+01
3.172146129883910248e+01
2.921240242652841701e+01
3.113776464268541488e+01
3.129865562260882683e+01
3.053574577932180034e+01
2.957410824646093417e+01
2.978724218182962602e+01
2.914671927522277883e+01
3.070531548456517967e+01
3.302097687567978568e+01
2.898850687046965291e+01
2.985555132165652736e+01
3.098779823367360464e+01
3.119784030758565763e+01
3.020872054383535144e+01
3.017527004651992684e+01
2.993485774393707288e+01
3.156069363767847236e+01
2.978783645525303569e+01
3.203696031467354999e+01
2.863021169147708633e+01
2.980735953193650900e+01
3.019455956798845619e+01
3.068247514934464348e+01
2.958070424568801116e+01
3.096685236940749775e+01
2.973678916217403057e+01
3.221239532031979991e+01
3.102804158626257802e+01
2.907290735678262195e+01
3.083035940574693967e+01
3.065457224048343932e+01
3.190646331775108990e+01
2.973592740489990049e+01
3.084191555058345457e+01
3.043253251703447759e+01
2.987810361080327581e+01
2.894965190742154704e+01
2.960151640415793395e+01
2.880635060648195989e+01
2.954851725878885915e+01
2.929387635103083198e+01
3.118995379704957571e+01
3.114397243909856527e+01
2.832264215556511644e+01
3.078871955245039516e+01
2.875555091076735437e+01
2.947886450510593903e+01
3.004324367924512629e+01
2.991816024131141205e+01
3.156051333837380923e+01
3.023842852681872273e+01
2.981304284452811970e+01
3.103251302834872760e+01
2.929844700849296046e+01
3.078995051958326812e+01
3.087853922402479157e+01
3.060692954013866185e+01
3.128884022702623824e+01
2.922949835301124466e+01
3.011957797619232124e+01
3.135571989753523781e+01
2.923490672804837232e+01
3.126389698919562932e+01
2.867676070445822134e+01
3.015027830314788915e+01
3.002735062343312578e+01
3.177703527298274722e+01
2.977617619722950693e+01
3.067435792066540401e+01
3.137282187860462557e+01
3.193647746937445575e+01
3.001314122685649721e+01
3.073263208533327173e+01
2.993485397151987826e+01
3.086738574952957137e+01
2.911215499572547927e+01
3.161528314162500664e+01
2.966948438025717039e+01
3.099395616768426009e+01
3.010167966151275820e+01
2.892255064041972190e+01
3.060790310614710563e+01
2.954528088416821774e+01
3.120311887756622582e+01
2.941970091788800445e+01
3.002796407304353465e+01
2.974391763223756158e+01
3.113990564601132860e+01
3.199887908680465287e+01
3.150235507383505507e+01
3.050367447537056975e+01
3.007290728289348536e+01
2.905908897683589842e+01
2.931544213364378493e+01
3.026869237213066199e+01
2.971665716217489361e+01
3.028823950832263634e+01
3.182854924094199944e+01
3.012953830500559604e+01
3.062363365648412383e+01
3.073208487761585772e+01
3.155816030251978077e+01
2.839216516082640140e+01
3.113518604524045230e+01
2.859198621829240494e+01
3.086486726512359624e+01
3.134369893578145039e+01
3.082441532109755045e+01
3.151844123922670704e+01
3.041436023833028202e+01
3.309696580475269911e+01
3.005784221859746452e+01
2.942216846025274890e+01
3.026002447621432978e+01
2.953229920154056032e+01
3.124521259393688766e+01
3.063257663652746743e+01
2.947766181368971772e+01
3.103093579330772656e+01
2.872548035800760502e+01
3.093623104952873248e+01
3.012659222958052752e+01
3.027280842817478757e+01
3.069907748199538844e+01
2.754480715347634145e+01
3.114230592863823333e+01
2.930635238530576814e+01
3.141612553520812412e+01
3.049629697076342438e+01
2.962454806881339664e+01
2.953101387639628683e+01
3.162249148499957485e+01
3.059719151704048912e+01
3.042329787965829269e+01
2.814528915593915315e+01
3.073315045362832620e+01
3.033263046856312428e+01
2.967179134318534750e+01
2.902828438073022710e+01
2.989606557404845333e+01
3.055364828340117000e+01
2.984394737274579867e+01
3.155230362150092915e+01
3.054443318444217326e+01
3.053893945177164326e+01
2.768028638783222561e+01
3.175799505005169365e+01
3.223129807397047131e+01
3.143335725531347080e+01
3.061885701238442081e+01
3.037341326078223247e+01
3.046085387223953944e+01
3.185896223240599312e+01
2.859029178901578661e+01
3.057371864530550809e+01
2.933370857860996850e+01
3.063434297117345295e+01
2.989047611436016183e+01
3.011053888116482824e+01
3.152200443684913367e+01
2.862973381263686079e+01
2.949359661658021636e+01
3.103285245733277975e+01
3.128335201981597180e+01
3.045079265597006568e+01
3.183301765310981679e+01
3.147202623590738924e+01
3.137758353393406807e+01
3.129804448761075264e+01
3.000064315375654189e+01
3.006507498600834083e+01
3.032213797361256624e+01
3.004299944216110774e+01
3.261906699950095856e+01
2.893173865971824554e+01
2.962051216731236991e+01
3.352704418499210703e+01
3.008513381691262722e+01
2.962109251751137862e+01
3.023814916826458443e+01
2.950526941403894909e+01
3.054904581079172488e+01
2.864043342925574009e+01
2.908762389531065651e+01
3.020554099608156307e+01
3.036905489489167209e+01
2.910792089752872869e+01
3.147821202272794139e+01
3.104861965895364762e+01
3.055003025762275115e+01
3.066889062054557513e+01
3.092140198393773431e+01
2.985511037887581409e+01
2.965584859721414546e+01
3.162010244688953975e+01
2.954464456587575327e+01
3.033210922625714545e+01
2.958495592120184980e+01
2.757717149626822106e+01
3.187088485558555817e+01
3.219094909052529374e+01
2.981403605685773783e+01
3.013544524885080023e+01
2.984728612484915189e+01
3.224311614722746810e+01
3.097415857253727367e+01
2.900614235132702134e+01
3.115773393345386211e+01
3.030348863880096388e+01
3.096654226502488427e+01
2.971562752342960323e+01
3.103469801255201688e+01
3.046835449673967489e+01
2.971164084216861312e+01
2.876003918373207213e+01
3.120266678328285082e+01
3.089740080722736337e+01
3.085035246150383514e+01
3.042760015624852699e+01
3.011895343142263926e+01
3.039394137620191216e+01
2.993163357899915056e+01
3.117911616769756122e+01
3.036314880185998533e+01
3.064814536058760552e+01
3.158598019682015234e+01
3.100208058051400783e+01
2.871118370781751139e+01
3.006842841747169714e+01
3.111055184942433982e+01
3.060647398789350859e+01
2.893900059694825089e+01
3.063849760819682544e+01
3.099521011399196624e+01
3.037365155492622293e+01
3.101361054222581970e+01
3.006166130822105842e+01
3.060878676840669144e+01
3.001647100579084793e+01
2.927808717237776648e+01
2.809323763143218855e+01
3.081036978238514834e+01
3.159016111894501222e+01
3.061872318231636925e+01
3.062200049868801699e+01
2.918351602068521444e+01
3.149743552301041305e+01
2.943596344343479743e+01
3.077123880257512312e+01
2.984969724027690319e+01
2.907101122217909150e+01
3.170396052413227750e+01
2.916355919482446524e+01
2.917321010072109644e+01
3.126653158668841215e+01
2.829364604699950902e+01
3.011938563402886260e+01
3.063054484745870454e+01
2.975280616452836568e+01
3.091096166523383459e+01
3.007189806198358539e+01
2.992526379221595434e+01
3.010040555501863935e+01
3.170853366365039605e+01
2.881448349405876641e+01
2.973194678260439616e+01
3.142534636455382469e+01
3.053281979729554152e+01
3.073431009619363863e+01
3.029776442663718328e+01
3.100956169222695991e+01
3.030768173049742131e+01
3.051667012619877539e+01
2.939159381098132684e+01
3.053522041700176359e+01
3.219673818157183121e+01
2.828615502012613447e+01
3.149507559128372947e+01
2.923103150821122043e+01
3.115046021841884993e+01
3.068819663697982136e+01
3.006368276224947778e+01
3.130985342133817895e+01
3.007171733670063674e+01
3.026556276694430636e+01
3.181953224559545035e+01
3.003083104867534203e+01
2.946959260222349286e+01
2.981131659101847475e+01
3.169371963199746745e+01
3.166445022811157628e+01
3.119752670076263712e+01
2.945312001412487390e+01
3.015294339913036126e+01
3.258052114075790229e+01
2.992751704362588683e+01
3.072727126785484586e+01
3.197709885205551572e+01
2.854174894057323542e+01
3.044017419308329409e+01
3.192294260897465108e+01
3.114730054047129926e+01
2.804984803645128011e+01
2.924163673642337358e+01
3.093546521344395117e+01
3.062239958621701419e+01
3.275817860852576757e+01
3.042202492112646084e+01
3.125320087460942631e+01
3.226160105299693726e+01
2.966460798222029283e+01
2.872183672902081852e+01
3.058050517090920550e+01
2.919094082572059534e+01
2.953135512658840511e+01
3.144760558598132860e+01
3.149617982695464846e+01
3.006657689784768550e+01
3.125690384920134335e+01
3.019418762631284991e+01
2.960372053315767005e+01
2.949416692358655823e+01
2.973744182930619573e+01
2.960817184465286900e+01
3.033809919880122763e+01
3.168765682036165288e+01
2.987650770009358681e+01
2.817940071940370217e+01
3.059220397263966262e+01
3.017051237531742558e+01
3.166238019954432303e+01
2.934399510572632863e+01
3.094504804438356516e+01
3.180161024196940645e+01
2.846031218522252360e+01
3.055883839198836327e+01
2.972065880330806564e+01
3.116366393061786866e+01
2.951975760695787088e+01
2.913575049336736100e+01
3.102920784990453740e+01
3.074252019796000823e+01
3.152233291598106746e+01
3.264086145406179895e+01
2.998880102385977153e+01
3.164050901870820809e+01
2.978336742144418281e+01
3.029939603776047008e+01
2.917512291960322912e+01
3.019396266554412023e+01
2.973895018593139739e+01
3.110335658948050508e+01
2.989235339420434201e+01
2.991151888084639054e+01
3.016052659862650032e+01
2.834158043698124274e+01
3.042920580299798061e+01
3.000665900233719086e+01
2.879882418551341061e+01
2.971123386904284303e+01
3.086663145009022102e+01
3.022191587929959056e+01
3.076794724343642073e+01
2.947444833820889443e+01
3.087315604374602174e+01
3.003420545521033702e+01
2.818624930148694574e+01
3.043555874193043920e+01
3.140752291029528109e+01
3.056464554241072307e+01
3.191907865571610259e+01
3.068438964647401335e+01
2.966178299775921090e+01
2.920814876396081061e+01
3.097226317897935033e+01
2.988700394372768443e+01
2.977428113979454949e+01
3.050715410537558014e+01
2.939684540944108448e+01
3.115649555716145258e+01
2.867100548495277579e+01
2.935490559919154308e+01
3.033177515574463001e+01
2.921240242652841701e+01
3.158133767675377612e+01
3.021972291450827797e+01
3.040962141622235038e+01
3.075959147577917463e+01
3.027987229505890099e+01
3.035869264854989069e+01
3.213633102938523223e+01
3.122816859157585156e+01
3.148760961562816973e+01
3.043780341815874735e+01
2.847223065691557053e+01
2.959256757933216520e+01
3.249931632915505730e+01
2.906936971978509732e+01
3.021431455236504249e+01
3.078290939900466583e+01
3.047399481753355133e+01
3.031797425898407283e+01
2.959266331435686226e+01
2.922917579632118645e+01
3.117084872115045968e+01
3.035874800138589080e+01
3.036937132021943597e+01
3.208601930192817520e+01
3.035760013419582393e+01
2.964923680331274269e+01
2.887457851743236148e+01
3.180408123337991455e+01
3.129120828136879595e+01
2.964911029860279257e+01
2.936693362548234632e+01
3.000651159054179828e+01
3.070440037568137015e+01
3.063557156177993690e+01
2.867292258439159625e+01
2.996934600632596002e+01
2.961507907604253020e+01
2.996197693214494961e+01
3.115751637656106254e+01
3.134962280448652194e+01
3.026935009836777368e+01
2.884852020235208414e+01
2.957858690304511029e+01
3.282551781823211456e+01
2.790520638412885646e+01
2.985340927072263639e+01
3.145231209253350713e+01
3.049816755113227273e+01
2.916877709683222974e+01
2.916694578274816152e+01
3.112729149131369510e+01
2.927048256163828555e+01
2.987373699476563615e+01
3.211031627971012625e+01
3.143029329365131019e+01
3.000893783072532983e+01
3.137336362111492249e+01
3.079453115781468142e+01
3.248773909815183458e+01
3.058176075301588881e+01
3.217499531201178797e+01
2.979327659754204305e+01
3.093478429090111703e+01
2.892092429723545877e+01
2.956701237013997741e+01
3.238925462650151843e+01
2.780964661396319215e+01
3.080204803846635642e+01
3.111747444901468640e+01
2.952358210160718244e+01
3.084096520292305144e+01
3.086119107964641728e+01
3.065810624901836334e+01
2.907701270419593698e+01
3.045951713016648910e+01
2.907599381438327768e+01
3.167822161460814812e+01
3.163470607461587392e+01
3.153833141016312069e+01
3.013334447114775827e+01
3.036404879270534707e+01
2.948305767797426213e+01
2.996619027658373824e+01
3.025739584636639989e+01
2.938565132280134407e+01
2.988529309895717034e+01
3.208615727640610515e+01
3.217764078677947737e+01
3.003646000026100538e+01
3.092564136124027740e+01
3.013095254785150345e+01
2.993140448669833731e+01
2.977976639050173802e+01
3.009348365562119199e+01
3.108167051380324608e+01
3.051811078595384430e+01
3.142180269758689093e+01
2.979961347675724070e+01
3.110078400859033110e+01
2.971858348065983790e+01
3.038491358736081338e+01
2.866190433322407571e+01
3.222691396104085015e+01
3.139693899256383958e+01
3.088971202960514262e+01
3.105084618851727640e+01
3.103256023310849443e+01
2.963091547937928638e+01
3.061365759587092938e+01
2.933572297114106320e+01
2.857851796315081572e+01
2.950753123309649695e+01
2.932619368333857679e+01
2.907934917656563911e+01
3.264525045695449279e+01
3.172065449672512827e+01
3.061334207039415389e+01
2.986173846267369214e+01
3.027934040910934499e+01
3.107349626369494189e+01
3.061761069343712194e+01
2.918993414298652311e+01
3.009496425406822695e+01
2.930447077093812780e+01
2.813752062066869186e+01
2.878135999630384489e+01
3.030957834468733836e+01
2.886863482877196319e+01
3.072424874336872236e+01
3.092476753168231696e+01
3.074225384772513081e+01
3.007460029978520666e+01
3.019310742238619838e+01
3.072732464929919516e+01
3.080889631077636892e+01
2.938174294798742991e+01
3.006709190466554915e+01
2.998516102413496043e+01
3.043718183691191470e+01
3.072400675173524576e+01
3.121815612285983121e+01
3.056481966551621454e+01
3.107323298503263587e+01
3.262724381822798847e+01
3.130008501800807963e+01
2.845372505959390708e+01
2.928513440594955952e+01
3.068107623690525898e+01
3.141739435694582383e+01
2.943278207247581335e+01
2.916066913573419228e+01
3.108140395179698956e+01
3.158330976792742462e+01
3.181173711559199546e+01
3.107255854289432051e+01
2.940102455984859375e+01
3.179911006041635346e+01
2.882812013168536325e+01
2.933298404547600668e+01
2.951391077335948765e+01
2.908430299105639705e+01
2.920758804629721794e+01
3.060842521520648418e+01
3.079045816665982471e+01
2.635084038362343151e+01
3.176077884912325189e+01
3.028968051535186490e+01
2.899903346126157899e+01
2.960415886505495919e+01
3.139368642073059235e+01
3.085200286526801250e+01
3.062165935371195857e+01
3.025043311898536302e+01
3.111775932765005948e+01
2.975587487448144941e+01
3.079333252771869667e+01
3.176478317038908727e+01
2.839581085025172769e+01
2.949898030546791716e+01
3.080099804600483537e+01
3.118123420292045722e+01
2.684009131435957229e+01
2.913668274501563715e+01
3.103441123802353019e+01
3.042896893764364563e+01
3.059871825359982367e+01
3.083199476698451846e+01
2.998082286227447923e+01
3.070815338691600616e+01
3.156003998291987500e+01
2.976049400117734223e+01
3.081718504114629908e+01
3.070718215650076388e+01
3.012800207574847988e+01
3.110220722290819495e+01
3.070344552365076041e+01
3.112584955339050907e+01
3.026165869253955520e+01
3.078453600853741179e+01
3.011458985291368862e+01
2.918398569741206927e+01
3.257589586843229057e+01
3.123891957813698639e+01
3.204806115336160843e+01
3.158827066631425140e+01
2.953156316578232321e+01
3.124784401179651994e+01
3.101101846805422468e+01
2.923615530110353333e+01
3.135428632108667557e+01
3.072210442922071749e+01
3.086113517892088964e+01
3.011096484365859638e+01
3.192655038057212735e+01
3.149476278158914866e+01
2.915090158944226673e+01
3.090820885851163169e+01
2.912888781169841579e+01
3.027390720288200754e+01
2.945640496657532026e+01
3.069822057511604996e+01
3.083062338010815751e+01
3.071785241137587974e+01
3.014396939050809365e+01
3.169630076396222407e+01
2.988583192497264207e+01
3.132590822272762310e+01
3.188959380100149943e+01
3.040811166217462613e+01
3.075344314674206814e+01
3.114517669638253494e+01
3.052803748681403917e+01
3.127887834810568179e+01
3.082668782455294121e+01
2.994736747524408571e+01
3.080270828007000716e+01
3.120142882424375941e+01
3.116361009355245315e+01
3.031152314839572171e+01
3.162982223948914751e+01
3.165739946367050095e+01
3.167828061793615291e+01
3.012573268726980658e+01
3.109434999510950348e+01
3.080370629711486075e+01
3.129505698739630759e+01
2.842649930959237636e+01
3.046693210802792606e+01
2.909017405437775849e+01
3.110418283566801634e+01
3.285135365875360947e+01
3.065444502653624781e+01
2.932920576872718854e+01
3.017921516894437062e+01
3.089845698508189997e+01
3.089493833977380888e+01
2.959579114400573374e+01
3.080349082718122133e+01
3.131376343832419096e+01
3.185564243263179662e+01
2.985506631429174362e+01
3.194634089189691650e+01
2.989454137292640112e+01
2.919285601317888990e+01
2.848803206923741271e+01
3.024875493199051846e+01
2.897817084228978501e+01
2.940688137200870855e+01
2.959766119319981215e+01
2.972738349282561643e+01
3.055535263645300503e+01
3.158161072857356189e+01
3.086027160109480505e+01
2.925536385788956295e+01
3.301842009906150111e+01
3.177341476147913113e+01
2.937205680824456522e+01
3.018847610714476914e+01
3.069119009664067121e+01
3.057323289436312663e+01
3.090390599777488134e+01
2.963458700847124661e+01
2.839780399056092364e+01
3.116352167550752128e+01
3.104083998683028867e+01
2.959419607708429822e+01
3.069013297512159966e+01
3.169256623092431013e+01
2.951313314087153117e+01
3.002273933933327754e+01
3.004567815702819189e+01
3.023001685581309417e+01
3.042442300307276071e+01
3.137104412569001965e+01
3.010872170816011462e+01
2.979602423377296816e+01
3.044543614283708521e+01
3.010801294356742730e+01
3.106264814810911901e+01
3.047040528956739891e+01
3.103011802897642468e+01
3.173111714784570836e+01
3.174387885046819946e+01
3.023054752381369426e+01
3.027046368703120294e+01
3.016720041997922053e+01
3.019794980432779141e+01
3.087123374582535718e+01
2.979225624426445052e+01
3.135049296519254369e+01
3.120322876215672991e+01
2.975358807352473889e+01
2.912857490941564720e+01
2.960276509192457084e+01
3.057561466967337438e+01
3.017575931422768321e+01
3.163705437538673948e+01
3.100289033962613061e+01
3.235323126911175962e+01
3.175291757871871567e+01
3.109028704313248070e+01
3.092851990201371493e+01
2.966643249158391527e+01
2.853964371698636882e+01
3.154872507680252625e+01
3.088050568109109051e+01
3.059234398046680070e+01
3.102844986904259272e+01
3.082175114731448673e+01
3.133274660763798636e+01
2.833421074515815974e+01
2.969128331437740798e+01
3.060444542035946469e+01
3.097146388424448205e+01
3.154818722726411906e+01
3.013683997281011528e+01
3.220543787478996478e+01
2.991163027577105638e+01
3.019374121451071957e+01
3.133056826150820839e+01
3.049929352603843569e+01
2.913121977802621743e+01
3.035702122811030890e+01
3.032575244665430958e+01
2.987231820555594553e+01
3.113092954630187137e+01
2.848803206923741271e+01
3.176962561862100642e+01
3.086795740424614110e+01
2.914879859409204599e+01
3.022611204884161396e+01
3.068629242898355614e+01
3.117296603494555285e+01
3.098270316145622516e+01
2.911243632304909212e+01
2.937442264512971946e+01
3.112138566446846255e+01
3.097768508694020895e+01
3.092591460327103192e+01
3.047483321868015338e+01
3.006499607661395501e+01
3.097288238872130606e+01
3.122817429820871382e+01
3.000439478818704231e+01
3.095388528163925201e+01
3.217598314265965342e+01
3.063584975444312875e+01
3.014645243594954849e+01
2.908909600598870426e+01
3.062341300143820177e+01
3.094889346188600854e+01
3.081749046480029364e+01
2.972413459935242486e+01
2.917725657911816128e+01
3.047556778873631700e+01
3.006159023013013964e+01
2.943591315223895677e+01
2.960755628190910826e+01
3.113280726466402015e+01
2.955253452827369642e+01
3.072178961050836321e+01
2.993536089515388099e+01
3.084395485694835770e+01
2.879089877442244472e+01
3.090905427095923130e+01
3.367585625620466772e+01
3.028832688592637723e+01
3.148141158541725204e+01
2.969934875735680535e+01
3.117575985619967227e+01
3.090682790494670584e+01
2.975239371896205398e+01
2.909883742349773783e+01
2.871493842348740344e+01
3.170953596357818327e+01
3.171679064068768383e+01
3.153874730013200178e+01
3.215297432240856779e+01
3.090830721530842240e+01
2.927225524825361447e+01
3.064206426408110318e+01
3.020739896843696215e+01
3.107870965636214677e+01
3.073267429331844269e+01
2.649561435426208078e+01
3.170531636373707940e+01
2.782746561665797813e+01
2.937547215839122217e+01
2.927764286317063736e+01
2.883421918288353325e+01
3.115787263084676439e+01
2.734487375023983446e+01
3.028055157414455678e+01
2.939479293125835113e+01
3.010185636307312151e+01
3.056396006215508265e+01
3.055316761016976557e+01
3.201547812778801472e+01
3.084835269603591712e+01
3.121869627849803308e+01
3.079052383599285392e+01
3.049885667142569190e+01
3.020866879965537066e+01
3.031135151715776743e+01
3.049763542806820382e+01
2.987915253159468065e+01
2.887457851743236148e+01
2.964373791949422099e+01
3.136134448031413413e+01
2.729043073191949631e+01
2.975183855211893658e+01
3.061543418220765034e+01
3.037607013540106493e+01
3.076512489751560153e+01
2.970150437188988590e+01
2.896082687038372327e+01
3.201925522246153122e+01
3.048194886056238317e+01
3.135396044575393759e+01
2.980165434888532872e+01
3.068557761231569003e+01
3.048262228308508170e+01
2.846502169682620220e+01
2.854511453875082694e+01
3.076744875619196762e+01
3.135878070139878560e+01
3.348457712268849207e+01
3.036438754564061071e+01
3.014709140153800249e+01
3.080005423997969771e+01
3.072708715835130988e+01
3.089636409085859725e+01
3.003228407582733084e+01
3.070303660293487269e+01
2.949242165456788101e+01
3.122891035282591332e+01
3.132230541613412456e+01
3.070580754672950263e+01
2.990932067227634406e+01
3.098331445825373009e+01
3.048180609527286933e+01
3.071140409909788360e+01
3.038047165845318531e+01
3.107641527696595674e+01
3.176212373779152998e+01
2.977791931738017084e+01
2.942537131557126173e+01
2.868802014046858062e+01
2.945770839181553669e+01
3.175802912834908653e+01
3.115185573791391604e+01
3.087137096820511672e+01
3.151832351690852363e+01
3.010755852529132426e+01
3.221138835939309075e+01
3.029928212666452936e+01
3.046762462849676822e+01
3.032841942839602467e+01
3.098982254031622219e+01
3.001630455971731237e+01
2.906054989897885577e+01
3.006738310591122243e+01
3.038199232131677974e+01
2.931049480767831383e+01
2.911142962076600327e+01
2.996284093688754524e+01
3.064820270221058607e+01
2.960058745947964098e+01
2.995741183008182418e+01
3.054359010220948534e+01
2.961220404165884901e+01
3.042170220469476050e+01
2.927042245411838195e+01
3.173001470930098833e+01
3.042600785408626862e+01
3.049929275454493194e+01
2.946194760067098883e+01
2.942393383695734599e+01
3.183826699952701489e+01
3.105901574109783425e+01
2.937032897870887282e+01
3.027432710736210453e+01
3.132114240763514701e+01
3.088172634116038395e+01
3.233823396489168545e+01
2.917730076473422329e+01
2.977771428905322892e+01
3.234109668325118037e+01
3.059916691760249563e+01
2.973115429031524570e+01
2.906287085623237587e+01
3.145269258157863845e+01
2.943033774249803969e+01
3.123854826818336505e+01
2.867292223995713840e+01
3.040500677638872773e+01
3.043088140138435449e+01
2.833435583734958385e+01
3.148763091421596627e+01
3.104724444236413206e+01
2.966132975757548351e+01
3.129924457015480499e+01
2.943855340971713730e+01
2.942391106937712308e+01
2.900351428365575757e+01
3.151529016293327246e+01
3.188559078045622996e+01
3.041304106560171050e+01
3.014973904674919325e+01
3.063043410058572746e+01
3.017812023762273910e+01
3.022989935968514885e+01
2.918687444203955650e+01
3.139230200584962560e+01
3.012858600766908168e+01
2.910946952177802061e+01
2.944172863804739748e+01
3.028635416429677463e+01
2.994109244351709975e+01
3.117722786569660443e+01
3.076276414286363803e+01
2.986160902932098082e+01
2.801566718789220189e+01
2.901304759623887009e+01
3.036733660454359551e+01
3.024974797240255242e+01
2.941624841111788058e+01
3.039640996160519038e+01
3.208364482358121705e+01
3.145378198944008119e+01
3.140713769550761114e+01
3.134116868787268118e+01
3.124028656398277448e+01
3.071382389781225442e+01
3.049420492673813143e+01
3.249959269342406998e+01
2.988781168134134347e+01
3.138362407242416552e+01
3.133406176554874989e+01
3.144672699176483732e+01
2.910236740195496452e+01
3.074171759310293339e+01
3.089177494908865640e+01
3.027206791336627845e+01
3.157364539258466607e+01
3.056736830567264462e+01
3.024329628814319193e+01
3.024898947882675770e+01
3.171765939238924759e+01
3.105511669682256581e+01
3.183449542812729050e+01
3.202668250491461066e+01
3.135692564727767007e+01
3.126364877040134260e+01
3.226196855354049120e+01
3.209476903067162823e+01
3.375136262194483550e+01
3.043814035404912488e+01
3.203101757787973725e+01
3.056348266843365735e+01
3.151985781521369034e+01
3.087123359724058957e+01
3.274078791847304615e+01
3.355787320158539444e+01
2.966530372155738959e+01
3.237268877925255595e+01
3.004882268950760960e+01
3.045958646801266667e+01
3.056594685970341274e+01
3.036629667176806890e+01
2.940278052901132000e+01
3.221792917928247135e+01
2.949565859129844014e+01
3.037462862240544581e+01
3.135755068172272075e+01
3.111583082807614886e+01
3.120695311312926634e+01
3.175876769918524900e+01
2.893280690631832286e+01
3.199844065463340925e+01
3.066721447187696725e+01
2.932009623232680795e+01
3.060978505121410720e+01
2.995726293880412783e+01
3.117487789876367188e+01
3.106586609730750581e+01
3.206242939689479954e+01
3.033976432884269414e+01
3.379897570175999988e+01
3.106400697713619863e+01
3.108544577835087352e+01
3.124640552801440663e+01
2.970147053753080968e+01
3.126336748389029196e+01
3.181798811644856784e+01
3.075900705223969211e+01
3.144067961732811511e+01
3.053919318888943479e+01
3.023017426320326351e+01
3.269949415481873700e+01
3.084273148852280855e+01
3.042804152635013892e+01
3.071285912484087177e+01
3.000193036286443515e+01
3.107362446274103007e+01
2.979260848099135828e+01
3.249208996729896626e+01
3.020072393554192658e+01
3.158880466726044034e+01
3.234811572936375512e+01
3.095861525797340974e+01
3.094523799218946536e+01
3.219252890631512543e+01
3.051870279050281098e+01
3.255016082702363889e+01
3.067521325126507392e+01
3.111281316236510719e+01
3.109044565640714808e+01
3.355887615555879933e+01
2.991743575029271085e+01
3.021886476884617423e+01
3.154312647907388723e+01
3.109655655305049038e+01
3.069303651973752167e+01
3.205503792943712682e+01
3.066374865316435816e+01
3.011875140945472751e+01
3.213901855812720498e+01
3.038549139815723521e+01
2.831498530868137564e+01
3.016942438909960345e+01
3.150088924187632600e+01
2.959715462881326786e+01
3.109812986689425784e+01
2.951779670492858187e+01
2.903330917552136370e+01
3.066335518179824149e+01
3.046238600691512843e+01
3.038818163600236133e+01
3.146742141140048687e+01
3.052580842197324884e+01
3.021138812363062343e+01
3.118212436079064176e+01
3.010832787662369370e+01
3.243202492001901760e+01
3.057262570793238865e+01
3.202438439483174903e+01
3.146390815898697113e+01
2.999793670310481986e+01
3.237391941882978585e+01
3.236348903464350002e+01
3.227700307914402345e+01
3.075687305175430453e+01
3.071327895230619021e+01
3.362098125978684493e+01
2.937230560853730665e+01
3.033672421172745004e+01
3.109451171769682531e+01
3.243202492001901760e+01
3.021674069557023401e+01
3.156764802803915515e+01
3.074761000267429267e+01
3.274925433057920543e+01
3.049541063621893144e+01
2.868427200348538975e+01
3.156513688660958650e+01
3.066811881578386689e+01
3.204347741964730290e+01
3.031307300951230843e+01
2.894627951662872789e+01
3.173289339535878284e+01
3.066272968158995127e+01
3.389378050465823122e+01
2.927740370137783188e+01
3.091737996952197065e+01
3.076037847688490956e+01
3.188788815732682735e+01
3.088764642333392629e+01
3.152059060997205009e+01
2.998211620571153802e+01
2.877414708428385381e+01
3.098680965238639828e+01
3.223112410958638918e+01
2.985869490513757540e+01
3.003360527480895215e+01
3.297964787020102051e+01
3.020052295051313962e+01
3.013467136198345031e+01
3.163232302333164725e+01
3.121889730783610162e+01
3.130169994578164605e+01
3.317553778474868409e+01
3.129010949993424617e+01
3.156247140396020612e+01
3.054618455302259861e+01
3.056045540481476408e+01
2.911283334196692607e+01
3.135964562367029629e+01
3.166954142940417327e+01
3.035814275635222970e+01
3.082272836171333807e+01
3.069325402224784582e+01
3.046958339697820861e+01
3.031358824181324252e+01
3.021481955778655504e+01
3.385247198733120655e+01
3.069847631143256805e+01
3.044307671003667792e+01
3.055089319716594076e+01
3.055242156107553342e+01
3.026070583462196595e+01
2.942145841236962411e+01
3.125534071285536086e+01
3.288926885719688897e+01
3.073107757433772136e+01
3.144310214521598823e+01
3.270441552596975043e+01
3.191833632061388926e+01
3.151985781521369034e+01
3.070984063162032029e+01
3.191258462605356883e+01
3.198148080648768143e+01
3.130709586835881097e+01
3.056208864472517206e+01
3.086401472995930817e+01
3.169800163220084954e+01
3.162725245777076566e+01
3.304025933348672339e+01
3.152380432522723908e+01
3.147381146793532025e+01
3.122620990768348648e+01
3.058518358239308910e+01
3.266954794892316016e+01
3.118678164281942244e+01
2.944323679107036185e+01
3.235472563466324658e+01
3.154959191430835830e+01
3.072624866602387073e+01
2.996411596048000092e+01
3.172177496954446596e+01
3.175927179281027790e+01
3.086862190274260342e+01
3.154167437149544995e+01
3.280076513155004392e+01
3.073654567402560644e+01
3.019993354129887919e+01
3.005180358148160025e+01
3.153062882903988395e+01
2.918634863522464684e+01
3.137484766461274788e+01
3.050826127380721431e+01
3.064558600213194239e+01
2.916921070659280701e+01
2.998258157025600568e+01
3.168179102651821921e+01
2.934084671935424637e+01
2.968619741131925238e+01
3.119997627177223620e+01
3.061814214863952088e+01
3.100680598318000136e+01
3.051002226019244645e+01
3.359301148123076075e+01
3.170447227771481025e+01
3.055660730028211702e+01
3.124976802043203250e+01
3.104598954336060856e+01
3.062634240982644585e+01
3.127633245319082889e+01
3.067030867855397247e+01
3.077891433064636217e+01
2.962998550842848644e+01
3.112973666078351442e+01
3.057788857218316636e+01
3.113984966139971178e+01
2.981099192988560631e+01
3.064051509774700932e+01
3.044307671003667792e+01
3.055217945608152874e+01
3.144532880364585736e+01
3.038818163600236133e+01
3.127110301714474261e+01
3.066090934923305511e+01
3.455090245019982831e+01
3.221547199826505192e+01
3.193634425380655983e+01
2.949277528982074870e+01
3.290050967778655178e+01
3.117468106951224982e+01
3.173142837180952824e+01
3.087997620713379732e+01
3.023009388085734273e+01
3.127949095779704791e+01
2.927740370137783188e+01
3.156113077465908390e+01
3.304189656377888440e+01
3.203559285148280367e+01
3.273678794519035051e+01
3.165126290320855063e+01
3.288089594619545863e+01
3.161207838586810226e+01
3.221402321621726372e+01
3.013467136198345031e+01
3.029425527997803513e+01
2.937444519861614722e+01
2.986699943660218182e+01
3.026729566024707907e+01
3.282413249404196165e+01
3.023561584227600108e+01
3.125603657975108973e+01
3.048360391439939932e+01
3.156758228270936328e+01
2.967657919829164115e+01
3.154918146776563859e+01
3.268342738397871727e+01
3.119860525142522789e+01
3.311765740425328630e+01
3.075922028207977021e+01
3.026070583462196595e+01
3.057859448880873643e+01
3.107168447577769754e+01
3.024981448920728155e+01
3.124640552801440663e+01
3.158322888050065202e+01
3.215257360956594113e+01
3.044795523468744847e+01
3.218577024521542285e+01
3.142503647999820160e+01
2.925654232645226216e+01
2.981897200921962821e+01
2.988992466571546203e+01
3.093422943572549144e+01
3.087147824223844950e+01
3.202438439483174903e+01
3.220881075710306618e+01
3.203006800632064710e+01
3.055439329514740621e+01
3.123559703425771517e+01
3.133492540492915879e+01
2.983641589471611510e+01
3.079721067455018257e+01
3.051922894828660304e+01
3.085563979604928520e+01
3.233592261915069344e+01
2.981278924321734891e+01
3.190385586144742547e+01
3.155757614765360586e+01
3.111960504041580222e+01
3.120258878861312013e+01
2.900876332813987091e+01
3.001393069313421336e+01
3.235653558557112319e+01
3.118044993437752410e+01
3.162644126563658276e+01
2.992176900341528878e+01
3.100350027937698627e+01
3.071843115756728793e+01
3.171858134474264190e+01
3.115096433605446435e+01
3.177353101526390233e+01
3.048062825792660391e+01
3.105397348860542550e+01
3.324394871909154858e+01
3.098290137147003520e+01
3.148376539886907466e+01
3.108475820391335631e+01
3.283224656354892090e+01
3.212934225649153319e+01
3.072055299428524933e+01
2.989740273804416759e+01
3.073788585141780416e+01
3.094837830011551461e+01
3.071327895230619021e+01
3.110177270666745031e+01
3.076407826430762071e+01
3.154161327851775454e+01
3.210279240927932420e+01
3.103363936916796106e+01
3.055924639123096398e+01
3.244022000126292227e+01
3.006578199435831067e+01
3.159405285628564641e+01
2.984851014397501601e+01
3.092979484786715361e+01
3.084052073591495713e+01
3.136882452099445828e+01
3.339022192734360317e+01
3.285069596389829627e+01
2.977725578419267194e+01
3.117868060635034411e+01
3.229310495618555166e+01
2.961812231698655395e+01
3.003011068435671760e+01
3.069325402224784582e+01
3.147352571236729091e+01
3.006974659590764176e+01
2.894627951662872789e+01
3.272343860914448044e+01
3.107551708450226613e+01
2.922338581578700101e+01
3.127842900393428494e+01
3.084052073591495713e+01
3.160118722376407518e+01
3.149079564475020732e+01
3.094042468566731685e+01
3.134504365076482557e+01
3.176039841904037075e+01
3.084391233226333284e+01
3.217691025539465244e+01
3.200303097453019063e+01
3.251662465282182524e+01
3.039820193590239938e+01
3.102617194579945092e+01
3.025106621409840812e+01
3.044962443530291196e+01
3.059315498751411866e+01
3.102599318346924662e+01
3.220060752819943417e+01
3.135263115146334556e+01
3.159820098953095169e+01
3.106133308284358563e+01
3.070599333263610831e+01
3.091999724565759422e+01
2.973495152488976601e+01
3.084244379174060668e+01
2.985315485483472742e+01
3.205814171981202776e+01
3.303473026591430539e+01
3.151519383096116655e+01
2.993258344464824816e+01
3.072335542652450613e+01
2.940541487388837183e+01
3.140662910001799801e+01
3.093091631672071529e+01
3.247870427286073891e+01
3.030332597191517507e+01
3.156100493646949801e+01
3.117108827662022463e+01
3.037966136109260873e+01
3.137900578674620178e+01
2.874638153488517744e+01
2.891916941453332512e+01
2.927740370137783188e+01
3.463831057284606629e+01
3.061444603786934238e+01
2.994534067977673075e+01
3.048931262221223193e+01
3.007345028631205608e+01
3.035056966857101557e+01
3.116631167776271383e+01
2.923601681418073639e+01
3.056725747692470918e+01
3.196563993036621554e+01
2.954834436314867929e+01
3.146001242687616539e+01
3.034172165146812006e+01
3.059476338082555458e+01
3.039633051344446812e+01
3.006957935979365004e+01
3.133071642482204666e+01
3.005964931156704623e+01
3.006731410389604520e+01
2.962047859546751383e+01
3.081065817636864068e+01
3.104732778991352404e+01
3.142423349803201305e+01
3.271671140954378387e+01
3.074135772740598327e+01
3.261760495643244440e+01
3.205797521337740363e+01
3.093202761677385482e+01
2.879694108864252655e+01
2.956180486129530394e+01
3.096226860774265077e+01
2.980758469080226547e+01
3.004154083993103441e+01
3.079573749990446174e+01
3.155757614765360586e+01
3.272595282049128684e+01
3.001235509192176565e+01
3.172094749622569054e+01
3.028529407975984711e+01
3.137759560267095083e+01
3.170050265089760799e+01
3.171356117931548724e+01
3.131181192537103897e+01
3.107820285585685838e+01
3.270000504565728505e+01
2.931693378608760270e+01
3.234366626953450208e+01
3.083983202002738722e+01
3.035306671076876839e+01
2.879694108864252655e+01
3.095543746319930278e+01
3.164096594974040855e+01
3.135046876993098408e+01
3.238813774695480419e+01
3.173916843635608842e+01
3.294791175490259860e+01
2.984545516742079840e+01
3.208166457368006519e+01
3.047747274622803104e+01
3.082006143973304901e+01
3.273930154771217360e+01
2.973103228376828966e+01
2.995904064428252056e+01
3.400078812966642516e+01
3.161196386836084571e+01
3.039207901796487832e+01
3.169639752915984587e+01
3.069303651973752167e+01
3.049925357139665749e+01
3.139002994230736121e+01
3.057233313048532963e+01
3.161371712592231731e+01
3.098885484582012140e+01
3.173782016211069390e+01
3.124406245328860976e+01
3.352211093222119587e+01
3.245939756216901628e+01
3.058513605007881608e+01
3.109461347279764354e+01
3.258097784174213274e+01
3.041243480541651678e+01
3.003632419687746591e+01
3.019690936987992913e+01
3.069124307756647596e+01
2.937253098253524541e+01
3.130874574739895166e+01
2.953304187987943763e+01
3.080636895453699964e+01
3.035325744907814283e+01
3.110931380857505246e+01
3.136439210706446801e+01
3.246973927506130053e+01
3.228039032629688876e+01
2.943900243706712416e+01
3.034537125336176544e+01
3.083261789710011413e+01
3.020706257708712883e+01
3.127746807994256173e+01
3.069325402224784582e+01
3.036949479777829097e+01
3.104482212745009306e+01
3.132106591516873095e+01
3.096156098650794064e+01
3.084285107158791206e+01
2.956514036038438320e+01
3.097945645053799169e+01
3.004548079903782920e+01
3.122023260833447011e+01
2.964958640922627708e+01
3.095895485345263509e+01
3.021792992738213002e+01
3.191069846490812623e+01
2.971085727976240776e+01
3.061573818044671924e+01
2.999043204991902556e+01
3.221402321621726372e+01
3.245708698569652739e+01
3.051080597766183189e+01
3.092739006569887295e+01
2.986848616867164097e+01
3.008135540870812719e+01
3.072624866602387073e+01
3.328440362294168153e+01
2.972854949724309748e+01
3.124927480587944828e+01
3.068532218514515364e+01
3.133072558205330083e+01
2.955695867801857446e+01
3.159298831469317292e+01
2.909460573295020325e+01
3.060948070702651691e+01
3.035523135580728393e+01
3.071688807869910320e+01
3.227510689051242565e+01
3.124233144423117281e+01
3.157320132596848694e+01
2.931693378608760270e+01
3.228965635447104177e+01
3.118875678215990277e+01
3.332382697393305904e+01
3.100710885977024489e+01
2.937516421914840237e+01
2.991485185326307672e+01
3.385051774298114680e+01
3.105096629286198251e+01
2.965852202384538217e+01
3.306021268423866388e+01
2.978282378989639767e+01
3.193496758185131412e+01
2.946355619672677051e+01
3.106042875974498685e+01
3.111673008008789765e+01
3.062812402236864529e+01
3.029571508572894700e+01
3.122509588627971056e+01
3.094321168635407915e+01
3.269677262292305642e+01
2.914257943611188395e+01
3.244924744882685275e+01
3.147040619824269925e+01
3.303274223299667511e+01
3.221304670652092028e+01
3.271541925484568480e+01
3.152748516587142547e+01
3.065121138458386696e+01
3.217843773997656598e+01
3.057162001603211365e+01
3.115805634106087751e+01
3.206925193910944216e+01
3.241733041238978785e+01
3.169709070582640464e+01
3.253655129290562087e+01
2.992267706167042718e+01
3.400982649142110148e+01
2.991485185326307672e+01
3.170907945191941124e+01
2.996890577905636377e+01
3.036065835596239992e+01
3.074484316151600538e+01
3.210835529434940838e+01
3.127513542604096486e+01
3.202263224664316255e+01
2.955606847407116078e+01
3.152730789460899885e+01
3.119320020680917693e+01
3.360314770782480309e+01
3.102599318346924662e+01
2.905201896227330494e+01
3.038222804932583543e+01
2.998211620571153802e+01
3.060166618926474413e+01
3.293137326283396504e+01
3.017662259776889044e+01
3.009202626796574620e+01
3.017439531157273080e+01
3.177020264855688936e+01
3.036953443922412887e+01
3.043651237091759398e+01
3.108979598050412108e+01
2.980709091057307347e+01
3.104695547048720528e+01
2.988568167699576961e+01
3.071688807869910320e+01
3.029947567063573644e+01
3.052470193896058959e+01
3.008521193984952902e+01
3.152945542014536784e+01
3.065793952533100963e+01
3.079251640114041066e+01
3.093202761677385482e+01
3.158953274422908919e+01
3.211505532616467207e+01
2.960076462227074501e+01
2.955211079354639381e+01
3.040435905113912796e+01
2.955326726265820625e+01
3.091244888882368613e+01
3.107050550181952531e+01
3.104732778991352404e+01
3.324780529517789773e+01
3.116830957568115679e+01
2.996919403918730396e+01
3.029883170536731996e+01
3.107168447577769754e+01
3.125260873601608225e+01
3.152542868078144522e+01
3.128338746722830166e+01
3.000175769366028078e+01
3.271371779986298378e+01
3.144977622342686630e+01
3.086296773355966039e+01
3.209584795896917342e+01
2.962526853417088546e+01
3.038222804932583543e+01
3.262134292810056024e+01
3.148772814247720930e+01
3.240339930834841908e+01
3.089010532867564152e+01
3.217791230873292108e+01
3.036715620503811053e+01
3.110526058476704492e+01
2.988389063506344812e+01
2.947827641382568942e+01
2.936839939075809269e+01
2.934170775979158918e+01
2.980709091057307347e+01
3.180961478056936897e+01
3.012191391701206555e+01
3.122364605992391517e+01
3.083261789710011413e+01
3.199711881357152521e+01
3.035556764209302472e+01
3.007124796332537642e+01
3.242130492083141036e+01
3.073878950730223991e+01
3.234287250629400035e+01
2.978059174785752816e+01
3.054534181768876877e+01
3.205611601170428315e+01
2.958648391535142252e+01
3.185507242937085337e+01
3.086611822326060661e+01
3.081151830089120480e+01
3.226060796858303803e+01
3.232665423188717568e+01
3.362098125978684493e+01
3.238621288581451552e+01
3.096633525757628291e+01
2.987927036364476052e+01
3.239734971024784471e+01
3.027923403643098155e+01
3.219303824033270445e+01
3.190305647812958867e+01
3.211236819608612336e+01
3.042776959277460591e+01
3.011891397834612505e+01
3.150319177497192413e+01
3.091197840730841762e+01
3.151646355030617741e+01
2.893515185108891430e+01
2.980199215762836573e+01
3.083983202002738722e+01
3.015766436983096455e+01
3.049601309709830232e+01
3.200359723480809038e+01
3.149243783725036749e+01
3.097843307187367046e+01
3.073739193780812329e+01
3.019895411366787741e+01
3.236426836046694433e+01
3.004656967590264927e+01
3.217843773997656598e+01
2.971227867722063465e+01
3.079721067455018257e+01
3.064613263838892010e+01
3.177174398865112792e+01
3.100154525165052277e+01
3.189431861259567214e+01
3.157578887123642986e+01
3.086401472995930817e+01
3.072204537918938883e+01
3.213901855812720498e+01
3.005296540463610810e+01
3.027373786527752841e+01
2.906860533942301572e+01
2.943816881490232973e+01
2.953275972397991112e+01
3.062282612648560587e+01
3.070809079171178269e+01
2.922619824912784026e+01
3.157849929125843857e+01
2.988669077645933925e+01
3.119975771717336954e+01
3.159298831469317292e+01
3.019250103616154846e+01
3.038910788198480617e+01
3.107304763647584167e+01
3.193201615738390231e+01
3.036949479777829097e+01
3.138041116719561074e+01
2.926173770514378703e+01
3.091743832506240608e+01
3.233373211965084693e+01
3.242289338066624538e+01
3.026390037342659767e+01
3.071484156270905075e+01
3.190385586144742547e+01
3.091127930756827524e+01
3.113420600250982417e+01
3.132201106525305079e+01
3.063940812026953608e+01
3.192134117251551828e+01
3.099027034780808876e+01
3.171132114445656924e+01
3.112551756662935176e+01
2.961812231698655395e+01
3.165963730816826782e+01
3.249999643323587151e+01
3.173473825299866746e+01
3.077051578655580144e+01
3.043573829455787561e+01
3.141482740605018265e+01
3.026757671259924365e+01
3.004306820476237405e+01
2.921438109305658770e+01
3.036222017948999152e+01
3.076630212626736594e+01
3.010873688387054870e+01
3.027391706317712661e+01
3.133926404910663521e+01
3.013489901591804809e+01
3.072794557998905063e+01
3.082301693983771429e+01
3.094321168635407915e+01
3.270382200779233273e+01
3.316603826606505834e+01
2.985094529495749072e+01
3.269007707965284482e+01
3.125025922140869739e+01
3.118790672833135247e+01
3.121710362145807238e+01
3.011385663218840847e+01
3.210559293018692983e+01
3.027124416608608470e+01
3.058322885845448980e+01
3.075329978419820876e+01
3.178725113575842443e+01
3.083531176517733030e+01
3.227801462794480614e+01
3.051847362449272438e+01
3.337457735517482860e+01
3.386053178440364064e+01
3.026805982283998020e+01
3.058531804834407097e+01
3.048297659977162866e+01
3.124036597019605210e+01
3.109667133704041575e+01
3.208444947788346013e+01
3.359254101182055763e+01
2.828999311259127580e+01
3.075119643315299811e+01
2.860767594962743843e+01
3.192818155794470414e+01
3.096171513790764962e+01
3.034537125336176544e+01
3.300905028372569916e+01
3.353552903299728882e+01
3.025362142037648638e+01
3.120788502774258433e+01
3.055924639123096398e+01
3.058673728431367778e+01
3.241783255110571815e+01
3.109435136426246515e+01
3.058666194091622970e+01
3.009312146620213824e+01
3.113963699532520835e+01
3.124192235650128779e+01
3.115660362771941294e+01
3.180725060483943523e+01
2.985665184240948378e+01
2.955606847407116078e+01
3.084861840381141818e+01
3.051884576062138876e+01
3.211101973371952312e+01
3.072204537918938883e+01
2.858280957365697716e+01
2.989969963720755786e+01
3.139785597984880638e+01
3.031031018284527434e+01
2.909865110314864722e+01
3.061281047770383523e+01
2.908189264114132655e+01
3.188337419284739838e+01
3.037967503030645844e+01
2.983749238662057124e+01
3.165126290320855063e+01
3.161619090387097586e+01
3.031305581008600214e+01
3.064777104586507406e+01
3.132006795787632569e+01
3.224885691707488178e+01
3.226622715589567036e+01
3.270994047808331828e+01
3.161795996514044305e+01
3.099830780826012955e+01
2.998078749815373456e+01
3.248435219796235174e+01
3.040031094802181144e+01
3.189456804334706064e+01
3.080164403895867409e+01
3.097731156561695443e+01
3.044511440926221368e+01
3.203367129713648609e+01
3.032934666226092801e+01
3.013032235108614998e+01
3.047539317078724963e+01
3.137091117575575083e+01
3.027895762407890601e+01
2.940097469834184807e+01
3.314778196768212126e+01
2.945308415977913441e+01
3.140724956542760182e+01
3.100680598318000136e+01
3.044334983567270925e+01
2.996890577905636377e+01
2.921384801777453433e+01
3.214613293040303432e+01
3.041986951755036017e+01
3.072059516707264137e+01
3.095713014944027464e+01
3.243601368406978480e+01
2.977725578419267194e+01
3.089474803789374846e+01
3.129507444928038495e+01
3.193870650801576971e+01
3.272793346275271631e+01
2.986699943660218182e+01
3.145991745287109254e+01
3.188521922424578037e+01
3.028385962382676411e+01
3.171091294615749234e+01
3.084914777800740993e+01
3.064321624488688656e+01
3.132479727435913119e+01
3.012990340644789811e+01
3.003875691918012691e+01
3.138819363358268077e+01
3.080601936242321415e+01
3.162515623113308294e+01
3.107490442935569419e+01
2.954403475245733190e+01
3.219488969035685244e+01
3.070951290561400882e+01
3.177331375182742335e+01
3.129476888965680104e+01
3.244414397256914384e+01
2.977739489372198989e+01
3.003466084376227840e+01
3.027463931483388038e+01
2.856060338132067145e+01
2.996916943755255147e+01
3.128516134176901886e+01
3.191008706557600050e+01
3.089385833914341006e+01
3.111590070712485101e+01
3.177331375182742335e+01
3.071484156270905075e+01
2.989740273804416759e+01
3.081171459792994582e+01
3.231549615898190098e+01
2.958642301867105218e+01
3.078168590128014870e+01
2.968434822183838762e+01
3.162131186409246553e+01
3.190830415070152881e+01
2.966359519860681004e+01
3.087194101595132167e+01
3.125291393476848611e+01
2.955211079354639381e+01
2.898145045042306478e+01
3.132616125264047824e+01
3.099406181827006890e+01
3.105689820577308780e+01
3.102707206893891367e+01
2.981337324376560716e+01
2.929834251227994102e+01
3.192300267413720150e+01
3.035814275635222970e+01
3.123068314474895502e+01
3.119100646087956363e+01
3.029981832108531847e+01
3.088033924597975144e+01
3.142512718172860176e+01
2.965743337966608095e+01
3.024396596155430572e+01
2.975733087488064754e+01
3.207737572595007691e+01
3.122408689861598674e+01
3.254776517183994144e+01
3.133312548063773306e+01
2.916439803016284316e+01
3.029067236922944772e+01
3.214472928706548771e+01
3.076786492752656699e+01
2.988498247246682737e+01
3.045014709802917707e+01
2.981042558906735351e+01
3.068855957057006023e+01
3.067356403972244649e+01
3.145391349441785422e+01
3.135571970290894583e+01
3.095616073259407486e+01
3.216145796377756483e+01
3.067286088372418007e+01
2.909262648150025043e+01
3.001746986351164281e+01
3.040123515425503342e+01
3.353949764595827787e+01
3.200493786773792237e+01
3.060574130129240800e+01
3.128962367098744224e+01
3.246976619139232412e+01
3.138080314945996108e+01
3.188215327363941043e+01
3.146493264591084937e+01
3.195017787488135852e+01
3.296621237981037211e+01
3.208444947788346013e+01
3.153490916634224561e+01
3.180347387729567998e+01
3.109932147559327476e+01
3.148731081323960979e+01
3.142692154800642612e+01
2.997472798319514098e+01
3.290054218484860371e+01
3.058696837608520980e+01
3.121901806961276193e+01
3.055282092627811963e+01
3.104732778991352404e+01
3.255654756307520614e+01
3.159349834353477249e+01
3.133596229804240707e+01
3.062899537951751583e+01
3.154827781988053914e+01
3.138247942312221284e+01
3.170359983224548373e+01
3.123976832933778525e+01
3.084406948429176865e+01
3.026422090966378775e+01
3.190305647812958867e+01
3.148042500966150570e+01
2.949847334243814245e+01
3.118523050767911542e+01
3.267924511356773110e+01
3.169792830363280700e+01
3.119342903155553159e+01
3.040692799026712478e+01
3.090659339419210383e+01
3.118027021191088721e+01
3.324383425708138162e+01
3.143648086792761021e+01
3.192583441198092942e+01
3.122921605266936496e+01
3.268249917178301445e+01
2.943900243706712416e+01
3.083983202002738722e+01
3.061808715812181703e+01
3.080551618315994844e+01
3.033837583781267710e+01
3.192818155794470414e+01
3.039876356184313622e+01
3.010705795384654238e+01
3.041149690495916147e+01
3.117601950300337421e+01
3.239734971024784471e+01
3.110080440175695315e+01
3.061241915862265017e+01
3.173742193982036497e+01
2.946981630391368867e+01
3.024739892317493073e+01
3.314150550424544406e+01
3.145486828090535170e+01
2.977843672854951507e+01
3.077438308387887389e+01
2.910930339594461458e+01
3.218409846153829790e+01
3.042986528954386571e+01
3.063789895157871257e+01
3.028524083526220068e+01
3.188517791327484829e+01
2.987556005591068242e+01
3.048217415797144980e+01
2.938083276920069054e+01
3.148683989009429851e+01
3.046369423388950892e+01
3.261872178050268190e+01
3.228733371990507806e+01
3.007201554027109225e+01
3.053415061810349584e+01
3.041134583147793435e+01
3.051147816063519969e+01
3.017439531157273080e+01
3.160495960260604065e+01
3.329265391458524448e+01
3.217023060332376616e+01
2.946981630391368867e+01
3.382186765916721782e+01
3.163172682165249228e+01
3.066265976203410659e+01
3.004656967590264927e+01
2.958808477527119507e+01
3.152703241199424156e+01
3.167763861943871362e+01
3.003463831832496567e+01
3.303828669422236430e+01
3.175409838485781222e+01
3.111639775355592974e+01
3.137194155023597375e+01
3.029728254862186176e+01
3.260163780701333991e+01
3.210939758298557223e+01
3.107095802006154273e+01
2.980795766202144748e+01
3.080701734365493039e+01
3.089876568188576655e+01
3.186119882312429397e+01
3.090864500721686525e+01
2.960486558014469693e+01
3.318211460044805960e+01
3.310382409114808411e+01
2.988519117917799051e+01
3.196876909393228772e+01
3.121863195039604477e+01
2.945308415977913441e+01
3.031736336290904177e+01
3.389243351966167239e+01
2.973507317137372041e+01
3.027637298952339862e+01
3.114891074595912812e+01
3.051608189410816507e+01
3.156232655737714055e+01
3.114920737830334119e+01
3.162890228129111136e+01
3.137013276225752989e+01
3.176491123827493013e+01
3.109786697298716973e+01
3.136274517693300012e+01
3.033289976693248136e+01
3.236855145106638787e+01
2.937444519861614722e+01
3.362513297896765607e+01
3.170097060055198668e+01
3.066848525219794652e+01
3.111444638732310253e+01
2.991184666339879783e+01
3.128057325351356255e+01
3.081915895518421777e+01
3.017580364736743803e+01
3.148386647317936493e+01
3.330107016110853380e+01
3.020072393554192658e+01
3.074563183690105106e+01
3.268709841059279597e+01
3.058513605007881608e+01
3.185034718406566867e+01
3.024396596155430572e+01
3.041759787786248381e+01
3.113715537722597659e+01
2.989884386836830643e+01
2.902233247242910608e+01
3.080164403895867409e+01
3.098672522903320825e+01
3.174653852869717596e+01
3.213100398574137273e+01
3.116830957568115679e+01
3.314439130934788835e+01
3.130169994578164605e+01
3.049401920554312184e+01
3.013874178773116697e+01
2.952654485550760910e+01
3.070550808148888322e+01
3.094640073895913090e+01
3.053080625468020415e+01
3.115357333000754636e+01
3.156092537449977087e+01
3.044706497856375194e+01
3.021682557885631226e+01
3.071601489290429399e+01
3.148115658268611838e+01
3.022685684624214275e+01
2.986991786912112801e+01
2.885620177158908106e+01
2.885729922335696074e+01
3.127513542604096486e+01
3.192134117251551828e+01
3.147333008932410081e+01
3.223194641741037003e+01
3.076615627434378197e+01
3.103755124932952469e+01
3.041192165153050198e+01
3.167374966479614784e+01
3.076030690623296593e+01
3.058230022891249789e+01
3.345014084860234505e+01
3.182389471525769054e+01
3.122245952643086753e+01
3.244342397409655376e+01
3.006862635454584876e+01
3.060574130129240800e+01
3.048931262221223193e+01
3.176894828084242661e+01
3.184178825625022569e+01
3.288926885719688897e+01
2.918927991998473104e+01
3.218210070840322601e+01
3.070105550975706166e+01
3.148277646967391519e+01
3.100994329689807927e+01
3.135008016533488018e+01
2.970373979057911029e+01
3.073498469868624028e+01
3.114645713484937062e+01
2.975389581665571725e+01
3.056636287371120630e+01
3.165118569589802178e+01
2.950789412944840961e+01
3.185587681216020428e+01
3.166272331270462814e+01
3.249546405549588002e+01
2.977301327395192487e+01
3.129476888965680104e+01
3.081310230116271853e+01
2.945918195367210757e+01
3.129016471765104512e+01
3.113583698436857006e+01
3.149628826395169412e+01
3.025740872130197801e+01
2.898569349028508313e+01
2.951842378847916137e+01
2.966236503173184502e+01
3.074113152167704399e+01
3.047323698536873593e+01
3.113572692812626386e+01
3.136274517693300012e+01
3.051505166513991796e+01
2.960419812367006642e+01
2.986089641772553094e+01
2.896111369649306866e+01
3.098833996400551527e+01
3.119920113141546381e+01
2.985488612653121265e+01
3.153062882903988395e+01
3.262625561736767565e+01
3.157698645495959155e+01
3.009369774341185177e+01
3.212546304283349485e+01
3.304954839740839390e+01
2.962526853417088546e+01
3.227510689051242565e+01
3.091657517131192989e+01
3.084139053344565795e+01
3.190077102522168317e+01
3.296235460194680655e+01
3.078401563080296910e+01
3.034685275904812940e+01
3.033935965677791202e+01
3.343914617882280993e+01
3.137091117575575083e+01
3.026756787283633798e+01
2.997249288843168813e+01
3.086018300265251213e+01
3.044272051725488737e+01
3.182389471525769054e+01
3.084082905977169986e+01
3.256293287151143545e+01
3.141374046995308333e+01
3.086919988134716775e+01
3.020003903962002667e+01
3.276176932834072630e+01
3.141084943155060571e+01
3.095545596656564413e+01
3.065289630262046572e+01
3.294584217977823215e+01
3.245996727927780512e+01
3.215257360956594113e+01
3.038035903828414774e+01
3.075782744702444305e+01
3.303473026591430539e+01
2.992703519240029308e+01
3.116733387295294833e+01
2.959499509595628197e+01
3.126856697829074605e+01
3.158353641346769436e+01
3.246682057762151885e+01
3.124701535979484746e+01
2.897889368161024137e+01
3.014525442901260632e+01
3.054897715905958577e+01
3.094640073895913090e+01
3.120689458564954322e+01
3.003875691918012691e+01
2.989578541821203927e+01
2.981042558906735351e+01
3.188804909245535413e+01
3.159584021527816944e+01
3.110598991275256964e+01
3.314778196768212126e+01
3.178806819464748301e+01
2.936289956494405118e+01
3.106316465666093407e+01
3.121736934858613921e+01
3.033721880525694559e+01
3.311984637568664880e+01
3.253843727970681954e+01
3.103005105175675027e+01
3.072605403824389825e+01
3.182067165596373925e+01
3.169383892849283768e+01
3.121190694039126257e+01
3.108657505314712921e+01
3.159349834353477249e+01
3.143201491179459950e+01
3.230669744327262549e+01
3.089784072952252814e+01
3.300347675395612868e+01
3.127038769060464674e+01
2.887209636962399983e+01
3.116779406623486182e+01
3.188373579597276830e+01
3.206242939689479954e+01
3.005287146071635718e+01
2.995726293880412783e+01
3.026422090966378775e+01
3.053357406513863737e+01
3.051513998795273608e+01
3.064190106147048809e+01
3.037143115183278042e+01
3.018027225628348020e+01
3.105363623420098662e+01
3.138647323075040774e+01
3.183037122885662029e+01
3.061814214863952088e+01
3.189066080561592287e+01
3.153346436792632446e+01
3.135550561998300623e+01
3.090761052409110476e+01
3.065153564446697132e+01
2.952922020592076180e+01
3.014803445862300890e+01
3.068411683553565439e+01
3.276769593156387828e+01
3.157427680485584176e+01
3.086639296627808093e+01
2.938118775816636230e+01
3.092924972687841390e+01
3.470248981442000513e+01
3.021600479298576758e+01
3.100148700180694306e+01
3.113804200307539105e+01
3.163632532984654588e+01
3.185261708351874432e+01
3.096846800727253779e+01
3.040975133297187227e+01
3.159285766088577319e+01
2.952913803885363819e+01
3.066032809076227039e+01
3.132515447040180590e+01
3.100728651637484745e+01
2.951842378847916137e+01
3.047615199716652157e+01
3.279686573947977735e+01
3.131946246157720992e+01
2.959091023338751469e+01
3.081495218423981441e+01
2.987324318299428327e+01
3.114805688585335730e+01
3.066721447187696725e+01
3.075349607888914605e+01
3.306652564368380354e+01
3.131433724209923852e+01
3.179374297222724977e+01
3.047566594317083499e+01
3.029452552026689816e+01
3.105096629742659786e+01
3.083022338276253294e+01
3.098152947065532814e+01
3.080526687152523380e+01
2.958790092037146735e+01
3.105074977489553945e+01
3.290620715895667558e+01
3.188830556177907738e+01
3.050012561570246561e+01
2.951258228790716842e+01
3.180489781575619901e+01
3.204322571419814381e+01
2.977512860543550843e+01
3.055672031402768596e+01
3.331981274291300821e+01
3.102867814596599771e+01
3.160583003414428660e+01
3.068421928012467959e+01
3.284199882370358381e+01
3.117601950300337421e+01
3.180110854075680749e+01
3.221402321621726372e+01
2.858280957365697716e+01
3.362513297896765607e+01
3.057348669755431203e+01
2.966031855053396527e+01
3.036930301578111369e+01
2.994422263006824991e+01
2.939199036021998168e+01
2.971085727976240776e+01
2.994405804653288783e+01
3.104695547048720528e+01
3.031280892696244322e+01
3.117432719288990839e+01
2.940097469834184807e+01
3.481518998806428300e+01
3.181558417485472035e+01
3.054302065620912643e+01
3.011469347691183529e+01
3.051921930644912706e+01
3.021574738685351846e+01
2.983641589471611510e+01
3.205125909244596727e+01
3.043739560504197073e+01
3.145817731203376511e+01
3.037143115183278042e+01
3.023361361245676093e+01
3.062493822206004523e+01
3.196165254881004003e+01
3.056213275172812160e+01
3.111639775355592974e+01
3.121736934858613921e+01
2.935698837126972194e+01
3.159764900906885288e+01
3.131138094585593024e+01
3.133596229804240707e+01
3.175958740511696732e+01
3.092979484786715361e+01
3.119948681158312453e+01
3.336148442477496445e+01
3.056371807185916012e+01
3.138564929777930246e+01
3.021006664231700967e+01
3.305658069183528625e+01
3.022839834848311824e+01
2.984365560345345258e+01
3.021682557885631226e+01
3.204840753317407120e+01
3.139931148102446201e+01
3.099997233283879794e+01
3.031031018284527434e+01
3.078666504769361367e+01
2.987301758747976876e+01
3.214876418873767960e+01
3.159698057094976065e+01
3.171953604112578518e+01
3.155423843799156458e+01
3.260180242040888743e+01
3.016507693367399767e+01
2.986372257047688450e+01
3.051080597766183189e+01
3.210835529434940838e+01
3.067100553052828715e+01
3.117433278119361262e+01
3.142107309142608784e+01
3.119752977679194217e+01
3.004718932880908966e+01
3.282887881664409235e+01
2.992216681346247142e+01
3.308825203634442857e+01
3.130509942175334359e+01
3.138629894818721411e+01
3.026610586583520757e+01
3.195418058848732912e+01
3.117433278119361262e+01
2.981555583422738565e+01
3.111960504041580222e+01
3.130534437999832420e+01
3.098760525455116266e+01
3.024898947882675770e+01
3.192881534081207207e+01
2.989539002281667734e+01
3.070105897760460678e+01
3.047670008067046510e+01
3.011350372997286939e+01
3.005807863019196802e+01
3.086122798910473009e+01
3.190471411945058477e+01
3.089232142684859994e+01
3.330425488829330050e+01
3.064777104586507406e+01
2.967957448699869616e+01
3.127998846971096469e+01
3.157063746160646289e+01
3.014395290583377829e+01
2.983526641993632111e+01
2.974375946786454250e+01
3.085774968083116931e+01
3.191932838745363910e+01
2.922663290336586073e+01
3.023031059776769780e+01
3.073738981618352639e+01
3.100520234567514777e+01
2.983929478350720643e+01
3.105783750672213728e+01
3.058453636115894270e+01
3.139931148102446201e+01
3.201947156196596467e+01
3.091921155549059819e+01
3.043739560504197073e+01
3.053715383724581045e+01
3.079538052830048755e+01
3.125508899594126788e+01
3.157892590462684623e+01
2.911833478335961090e+01
3.084273148852280855e+01
3.242248308191227579e+01
3.067605333969878245e+01
3.179154411955105175e+01
3.291229410800283972e+01
3.104104433687232500e+01
3.283335268409527430e+01
3.107889755742252191e+01
3.115830176910560567e+01
2.952051284979388868e+01
3.307327169293784408e+01
3.026247653785149438e+01
3.121304561725619919e+01
3.142549860005264151e+01
3.135528400250082726e+01
3.121904761171411735e+01
2.986914123004384081e+01
3.043060466568616818e+01
3.142270239086950312e+01
3.125503005098804366e+01
3.135439246505848843e+01
2.917070998828487660e+01
3.010389417140736157e+01
3.148974591484816798e+01
3.058956131977995696e+01
3.183225729628892253e+01
3.130002192373546777e+01
3.067208660845264490e+01
3.072967011864754028e+01
3.202479176563667806e+01
3.031816531364312794e+01
3.196630919318386077e+01
3.077902205109347022e+01
2.998019813177898385e+01
2.999204432325600678e+01
3.008286948704175501e+01
3.193278531454580360e+01
3.008787231228407677e+01
3.306790711100109803e+01
3.119020461581598624e+01
3.140794732556675939e+01
3.111639775355592974e+01
3.407521391204651451e+01
3.053795940766659811e+01
3.054688452527900822e+01
3.038805865405819517e+01
3.083720251163330417e+01
2.916439803016284316e+01
3.247066198865353925e+01
3.031621073567356817e+01
3.109404927565259413e+01
3.102464120348236776e+01
3.096909616788852304e+01
3.096258311034676325e+01
3.027680249245404198e+01
3.149523960683384871e+01
3.084139053344565795e+01
3.291004352627298601e+01
3.118715277282764831e+01
3.111444638732310253e+01
3.310382409114808411e+01
3.088001468635705038e+01
3.093202761677385482e+01
2.992716986941287516e+01
3.046918899836615680e+01
3.073026478950808382e+01
2.987352182219694186e+01
3.132350812262138362e+01
3.237398411067215420e+01
3.077055388106565204e+01
3.167927825717724133e+01
3.077412919882066689e+01
3.109667133704041575e+01
3.150946679371280013e+01
2.968777836789526958e+01
3.092787486385088513e+01
2.981279735434731393e+01
2.921717203071704816e+01
2.941277927226535738e+01
3.254432186094217627e+01
3.223112410958638918e+01
3.162038430413003454e+01
3.320027185997421526e+01
3.188521922424578037e+01
3.077891433064636217e+01
2.960324006175668998e+01
3.041756577612678569e+01
3.021925766357856702e+01
2.971283782204210411e+01
3.004596756205242869e+01
3.159051470627488811e+01
2.913541173483692859e+01
3.042500847296660993e+01
3.102464120348236776e+01
2.994411803817730444e+01
3.264012933317534504e+01
2.924293285639662088e+01
2.995180104405115529e+01
3.039706019947043814e+01
3.227865988992903112e+01
3.022721301548448025e+01
3.131221776231142329e+01
3.105680656255993100e+01
3.051698455890231543e+01
3.181753258637532866e+01
3.212071613189644381e+01
3.065346527418855516e+01
3.119319344276828687e+01
2.984779722807265756e+01
3.045589453997722273e+01
3.183045350599097034e+01
3.158386909650067764e+01
3.208426148764122843e+01
3.191866518669408492e+01
3.075349607888914605e+01
3.077551959052593844e+01
2.962415572277789266e+01
3.284662845097772532e+01
3.075725827177158322e+01
3.053343832252805257e+01
3.119497734619781681e+01
3.088900758439996252e+01
2.988519117917799051e+01
3.240339930834841908e+01
3.021117583770562476e+01
3.029958005628627760e+01
3.191983403927844520e+01
3.262614114859422898e+01
3.076615627434378197e+01
3.126859307747045236e+01
3.103798750067587875e+01
2.969462544041230245e+01
3.040747897982278403e+01
3.113804200307539105e+01
3.065895960560197153e+01
3.108080868824857745e+01
3.368106273773952353e+01
3.094447387707488062e+01
3.008762480097838576e+01
3.230618933224094746e+01
2.986372257047688450e+01
3.126779434687264470e+01
3.112716236148179760e+01
2.945282279730987440e+01
3.237794567710156457e+01
2.967119162241028363e+01
2.962047859546751383e+01
3.052013915275275480e+01
2.972912106713647873e+01
3.180757392313844534e+01
3.027942640957616049e+01
2.943286389302730299e+01
2.968963725006904397e+01
3.050184004913848312e+01
3.055346565772564560e+01
3.185150406745699669e+01
3.078643465673650681e+01
3.069100725300146593e+01
3.158927839434608487e+01
3.004031226935357424e+01
3.041595512583734262e+01
3.163494303932867879e+01
3.210674520729288872e+01
3.083211951267135476e+01
2.897265148561228898e+01
3.059191490965826432e+01
3.093727130892965249e+01
3.171216377506012662e+01
3.205503792943712682e+01
3.091123037188211953e+01
3.019250103616154846e+01
3.076720152499227368e+01
3.115055359511045197e+01
3.066630168070642526e+01
3.217595393733250830e+01
2.927310925672514585e+01
3.161401681692604626e+01
3.126839199156412974e+01
3.066238838670510702e+01
3.098885484582012140e+01
3.338268810196050396e+01
3.008286948704175501e+01
3.092384185318577750e+01
3.353552903299728882e+01
3.238344512247723372e+01
2.982904668489215894e+01
3.038910788198480617e+01
3.156590322003528826e+01
3.092267169983986719e+01
3.164355335480510689e+01
3.067650671052760813e+01
3.005807463259687751e+01
2.897219371671952715e+01
3.073479050542064783e+01
3.161038920746140946e+01
3.043987645249964302e+01
3.210674520729288872e+01
3.116779406623486182e+01
3.196057493083874590e+01
3.217791230873292108e+01
3.142547315282975262e+01
3.042500847296660993e+01
3.013774537236195172e+01
3.120609402579716374e+01
2.966273695454122716e+01
3.093572471895860332e+01
3.032552228637547387e+01
2.972854949724309748e+01
3.171679480325799716e+01
2.980709091057307347e+01
2.988532415541446241e+01
3.053357406513863737e+01
3.209125376394480611e+01
3.083373642190688102e+01
3.100621333521694822e+01
2.983736790735217426e+01
3.037589638818524662e+01
2.896111369649306866e+01
3.142512705412832119e+01
3.085466058710401427e+01
