dec
-1.202903482712591732e+00
-1.174466104965917967e+00
-1.281479114466083313e+00
-1.225446015713404613e+00
-1.226181976782835026e+00
-1.251438099782759661e+00
-1.262233014525330876e+00
-1.211956676199068106e+00
-1.110626887609049263e+00
-1.123266607364092451e+00
-1.264517334481661148e+00
-1.072046627166199695e+00
-1.236593986054471905e+00
-1.252893593283376017e+00
-1.201287616796498536e+00
-1.203070949447721194e+00
-1.241113664717796272e+00
-1.220572468982740411e+00
-1.275620498129674374e+00
-1.207707726157576822e+00
-1.131990562509556320e+00
-1.132470813190375569e+00
-1.046471327417966446e+00
-1.257722252980910227e+00
-1.228946386180278960e+00
-1.282392303468355532e+00
-1.277209068432264338e+00
-1.269184464962394454e+00
-1.275813933372375253e+00
-1.233856151815803770e+00
-1.229448517492658155e+00
-1.216449245710841343e+00
-1.253260897421236475e+00
-1.134656713530607153e+00
-1.220261961787183491e+00
-1.218852084849933792e+00
-9.826934704606080651e-01
-1.271421178450097056e+00
-1.262781833092774697e+00
-1.202262076366917842e+00
-1.226836702375545318e+00
-1.252079948047369218e+00
-1.288108072910875368e+00
-1.238714711491737397e+00
-1.198499919466464281e+00
-1.257671774413481547e+00
-1.092693354575579257e+00
-1.237714865254092800e+00
-1.207107685176510792e+00
-1.225151474532778284e+00
-1.028108859171198652e+00
-1.262636391613294329e+00
-1.290099811625097459e+00
-1.284893619640922413e+00
-1.096903281387078266e+00
-1.280877165696660658e+00
-1.268075053007554853e+00
-1.280971400583585940e+00
-1.172374613326417681e+00
-1.023332546998178660e+00
-1.152574204039070516e+00
-8.956235630368576395e-01
-1.051420736503882125e+00
-1.276179124624178929e+00
-1.250533207810903491e+00
-8.877027130382733056e-01
-1.283948673902798987e+00
-1.113366003507871405e+00
-1.276192747193254373e+00
-1.273005624475429531e+00
-1.147540889952800125e+00
-1.092654759759362548e+00
-1.258637477601688648e+00
-1.297636133945719639e+00
-1.228108623098254082e+00
-1.104015915100005074e+00
-1.267363875100666171e+00
-1.261210884790606279e+00
-1.139391456661788649e+00
-1.278373920679806819e+00
-1.251208401026028483e+00
-1.201300124607285635e+00
-1.158923837437862758e+00
-1.184974256033898943e+00
-9.971760666889721847e-01
-1.249158377728761593e+00
-1.266899813986511525e+00
-1.042038521769240500e+00
-1.244795286551795943e+00
-1.148482278237290988e+00
-1.236985818725751418e+00
-1.188669765255135236e+00
-1.212015174180739230e+00
-1.272920273823830772e+00
-1.262466538400968119e+00
-1.065173156836645596e+00
-1.226019199461382048e+00
-1.281413707773893407e+00
-1.126260294340414525e+00
-1.093160370359127498e+00
-1.205894894976322185e+00
-1.203078514959139866e+00
-1.094002726060900432e+00
-1.256820543726775430e+00
-1.187979690373997421e+00
-1.184412549458782937e+00
-1.099942030115559799e+00
-1.252969077338299098e+00
-1.147913725778452410e+00
-1.253166282344400972e+00
-1.200051185829973832e+00
-1.265129311433768056e+00
-1.193118197133269831e+00
-1.239854289884122274e+00
-1.195854257161620637e+00
-1.279357686964211371e+00
-1.272997997238179746e+00
-1.104276833885831977e+00
-1.256046191956025293e+00
-1.266647470243746465e+00
-1.246206943783604082e+00
-1.037577025403269015e+00
-1.149363436884918155e+00
-1.262306019787570399e+00
-1.148955007801819583e+00
-1.223450194460565132e+00
-1.228001276509873563e+00
-1.227590749485539146e+00
-1.108342913375813144e+00
-1.241022069739543987e+00
-1.144741685267694820e+00
-1.154765522620016860e+00
-1.148322975812328117e+00
-1.102067504909195694e+00
-1.161060107616846970e+00
-1.241108831698221060e+00
-1.266795497976634266e+00
-1.256321056746779075e+00
-1.232198222488542605e+00
-1.251414186536440099e+00
-1.279611557850587111e+00
-9.174760134132440292e-01
-1.270631138454473508e+00
-1.219073677214838725e+00
-1.254248338257637041e+00
-9.776544931110922043e-01
-1.237223252678965046e+00
-1.083550525056685920e+00
-1.186692927618075988e+00
-1.149571172627170679e+00
-9.154962779640962722e-01
-1.095190169558830195e+00
-1.162825601111658003e+00
-1.245388462511229921e+00
-1.283850223945893543e+00
-1.261760312772596482e+00
-1.264553893496910497e+00
-1.198059027954644140e+00
-1.225050584777830132e+00
-1.080810086111023249e+00
-1.149172042642483405e+00
-1.145982341727350917e+00
-1.218734513134074327e+00
-1.177604291632546651e+00
-1.012083432915276138e+00
-1.264124468355335651e+00
-1.240088357729108193e+00
-1.227520595688638139e+00
-1.239065266368491347e+00
-1.235909462099327172e+00
-1.265240653443186147e+00
-1.123978319839960438e+00
-1.137618825939941569e+00
-1.203927473303571638e+00
-1.253675692765142902e+00
-1.273778719121973158e+00
-1.227706593021133941e+00
-1.116763307435907571e+00
-1.270446155578448977e+00
-1.244723370152685415e+00
-1.274048498992702338e+00
-1.167805055405135572e+00
-1.290475441486893082e+00
-1.180542678305059656e+00
-9.744476723644694971e-01
-1.220152783644725236e+00
-1.203247516512476967e+00
-1.279053343393506736e+00
-1.247340260584665739e+00
-1.180764985756477703e+00
-1.224505683310615822e+00
-1.126272211962483727e+00
-1.088420976421215602e+00
-1.254238682700612451e+00
-1.207219069408018708e+00
-1.165686355387779649e+00
-1.230224747862365131e+00
-1.255418948246589395e+00
-1.223389381748329896e+00
-1.111815565039044440e+00
-1.235746647650186603e+00
-1.231340232609584362e+00
-1.221851697192277708e+00
-1.090383214509003107e+00
-1.136637245201023827e+00
-1.250891965400487305e+00
-1.194015725076253087e+00
-1.040680534381883238e+00
-1.230179959265688350e+00
-1.212016679675576025e+00
-1.010985299578286867e+00
-1.085193175978318880e+00
-1.216476760146048886e+00
-1.219643877337650562e+00
-1.249410942863343976e+00
-1.275698939412261979e+00
-1.118420360923155332e+00
-1.269212086145315777e+00
-1.283339194128966021e+00
-1.083396232758105260e+00
-1.260482883180749081e+00
-1.212682281808756812e+00
-9.150664769293297418e-01
-1.276977863108235134e+00
-1.245762308157885467e+00
-1.049700374703622874e+00
-1.020114089714700523e+00
-1.089121726845260874e+00
-1.146702538327121434e+00
-1.251036384894846254e+00
-1.216649372936795537e+00
-1.285071282406601512e+00
-1.174271102810530820e+00
-1.266385079722039286e+00
-1.050181933398246059e+00
-1.201902533163199394e+00
-1.221937932525636317e+00
-1.144678804502824221e+00
-1.257361987901874478e+00
-1.243683275912388364e+00
-1.280572583903290429e+00
-1.228193976707636192e+00
-1.091614803222697105e+00
-1.225888032314738307e+00
-1.115770617160015021e+00
-1.135995882087209363e+00
-1.033879349546668269e+00
-1.209750928677889359e+00
-1.265859230066621599e+00
-1.232678947861681529e+00
-1.287207591209931223e+00
-1.164768337980508051e+00
-1.241284156844134845e+00
-1.205674623650697441e+00
-1.176509730022005318e+00
-1.257884719306636256e+00
-1.160473023825163263e+00
-1.271766356150417998e+00
-1.169221278173490752e+00
-1.288079348317447970e+00
-1.236399599240402658e+00
-1.255776502056475508e+00
-1.063629085974258537e+00
-1.264007996946433288e+00
-1.158772563717804793e+00
-1.286246553244233759e+00
-1.157208372750180292e+00
-1.230522930857953057e+00
-1.266608023658830184e+00
-1.147808364895103850e+00
-1.272333410954941346e+00
-1.182840448453258198e+00
-1.275455821113832044e+00
-1.262776519260587094e+00
-1.189153166464953504e+00
-1.126369194298492360e+00
-1.261701875176575616e+00
-1.182976644247563325e+00
-1.243245192789962150e+00
-1.240508680318255230e+00
-1.146461617180781101e+00
-1.255757847599520804e+00
-1.232108685795567204e+00
-1.231218762155026347e+00
-1.262957362470399580e+00
-1.300432391518618225e+00
-1.153494320821085939e+00
-1.191315445128534378e+00
-1.257090208361598460e+00
-1.188156996351745320e+00
-1.161436885955391851e+00
-1.189744171091753788e+00
-1.273904582043415612e+00
-1.255927231535217015e+00
-1.187725897759270399e+00
-1.233535732260119477e+00
-1.251403173070390284e+00
-8.719717243103186632e-01
-9.779712831051394772e-01
-1.262324813130060619e+00
-1.064764253588589060e+00
-1.229644870586489080e+00
-1.150487160648266727e+00
-1.211411704678603929e+00
-1.279753647185917664e+00
-1.277927596687649991e+00
-1.256745656565507296e+00
-1.021432243002234230e+00
-9.392346036131535847e-01
-1.166254086867608120e+00
-1.100522011847463233e+00
-1.234892483855266843e+00
-1.224201967231546284e+00
-1.227853907084642593e+00
-1.263152945788970971e+00
-1.190534683582100239e+00
-1.189280252206819100e+00
-1.197414852109310424e+00
-1.272705111555470836e+00
-1.255084956155989140e+00
-1.257320234431995143e+00
-1.131494593902098167e+00
-1.220957631239264263e+00
-1.169248091276550383e+00
-1.212670364636761366e+00
-1.092397923201539722e+00
-1.120601514662247666e+00
-1.265437066684182987e+00
-1.187977296978384611e+00
-1.174519153274071748e+00
-1.166694033005312825e+00
-1.275416252355465296e+00
-1.269464220796411968e+00
-1.279412200880288619e+00
-1.272984013120309843e+00
-1.110836368676138886e+00
-1.041540738188340587e+00
-1.270462017616528438e+00
-1.262383868576079315e+00
-1.232537571758595796e+00
-1.214663228619514257e+00
-1.155961871571912436e+00
-1.183637076078488448e+00
-1.130713675300822896e+00
-1.259774450177504335e+00
-1.276858113728233768e+00
-1.255681124152917771e+00
-1.072136364657444219e+00
-1.151431141746811271e+00
-1.116788097356441245e+00
-1.265408023957401706e+00
-1.240240721728398388e+00
-1.295339477643590698e+00
-1.257175255182459317e+00
-1.246454745859578939e+00
-1.193934853022448728e+00
-1.243015525208136296e+00
-1.060268694448476712e+00
-1.252525953038476469e+00
-1.260533396964719888e+00
-1.231553629812180972e+00
-1.236397943638733565e+00
-1.266355194858955979e+00
-1.115159099066759918e+00
-1.270936633465394205e+00
-1.285438774212880109e+00
-1.291232880542418915e+00
-1.213030063966819228e+00
-1.270584898936274687e+00
-1.227652595494555410e+00
-1.107748608404377499e+00
-1.243600131169474654e+00
-1.193058433944351737e+00
-1.270325101276190249e+00
-1.101808645174969126e+00
-1.195584958486515692e+00
-1.165102404243533840e+00
-1.263399843218133700e+00
-1.231264169972403622e+00
-1.168364793052614203e+00
-1.263168499241577702e+00
-1.238960824243455328e+00
-1.251277550857909038e+00
-1.072121066543013423e+00
-9.880753433829112531e-01
-1.171116352494729895e+00
-1.236052075319452825e+00
-1.159759889037901281e+00
-1.111615325971142543e+00
-1.251690720788724231e+00
-1.233073213466946427e+00
-9.935373463731469457e-01
-1.136675059224192097e+00
-1.180664679124941774e+00
-1.226359639013606007e+00
-1.192121026078695412e+00
-1.197696704661053158e+00
-1.100140631399949331e+00
-1.193038349468360959e+00
-1.218125428766321683e+00
-1.084552831379979931e+00
-1.261787042687114280e+00
-1.173079194898500877e+00
-1.249699202433166789e+00
-1.105626495028948497e+00
-1.246843366441690470e+00
-1.252150752821370450e+00
-1.069753334572432824e+00
-1.158070829704015203e+00
-1.027048249024040238e+00
-1.249352153759755613e+00
-1.241165504348241022e+00
-1.244040857611176332e+00
-1.263168499241577702e+00
-1.271483981064238655e+00
-1.165356420084890043e+00
-1.245244427457735004e+00
-1.256382805031433403e+00
-1.282971852954055247e+00
-1.250910749890667528e+00
-1.213080584222961722e+00
-1.251557463560536210e+00
-1.241854892708346814e+00
-1.184238932891108931e+00
-1.134703233994708071e+00
-1.292561093078022250e+00
-1.259957072364215058e+00
-1.257607984854493210e+00
-1.262605130059270664e+00
-1.195585731642029081e+00
-1.211306883427869074e+00
-1.237242771785794115e+00
-1.137727154313006750e+00
-1.031798079125476608e+00
-1.250244474387798288e+00
-1.293344447925665719e+00
-1.193864084292068917e+00
-1.309911159753667231e+00
-1.257842017950410174e+00
-1.264912764469960038e+00
-1.208978877021439580e+00
-1.293729368060190232e+00
-1.232786693739268635e+00
-1.242556668083099947e+00
-1.092351334148597974e+00
-1.223364057788387083e+00
-1.253667871710929305e+00
-1.157096118549031605e+00
-1.184101699524561457e+00
-1.193454043148959531e+00
-1.250393676358117823e+00
-9.958701292281388895e-01
-1.278777982001967128e+00
-1.145878351418885721e+00
-1.085600687066934800e+00
-1.014576602363288504e+00
-1.211059400837292355e+00
-1.262372681160846444e+00
-1.283650193835559339e+00
-1.239401449833584135e+00
-1.242354414483259895e+00
-1.251792154388303491e+00
-1.259684001998406799e+00
-1.290373627810708967e+00
-1.167994617336526986e+00
-1.161114601295670123e+00
-1.091378219626376378e+00
-1.286198105620608878e+00
-1.057674385934518124e+00
-1.286144734205402873e+00
-1.249546267082282558e+00
-1.258625116575735614e+00
-1.270726607026482657e+00
-1.202268411282337190e+00
-1.253924063009860923e+00
-1.262591905948250659e+00
-1.288952309958379061e+00
-1.163885115118512115e+00
-1.172867127106486329e+00
-1.149685844807970092e+00
-1.222264414845930514e+00
-1.217327794083006065e+00
-1.029854505674471010e+00
-1.113171168935406019e+00
-1.270976018484319514e+00
-1.234825331713325980e+00
-1.278500928069821185e+00
-1.237331773516495037e+00
-1.146047321557618126e+00
-1.247796156288933922e+00
-1.240539654670379299e+00
-1.260988485366074663e+00
-1.260343651403555310e+00
-1.169589885635818671e+00
-1.266226810180111961e+00
-9.895938317427810382e-01
-1.288184408153556504e+00
-1.026860625575463093e+00
-1.165755321570152603e+00
-1.231427550633190648e+00
-1.092814672127773612e+00
-1.272611211412490562e+00
-1.090307255864960467e+00
-1.241847473023369730e+00
-1.052170610076769375e+00
-1.168626247471013624e+00
-1.266660032815847270e+00
-1.136120125733471209e+00
-1.193228046561430222e+00
-1.046071173001986931e+00
-1.235116274066366149e+00
-1.201256160169064557e+00
-1.096859512377858614e+00
-1.176057026848143838e+00
-1.219776616025824989e+00
-1.288990768134170128e+00
-1.073030010410900292e+00
-1.275909754357722914e+00
-1.037233160892317319e+00
-1.268776222563030132e+00
-1.274896531817101941e+00
-1.207985436232695164e+00
-1.171793676491920788e+00
-1.001490285647872458e+00
-1.081413120491641067e+00
-1.261625088723776766e+00
-1.164783466732521866e+00
-1.252054571272296801e+00
-1.303816000745535941e+00
-1.226139942088450674e+00
-9.376307883663885789e-01
-1.024518033370267922e+00
-1.276747279582694627e+00
-1.279378261949200901e+00
-1.271517810784382529e+00
-1.196749167593978314e+00
-1.084041751203795201e+00
-1.059311802746039088e+00
-1.243012691746245846e+00
-1.271623468352790276e+00
-1.265762320340539038e+00
-1.146593520054113302e+00
-1.257350231516824568e+00
-1.215180796291192689e+00
-1.261715691166110709e+00
-1.295003445836552913e+00
-8.483734074231841227e-01
-1.179122031854080266e+00
-1.079111364097415482e+00
-1.255511472794903938e+00
-1.264982725601359714e+00
-1.278282505611480158e+00
-1.182027023843257751e+00
-1.166567347169054525e+00
-1.117744982775772833e+00
-1.227096467288676607e+00
-1.046309319545430050e+00
-1.156010964532785845e+00
-1.244915475112054803e+00
-1.268041965359004042e+00
-1.259767106221546307e+00
-9.614482302046578610e-01
-1.041502979748203828e+00
-9.782134857196931321e-01
-1.145875002018359012e+00
-9.996662673126581744e-01
-1.087268789676224756e+00
-1.112186524910792063e+00
-1.266925647199185434e+00
-1.227178763198113920e+00
-1.208709484926652866e+00
-1.273235690854694013e+00
-1.130406392060026022e+00
-1.184911774549428198e+00
-1.242519377798334101e+00
-1.259177945869415893e+00
-9.020839070643447144e-01
-1.192522070126775802e+00
-1.258079414042041932e+00
-1.268365628400228484e+00
-1.273429283673260581e+00
-1.251734037807834099e+00
-1.235111483735687798e+00
-1.129360460173833847e+00
-1.247880971054430521e+00
-1.146551475784324481e+00
-1.072333039421368373e+00
-1.072288187437438811e+00
-1.233039751560875530e+00
-1.166198574281040568e+00
-1.031938034478252053e+00
-1.154754475427056448e+00
-1.248168365814756431e+00
-1.224869441569971684e+00
-1.193273656726996368e+00
-1.210602888336817617e+00
-1.284847064694266905e+00
-1.168186247916280340e+00
-1.029661027084979974e+00
-1.238900442595585183e+00
-1.252492328217692297e+00
-1.246159423610458283e+00
-1.239716524918854645e+00
-3.228298084771881182e-01
-1.197342621844195154e+00
-1.175192571352510651e+00
-1.239747242124163318e+00
-1.247900314617591544e+00
-1.290612703094877745e+00
-1.168360737926619208e+00
-1.260477289329511308e+00
-1.010614360968566050e+00
-1.238529068585053405e+00
-1.274217794193852171e+00
-1.291605514657892417e+00
-1.274001963154046013e+00
-1.214588476009994533e+00
-1.264973007517693482e+00
-1.193568847779287623e+00
-1.197342621844195154e+00
-1.300736718066328290e+00
-1.220980745299598436e+00
-1.219935177207570831e+00
-7.577458894802724387e-01
-1.202597888751999022e+00
-1.036763610417316350e+00
-1.256729712834001145e+00
-1.196015760460119814e+00
-1.242171565342192086e+00
-1.143729956136668058e+00
-1.244610492797930679e+00
-1.163993836428068196e+00
-1.207270135730435623e+00
-1.023845229246374888e+00
-1.262260993767618800e+00
-1.263104392289666755e+00
-1.261506748795777622e+00
-9.692723524701665205e-01
-1.274734804606623140e+00
-1.156608611734450065e+00
-1.250007768660288843e+00
-1.211766423630503464e+00
-1.281720946334281130e+00
-1.232709370595769016e+00
-1.289290384802712630e+00
-1.166750486358138605e+00
-1.250542720728831547e+00
-1.127127036920734682e+00
-1.278609930768993763e+00
-1.264806988927609233e+00
-1.146702538327121434e+00
-1.143871112802932188e+00
-1.248600961139867849e+00
-1.260179871294759391e+00
-1.242426165733724108e+00
-1.276441379362471817e+00
-1.148072586390703975e+00
-1.226397142674120033e+00
-1.057800774715574210e+00
-1.237237943115883976e+00
-1.258388844592622569e+00
-1.212744413041203728e+00
-1.258638083922488882e+00
-1.272032938978773675e+00
-1.269125988976207431e+00
-1.269517424130338412e+00
-1.005498802118433677e+00
-1.278184658530369333e+00
-1.266645997962851933e+00
-1.113895941668880951e+00
-1.262470558773403084e+00
-1.263950401824345260e+00
-1.278079507142555915e+00
-1.249320430901539325e+00
-1.203195268550327768e+00
-1.043679422722076033e+00
-1.196201531277063523e+00
-1.030658320791396410e+00
-1.277197561434385342e+00
-1.235148123800521081e+00
-1.052691425625489341e+00
-1.273645556507483789e+00
-1.052957933083504827e+00
-1.272956558589784848e+00
-1.110243612111520228e+00
-1.265835179377721609e+00
-1.091763537029383890e+00
-1.167024392707264990e+00
-1.261608990606792879e+00
-1.072213589302602355e+00
-1.008386138239686591e+00
-1.258790776025525027e+00
-1.207333304672311147e+00
-1.259098195462051262e+00
-1.251869893291499114e+00
-1.037107529368689995e+00
-1.172585485692956730e+00
-1.255050794301844075e+00
-1.061303550532202156e+00
-1.185136196232631445e+00
-1.140696310385600931e+00
-1.201406669505627356e+00
-1.280571857252826629e+00
-1.041529158811352662e+00
-1.025072582758294271e+00
-9.985750628739902268e-01
-9.044913960973581801e-01
-1.076541041848865010e+00
-1.267637952086312136e+00
-1.129344754669019846e+00
-1.143703790983270796e+00
-1.052880799850114180e+00
-1.210291706034145154e+00
-1.246778172335094581e+00
-1.182922619970199207e+00
-1.268094430444227871e+00
-1.192281611326848179e+00
-1.165089315881738585e+00
-1.245643466266323163e+00
-1.277201345889941830e+00
-1.250704702804858570e+00
-1.065607206670859508e+00
-1.257096522241377468e+00
-1.029867481790719186e+00
-1.168119741336773654e+00
-1.254080737002500445e+00
-1.197431854635547133e+00
-1.274701504455535428e+00
-1.074130560707040161e+00
-1.262403440235344121e+00
-1.231457546492295219e+00
-1.265269042022154178e+00
-1.123210521220678881e+00
-1.145851188470689674e+00
-1.276586217675304002e+00
-1.180038372013162640e+00
-9.817404403844061100e-01
-1.261929692334316844e+00
-1.198965517799730041e+00
-1.215568997610143587e+00
-1.272586772591004056e+00
-1.269035339017511976e+00
-1.276514517093185308e+00
-1.004862100152416282e+00
-1.043564637386958704e+00
-1.096137261312968736e+00
-1.164842540208254285e+00
-1.268556644820129087e+00
-1.277790717290645972e+00
-1.117505961077381205e+00
-1.236052075319452825e+00
-1.273373572516864005e+00
-1.251893049168673500e+00
-1.189365168264013839e+00
-1.196174108240726675e+00
-9.196953276018229317e-01
-1.157379288765803427e+00
-1.260501430990267568e+00
-1.301593005171422845e+00
-1.083999501673743371e+00
-1.026087133420293895e+00
-1.222651869169579797e+00
-1.290537825292469520e+00
-1.200890399670343722e+00
-9.857724545439210395e-01
-1.283539791625690540e+00
-9.828987789814402909e-01
-1.041991438176063767e+00
-1.278702376965870524e+00
-1.258466322451329944e+00
-1.253905959868047759e+00
-1.116764695447866274e+00
-1.277934088941702573e+00
-1.012924111641886782e+00
-1.106595946410918518e+00
-1.146085885174563224e+00
-1.267942305058626928e+00
-1.262729016756034106e+00
-1.284782669106038000e+00
-1.177636602886030559e+00
-1.241655007109605524e+00
-1.272157803495160167e+00
-1.233250671799022147e+00
-1.258655352278362116e+00
-1.216534643919703562e+00
-1.277354121659620034e+00
-1.267363875100666171e+00
-1.203894175607519657e+00
-1.250674124216343053e+00
-1.216324770488890206e+00
-1.243741403267087708e+00
-1.170399360340514949e+00
-1.273240644993870241e+00
-1.112560816476265924e+00
-1.133294147985699052e+00
-1.261873894253768391e+00
-1.213414724726604277e+00
-1.207078015098119295e+00
-1.167279917798942801e+00
-1.170403692056026124e+00
-1.019541160259339385e+00
-1.081244810600747286e+00
-1.001586859940093888e+00
-1.282403394884678693e+00
-9.702404859838562601e-01
-9.589416034201536654e-01
-1.105566186202519230e+00
-1.235379528883978839e+00
-1.212257539054988786e+00
-1.242983097953027638e+00
-1.238464598374529491e+00
-1.187722017607477198e+00
-1.141180351958775319e+00
-1.255989590906143150e+00
-1.268436675055220064e+00
-1.032963339482713128e+00
-1.250369757490598310e+00
-1.106995828696069051e+00
-1.268565821221717904e+00
-1.083957353929405620e+00
-1.240222352119128235e+00
-1.231080873245014473e+00
-1.154395171931026809e+00
-1.233600018628853601e+00
-1.202659434723772680e+00
-1.237886911697410497e+00
-8.634855658723337157e-01
-1.242408440687469806e+00
-1.199913998038658391e+00
-1.243515393264190916e+00
-1.236196153601247349e+00
-1.175778419079165360e+00
-1.157678004757649148e+00
-1.035405158853977881e+00
-1.237319852375189821e+00
-1.088730905071474186e+00
-1.207725589338832783e+00
-1.251074967735416710e+00
-1.240489523100003044e+00
-9.205417179056998300e-01
-1.216309527868991491e+00
-1.209798647152674711e+00
-1.257501111915482639e+00
-1.280237403322580292e+00
-1.274477362229299526e+00
-1.222442718930617733e+00
-1.255767867634901336e+00
-1.238177768995389894e+00
-1.237959987983329846e+00
-1.271165941946472699e+00
-1.183294062532072921e+00
-1.238440979420131427e+00
-1.127551442898655054e+00
-1.251401174849669395e+00
-1.271885277029824568e+00
-1.271317246569362513e+00
-9.824647508637487370e-01
-1.033148548402961442e+00
-1.296557882795129846e+00
-1.207537405171592138e+00
-1.069607382246141380e+00
-1.274536478324440392e+00
-9.575150864453627619e-01
-1.005990561560949903e+00
-1.172188254870484947e+00
-1.193556561128202187e+00
-9.186920108536691387e-01
-1.201583995203444388e+00
-1.268648296871041747e+00
-1.262839371009247813e+00
-1.207338793662732002e+00
-1.250756630024895344e+00
-1.246460902132538795e+00
-1.100685271040046320e+00
-1.198375676739533713e+00
-1.234678798371024566e+00
-1.266549705210625820e+00
-1.209078677625663456e+00
-9.155114590718738121e-01
-1.253166385368103430e+00
-1.198435292280532583e+00
-1.058345076765967008e+00
-1.270547921273347480e+00
-1.230551726743356333e+00
-1.193514201947927234e+00
-1.123180856715277454e+00
-1.166627430635005958e+00
-9.542900539830423412e-01
-1.272781620778052236e+00
-1.144909540464770892e+00
-1.169764273541828992e+00
-1.003594507270599845e+00
-1.041728707366585738e+00
-1.278945920527731595e+00
-1.209549119370632919e+00
-1.206521195940652103e+00
-1.013025484709245472e+00
-1.226051896994908130e+00
-1.200363225089323471e+00
-1.249141140544957285e+00
-1.252733897708760313e+00
-1.253726103404958714e+00
-1.276648358090232360e+00
-1.036103739911739652e+00
-1.269646732476551687e+00
-1.276886389545491607e+00
-1.285711672587480869e+00
-1.282923139160869752e+00
-1.034978393157476084e+00
-1.261477005824483744e+00
-1.210277872263218146e+00
-1.195815619732822910e+00
-1.118296670969797013e+00
-1.270658465538236470e+00
-1.187472549093197216e+00
-1.235668548141658718e+00
-1.220970068621451077e+00
-1.208360975614551247e+00
-1.139206161197829914e+00
-1.200059161857597978e+00
-1.221895394627648734e+00
-1.283241526474570904e+00
-1.122324583582234414e+00
-1.091098866670335621e+00
-1.274891457891664803e+00
-1.245212683088699368e+00
-1.208963922695251991e+00
-1.242416594976997413e+00
-1.262519663045239326e+00
-1.132648015603768599e+00
-9.137693644579392149e-01
-1.233870231412029117e+00
-1.205298133303186692e+00
-1.278484274736490622e+00
-1.044719853598447656e+00
-1.270480961572770795e+00
-1.242746921576466601e+00
-1.257256687193216038e+00
-1.095024035150797381e+00
-1.247235756236505733e+00
-1.262106119830746387e+00
-1.206312959634827653e+00
-1.237624806043986947e+00
-1.216994821785653436e+00
-1.058095971729406948e+00
-1.097812705323605975e+00
-1.269508250189177012e+00
-1.224311727242010317e+00
-1.163059772485829146e+00
-1.037188940823980943e+00
-1.225356050093570293e+00
-1.212868914629971595e+00
-1.149558172242381104e+00
-1.274224179840836690e+00
-1.274760869992654921e+00
-1.192302818489439531e+00
-9.510312000708158742e-01
-1.245179452906497897e+00
-1.105323600155730279e+00
-1.099531113046374742e+00
-9.386546885922295580e-01
-1.151612815317937688e+00
-1.111808325165549505e+00
-1.265969153720313489e+00
-1.161217916906201353e+00
-9.834334762841652200e-01
-1.267412536725581518e+00
-1.245858357796900684e+00
-1.008663338435616286e+00
-1.272253813156732249e+00
-1.027048249024040238e+00
-1.283833024118911315e+00
-1.265265517258452377e+00
-1.252627365548034444e+00
3.647224006065341584e-02
-1.241327877123276746e+00
-1.171480295223039203e+00
-1.082450905382424722e+00
-1.220134222397759594e+00
-1.228053727790715310e+00
-1.072630027207685188e+00
-1.285763311484249272e+00
-1.246274907912984009e+00
-1.213447420590052950e+00
-1.140123127303086736e+00
-1.260169833194035416e+00
-1.152244618329373527e+00
-1.279938410855427033e+00
-1.198115134900452627e+00
-1.223863443522798633e+00
-1.280003470837283164e+00
-1.288561800135090252e+00
-1.275273474920355365e+00
-1.273037379245513190e+00
-1.115086997663086166e+00
-1.264268550524079604e+00
-2.621521778805995240e-01
-1.054526531974948611e+00
-1.257423242595291590e+00
-1.252912205050205952e+00
-1.262078303838375160e+00
-1.258491607147666613e+00
-1.131756001794733013e+00
-1.264716005072288318e+00
-1.187663764735436001e+00
-1.268132768677745936e+00
-1.029337500887465229e+00
-1.096375289933046560e+00
-1.201569141207380564e+00
-1.144900291625215338e+00
-1.238777879745229349e+00
-1.193457133526130143e+00
-1.280799346922902870e+00
-1.173948915276535665e+00
-1.173050257563393650e+00
-9.767750969091788527e-01
-9.183555751681091728e-01
-1.280847938818330256e+00
-1.035584665534607041e+00
-1.185111221816803173e+00
-1.267451433601333388e+00
-1.228405286495836801e+00
-9.252060277349984929e-01
-9.431725394377941107e-01
-1.237098747224199435e+00
-1.270738283081926490e+00
-1.243856635253536069e+00
-1.213714272459808452e+00
-1.019332941632177025e+00
-1.264110311771012185e+00
-1.161592968518444735e+00
-1.200921153078833736e+00
-1.277825933644655798e+00
-1.264805195642060287e+00
-1.280801441162933596e+00
-1.071822108514190575e+00
-1.221959089139625032e+00
-1.079855773372248251e+00
-1.248451194365504335e+00
-1.131998960704856838e+00
-1.215088638218529749e+00
-1.248828113635224391e+00
-9.898222364181714639e-01
-1.273865671886935669e+00
-1.234217150991240075e+00
-1.175497952398824264e+00
-1.249851185019976274e+00
-1.153137495503160803e+00
-9.760075253211288882e-01
-1.222557633257483456e+00
-1.300658139287935278e+00
-1.270176101178931205e+00
-9.618393118429171551e-01
-1.143532010373975449e+00
-9.866809189072953679e-01
-1.182289113538103731e+00
-1.230129916344957497e+00
-1.178917507383147267e+00
-1.207971990065667800e+00
-1.245605209374732514e+00
-1.208780227939579621e+00
-1.275491232212004000e+00
-1.168384237263602188e+00
-1.069059346487725382e+00
-1.132642888830659444e+00
-1.281401347157318238e+00
-1.289344161786507126e+00
-1.073949163031906906e+00
-1.192215483015419686e+00
-1.250197845815018916e+00
-1.188570614673615466e+00
-1.212881005078359387e+00
-1.261663282273771003e+00
-1.221874603676528448e+00
-1.089227081914021067e+00
-1.240481989263877871e+00
-1.262240021092019049e+00
-1.307866360918836346e+00
-1.241339973344075531e+00
-1.295287834662647075e+00
-1.230747604009751139e+00
-1.245862981402459546e+00
-1.179554469049214127e+00
-1.153263388227764086e+00
-1.271768045361894028e+00
-1.087347190260162577e+00
-1.258586886423545881e+00
-1.265092148846046705e+00
-1.234816118788330197e+00
-1.256323918695914532e+00
-1.167746266031472135e+00
-1.212873033853910432e+00
-1.186352654122746042e+00
-1.271897852555889052e+00
-1.211157512380176993e+00
-1.282458285874622739e+00
-1.289896493925527743e+00
-1.212627854068952793e+00
-1.181640146175331196e+00
-1.196366667200734035e+00
-1.017603278650194287e+00
-1.281857714879440113e+00
-1.255276800925737568e+00
-1.055110244136801878e+00
-1.261009595220025759e+00
-1.274539827936123526e+00
-1.234362423735257952e+00
-1.114317505711419187e+00
-1.213657918501631183e+00
-1.157422804213473544e+00
-2.439336579498037061e-01
-1.169884595330305199e+00
-1.271049354400440645e+00
-1.255735358606329122e+00
-1.265185405782503825e+00
-1.203608343853359131e+00
-1.145851188470689674e+00
-1.233100731809948947e+00
-1.148927685793726283e+00
-1.274702097538683354e+00
-1.175449894579795096e+00
-1.035753923789636488e+00
-1.138688663896321174e+00
-1.098588947940065008e+00
-1.159609108927428078e+00
-1.006049565246080579e+00
-1.246963209102974979e+00
-1.175984801834957238e+00
-1.239383672117273960e+00
-1.183263157966720769e+00
-1.256540328836112774e+00
-1.211063389226596954e+00
-1.006666504522737426e+00
-1.248036038038003781e+00
-1.297028307253697665e+00
-1.192828429992009998e+00
-1.245067542488020429e+00
-1.281046945032380258e+00
-8.777771903819635568e-01
-1.243044795290583870e+00
-2.396373043335600084e-01
-1.135935333541869152e+00
-1.227404552201543098e+00
-1.030785690973081259e+00
-1.001563734478863044e+00
-9.242842962428965414e-01
-1.231150122061373864e+00
-1.129622337023347356e+00
-1.242269964003623883e+00
-1.231300819368344790e+00
-9.696314634873499649e-01
-1.274860790926663157e+00
-1.289260582061656280e+00
-1.252780082459095556e+00
-1.207588499847968677e+00
-1.239592889288496202e+00
-1.153681550538827150e+00
-1.261778856671715410e+00
-1.048366103558580065e+00
-1.247497156374583582e+00
-1.257233422324567140e+00
-1.269596236687688062e+00
-1.263270764505403321e+00
-1.245891829341700063e+00
-1.277773477328602247e+00
-1.114290493232263479e+00
-1.241740206009958936e+00
-1.118513555301631435e+00
-1.241429514576144921e+00
-1.145896152563909975e+00
-1.223506814014428290e+00
-9.390082419715333195e-01
-1.154749039699126012e+00
-1.215389080438510572e+00
-1.218372590255760723e+00
-1.164309178349320906e+00
-1.100407719171097032e+00
-1.260931408716546631e+00
-1.043702006256438608e+00
-1.299905166047803817e+00
-1.261989750680907907e+00
-1.079026821464780905e+00
-1.227853907084642593e+00
-9.601181389589426018e-01
-1.290754546902010969e+00
-1.014878949346884607e+00
-1.045545669560854929e+00
-1.160212118449335694e+00
-1.250080796002902783e+00
-1.256389034050865217e+00
-1.213818122793699494e+00
-1.138750019101838706e+00
-1.190662808393544214e+00
-1.167396904180468376e+00
-1.255527835528457814e+00
-1.066780041326647943e+00
-1.264554615053234521e+00
-1.073351582163372786e+00
-1.150816441929358280e+00
-1.280418819391871743e+00
-1.195700775623669720e+00
-1.028087617571605161e+00
-1.299387586291170571e+00
-1.266681280399046372e+00
-1.304934772118378827e+00
-1.081328798842387418e+00
-1.258054495339491652e+00
-1.246231951526819870e+00
-1.069334026622744016e+00
-1.265543107862466599e+00
-1.273644239708067616e+00
-1.276203590688490763e+00
-1.201998791212177231e+00
-1.111028619320545641e+00
-1.069667909528879690e+00
-1.161463506021961134e+00
-1.236563141655194542e+00
-1.175009244043535350e+00
-1.183547615404967335e+00
-1.116353283952359110e+00
-1.036457380333330569e+00
-1.196983550052244549e+00
-1.180039286868954207e+00
-1.277881113114555323e+00
-1.106947334507230263e+00
-1.261952168644272732e+00
-1.164942610536830347e+00
-1.268811032184941290e+00
-1.270436296027436018e+00
-1.154765522620016860e+00
-1.246817392034616390e+00
-1.151250636531337967e+00
-1.081516124259755074e+00
-1.248468178681581886e+00
-1.217513227587518010e+00
-1.262194497397704396e+00
-1.292793013219660114e+00
-1.110316739881662240e+00
-1.017842364635385355e+00
-1.204196657397860637e+00
-1.288112352300427421e+00
-1.261520333928214388e+00
-1.262504157098847113e+00
-1.265136428331953500e+00
-1.245983369542042585e+00
-1.220387670840761718e+00
-1.136788560932092906e+00
-1.272650658283648095e+00
-1.252636036228176764e+00
-1.271808101297859039e+00
-1.146078678190768585e+00
-1.185132612052318901e+00
-1.231718052797697194e+00
-1.222679772607624393e+00
-1.102333271272474491e+00
-9.855385457466403487e-01
-1.151465521435539152e+00
-1.097882945929009590e+00
-1.235195034134182190e+00
-1.284941320109493024e+00
-8.682318221905229727e-01
-1.273489104185483889e+00
-1.270422880613733874e+00
-1.248472629721459448e+00
-1.197262565714726001e+00
-1.100890339422798458e+00
-1.078294487710408589e+00
-1.131234348536432233e+00
-1.054316293597867826e+00
-1.233450467433057529e+00
-1.281701959467782981e+00
-1.158456395611600964e+00
-1.268347761654547767e+00
-1.255678487697675205e+00
-1.287785682273249854e+00
-1.271338945460644076e+00
-1.141842885864873036e+00
-1.198807918770142589e+00
-1.258307586498812469e+00
-9.824528206172531419e-01
-1.080566068470193652e+00
-1.169077022636537233e+00
-1.139068016036834496e+00
-1.162691331977276921e+00
-1.174348538277438347e+00
-1.243548705101190421e+00
-1.277810988212822796e+00
-1.235129604739007902e+00
-1.239727412077359148e+00
-1.241349233237804661e+00
-1.271310729641503379e+00
-1.235398250412820254e+00
-9.709376874158555104e-01
-1.104897629251090141e+00
-1.185140195614890590e+00
-1.273162168083377122e+00
-1.248567913357303993e+00
-1.246638924659314362e+00
-1.260452223353257573e+00
-1.172154687429035391e+00
-1.178954512660203235e+00
-1.137480635710592658e+00
-1.268151238476880494e+00
-1.124158745831527195e+00
-1.253876795454178517e+00
-1.282261315557112979e+00
-1.256335982682025953e+00
-9.817435658446935776e-01
-1.214174945705185582e+00
-1.286006489979820699e+00
-1.171462193649015049e+00
-1.121141160461457620e+00
-1.052863294919756498e+00
-1.229460282150630857e+00
-1.274971251169214170e+00
-1.214155278383684866e+00
-9.735421751138195745e-01
-1.265682398705094247e+00
-1.193767420243231125e+00
-1.189344552674528988e+00
-1.253563343149971310e+00
-1.292668944778810669e+00
-1.214258824501388112e+00
-1.165769935432046545e+00
-1.287038088620962917e+00
-1.220116674272925916e+00
-1.122652608003517738e+00
-8.955678397720006068e-01
-1.138042571599779951e+00
-1.201502771017743942e+00
-1.148063577772505894e+00
-1.256168938562228998e+00
-1.270787612073645878e+00
-1.229328694627391805e+00
-1.228452677855500941e+00
-1.138777269131613146e+00
-1.181809767301037706e+00
-1.131426302106186554e+00
-1.173662076054092562e+00
-1.227541536212674700e+00
-1.106181751420084680e+00
-1.190825586216417875e+00
-1.276148100976921995e+00
-1.041669590481769880e+00
-1.247382485579751066e+00
-1.238959193019761873e+00
-1.204446154676276137e+00
-1.268593421961245138e+00
-1.266712165554197522e+00
-1.190536801432340308e+00
-1.221829498524086954e+00
-1.080999119008160037e+00
-1.250989541331344324e+00
-1.167533551090333965e+00
-1.094515076821040545e+00
-1.189171450641686612e+00
-1.225799874870668660e+00
-1.303473578190612603e+00
-1.090383214509003107e+00
-9.874675475011827075e-01
-1.055975998479474320e+00
-1.279928031690851231e+00
-1.145081510364108546e+00
-1.235846013622707407e+00
-1.218273886840557374e+00
-8.886790506200377138e-01
-1.212680070506302332e+00
-1.037222823610435718e+00
-1.226803576669548868e+00
-1.066053172757481349e+00
-1.161494763412631137e+00
-1.053148898922334098e+00
-1.197274558513011566e+00
-1.281705652498009496e+00
-1.196094062306871209e+00
-9.828415399997707524e-01
-1.203356766829684066e+00
-9.890117383285965680e-01
-1.256150612841406389e+00
-8.041390339395704245e-01
-1.184430242069138828e+00
-1.262007142558920325e+00
-1.244397363803729561e+00
-1.273485190130826172e+00
-1.271574980114995590e+00
-1.252378459527264454e+00
-1.227730626707174810e+00
-1.080615850274356582e+00
-1.233113890749915953e+00
-1.277651197941121364e+00
-1.272093287197237910e+00
-1.086199439633717567e+00
-1.234203284856943750e+00
-1.272695089462879903e+00
-1.176497981002578186e+00
-1.253765187616676435e+00
-1.180428998697097942e+00
-9.259226088026455415e-01
-1.237677775401857083e+00
-1.186728533437268585e+00
-1.216498421364227145e+00
-1.255106593875229937e+00
-1.141405896111674423e+00
-1.213161172772367902e+00
-1.053514233218762364e+00
-1.245037877631592682e+00
-1.246451661696178714e+00
-1.051769292173915016e+00
-1.201437233546238659e+00
-1.200995792867689538e+00
-1.232937457973602324e+00
-1.193513648051083731e+00
-1.161638252614890288e+00
-1.304942919784122246e+00
-1.206573455265345984e+00
-1.235254331734590760e+00
-1.205591229914243279e+00
-1.257320234431995143e+00
-1.171083965878742639e+00
-1.247631794826269847e+00
-1.231846480081708606e+00
-1.294572608010661874e+00
-1.219601623806612523e+00
-1.236298132436239872e+00
-1.139438283403150454e+00
-1.243081218285526202e+00
-1.254234411626331536e+00
-1.256955156653037253e+00
-1.177709278583113583e+00
-1.268825734219407586e+00
-1.263690510970465919e+00
-9.828676045766022717e-01
-1.138317074365505999e+00
-1.066044954774204356e+00
-1.165070429948008357e+00
-1.266338482045127112e+00
-1.261747000556590503e+00
-1.176851943860880212e+00
-1.222139013504104810e+00
-1.237381189594442432e+00
-1.269308073472110276e+00
-1.247427537271621478e+00
-9.594254530594330532e-01
-1.278053873341233881e+00
-1.262133488407910953e+00
-1.228040739822501504e+00
-1.151301907886600251e+00
-1.210914374601982146e+00
-1.218267358246568399e+00
-1.162511372952820921e+00
-1.017068007342988967e+00
-9.238180060288834206e-01
-1.259239967166145391e+00
-1.259663370788607573e+00
-1.260591946649151307e+00
-1.266598678602418815e+00
-1.277665269434025586e+00
-1.247568112311506106e+00
-1.153577872451854613e+00
-1.197386220008795465e+00
-1.216423395320566314e+00
-1.243672881602462699e+00
-1.277122469843322783e+00
-1.262007142558920325e+00
-1.071253431067475059e+00
-1.222586008801055169e+00
-1.039681137657206378e+00
-1.235753761941428497e+00
-1.224866873419593993e+00
-1.193385594400226069e+00
-1.249818963868554178e+00
-1.246723232970601725e+00
-1.264731597731577839e+00
-1.137586605434880660e+00
-1.273638468414224345e+00
-1.127626495352940239e+00
-1.114877695805118751e+00
-1.110685398762506715e+00
-1.233718741254494766e+00
-1.281824302963118889e+00
-1.243919640214243838e+00
-1.282238558920350435e+00
-1.204633527699822348e+00
-1.281713132700429192e+00
-1.249784255643030306e+00
-1.174910419832873032e+00
-1.267698306524819074e+00
-1.263322903700208943e+00
-1.215959368302965693e+00
-1.279629359604420813e+00
-1.238451728668038321e+00
-1.188723568375889439e+00
-9.982034495102367622e-01
-1.056503495481109667e+00
-1.167533888132142206e+00
-1.251717325588159735e+00
-1.132246397557911788e+00
-1.281724661887738037e+00
-1.161946326592233181e+00
-1.128492376401828423e+00
-1.180654269643730547e+00
-1.242874788496112881e+00
-1.184788522032911295e+00
-1.215835362822447419e+00
-1.242622280240388566e+00
-1.259986077492067036e+00
-2.083174064330342024e-01
-1.178683226216744817e+00
-1.278295311436908221e+00
-1.105634620638942689e+00
-1.269354331515287093e+00
-1.092838694608381900e+00
-1.262730321243925147e+00
-1.220877422647417720e+00
-1.018972516459749844e+00
-1.207569762531215840e+00
-1.263514707926275626e+00
-1.300881861255789751e+00
-1.281697927913832302e+00
-9.893751247297921658e-01
-1.280874868911526132e+00
-1.166560324681476857e+00
-1.282327759883205687e+00
-1.058987007343770603e+00
-1.264982596782714186e+00
-1.059305720146272556e+00
-1.259264733345330178e+00
-1.275764906001507715e+00
-1.179711342371625449e+00
-1.049507315821285314e+00
-1.191466220851626012e+00
-1.166157440040666238e+00
-1.268410843277688382e+00
-1.149895245052120707e+00
-1.235092605866497717e+00
-1.251595637813503359e+00
-1.094214374981655080e+00
-1.205244951029074585e+00
-1.210473447128919133e+00
-1.097123427252414185e+00
-1.272591181565071228e+00
-1.216691818046534479e+00
-1.262972788096305088e+00
-1.030785690973081259e+00
-1.162399915356139513e+00
-1.214648052313449966e+00
-8.486551059511313611e-01
-1.049786439605720378e+00
-9.635495565867544521e-01
-1.189463624286576149e+00
-1.285123936344261253e+00
-1.213090185845461022e+00
-1.263675810900295460e+00
-1.099356706991092558e+00
-1.168496988216278343e+00
-9.788451879454438398e-01
-1.050330296621345916e+00
-1.260387709886492846e+00
-1.104121227180229425e+00
-1.183403032226045148e+00
-1.169558434862265628e+00
-1.101356620597717217e+00
-1.252170183963593253e+00
-1.268217636201157017e+00
-1.175448345981556564e+00
-1.205399238424063935e+00
-9.842721506994172032e-01
-1.249124689128383814e+00
-1.276752927248009595e+00
-1.282776003928820518e+00
-1.112982541801804004e+00
-1.224941345811807469e+00
-1.209736544688478688e+00
-1.186346554402923914e+00
-1.251448596849936035e+00
-1.015670079513173008e+00
-1.275400048527333574e+00
-1.875711882114836637e-01
-9.594095542387344189e-01
-1.201987572101522073e+00
-1.260121801627921645e+00
-1.246983850383976744e+00
-1.245175981430810985e+00
-9.879795199466396838e-01
-1.159855065603193403e+00
-1.175188506046148440e+00
-1.199250937557438501e+00
-1.261879872312559936e+00
-1.196032842458832235e+00
-8.561074624975306691e-01
-1.211648594834519255e+00
-1.138395657749824430e+00
-1.252451304080279382e+00
-1.272571001905380861e+00
-1.100183504164251591e+00
-1.064731470706591132e+00
-1.000318402479569713e+00
-1.276065462789727434e+00
-1.277583559122265289e+00
-1.165333986733102734e+00
-1.252505592724097561e+00
-1.254611123611798718e+00
-1.205498430405965937e+00
-1.138197789764231693e+00
-1.261024222074148771e+00
-1.235157728123934984e+00
-1.163278903545658771e+00
-1.225984924175353097e+00
-1.257611344383646745e+00
-1.222759048133998494e+00
-1.185912706089901292e+00
-1.279684328315905617e+00
-1.231561881351291632e+00
-1.013297493097874646e+00
-1.283997502086782649e+00
-1.152645221334006376e+00
-1.266506964980206984e+00
-1.259451720695070165e+00
-1.267566334077832479e+00
-1.281341813000577368e+00
-1.251037667446625701e+00
-1.233215654816875340e+00
-1.243191323530534298e+00
-1.277549893212501342e+00
-1.094532836296904232e+00
-1.174024670856199659e+00
-1.267351667929705883e+00
-1.243687784142021080e+00
-1.239337622048169774e+00
-1.116400343638364934e+00
-1.273371313699100504e+00
-1.251453439779826482e+00
-1.261577281317491028e+00
-1.273516022086917499e+00
-1.269761261882533354e+00
-1.074428575454730250e+00
-1.222152379739013028e+00
-1.177892054919353004e+00
-9.046980869988763274e-01
-1.255293207889793372e+00
-1.267465900151340641e+00
-1.184536202939090899e+00
-1.199821023932051922e+00
-1.286052784971689622e+00
-1.178126561657686366e+00
-1.098220172842728992e+00
-1.093621539251115493e+00
-1.077553037907761802e+00
-1.147325429696751886e+00
-1.213440991041127237e+00
-1.200453031252532998e+00
-1.154361553307547528e+00
-1.064258324207915329e+00
-1.230460103797022864e+00
-1.028440079867229962e+00
-1.137515761972800910e+00
-1.285050764653846045e+00
-1.141766914054103577e+00
-1.268825224695454335e+00
-1.000627962355809863e+00
-1.200231541557310599e+00
-1.094846216501344394e+00
-1.155415307487831722e+00
-1.199280747648540757e+00
-1.211255679676793928e+00
-1.173855269604860752e+00
-1.231532773382017609e+00
-1.179937521536531531e+00
-1.240244558977217526e+00
-9.677590474463846348e-01
-1.258861218528734227e+00
-1.267078672894537572e+00
-1.179594338025275135e+00
-1.154034028591587546e+00
-1.242423276219002837e+00
-1.248278293440146403e+00
-1.190933337924855895e+00
-1.123780954833533130e+00
-1.265905931303192844e+00
-1.275267164438290912e+00
-9.723996000000000306e-01
-1.148222699999999818e+00
-1.107941099999999901e+00
-1.189912999999999998e+00
-1.229744399999999960e+00
-1.114819899999999864e+00
-1.143959100000000007e+00
-9.012686100000000256e-01
-1.166383100000000006e+00
-1.240307899999999908e+00
-1.134048600000000073e+00
-1.204209399999999874e+00
-1.228540299999999919e+00
-1.208873800000000109e+00
-1.212427700000000108e+00
-1.203761099999999917e+00
-1.209618000000000082e+00
-1.218670700000000107e+00
-1.120866799999999941e+00
-1.260837699999999950e+00
-1.071551700000000107e+00
-1.056151499999999910e+00
-1.193553600000000214e+00
-1.183270599999999950e+00
-1.200792700000000046e+00
-9.971862700000000412e-01
-1.205810999999999966e+00
-1.009273199999999981e+00
-1.236767699999999914e+00
-1.225806100000000232e+00
-1.128678199999999965e+00
-1.261183100000000001e+00
7.683090599999999049e-02
-1.122208799999999895e+00
-1.080805800000000039e+00
-1.298795900000000003e+00
-1.132318500000000006e+00
-1.256928199999999940e+00
-1.185623799999999894e+00
-1.055056899999999853e+00
-1.165894000000000208e+00
-3.318913600000000241e-01
-1.297975499999999949e+00
-1.246424299999999930e+00
-1.130196400000000212e+00
-1.186949500000000102e+00
-1.156001599999999963e+00
-1.203744699999999890e+00
-1.124866700000000108e+00
-1.214221299999999948e+00
-1.138215100000000257e+00
-1.103146299999999913e+00
-1.232734999999999914e+00
-1.171446800000000010e+00
-1.217340600000000217e+00
-1.120547800000000205e+00
-1.179364899999999938e+00
-1.204000799999999982e+00
-9.233607099999999734e-01
-1.287030200000000013e+00
-1.099746099999999949e+00
-1.122963399999999501e+00
-1.191566899999999984e+00
-1.152149899999999949e+00
-1.211063100000000059e+00
-1.247378700000000062e+00
-1.052245799999999898e+00
-1.253806699999999941e+00
-1.145312899999999967e+00
-1.183111100000000082e+00
-1.090949799999999970e+00
-1.226670699999999892e+00
-1.029413799999999934e+00
-1.122052100000000108e+00
-1.205485099999999976e+00
-1.096694199999999952e+00
-1.128058999999999923e+00
-9.709094200000000230e-01
-1.021580900000000014e+00
-1.257668899999999867e+00
-1.250523899999999911e+00
-1.099762399999999918e+00
-1.231668000000000207e+00
-1.174902799999999914e+00
-1.148636200000000107e+00
-1.051490899999999895e+00
-1.095270800000000211e+00
-1.240390899999999963e+00
-1.141901899999999914e+00
-1.223904300000000056e+00
-1.167457699999999932e+00
-1.170607900000000035e+00
-1.242043000000000008e+00
-1.145758099999999891e+00
-1.161848899999999851e+00
-1.181019500000000111e+00
-5.800674900000000189e-01
-1.206293899999999919e+00
-1.060011800000000060e+00
-1.168628299999999953e+00
-1.023944800000000210e+00
-1.161195100000000036e+00
-1.277159199999999828e+00
-1.256357200000000063e+00
-1.080201199999999861e+00
-1.257426500000000003e+00
-1.225453899999999985e+00
-1.164744899999999861e+00
-1.174634100000000014e+00
-1.276361000000000079e+00
-1.201684400000000208e+00
-1.169464800000000082e+00
-1.032001299999999899e+00
-9.614071500000002102e-01
-1.254181299999999943e+00
-1.146744599999999892e+00
-1.132637099999999952e+00
-9.768603599999999831e-01
-1.178645299999999896e+00
-1.227296500000000012e+00
-1.211870199999999897e+00
-1.266725799999999902e+00
-1.274734199999999928e+00
-1.002259800000000034e+00
-1.049341099999999916e+00
-1.155495899999999798e+00
-1.198427199999999804e+00
-1.262265600000000099e+00
-1.169273299999999960e+00
-1.063693000000000000e+00
-1.150788200000000039e+00
-1.135879300000000036e+00
-1.028908799999999957e+00
-1.155145899999999948e+00
-1.076814299999999891e+00
-1.174830599999999947e+00
-1.051407600000000109e+00
-1.254069300000000053e+00
-1.228775200000000067e+00
-1.052689899999999845e+00
-1.188622399999999857e+00
-1.246998300000000004e+00
-1.084577099999999961e+00
-1.187802800000000047e+00
-1.152045399999999997e+00
-1.151892899999999553e+00
-1.127969699999999964e+00
-1.286840100000000264e+00
-1.212862899999999966e+00
-9.352957600000000316e-01
-9.765587100000000520e-01
-1.271138899999999960e+00
-1.019545600000000052e+00
-1.149842500000000101e+00
-1.209323100000000206e+00
-1.277545699999999895e+00
-1.189450399999999908e+00
-1.221866799999999920e+00
-1.277382399999999807e+00
-1.215391799999999911e+00
-1.220597699999999897e+00
-1.199439900000000003e+00
-1.257894300000000021e+00
-1.130568699999999982e+00
-1.258440800000000026e+00
-1.153991699999999954e+00
-1.303712600000000110e+00
-1.058967899999999851e+00
-1.182081600000000066e+00
-1.148878800000000311e+00
-9.244897300000000095e-01
-1.255559899999999507e+00
-1.175152600000000103e+00
-1.227181300000000030e+00
-1.119802500000000034e+00
-1.271832600000000202e+00
-1.105890700000000004e+00
-1.191502700000000026e+00
-1.158412699999999962e+00
-1.263027399999999911e+00
-1.200764500000000012e+00
-1.299783499999999981e+00
-1.148316600000000021e+00
-9.228168900000000008e-01
-1.068821699999999542e+00
-1.287068499999999949e+00
-1.242388599999999954e+00
-1.208827300000000049e+00
-1.237761300000000064e+00
-1.089597699999999891e+00
-1.052222599999999897e+00
-1.194820699999999958e+00
-8.041386400000000156e-01
-1.101193000000000310e+00
-1.246466399999999863e+00
-1.257397600000000004e+00
-1.175117399999999979e+00
-1.010077600000000020e+00
-1.183316999999999952e+00
-1.131220899999999974e+00
-1.079318400000000011e+00
-1.021313999999999833e+00
-1.273813800000000107e+00
-1.047769799999999973e+00
-1.210710399999999964e+00
-1.230429599999999901e+00
-1.183685600000000226e+00
-6.070395399999999747e-02
-1.255386899999999972e+00
-1.123594699999999946e+00
-1.213119099999999895e+00
-1.243460899999999869e+00
-1.281540899999999983e+00
-1.139804599999999946e+00
-1.097509499999999916e+00
-1.264936899999999920e+00
-1.141902100000000031e+00
-1.182059399999999982e+00
-1.193061499999999997e+00
-1.115070999999999923e+00
-1.219702800000000309e+00
-1.076322199999999896e+00
-1.122430500000000109e+00
-1.131028500000000214e+00
-1.183557399999999538e+00
-1.221519000000000021e+00
-1.135702100000000048e+00
-1.108420699999999925e+00
-1.103734800000000016e+00
-1.244206900000000005e+00
-1.022255499999999984e+00
-1.153184200000000104e+00
-1.205043700000000051e+00
-9.721478500000000356e-01
-1.280993399999999838e+00
-1.202750399999999997e+00
-1.166836299999999937e+00
-1.081665899999999958e+00
-1.128984800000000011e+00
-4.697527599999999914e-01
-9.374656799999999679e-01
-1.288958199999999943e+00
-1.171328199999999820e+00
-1.198705100000000190e+00
-1.251358100000000029e+00
-1.191462299999999974e+00
-1.223071900000000101e+00
-1.192512599999999923e+00
-1.066909399999999897e+00
-1.134812799999999955e+00
-1.243417000000000217e+00
-1.148770899999999928e+00
-1.211246199999999940e+00
-1.186949299999999985e+00
-9.630826300000000506e-01
-1.247806800000000216e+00
-1.129555800000000110e+00
-1.074942700000000029e+00
-1.098460599999999898e+00
-1.162673599999999974e+00
-1.124619000000000035e+00
-1.147233699999999912e+00
-1.155185600000000257e+00
-1.179818199999999928e+00
-1.210190499999999947e+00
-1.215129799999999927e+00
-1.192055699999999829e+00
-1.078020899999999838e+00
-1.195254000000000039e+00
-1.124265300000000023e+00
-1.237848199999999954e+00
-1.098354000000000052e+00
-1.134078300000000095e+00
-1.182439199999999913e+00
-1.247234600000000082e+00
-1.187773699999999932e+00
-1.148983000000000310e+00
-1.221245300000000089e+00
-1.089795099999999906e+00
-1.246544899999999956e+00
-1.079624600000000045e+00
-1.033699399999999935e+00
-1.164817499999999839e+00
-1.224545899999999854e+00
-1.163943399999999961e+00
-1.166994000000000309e+00
-1.229906900000000025e+00
-9.089028099999999499e-01
-9.204836800000000263e-01
-1.255308700000000055e+00
-1.075470300000000101e+00
-1.192096299999999998e+00
-1.162124900000000016e+00
-1.175820199999999982e+00
-1.256357500000000016e+00
-9.817993400000000204e-01
-1.179377499999999968e+00
-1.138577399999999962e+00
-1.169012799999999963e+00
-1.165528099999999956e+00
-1.086819800000000003e+00
-1.246320099999999931e+00
-1.231195000000000039e+00
-1.199879299999999871e+00
-1.098577099999999973e+00
-1.211890300000000309e+00
-1.121920500000000098e+00
-1.276685899999999929e+00
-1.095427899999999788e+00
-1.207301799999999981e+00
-1.216709599999999947e+00
-1.120470499999999925e+00
-1.236122600000000071e+00
-1.183972700000000211e+00
-1.109451299999999918e+00
-1.048434799999999889e+00
-1.099947599999999914e+00
-1.181639799999999907e+00
-1.021586499999999953e+00
-1.116624799999999862e+00
-1.140855800000000198e+00
-1.032552600000000043e+00
-1.163585799999999892e+00
-1.194663800000000053e+00
-1.127698699999999832e+00
-1.173827699999999918e+00
-1.171460899999999805e+00
-1.099392300000000100e+00
-1.184556500000000012e+00
-1.249870500000000106e+00
-1.036250300000000069e+00
-1.183440499999999895e+00
-1.301721600000000034e+00
-1.268299700000000030e+00
-1.131916500000000214e+00
-9.885509099999999494e-01
-1.266431699999999827e+00
-1.187146899999999894e+00
-1.027611599999999958e+00
-1.014905299999999899e+00
-1.117661199999999910e+00
-1.077582000000000040e+00
-1.150572799999999951e+00
-1.224456000000000211e+00
-1.307231599999999938e+00
-1.082122000000000028e+00
-1.179626800000000308e+00
-1.125731300000000212e+00
-1.095631599999999928e+00
-1.230910299999999902e+00
-1.001559300000000041e+00
-1.031055899999999914e+00
-1.280315699999999834e+00
-1.179994500000000057e+00
-1.149486899999999867e+00
-1.110656400000000099e+00
-1.248662899999999798e+00
-1.131426100000000101e+00
-1.149410299999999996e+00
-1.167016899999999913e+00
-1.114712699999999890e+00
-1.171653199999999950e+00
-1.143472100000000102e+00
-8.851219299999998347e-01
-1.170861100000000210e+00
-1.032514799999999955e+00
-1.117159100000000072e+00
-1.045950799999999958e+00
-1.263449499999999892e+00
-1.164616899999999955e+00
-1.163543400000000005e+00
-1.221228699999999945e+00
-7.739484899999999890e-01
-1.279529200000000033e+00
-1.242235199999999873e+00
-9.082489799999999835e-01
-1.083047099999999929e+00
-1.227636399999999961e+00
-1.122324699999999842e+00
-1.198183199999999893e+00
-1.155402899999999899e+00
-1.086953199999999953e+00
-1.165450799999999898e+00
-1.141116900000000101e+00
-1.240763300000000013e+00
-1.280576699999999901e+00
-1.163465399999999539e+00
-1.124117699999999997e+00
-1.170914800000000033e+00
-9.496987400000002078e-01
-1.253768999999999911e+00
-1.065291699999999953e+00
-1.295750399999999969e+00
-1.228823599999999905e+00
-1.178704799999999997e+00
-1.618751300000000060e-01
-1.146777399999999947e+00
-1.260738300000000089e+00
-1.140034999999999910e+00
-9.830423400000000145e-01
-8.278057699999999963e-01
-1.115676600000000240e+00
-1.050473500000000060e+00
-1.161175099999999905e+00
-1.254376600000000064e+00
-9.810859899999999634e-01
-1.219312399999999963e+00
-3.622577400000000225e-02
-1.212698399999999843e+00
-1.145258399999999899e+00
-1.008987400000000090e+00
-1.136957199999999890e+00
-1.092984500000000025e+00
-1.187861999999999973e+00
-1.165312700000000090e+00
-1.250653500000000085e+00
-1.252622200000000019e+00
-1.211489300000000213e+00
-1.225174900000000067e+00
-1.275296299999999938e+00
-1.046329599999999971e+00
-1.242259599999999908e+00
-1.233619499999999869e+00
-1.149226600000000209e+00
-1.310643299999999956e+00
-1.211741399999999969e+00
-1.154858900000000022e+00
-1.185269799999999929e+00
-1.194224699999999917e+00
-1.120020400000000027e+00
-1.259081600000000023e+00
-1.163266900000000215e+00
-1.227567199999999970e+00
-1.096505699999999806e+00
-1.114640699999999818e+00
-1.168698399999999804e+00
-1.134908500000000098e+00
-1.119866700000000215e+00
-1.202649600000000207e+00
-8.956421799999998434e-01
-1.025535700000000050e+00
-1.143153499999999934e+00
-7.207594899999998361e-01
-1.164638099999999898e+00
-1.125612300000000010e+00
-1.226652300000000029e+00
-1.214123999999999981e+00
-1.169606900000000005e+00
-1.213231999999999866e+00
-1.080857299999999910e+00
-1.257603700000000213e+00
-9.626843999999999957e-01
-1.110783300000000029e+00
-1.116506299999999952e+00
-1.264045499999999933e+00
-1.163016399999999839e+00
-1.235630000000000006e+00
-1.215031100000000253e+00
-1.261930299999999949e+00
-1.109035000000000215e+00
-1.077205699999999933e+00
-1.154725899999999861e+00
-1.024138900000000074e+00
-1.129122800000000204e+00
-9.458486299999999680e-01
-1.221464699999999848e+00
-1.245295400000000052e+00
-1.299810300000000307e+00
-1.237397800000000103e+00
-8.152391399999997512e-01
-1.061311300000000069e+00
-1.086277399999999949e+00
-1.115018399999999854e+00
-1.196364899999999842e+00
-1.255902899999999933e+00
-1.289274000000000031e+00
-1.094613599999999964e+00
-1.150652000000000008e+00
-1.264077099999999954e+00
-1.123285400000000100e+00
-1.171085199999999826e+00
-1.165272099999999922e+00
-1.117095699999999914e+00
-1.209076399999999829e+00
-1.244731100000000090e+00
-1.149420499999999956e+00
-1.116836500000000010e+00
-1.294086899999999929e+00
-1.250429500000000083e+00
-1.278586000000000000e+00
-1.002173299999999934e+00
-1.248411199999999832e+00
-1.262392799999999982e+00
-1.209764399999999851e+00
-1.180781600000000209e+00
-1.186124100000000237e+00
-1.103696400000000022e+00
-1.287618300000000104e+00
-1.159041299999999941e+00
-1.158528000000000002e+00
-1.243964699999999812e+00
-1.226542499999999869e+00
-1.171090900000000046e+00
-1.119258499999999934e+00
-1.030290200000000045e+00
-1.138637700000000308e+00
-1.095893699999999971e+00
-1.226391500000000079e+00
-1.119278699999999960e+00
-1.198841299999999999e+00
-1.133593499999999921e+00
-9.828695499999999807e-01
-1.312641699999999911e+00
-1.261550600000000077e+00
-1.081730899999999940e+00
-1.181783299999999981e+00
-1.089487099999999931e+00
-1.176399699999999937e+00
-1.107089899999999849e+00
-1.213896600000000214e+00
-1.107619399999999921e+00
-9.970670900000000447e-01
-9.858594400000000313e-01
-9.387748600000002108e-01
-1.264226600000000200e+00
-1.163105099999999892e+00
-1.244996400000000003e+00
-1.241346499999999908e+00
-9.402919199999999478e-01
-1.162304699999999968e+00
-1.210065100000000227e+00
-1.056852399999999914e+00
-1.062728700000000082e+00
-1.254912199999999922e+00
-1.131887600000000216e+00
-1.152031000000000027e+00
-1.191451899999999897e+00
-1.153618199999999927e+00
-1.064836700000000080e+00
-1.252684899999999546e+00
-1.089243299999999914e+00
-9.271763400000000432e-01
-1.131777800000000056e+00
-1.140966099999999983e+00
-1.230404499999999901e+00
-1.180867700000000076e+00
-1.209809499999999982e+00
-1.147576300000000105e+00
-1.105572299999999952e+00
-1.245880699999999841e+00
-1.086979399999999929e+00
-1.285965700000000211e+00
-1.220651799999999954e+00
-1.101192899999999808e+00
-1.305617599999999934e+00
-1.276813799999999999e+00
-1.224105100000000057e+00
-1.109712299999999985e+00
-1.147926100000000060e+00
-1.050060599999999900e+00
-1.312443900000000108e+00
-1.020566899999999944e+00
-1.078554800000000036e+00
-1.191568199999999855e+00
-1.017553399999999941e+00
-1.177742399999999856e+00
-1.248320899999999956e+00
-1.260372599999999954e+00
-1.278908600000000062e+00
-1.125561999999999951e+00
-1.310470500000000094e+00
-1.226685300000000201e+00
-1.179095100000000063e+00
-1.137823599999999935e+00
-9.871748099999999582e-01
-1.319031599999999971e+00
-1.144267199999999818e+00
-8.696630199999998423e-01
-1.154169999999999918e+00
-1.250887899999999942e+00
-9.823693300000000406e-01
-1.054383600000000198e+00
-1.149894899999999831e+00
-1.292978399999999972e+00
-1.266400200000000309e+00
-1.026968000000000103e+00
-1.097445800000000027e+00
-1.234910799999999975e+00
-1.132617699999999950e+00
-1.077721100000000209e+00
-1.164769699999999908e+00
-1.227133100000000310e+00
-1.138756000000000101e+00
-1.217965800000000209e+00
-1.117250099999999913e+00
-1.061363499999999904e+00
-9.986612599999999951e-01
-1.041159399999999957e+00
-1.255191500000000016e+00
-1.097159599999999902e+00
-1.139061099999999938e+00
-1.287384000000000084e+00
-1.119396499999999905e+00
-1.152445299999999895e+00
-1.240928899999999890e+00
-8.724997300000000289e-01
-1.262684099999999976e+00
-1.125914699999999824e+00
-1.100053199999999842e+00
-1.212072300000000213e+00
-1.016389299999999940e+00
-1.296147799999999961e+00
-1.241187400000000052e+00
-1.258361300000000016e+00
-1.199603100000000033e+00
-1.184635099999999941e+00
-1.236868800000000101e+00
-1.119858900000000101e+00
-1.215162700000000040e+00
-9.438691299999999451e-01
-1.211088100000000223e+00
-8.745825999999999878e-01
-1.105466600000000188e+00
-1.075446499999999972e+00
-1.232329999999999925e+00
-1.220982800000000035e+00
-1.099683499999999814e+00
-1.270806300000000055e+00
-9.853986099999999526e-01
-1.162283399999999967e+00
-1.239793399999999934e+00
-1.181350099999999959e+00
-1.095372299999999965e+00
-1.208059400000000005e+00
-1.280443400000000009e+00
-1.107445199999999907e+00
-1.240775499999999809e+00
-1.118047000000000013e+00
-9.810856900000000103e-01
-1.049744599999999917e+00
-1.111363899999999960e+00
-1.188257600000000025e+00
-1.198763500000000093e+00
-1.078725699999999899e+00
-1.242932499999999996e+00
-1.246450999999999976e+00
-7.677199399999999896e-01
-1.205208600000000185e+00
-1.168077199999999927e+00
-1.235164200000000045e+00
-1.237336200000000108e+00
-1.298880399999999824e+00
-1.053073900000000007e+00
-1.173030999999999935e+00
-1.166044999999999998e+00
-1.174158399999999824e+00
-1.044195699999999949e+00
-1.218606800000000101e+00
-1.032878299999999916e+00
-1.091425899999999505e+00
-9.958182900000002169e-01
-1.174606000000000039e+00
-1.294542700000000046e+00
-1.151547000000000098e+00
-1.105354999999999865e+00
-1.229700999999999933e+00
-1.162978399999999857e+00
-1.227936600000000267e+00
-1.122654899999999900e+00
-1.177830399999999500e+00
-1.204903499999999905e+00
-1.170507699999999929e+00
-1.205475399999999864e+00
-1.234430100000000197e+00
-1.110614500000000060e+00
-1.097409000000000079e+00
-1.279213399999999501e+00
-1.266605800000000004e+00
-1.103383699999999967e+00
-1.137877999999999945e+00
-1.206513500000000016e+00
-1.148347999999999924e+00
-1.076589000000000018e+00
-1.027254499999999959e+00
-1.252362400000000209e+00
-9.811375700000000144e-01
-1.266122600000000098e+00
-1.215305699999999822e+00
-1.214901800000000032e+00
-1.039762599999999981e+00
-1.192986199999999997e+00
-1.253873000000000015e+00
-1.089888899999999827e+00
-1.014120399999999922e+00
-1.013695800000000036e+00
-1.155878500000000031e+00
-1.104820999999999831e+00
-1.233015900000000054e+00
-1.188849800000000068e+00
-1.204620900000000105e+00
-1.155744600000000233e+00
-1.178892800000000074e+00
-1.126336100000000062e+00
-1.028037000000000090e+00
-1.125322399999999945e+00
-1.142446699999999815e+00
-1.022451499999999847e+00
-1.163811899999999788e+00
-1.150598800000000033e+00
-1.261364799999999953e+00
-1.202166399999999857e+00
-1.115587399999999896e+00
-1.241758700000000104e+00
-1.131791999999999909e+00
-9.760729900000000292e-01
-1.090668399999999982e+00
-1.055527499999999952e+00
-1.171607399999999855e+00
-1.177856800000000037e+00
-1.072403800000000018e+00
-1.061487499999999917e+00
-1.133268199999999837e+00
-1.199211400000000038e+00
-1.143595500000000209e+00
-1.216104000000000074e+00
-1.077193600000000195e+00
-1.217775499999999900e+00
-1.122629499999999947e+00
-1.124969200000000003e+00
-1.172221500000000027e+00
-1.154405600000000032e+00
-1.208652999999999977e+00
-1.257696100000000206e+00
-1.055777399999999977e+00
-1.297029399999999999e+00
-9.176101199999999736e-01
-1.263045699999999938e+00
-1.294912099999999899e+00
-1.199831899999999951e+00
-1.135968400000000100e+00
-1.143309199999999803e+00
-1.179896599999999962e+00
-1.132028999999999952e+00
-1.225576899999999858e+00
-1.203093199999999863e+00
-1.166489600000000015e+00
-1.260020899999999999e+00
-9.344824900000000545e-01
-1.238424100000000250e+00
-1.161735100000000021e+00
-1.061440399999999951e+00
-1.245908399999999805e+00
-1.038358899999999974e+00
-1.271635399999999860e+00
-1.221967999999999943e+00
-1.215506600000000104e+00
-1.166497399999999907e+00
-1.288829899999999862e+00
-9.545837900000000431e-01
-1.220051899999999856e+00
-1.125710500000000058e+00
-1.258075800000000077e+00
-1.059026900000000104e+00
-1.148496699999999926e+00
-1.085483499999999824e+00
-1.115305699999999955e+00
-1.283602300000000085e+00
-1.135667299999999935e+00
-1.233983800000000075e+00
-1.278159499999999893e+00
-1.225743900000000108e+00
-1.240031300000000059e+00
-1.105769299999999955e+00
-1.156475399999999931e+00
-1.026062900000000111e+00
-1.071226599999999918e+00
-1.215111100000000111e+00
-1.201555699999999893e+00
-8.776980100000000284e-01
-1.109773399999999910e+00
-1.180784399999999845e+00
-1.027220700000000209e+00
-1.135561199999999937e+00
-1.122673399999999821e+00
-1.232146500000000033e+00
-1.247825699999999927e+00
-1.167244600000000077e+00
-1.213117199999999896e+00
-1.172906599999999910e+00
-1.254988999999999910e+00
-1.105993199999999899e+00
-1.229433599999999904e+00
-1.238336899999999963e+00
-1.279020999999999963e+00
-1.070689399999999791e+00
-1.233043499999999959e+00
-1.200079399999999907e+00
-1.303051399999999971e+00
-1.142606299999999964e+00
-1.104222899999999896e+00
-1.278639099999999917e+00
-1.075765600000000211e+00
-1.073933800000000049e+00
-1.130815099999999962e+00
-9.552373800000000248e-01
-1.160560599999999942e+00
-9.885967599999999633e-01
-1.163174799999999953e+00
-1.149491000000000041e+00
-1.264632600000000107e+00
-1.222791100000000020e+00
-1.263372299999999893e+00
-1.137155300000000091e+00
-1.185208700000000004e+00
-1.145632900000000065e+00
-1.028307699999999825e+00
-1.185716800000000015e+00
-1.218545599999999896e+00
-1.220421199999999873e+00
-1.285682000000000214e+00
-1.281760699999999975e+00
-1.283258199999999905e+00
-7.997125200000000378e-01
-1.270943399999999945e+00
-1.292152699999999932e+00
-9.218348200000000547e-01
-1.113680800000000026e+00
-9.876693300000000120e-01
-9.663117500000000248e-01
-1.236160499999999995e+00
-1.087689300000000081e+00
-1.137917899999999927e+00
-1.259003000000000094e+00
-1.149630600000000058e+00
-1.183112799999999964e+00
-1.176542100000000035e+00
-1.149800699999999898e+00
-1.033812299999999906e+00
-1.271332799999999930e+00
-1.001159799999999933e+00
-1.102443999999999980e+00
-1.126670099999999897e+00
-1.216035600000000105e+00
-1.242131400000000108e+00
-1.026986699999999919e+00
-1.220059499999999852e+00
-1.193123699999999898e+00
-1.157706699999999866e+00
-1.212889200000000001e+00
-1.244531599999999960e+00
-1.293689400000000100e+00
-1.253988399999999892e+00
-1.038538100000000020e+00
-1.219641799999999998e+00
-1.285703899999999900e+00
-1.134808899999999898e+00
-1.219718199999999975e+00
-1.142806599999999895e+00
-1.113221400000000028e+00
-1.235104100000000038e+00
-1.007470400000000099e+00
-1.131724399999999964e+00
-1.099485499999999893e+00
-1.170789199999999974e+00
-1.288237199999999971e+00
-1.135527699999999918e+00
-1.216088399999999847e+00
-1.146865000000000023e+00
-1.251827999999999941e+00
-9.351288100000000325e-01
-1.199843000000000215e+00
-7.423183300000000262e-01
-1.301862400000000308e+00
-1.247144800000000053e+00
-1.083597500000000213e+00
-1.194337800000000005e+00
-1.132307299999999906e+00
-1.210744199999999937e+00
-1.005139800000000028e+00
-8.767539800000000161e-02
-1.252199099999999898e+00
-4.572298399999999985e-01
-1.030019699999999983e+00
-9.546432400000000040e-01
-1.240206799999999943e+00
-1.179838200000000059e+00
-1.128376800000000069e+00
-1.044228699999999899e+00
-1.255209499999999867e+00
-1.287094199999999855e+00
-9.610605300000000240e-01
-1.217759199999999931e+00
-1.017419800000000096e+00
-1.181974899999999939e+00
-1.112523600000000057e+00
-1.111495899999999981e+00
-1.180500000000000105e+00
-1.094289999999999985e+00
-1.180290000000000061e+00
-1.218918699999999911e+00
-1.292778999999999900e+00
-1.166292600000000235e+00
-1.221640700000000024e+00
-1.009629099999999946e+00
-1.202451500000000006e+00
-1.187347600000000059e+00
-1.135986199999999835e+00
-1.210172999999999943e+00
-1.282658099999999912e+00
-1.291445799999999977e+00
-1.291671400000000025e+00
-1.159167700000000023e+00
-1.131658599999999959e+00
-1.117155699999999863e+00
-1.279586799999999913e+00
-1.108744899999999811e+00
-1.231093400000000004e+00
-1.185181599999999946e+00
-1.077922300000000000e+00
-1.092634399999999895e+00
-1.219302300000000061e+00
-8.552599100000000121e-01
-1.204820500000000072e+00
-1.187308999999999948e+00
-1.176349599999999995e+00
-1.221640099999999896e+00
-1.099890100000000093e+00
-1.180239999999999956e+00
-1.259924499999999892e+00
-1.172585599999999895e+00
-1.225629000000000079e+00
-1.269626399999999933e+00
-9.409752200000000011e-01
-1.216948799999999942e+00
-1.054190399999999972e+00
-9.616444499999999840e-01
-1.205191600000000030e+00
-1.142970499999999889e+00
-1.301420999999999939e+00
-1.071212199999999948e+00
-1.233242600000000078e+00
-1.075173300000000109e+00
-1.197731000000000101e+00
-1.026998800000000100e+00
-1.169223799999999924e+00
-1.282238800000000012e+00
-1.143047399999999936e+00
-1.142172800000000210e+00
-1.117263099999999953e+00
-1.057226100000000057e+00
-1.179426300000000039e+00
-1.109796100000000063e+00
-1.220714599999999983e+00
-1.207862200000000108e+00
-1.258673600000000059e+00
-1.173713399999999796e+00
-1.235153500000000015e+00
-1.045411199999999985e+00
-1.098425599999999891e+00
-1.226085799999999892e+00
-1.127309300000000070e+00
-1.172962899999999919e+00
-1.116661600000000254e+00
-1.074802300000000210e+00
-1.098404699999999901e+00
-8.318094600000000005e-01
-1.118390199999999890e+00
-1.247757500000000075e+00
-1.266636600000000223e+00
-1.085359600000000091e+00
-1.246236399999999911e+00
-1.219789999999999930e+00
-1.153345400000000076e+00
-1.235963900000000004e+00
-1.175656800000000057e+00
-1.212603700000000062e+00
-1.225762000000000018e+00
-1.217885399999999896e+00
-1.217106299999999974e+00
-1.089504900000000109e+00
-1.185867000000000004e+00
-1.076445899999999956e+00
-1.123856900000000048e+00
-1.276273500000000061e+00
-1.138629699999999856e+00
-1.048144600000000093e+00
-9.879261000000000292e-01
-1.201707899999999940e+00
-9.860658700000000110e-01
-1.282262000000000013e+00
-1.150477600000000100e+00
-1.207322500000000076e+00
-1.065171300000000043e+00
-1.088050200000000078e+00
-1.201021600000000022e+00
-1.038851400000000202e+00
-1.095969899999999830e+00
-1.092506100000000258e+00
-1.167138199999999904e+00
-1.021048900000000037e+00
-1.141007000000000104e+00
-1.197970999999999897e+00
-1.207999999999999963e+00
-1.063928399999999996e+00
-8.713022900000000348e-01
-1.065790599999999921e+00
-1.214083100000000082e+00
-1.192417099999999897e+00
-1.201094399999999895e+00
-1.239784800000000020e+00
-8.186898000000000231e-01
-1.143512300000000037e+00
-1.123732900000000035e+00
-1.120990900000000012e+00
-1.173245700000000058e+00
-1.167401899999999548e+00
-1.076036599999999899e+00
-1.036662099999999809e+00
-1.143797600000000081e+00
-1.250794299999999915e+00
-1.224127299999999918e+00
-1.253410899999999550e+00
-1.137072199999999977e+00
-1.093610699999999936e+00
-1.200224100000000238e+00
-1.213250099999999998e+00
-1.086875199999999930e+00
-1.243475300000000061e+00
-1.253074000000000021e+00
-1.266164699999999810e+00
-1.038953500000000307e+00
-1.235662800000000061e+00
-1.217288499999999996e+00
-1.314798499999999981e+00
-1.282462299999999944e+00
-1.092481500000000105e+00
-1.305235899999999560e+00
-1.041600199999999976e+00
-1.077854000000000090e+00
-1.169468699999999917e+00
-1.019473499999999921e+00
-1.051822100000000093e+00
-9.714435200000000048e-01
-1.211642199999999558e+00
-1.237839799999999935e+00
-1.067920699999999945e+00
-1.090115600000000073e+00
-1.177076000000000011e+00
-1.162612800000000002e+00
-1.290763000000000105e+00
-1.229083099999999984e+00
-9.633073500000000067e-01
-1.198168700000000308e+00
-1.236017700000000108e+00
-1.201798500000000214e+00
-1.144571999999999923e+00
-1.207011599999999962e+00
-1.175827699999999920e+00
-1.134614899999999871e+00
-1.185634099999999913e+00
-1.281491200000000052e+00
-3.161905300000000113e-02
-1.007402199999999803e+00
-1.062361899999999970e+00
-9.456803200000000187e-01
-1.282332599999999934e+00
-1.297894099999999939e+00
-1.156214699999999818e+00
-9.106246799999999642e-01
-1.261586099999999933e+00
-1.179975400000000008e+00
-1.221852799999999961e+00
-1.122058299999999953e+00
-1.012413299999999960e+00
-1.212930999999999981e+00
-1.044814900000000213e+00
-1.151967899999999823e+00
-1.285670899999999950e+00
-1.189752199999999815e+00
-1.202713299999999874e+00
-1.192443500000000212e+00
-1.153822099999999962e+00
-1.112849600000000105e+00
-1.292541699999999905e+00
-1.288462800000000019e+00
-8.939633000000000163e-01
-1.204866299999999946e+00
-9.169381900000002084e-01
-1.075501300000000215e+00
-1.279838999999999949e+00
-1.231995299999999904e+00
-1.153730399999999934e+00
-1.146031500000000092e+00
-1.246801599999999954e+00
-1.276011999999999924e+00
-1.226660300000000037e+00
-1.087279200000000001e+00
-1.207999499999999893e+00
-1.160534699999999919e+00
-1.215097400000000105e+00
-1.069253999999999927e+00
-1.256250799999999890e+00
-1.203383600000000220e+00
-1.074082800000000226e+00
-1.236221100000000073e+00
-1.244556699999999960e+00
-1.203840999999999939e+00
-1.116289800000000110e+00
-1.217599099999999934e+00
-1.011604100000000006e+00
-1.075211099999999975e+00
-1.125136899999999551e+00
-1.267643000000000075e+00
-1.233769600000000244e+00
-9.914097099999999996e-01
-1.041197600000000056e+00
-1.080555200000000049e+00
-1.199414299999999933e+00
-1.054706900000000003e+00
-1.048763499999999960e+00
-1.004611199999999815e+00
-1.036497199999999896e+00
-1.131870300000000107e+00
-1.206559699999999902e+00
-1.241446800000000072e+00
-1.159754100000000010e+00
-1.089224299999999923e+00
-1.216245599999999927e+00
-9.857821399999999734e-01
-1.194318499999999839e+00
-1.139770299999999903e+00
-9.591189900000000046e-01
-1.167860799999999921e+00
-9.159249799999999997e-01
-1.205263899999999833e+00
-1.177195299999999945e+00
-1.031478099999999953e+00
-1.270217899999999789e+00
-1.165992600000000046e+00
-1.203397899999999909e+00
-1.220447199999999954e+00
-1.087704299999999957e+00
-1.171449900000000044e+00
-1.200712000000000002e+00
-1.060411299999999946e+00
-1.166313200000000050e+00
-1.224566299999999996e+00
-1.212361999999999940e+00
-1.091944900000000107e+00
-1.174364100000000244e+00
-1.166195599999999999e+00
-1.244414300000000084e+00
-1.223977700000000057e+00
-1.309839600000000104e+00
-1.160516699999999846e+00
-1.998781499999999905e-02
-1.174742500000000023e+00
-1.224786600000000503e+00
-1.265353600000000078e+00
-1.151327100000000048e+00
-1.240579899999999958e+00
-1.210150499999999907e+00
-8.904973000000000471e-01
-1.259848399999999868e+00
-1.049911599999999945e+00
-1.248739899999999903e+00
-1.250244899999999548e+00
-1.124970800000000049e+00
-1.269002299999999916e+00
-1.110557900000000098e+00
-1.153606600000000038e+00
-1.130263199999999912e+00
-1.233850799999999914e+00
-1.200501399999999830e+00
-1.277246799999999904e+00
-1.220360300000000064e+00
-1.109893499999999866e+00
-1.046329999999999982e+00
-9.856140500000000193e-01
-1.089426299999999959e+00
-1.148402600000000273e+00
-1.255645099999999958e+00
-1.312349100000000268e+00
-1.011098300000000005e+00
-1.151772699999999983e+00
-1.171979199999999999e+00
-1.142192099999999932e+00
-1.209980800000000078e+00
-1.255026100000000033e+00
-1.189319800000000038e+00
-1.144269800000000004e+00
-1.239555500000000032e+00
-1.182193199999999944e+00
-1.196571699999999794e+00
-1.026967400000000197e+00
-1.131479799999999925e+00
-1.072452399999999972e+00
-1.059652199999999933e+00
-1.200541099999999917e+00
-1.167029499999999942e+00
-1.186876299999999995e+00
-1.265205799999999936e+00
-1.202963899999999864e+00
-1.174014300000000066e+00
-1.172664900000000010e+00
-1.214500300000000310e+00
-1.140136199999999933e+00
-1.205954500000000040e+00
-1.201491499999999935e+00
-1.171550899999999507e+00
-1.225196399999999963e+00
-1.262731100000000106e+00
-1.198586600000000502e+00
-1.172923600000000066e+00
-1.147718199999999911e+00
-1.196088800000000063e+00
-1.175905199999999873e+00
-1.122322699999999562e+00
-1.077574500000000102e+00
-1.218650100000000069e+00
-1.099965600000000210e+00
-1.287310600000000083e+00
-9.751570000000000515e-01
-1.285961399999999921e+00
-1.198902899999999550e+00
-1.222267999999999910e+00
-1.197781399999999552e+00
-1.196775899999999559e+00
-1.292019000000000029e+00
-1.125668199999999786e+00
-1.107447899999999930e+00
-1.259022699999999828e+00
-1.173893499999999923e+00
-9.769651299999999594e-01
-1.151150099999999954e+00
-1.193491300000000033e+00
-1.194274600000000186e+00
-1.262024999999999952e+00
-9.977798300000000342e-01
-9.913100999999999718e-01
-1.111112200000000216e+00
-1.187958499999999917e+00
-1.164708399999999866e+00
-1.104697000000000040e+00
-1.187224099999999893e+00
-1.100271299999999952e+00
-1.206928599999999907e+00
-1.063917999999999919e+00
-1.096096100000000018e+00
-1.008678900000000045e+00
-1.177009600000000100e+00
-1.245294600000000251e+00
-1.076888499999999915e+00
-1.023204299999999956e+00
-1.196088199999999935e+00
-1.071473799999999921e+00
-1.241519899999999899e+00
-1.127825700000000042e+00
-1.149728000000000083e+00
-1.145584399999999947e+00
-1.250124500000000083e+00
-1.269292800000000110e+00
-1.123569300000000215e+00
-1.187561600000000217e+00
-1.212722399999999867e+00
-1.243452599999999908e+00
-1.242547399999999858e+00
-1.282958100000000101e+00
-1.106792100000000056e+00
-1.014925899999999936e+00
-1.045812600000000092e+00
-1.243984999999999896e+00
-1.252877300000000194e+00
-1.016124000000000027e+00
-1.097767299999999890e+00
-1.038134799999999913e+00
-1.005770499999999901e+00
-1.102132399999999901e+00
-1.251144300000000209e+00
-1.166815799999999959e+00
-1.014034799999999903e+00
-1.227604899999999999e+00
-1.072041500000000092e+00
-1.214863299999999979e+00
-1.147260799999999970e+00
-1.147609000000000101e+00
-1.246995300000000029e+00
-1.216085399999999872e+00
-1.083898399999999818e+00
-1.050863300000000056e+00
-1.258438800000000191e+00
-1.195153300000000307e+00
-1.204837399999999947e+00
-1.254706200000000216e+00
-1.086202600000000240e+00
-1.224607900000000082e+00
-1.198932000000000109e+00
-1.134502199999999794e+00
-1.215571699999999922e+00
-1.247982200000000041e+00
-8.855478799999998429e-01
-1.240867399999999954e+00
-1.091706499999999913e+00
-1.217430699999999977e+00
-1.113627600000000273e+00
-1.215535199999999927e+00
-1.128135000000000110e+00
-1.075368000000000102e+00
-1.151202600000000187e+00
-1.217035499999999937e+00
-1.217834399999999873e+00
-1.256942400000000015e+00
-1.238274899999999956e+00
-1.197456800000000099e+00
-1.185803799999999963e+00
-1.258100599999999902e+00
-1.134684199999999921e+00
-1.222154899999999822e+00
-1.144183500000000020e+00
-1.190315800000000035e+00
-1.139510300000000198e+00
-1.160739399999999533e+00
-9.872955599999999610e-01
-1.225986800000000043e+00
-1.149699900000000108e+00
-1.280712499999999920e+00
-1.171557900000000041e+00
-1.199373700000000209e+00
-1.180774599999999896e+00
-1.074792100000000028e+00
-1.278660899999999545e+00
-1.041448699999999894e+00
-1.267734300000000092e+00
-1.180724099999999943e+00
-1.115110599999999952e+00
-1.206641000000000075e+00
-9.720208299999999468e-01
-1.188022700000000098e+00
-1.164457700000000040e+00
-1.265871100000000027e+00
-1.215482699999999916e+00
-1.259025099999999897e+00
-1.153526199999999946e+00
-1.040098800000000212e+00
-1.135585999999999984e+00
-1.019846699999999551e+00
-1.246814400000000100e+00
-1.084236299999999931e+00
-1.143374799999999913e+00
-1.190354399999999924e+00
-1.214883200000000052e+00
-1.006730399999999914e+00
-1.150794099999999931e+00
-1.085084500000000007e+00
-1.210831100000000049e+00
-1.130689899999999914e+00
-1.100436600000000098e+00
-1.165715700000000021e+00
-1.151875899999999842e+00
-1.116150699999999940e+00
-1.122635499999999897e+00
-1.222779599999999967e+00
-1.246579799999999905e+00
-1.186324600000000062e+00
-1.228515500000000094e+00
-1.264962799999999943e+00
-1.160146300000000075e+00
-1.244149600000000078e+00
-1.251698200000000094e+00
-1.206897000000000109e+00
-1.149312600000000018e+00
-1.259158900000000081e+00
-1.161199799999999893e+00
-1.271506700000000212e+00
-1.160836100000000037e+00
-9.230043599999999682e-01
-1.259915499999999966e+00
-1.224410599999999905e+00
-1.240913799999999956e+00
-1.258741099999999946e+00
-1.105062100000000047e+00
-1.267074000000000034e+00
-1.131332100000000063e+00
-1.193956800000000040e+00
-1.162100099999999969e+00
-1.193919799999999976e+00
-1.123908799999999930e+00
-1.186212400000000056e+00
-1.270412400000000108e+00
-1.122277600000000097e+00
-4.012973899999999761e-01
-1.210827899999999957e+00
-1.225095100000000103e+00
-1.143718599999999919e+00
-1.280479999999999841e+00
-1.188462499999999977e+00
-1.166730899999999904e+00
-1.146926099999999948e+00
-1.169143000000000043e+00
-1.232049799999999973e+00
-1.087989200000000212e+00
-1.169383899999999921e+00
-1.240130800000000200e+00
-1.045348699999999909e+00
-1.212028399999999895e+00
-1.241905199999999931e+00
-1.267143499999999978e+00
-1.149142199999999558e+00
-1.221284300000000211e+00
-1.144776999999999934e+00
-1.227011800000000097e+00
-1.033902000000000099e+00
-1.257825299999999924e+00
-1.199006999999999934e+00
-1.116674699999999909e+00
-1.167117500000000030e+00
-1.086900100000000036e+00
-1.207079000000000013e+00
-1.032078899999999910e+00
-1.161324999999999941e+00
-1.186379400000000084e+00
-8.027919900000000109e-01
-1.181630900000000040e+00
-1.230607000000000006e+00
-1.153651600000000110e+00
-1.041930700000000209e+00
-1.116339399999999538e+00
-1.171880800000000056e+00
-1.254404800000000098e+00
-1.205510199999999976e+00
-9.911786600000002112e-01
-1.142426799999999965e+00
-1.114879299999999906e+00
-1.158669299999999902e+00
-1.211079800000000040e+00
-1.208412499999999890e+00
-1.252611300000000094e+00
-1.246680500000000080e+00
-1.095083299999999982e+00
-1.023037600000000102e+00
-1.237438599999999944e+00
-1.231646900000000100e+00
-1.174296699999999971e+00
-1.264951899999999796e+00
-9.641228600000000259e-01
-1.286123499999999975e+00
-1.083061000000000051e+00
-1.259897000000000045e+00
-9.970930700000000257e-01
-1.167262400000000033e+00
-1.022161499999999945e+00
-1.279703800000000058e+00
-1.292431200000000002e+00
-1.097880399999999534e+00
-1.192922999999999956e+00
-1.193835600000000108e+00
-1.142770400000000075e+00
-1.240108499999999836e+00
-1.239284000000000052e+00
-1.151785099999999895e+00
-1.131180899999999934e+00
-1.256612199999999957e+00
-1.047025099999999931e+00
-1.218698499999999907e+00
-1.155375300000000216e+00
-1.265564499999999981e+00
-9.962611300000000503e-01
-1.180666800000000016e+00
-1.264848500000000042e+00
-1.197912499999999936e+00
-1.300420200000000026e+00
-9.908312000000000230e-01
-1.179739499999999941e+00
-1.157599299999999998e+00
-1.293209800000000076e+00
-1.111971400000000054e+00
-1.251589099999999899e+00
-1.242727399999999927e+00
-1.123743399999999948e+00
-1.054218799999999900e+00
-1.073118300000000191e+00
-1.135658700000000021e+00
-1.224631399999999815e+00
-1.084235499999999908e+00
-8.853902599999999845e-01
-1.250399300000000213e+00
-1.229494000000000309e+00
-1.111509899999999940e+00
-1.108459600000000211e+00
-1.267245699999999919e+00
-1.156781599999999965e+00
-1.170777899999999816e+00
-1.086509399999999959e+00
-1.198456900000000047e+00
-1.125273200000000084e+00
-1.281859300000000035e+00
-1.023438599999999976e+00
-1.170336999999999961e+00
-1.042651400000000006e+00
-1.212985699999999945e+00
-1.241061399999999981e+00
-1.043904100000000001e+00
-1.277775899999999520e+00
-1.259291799999999961e+00
-1.240566600000000186e+00
-1.184265799999999924e+00
-1.251170300000000069e+00
-1.243462999999999985e+00
-1.257828199999999841e+00
-9.757467899999999750e-01
-1.309423899999999863e+00
-1.096084600000000187e+00
-1.149623399999999851e+00
-1.265824899999999920e+00
-1.131469300000000011e+00
-1.129544899999999963e+00
-1.218897399999999909e+00
-1.113518899999999867e+00
-1.192919800000000308e+00
-1.093238200000000049e+00
-1.097527500000000211e+00
-9.331521900000000480e-01
-1.197586500000000109e+00
-1.157182399999999944e+00
-1.135260199999999831e+00
-1.008277099999999926e+00
-1.157016499999999892e+00
-1.225583700000000054e+00
-1.149692600000000064e+00
-1.103290799999999905e+00
-1.077875799999999940e+00
-1.213778199999999918e+00
-1.122324300000000052e+00
-1.195100199999999946e+00
-1.317612400000000017e-01
-1.118705599999999967e+00
-1.210683799999999977e+00
-1.283142299999999958e+00
-9.686093700000000251e-01
-1.166013600000000094e+00
-1.113009399999999927e+00
-1.238002800000000070e+00
-1.257441000000000031e+00
-1.080303699999999978e+00
-9.835475799999999769e-01
-9.951692899999999842e-01
-1.288729800000000036e+00
-1.030096600000000029e+00
-1.212610399999999977e+00
-1.247350100000000017e+00
-1.089901699999999973e+00
-1.240302599999999922e+00
-1.201661199999999985e+00
-1.039181200000000027e+00
-1.000660000000000105e+00
-1.276847999999999983e+00
-1.168979400000000002e+00
-1.241100400000000104e+00
-9.906452100000000538e-01
-1.244980399999999543e+00
-1.230142300000000022e+00
-1.141024399999999828e+00
-1.008084100000000038e+00
-1.142404999999999893e+00
-1.102710800000000102e+00
-1.000826299999999947e+00
-1.232305299999999937e+00
-1.033186799999999961e+00
-1.202408600000000050e+00
-1.137966100000000091e+00
-1.081352499999999939e+00
-1.279024200000000056e+00
-1.296168699999999951e+00
-1.139738600000000046e+00
-1.122812200000000038e+00
-1.140073099999999950e+00
-1.150078699999999898e+00
-1.277944600000000097e+00
-1.164396599999999893e+00
-8.714911699999999817e-01
-1.115500200000000053e+00
-1.160832400000000098e+00
-1.132727700000000004e+00
-1.206422000000000105e+00
-1.197848299999999977e+00
-1.174397600000000041e+00
-1.017345799999999967e+00
-1.016438699999999917e+00
-1.220646799999999921e+00
-8.761593399999998422e-01
-1.199001100000000042e+00
-1.084504999999999830e+00
-1.279812699999999914e+00
-1.216348100000000265e+00
-1.227156799999999937e+00
-1.017577900000000035e+00
-1.205284100000000080e+00
-1.189686599999999927e+00
-1.142484800000000078e+00
-1.183399799999999891e+00
-1.203922299999999890e+00
-1.094737199999999966e+00
-1.270264099999999896e+00
-1.139917099999999905e+00
-1.003079599999999960e+00
-1.173764800000000053e+00
-1.259422700000000006e+00
-1.250196600000000213e+00
-8.341045299999998441e-01
-8.602481400000000500e-01
-1.124544299999999941e+00
-1.100041599999999953e+00
-1.261662400000000073e+00
-1.043739900000000054e+00
-1.006423899999999927e+00
-1.199212299999999898e+00
-1.193732000000000015e+00
-1.102075700000000102e+00
-1.094367000000000090e+00
-9.972788099999999600e-01
-1.064452799999999977e+00
-1.263843999999999967e+00
-1.236747199999999935e+00
-9.827464000000000199e-01
-1.183353700000000064e+00
-1.140697099999999908e+00
-1.211776899999999824e+00
-1.229545000000000110e+00
-1.181211000000000011e+00
-9.834236400000000433e-01
-1.208798100000000098e+00
-1.208160600000000251e+00
-1.036354400000000009e+00
-1.053897699999999826e+00
-1.109594199999999864e+00
-1.252298100000000192e+00
-1.059846099999999902e+00
-1.120486600000000221e+00
-1.157261099999999931e+00
-1.318549399999999983e+00
-1.085924300000000065e+00
-1.050494899999999898e+00
-1.225498500000000046e+00
-1.186957399999999829e+00
-1.102964199999999950e+00
-1.109513100000000030e+00
-1.189337499999999936e+00
-1.178153899999999865e+00
-1.111551100000000014e+00
-1.207507399999999897e+00
-1.083577199999999907e+00
-1.254501300000000041e+00
-1.261474500000000054e+00
-1.181783999999999946e+00
-1.205631099999999956e+00
-1.256935600000000264e+00
-1.173056699999999841e+00
