tilt_2
5.967489652614574869e-01
2.358392687053910031e+00
2.151864241574241721e+00
1.844905988590191726e+00
2.417220761544608965e-01
1.952621999923493279e+00
1.542506881718209266e+00
1.761646924658500035e+00
2.194653813066992143e+00
4.937738600996023908e-01
2.007651907239621281e+00
2.740914613565413660e+00
1.587747429299912083e+00
1.451321836090397221e+00
1.253625964840729301e+00
9.854370899744860912e-01
2.057291265662489099e+00
1.026942429325323092e+00
2.185919761120606708e+00
2.174084613247730058e+00
1.859890628422231185e+00
1.580489697109491942e+00
2.369918918796118046e+00
2.166490839396359114e+00
2.281051261760677296e+00
2.767853939509872685e+00
2.675047155764216367e+00
2.312488825466655573e+00
2.058439975282081669e+00
2.235296679192480873e+00
1.929437535160463124e+00
1.762001003105782893e+00
1.064395778347092092e+00
2.098647319796611566e+00
1.298343072113046448e+00
2.169913052786772489e+00
1.445354029692276443e+00
8.714720907027067032e-01
2.005092084500399441e+00
1.448009956591700842e+00
1.423753866395315315e+00
1.488881433334438453e+00
1.973138725500332535e+00
6.701649701089246181e-01
2.073156436757420451e+00
2.181285623835838905e+00
2.270181296983544872e+00
1.627476116106189918e+00
2.445337414643514062e+00
1.907389733804125020e+00
2.179072913008510692e+00
1.280441429088055472e+00
2.279535198271602781e+00
2.774124021330768741e+00
9.695814423403089632e-01
4.175783076095948565e-01
2.299050559919431524e+00
2.338338112754961173e+00
1.850936592024500005e+00
2.470391777514346909e+00
1.567325240206667525e+00
1.675117033255104859e+00
2.419965463517827597e+00
1.804891661248824608e+00
1.913969095365128048e+00
1.841733779838895080e+00
1.923124566094630339e+00
1.535629429437987969e+00
1.961782434659766539e+00
1.640210567741779091e+00
1.974432226827794290e+00
2.543568054293178893e+00
2.175829008565891343e+00
1.435543697734265045e+00
1.428379217656144728e+00
1.943453400603327497e+00
2.240992263769305826e+00
2.127670882461855761e+00
1.991487729971793907e+00
1.950402235754650659e+00
2.648933321002166164e+00
1.816872631189848208e+00
1.623346280464899927e+00
8.569018843537927754e-01
1.321878222972807437e+00
2.280637870789590238e+00
1.913916354044457924e+00
2.139202737882576866e+00
9.719657389268213654e-01
2.603055500068860439e+00
1.808340425030679821e+00
1.879698905029578038e+00
1.390129273016749156e+00
2.917354008230216511e+00
2.441493413725410289e+00
3.073467181269348369e+00
1.747861604424519433e+00
2.241735047682611004e+00
1.086463469342937804e+00
1.263114865342981563e+00
7.574512728557164509e-01
7.460816413844042483e-01
2.084635062767645319e+00
1.905212528239693226e+00
1.199685872160236810e+00
1.251238138310092118e+00
1.723355473014854367e+00
1.638642435434490396e+00
9.210176984886788709e-01
9.038924616450189076e-01
2.139236038432035247e+00
5.837198809702864866e-01
1.487378582897033175e+00
2.946068328919509316e+00
1.674073971709134190e+00
2.046971308716269533e+00
9.441545445122998537e-01
1.323865541466906492e+00
1.294766455951881667e+00
1.350879259829428580e+00
1.697780147877588908e+00
2.443959507699384748e+00
2.761626151443552502e+00
1.965663492320143702e+00
2.172248021239309157e+00
2.572843744669934818e+00
1.561905091288678493e+00
2.073776013464394552e+00
1.683599884361674848e+00
1.378800958026033641e+00
1.394680694336604576e+00
1.552338317033566284e+00
1.815657307248476959e+00
1.606941198684183281e+00
2.181469369508707956e+00
1.811224530692302270e+00
2.804516605349510527e+00
1.634885472640369652e+00
1.290136500016744625e+00
2.004559828168392954e+00
1.948327358492280448e+00
2.401303972363272976e+00
1.581411199119534761e+00
2.698676205244774806e+00
2.192854095992708530e+00
1.047055150839242943e+00
1.405865873440724556e+00
2.496510201085877956e+00
1.326790271134994370e+00
1.955585239317450430e+00
1.198231792073690016e+00
1.528959722871185978e+00
2.171182827063792065e+00
2.283312744284000217e+00
1.791802040086204029e+00
9.013784465621974551e-01
1.435972658836863536e+00
1.009737005860545267e+00
1.592612212147084927e+00
1.401275989511311160e+00
1.275559172342711989e+00
2.006128770952165130e+00
1.523477640965316793e+00
2.362071289980539834e+00
2.615979419651111471e+00
2.883399864088273645e+00
2.109310835761203595e+00
1.848186079491078493e+00
1.700801616360001267e+00
1.750476398960771451e+00
3.989019081785990517e-01
1.303091268536142211e+00
1.766960597122851695e+00
5.897743034433076126e-01
7.244633956337369618e-01
3.884588444843504740e-01
1.507940359626126492e+00
2.415745360208819470e+00
1.764415202274511874e+00
1.906376326368699692e+00
1.561084233148651412e+00
9.645368989626108558e-01
2.360494446375033029e+00
1.790380810505952880e+00
1.269323858419469486e+00
2.667146114184124173e+00
1.746655975110663839e+00
1.718102317468015228e+00
2.547153250973375194e+00
2.057047640374440878e+00
1.043301458883745259e+00
5.059543619611307497e-01
1.627290552680218605e+00
2.024124378622727871e+00
8.690531164349558635e-01
1.496768752201981467e+00
4.883194491714480390e-01
2.603474082967636161e+00
1.544942498863286717e+00
1.846124677039579387e+00
1.885192766775111162e+00
2.235020626129057941e+00
2.043437909250502837e+00
9.745335189106768548e-01
1.923808667625712010e+00
2.417956616638933909e+00
1.814798940414925177e+00
2.058768114212350842e+00
1.514736676939536286e+00
1.610928016495216886e+00
1.108857573686368170e+00
2.028475883640444621e+00
1.093211969785789384e+00
1.576565904036098642e+00
1.588584863167087580e+00
2.259948413082704999e+00
2.160180591813110507e+00
1.180725928714039918e+00
2.307147834074063653e+00
2.224914135154735462e+00
1.410410253131191949e+00
1.835800308597069774e+00
1.179688332086968661e+00
1.865660091631851980e+00
1.899396311476218902e+00
2.534651501512106275e+00
1.733592536869314360e+00
1.547119854128114591e+00
2.450049509796503600e+00
7.988202001301684119e-01
2.037401568532322571e+00
1.813465051377860071e+00
2.225144738976799541e+00
2.670324074708910977e+00
1.553579875785229492e+00
7.546083690932003929e-01
1.919276875596465315e+00
1.865221126124049666e+00
2.036539224342643450e+00
1.919213655764961945e+00
2.004608574300881685e+00
8.175152666253920897e-01
1.577977751358535574e+00
1.466713723575933548e+00
1.295888138863882988e+00
1.497594191564826316e+00
2.114548532848222973e+00
8.754548269078809009e-01
1.349867181862337340e+00
2.749233794058181690e+00
1.408902817120266660e+00
2.356077863779089565e+00
2.879411853848510283e+00
1.027838672411456322e+00
1.688957414361661025e+00
1.648780215719857001e+00
1.638629630488265487e+00
2.664553097059418896e+00
2.260662879623018817e+00
2.112304349258431468e+00
1.530850436198084141e+00
2.736178176117523453e+00
1.038361159146560464e+00
1.142799958831056811e-01
1.458506915384041536e+00
2.538277540687330802e+00
2.607412553794132393e+00
1.921602004667040564e+00
1.849022837658005791e+00
1.495799964894439560e+00
1.917993146091428347e+00
1.886288821681195271e+00
1.025202686156013954e+00
2.337324547027052724e+00
1.882528928087094933e+00
1.376297694160334428e+00
2.607878686285403980e+00
1.607069720591365103e+00
1.882262811509955336e+00
1.993031205057967048e+00
2.010276232389436757e+00
1.437672235665210074e+00
1.601784785481684681e+00
1.829915001358578097e+00
1.884738138820515607e-01
2.821115883810632941e+00
2.508323760339533415e+00
2.170020036619990655e+00
1.588969901392669470e+00
9.744258907542957537e-01
1.819739609295613070e+00
1.618482846771918338e+00
1.602028332058040183e+00
1.737639882463480223e+00
2.108047221529067539e+00
8.512949327603046568e-01
1.398558302929713060e+00
4.328296448762155579e-01
6.806401840519318291e-01
1.455446409129225183e+00
1.105312822310247300e+00
2.055347389983936068e+00
1.696275149980753572e+00
9.183118664913958451e-01
5.890684583314232947e-01
1.591385004729677366e+00
1.319021002037268131e+00
1.956876843427038937e+00
1.316572319049485129e+00
1.466727804258948664e+00
2.270438948599008633e+00
1.814500822651997636e+00
2.574108744214687938e+00
1.127428190859907975e+00
2.338217165543463150e+00
1.353125527664283290e+00
2.154923610064800155e+00
1.148937104244907248e+00
1.827693145353431303e+00
2.163988990881891006e+00
1.648477088181364847e+00
1.611837235500301446e+00
3.867491941380448717e-01
2.204446676606653277e+00
7.110507524465748963e-01
2.081603257339196489e+00
2.199152736172579115e+00
1.828877508522742890e+00
1.048103929587288929e+00
1.354943161590351774e+00
2.278820369953384883e+00
1.943283203990552099e+00
2.395150056724786758e+00
1.986725404698138187e+00
1.863521606485589288e+00
1.511386644392771927e+00
1.652871976559455724e+00
2.460149458709675052e+00
2.460541984705369778e+00
2.865327073585585804e+00
1.911219998449007473e+00
9.882843191591247356e-01
1.844883526437208987e+00
2.866209035381074965e+00
1.672247087350811068e+00
2.089525989631157543e+00
1.129181312723376074e+00
1.724794362933031788e+00
1.359441876413132855e+00
2.179949721013958897e+00
1.431705800435850495e+00
1.902268033039961059e+00
1.410399472813994359e+00
2.149965450615135332e+00
2.147083554045770892e+00
1.393892742122066153e+00
9.022514758799782264e-01
2.442015535472723542e+00
1.060299018598039877e+00
2.163703032908339985e+00
1.900436018343564237e+00
2.463837436527078761e+00
2.226030776976824388e+00
9.281549838810876363e-01
1.434762871278373764e+00
7.404656412697254719e-01
1.668646273072290409e+00
1.399128198274536272e+00
1.190508678077975002e+00
2.975515127728894704e+00
2.439030791576541901e+00
2.049025661644820140e+00
2.763194824465666333e+00
1.180030629300440781e+00
2.807015854334152127e+00
1.940957860537793067e+00
1.757201909104080029e+00
1.446887103200142688e+00
1.167284276585022651e+00
1.823031167465509528e+00
2.185717226149650916e+00
2.280629956349732534e+00
2.194793127392704601e+00
1.912085159689159486e+00
1.601556506200626284e+00
1.669155319276568239e+00
2.457864708877607995e+00
2.614166619798716340e+00
1.363278190920486299e+00
5.684258171958810335e-01
1.065222888446577976e+00
2.921418885097163187e+00
2.928429833624445422e+00
9.363275112184442639e-01
5.879787741010634727e-01
1.980077511723844497e+00
2.357484373524011634e+00
1.574141672032539185e+00
1.808759411616344348e+00
2.183229759338323195e+00
2.000971637854540131e+00
2.166138557612402149e+00
1.823254464624035176e+00
2.284082025965497920e+00
1.178449697528748397e+00
1.443406641877429175e+00
2.837342945821680118e+00
1.494404007895951736e+00
2.653112977759330970e+00
9.484510819039386753e-01
1.927824573917922724e+00
1.422707594480320692e+00
1.859837523840183193e+00
2.185717226149650916e+00
1.853986684025443754e+00
1.950444427351702092e+00
2.253280698788192815e+00
2.875174553735932559e+00
1.645827237574523982e+00
1.159410843250933798e+00
1.390387941957899942e+00
2.844088075115381642e+00
1.186669916566225114e+00
2.829198749967807736e+00
2.574071787249999410e+00
7.436961865733647814e-01
2.098067377626131158e+00
8.811575808232545715e-01
1.983707195575824977e+00
2.058882193621682344e+00
2.380894315653397708e+00
2.272888753594007216e+00
8.712124877787164046e-01
1.858740746539724098e+00
2.078405789031519291e+00
2.655429771711933729e+00
1.015228735036980634e+00
1.861732813311220536e+00
2.130268167396434098e+00
7.054177088725996914e-01
1.890717300236960385e+00
6.817633836192870112e-01
1.426812054849158296e+00
2.147805779124978720e+00
1.136340430747864172e+00
1.837084609003950320e+00
1.177742415487322836e+00
1.687352278625779078e+00
1.005240957671503788e+00
2.305195978104521259e+00
2.983076646942538712e+00
1.549376482785121523e+00
1.913800977982841767e+00
2.396285012868796471e+00
1.540624327794478887e+00
1.298938932437155414e+00
1.994591537269097881e+00
2.107369103253087683e+00
2.293915060702154118e+00
1.973374839161076366e+00
2.200739714169296146e+00
2.137168347750261876e+00
1.410099598886303207e+00
1.494429238740346166e+00
1.854546340312172692e+00
1.716432027334782617e+00
1.481492305122326325e+00
1.917337357795011910e+00
9.719488449572710742e-01
1.128992374940928745e+00
2.010210891791635479e+00
1.527007315288998468e+00
6.892891864141519331e-01
1.729955679287922488e+00
2.655039880140131814e+00
1.464133952906348624e+00
1.892917989010426849e+00
1.686208895656422735e+00
1.597588864915152618e+00
2.390239020872255704e+00
4.123806030724262994e-01
2.288895587397247855e+00
1.705077054149915838e+00
2.020867213989848921e+00
2.594902864790537667e+00
1.635702782162665514e+00
1.668301760909612241e+00
1.872206652417553130e+00
3.033378871967104651e+00
2.722648291410338484e+00
2.492612159688689211e+00
1.844507679090144459e+00
5.425521391268034455e-01
2.581099053523308928e+00
9.493936080838287772e-01
1.979050190725794689e+00
6.293659301463774280e-01
1.612809676357008559e+00
1.718232992620684740e+00
3.018997738979189105e+00
1.522552018402633323e+00
1.730907858339952865e+00
1.672861612602878578e+00
2.248225207695306038e-01
2.702719758356571855e+00
1.434117291254071835e+00
2.387705598142901398e+00
2.215266844425588300e+00
9.412094364393229773e-01
2.253671329503720511e+00
8.638429848870309291e-01
1.935367777567744030e+00
2.349411129596030712e+00
2.396783052608566500e+00
1.466388513842261654e+00
1.290400472775582674e+00
1.150205905598254752e+00
2.156874751070632534e+00
1.597166621483126381e+00
2.079103999469197550e+00
1.233634902602250172e+00
9.280650954705155220e-01
1.541216194018891761e+00
2.608316693370876127e+00
2.123106618868126461e+00
1.911516665950176108e+00
1.454970120021783719e+00
1.311129368612704349e+00
2.751987501914812118e+00
2.720004969390619642e+00
1.622277252652851054e+00
1.659017071263332310e+00
2.027201259345594586e+00
1.940270533609230075e+00
5.499997161125573797e-01
1.540099041348125697e+00
2.312945515026879839e+00
4.138881781539986426e-01
1.134465556201780911e+00
1.999887379573689783e+00
3.977457191694699912e-01
2.053044659974714303e+00
1.358270395373402550e+00
2.216729777694104175e+00
1.091786166984786144e+00
2.829202440409265495e+00
1.089166641943959846e+00
2.158629245327750912e+00
2.388811024121161086e+00
1.721024716964586920e+00
1.990411946106219299e+00
1.936309223605225949e+00
1.560699240560749157e+00
2.560141450777494665e+00
4.102797216218556642e-01
3.023132210101222128e+00
2.647829650018558745e+00
1.975427008328311418e+00
2.080089772964775818e+00
6.009240674261832893e-02
1.607970861712703758e+00
2.379511715285975271e+00
2.394603998602533146e+00
9.814421712783916174e-01
1.899312741901526325e+00
2.164291472070413835e+00
2.202502056769518823e+00
8.827442047959963567e-01
7.064187245272918192e-01
2.021072428104686569e+00
1.578360746718363350e+00
2.216358696659300076e+00
2.305508257694163454e+00
1.819359048393102585e+00
1.697842008877734621e+00
1.633113741574296451e+00
2.905909391782375728e+00
7.548344886607479820e-01
2.576777375805809012e+00
1.823839380162783463e+00
2.205964307346726105e+00
2.461855120847839196e+00
5.540790988784910498e-01
2.076361217209867327e+00
1.969878074076874208e+00
2.072352682965926896e+00
2.988090760615289998e+00
2.173344010572978657e+00
1.901176752056437547e+00
1.977301909036513372e+00
2.018435050131456521e+00
2.298743805176045374e+00
2.155168962335064275e+00
5.933090741817304004e-01
1.865252596482770198e+00
1.973813483881805997e+00
2.155271251932387777e+00
1.488237371829412181e+00
2.296515096818317669e+00
1.798521878030884036e+00
2.284956552853735001e+00
1.053385148343500166e+00
1.294114009482562500e+00
1.307648680938020114e+00
2.083813980902241347e+00
2.366069403569556417e+00
1.581739405650524954e+00
9.754142133679089000e-01
1.790574539481751826e+00
1.865927681930312332e+00
2.105120918462941582e+00
2.792316817424589814e+00
1.644850641928282009e+00
1.716192633027238346e+00
2.299690930332137562e+00
2.483847053985797082e+00
2.077714610468749168e+00
1.549724224173468556e+00
1.869849181478024924e+00
2.083813980902241347e+00
2.258335561131398439e+00
1.688607933212142198e+00
1.404911995658386425e+00
1.435555700524437706e+00
1.628896531364163236e+00
1.761056646231224487e+00
2.473137211809782965e+00
1.218955240901446802e+00
1.121753992166937941e+00
1.447490577395506239e+00
1.706636618112978843e+00
1.153610572519538024e+00
1.620537655082299411e+00
1.702484262963752881e+00
2.255157502779117529e+00
2.452072692050190739e+00
2.891515282954471466e+00
1.165158461076387653e+00
1.593694292032428850e+00
2.744099264055119836e+00
2.218735417292704515e+00
2.223634754296848204e+00
1.241243071946787513e+00
1.067190527630966335e+00
1.777774683973298631e+00
2.653642813335408412e+00
7.584019746967629594e-01
1.226942436395502378e+00
1.355161279930835239e+00
2.170814223356633210e+00
2.450049509796503600e+00
2.548363264089660962e+00
2.162804075628842693e+00
1.753324042753899636e+00
1.569411374943108006e+00
2.050543596867883345e+00
1.799250106788968795e+00
1.811756217787364065e+00
2.439271985640061313e+00
1.843570580846627172e+00
2.707810104016051156e+00
2.418399381898332479e+00
1.662684627798600490e+00
1.455771519031557881e+00
1.767221324636547353e+00
1.873807166287424719e+00
1.814641984656867102e+00
2.083139996022647544e+00
1.235958585192540760e+00
1.757435849460706523e+00
3.391465332922948273e-01
1.920431896882803802e+00
1.704499614814543929e+00
2.220736408693479547e+00
8.486141418209043330e-01
9.584278078780112953e-01
2.029343453188154900e+00
1.775568621263245106e+00
1.205854222751041815e+00
1.285345449869789158e+00
1.135490657965867900e+00
1.652814531192724257e+00
1.612467904321312817e+00
1.460039328127054281e+00
2.014287193186206082e+00
1.883829286437348483e+00
1.676083399894708670e+00
1.895850106821855618e+00
2.725507229667426756e+00
1.377335633175932550e+00
2.070859549128586607e+00
1.940595112947508305e+00
1.246546996824140496e+00
5.598371567419679895e-01
1.621495550796264951e+00
1.626116361965258994e+00
7.750499099791674507e-01
1.558546675707665807e+00
1.086886280750435585e+00
1.099987751399507774e+00
2.076270209156536595e+00
1.622310083108577272e+00
1.064053350594210245e+00
2.066585571635336738e+00
1.484149924439883028e+00
2.155757827995909093e+00
1.338768687961025439e+00
1.956057264676869911e+00
2.655581504121371950e+00
1.995838542538023397e+00
1.819223861175045087e+00
2.061460944529356798e+00
1.348202786511608187e+00
6.804677772222191834e-01
1.623021553059797117e+00
1.960750897132811366e+00
2.322867171657545082e+00
2.809306129920981832e+00
8.167329552953901395e-01
1.758964692185353673e+00
2.309516532039562975e+00
2.061764078132039213e+00
8.413563342457199834e-01
6.484062136348370808e-01
1.927172518551736546e+00
2.137352498033004533e+00
1.695412790197909914e+00
2.161486499271803474e+00
1.549084236859911368e+00
2.214731907026374014e+00
1.947740603208657273e+00
1.997716562326914191e+00
1.600293399493564417e+00
1.537132459480006652e+00
2.080103123792113318e-01
1.531326784010035080e+00
1.061078770470592847e+00
2.022090449339235541e+00
1.548405309203888081e+00
1.828163074641237174e+00
1.862909775495082076e+00
6.097200735922260195e-01
1.341064800452820727e+00
1.148333694418760542e+00
1.542335906762675846e+00
1.026706283569406519e+00
1.997979158853949500e+00
1.567521686172580031e+00
1.779444849459189459e+00
1.466601231449561560e+00
2.457864708877607995e+00
8.724252117936596163e-01
1.887814466192013096e+00
2.353407764256723489e+00
2.000871716438822112e+00
1.594581115027059903e+00
2.398762955416590792e+00
2.092819928322172895e+00
1.404217098264389119e+00
9.754458382653657944e-01
1.717353632182687218e+00
6.873288525822942585e-01
1.648944155455990712e+00
2.538735162823960501e+00
1.406874789200581732e+00
2.005458357416583404e+00
2.092225738772275356e+00
1.427110626118679448e+00
2.063790534681846811e+00
3.010789129822023291e+00
1.565405161986039184e+00
2.160499084576541051e+00
2.826678795374677922e+00
1.208890291984787257e+00
5.344357169361191318e-01
1.497574905517371047e+00
1.243245064321183424e+00
4.109311590982172580e-01
2.122037552980647668e+00
2.230004765698137881e+00
1.024167125520099475e+00
1.955738822190505211e+00
1.089886567815883778e+00
1.807223546827590788e+00
2.660494242028649925e+00
2.386401505380098431e+00
2.240992263769305826e+00
1.654264202785773241e+00
1.751886167205468636e+00
2.281219162459734662e+00
1.925724772739847435e+00
1.791709297510720278e+00
1.925903157766397200e+00
9.296636622710342523e-01
9.439363404831776494e-01
2.071633526308300777e+00
2.111756204246471924e+00
2.351290181287786663e+00
2.163016118003179944e+00
1.404217264901544526e+00
2.302275964523387675e+00
2.736604834555794952e+00
8.622756665032657031e-01
6.047534311380109440e-01
1.783657625866620133e+00
1.852642942325505304e+00
2.378018068168413990e+00
1.281646542426597257e+00
2.012031179112935497e+00
1.771545145238061725e+00
2.237930918022294602e+00
1.949206245717949093e+00
1.482526584859577445e+00
1.964789164104626007e+00
1.848348821846196977e+00
2.684974828727879625e+00
1.804370551727374705e+00
2.047779922138030173e+00
2.524022737998074195e+00
2.012035891015514277e+00
1.950695933086134870e+00
1.673617760255324605e+00
1.849184882151044818e+00
9.245624625789994333e-01
1.647679328227351858e+00
2.056980838929361344e+00
2.125862133339314841e+00
2.052242652636568909e+00
2.463614207944763823e+00
2.023238286497137661e+00
8.045461331900416457e-01
2.682658208852542803e+00
2.161090764586763413e+00
1.401334639780680735e+00
1.460345441709264058e+00
1.584997828709539869e+00
1.512090105189835221e+00
2.336533578657436383e+00
2.163624189473649650e+00
2.112451483726075718e+00
1.943911177984704697e+00
1.960056667470290837e+00
2.241148216041400687e+00
1.905382949835996875e+00
1.164397512805048107e+00
2.467568049492426141e+00
1.784151458673353785e+00
2.155669086768031928e+00
2.380369360452957661e+00
1.675205439668853824e+00
2.229921867695555449e+00
1.052513825959371152e+00
2.648721797991322457e+00
1.974404187185053949e+00
2.011032388104390556e+00
2.416336220076128249e+00
1.371374770719450131e+00
1.730539981707614805e+00
2.169437229843323323e+00
1.006883449872526537e+00
2.489019216749262409e+00
1.958657710267905916e+00
1.353149637598554333e+00
2.665614882122557816e+00
1.373448037973457492e+00
1.059786881063346842e+00
2.419957352220300173e+00
2.594699085837481434e+00
1.505883236711306417e+00
1.653892226859864367e+00
1.924540003176697711e+00
2.264503174130567231e+00
1.731802453263971753e+00
2.528308344773847693e+00
2.420408828386548805e+00
1.523085095453444726e+00
8.593058604543855061e-01
1.665078573204372692e+00
2.643864784042668781e+00
5.149276470007995155e-01
1.960379140040357848e+00
2.207972577059634123e+00
1.689761040016981131e+00
2.201358739490236971e+00
1.055357343500006317e+00
1.762409904493913215e+00
2.175198312728074068e+00
1.851254115218292196e+00
2.387075747300255735e+00
1.402148809180668865e+00
2.662205723566634319e+00
1.169516014719470087e+00
4.249412352185125696e-01
2.532655477168822333e+00
1.658277640331003333e+00
1.738131277400570607e+00
1.593668230838478861e+00
6.009956204363029464e-01
2.086632086998541080e+00
1.736968406644422425e+00
1.483232981115914839e+00
1.636996710226762408e-01
9.682681176926056787e-01
2.154865470587468135e+00
2.657655874101270133e+00
2.876860491810676823e+00
9.725988236393662278e-01
2.221585502722217331e+00
2.064302065655308827e+00
6.234326084473710283e-01
1.263751120296011665e+00
1.259627465853894401e+00
2.989310979928543333e+00
1.343752065643163185e+00
2.053539521491106967e+00
2.127894345751378591e+00
1.259785404869105063e+00
2.445173969321491558e+00
9.377666272505132961e-01
2.348299659949726337e+00
2.540581493568463411e+00
1.540342466049122061e+00
2.304547447841383434e+00
2.064668269096797459e+00
1.217731400778486739e+00
1.181062408015682630e+00
2.092539655796832765e+00
7.873444150701087718e-01
2.374909598468066374e+00
1.797360826400806744e+00
2.105813555692553241e+00
2.721199808111410601e+00
8.488372005899945671e-01
1.941578177825532325e+00
6.702976658135377797e-01
1.199412241412872948e+00
1.540322580846434697e+00
8.147484072795241339e-01
1.486335874681454783e+00
1.404114210027136433e+00
1.577875185832575911e+00
1.277076613327036814e+00
8.430156613963387668e-01
2.025000988876364705e+00
1.958845676336232078e+00
3.555258318227258463e-01
2.577802821074301143e+00
2.092216412346463716e+00
2.018212570226124658e+00
2.381452079107752695e+00
1.820356803975166082e+00
9.045567788932643571e-01
2.992523428089603144e+00
1.337902308514182126e+00
1.204893317853471313e+00
2.369658374945324830e+00
2.058942490221961297e+00
1.173692084324075013e+00
1.284453286426551211e+00
1.770462332056544685e+00
8.611153952660648425e-01
2.272945481104144072e+00
1.265079785322192452e+00
1.608987631019687115e+00
2.084910409516494312e+00
2.344928806755468553e+00
1.598840941170634355e+00
2.828786852594767254e+00
1.198323395082499854e+00
2.667129695277536405e-01
9.484510819039386753e-01
2.620252942447226285e+00
2.129928638142824404e+00
2.534530921847012230e+00
1.226737204940112402e+00
2.752003718173745561e+00
1.608071317600420214e+00
1.970192929958282768e+00
2.023706150308845597e+00
2.863465535325802058e+00
1.892957613723674992e+00
2.142458781186023842e+00
2.295588437678343752e+00
4.550858161116256295e-01
9.715065215898481821e-01
1.276886917479361561e+00
1.933878319341090890e+00
1.519755420620582109e+00
1.470703945964506376e+00
1.063420515959678347e+00
8.833913748979377312e-01
1.250506398860771418e+00
1.560286374411147481e+00
2.255321633068826603e+00
1.106434100972979673e+00
2.491475636991768550e+00
1.548168639418239678e+00
2.122664325576039790e+00
2.165568757836587199e+00
2.065874659617442877e+00
1.956802363662538014e+00
2.022107302423901576e+00
1.115484633418521776e+00
1.545351275520285173e+00
1.771155845716665178e+00
9.291006555408384271e-01
1.930278136189691685e+00
1.500751316244348876e+00
1.686027589076770417e+00
2.010905264864593978e+00
2.338135582023840531e+00
2.745594836364092295e+00
2.382654080453585177e+00
2.079869231466659585e+00
2.209159769407809559e+00
5.260118863654787980e-01
2.378855094024481254e+00
1.649781050362042922e+00
1.967047293512634409e+00
2.822231143486288563e+00
1.309500851658489395e+00
2.550827362550501576e+00
6.839624545223749186e-01
1.541947262203159807e+00
1.116322145367047769e+00
2.695471030763878062e+00
1.924992049576955244e+00
9.318888363460091639e-01
2.072226741216963930e+00
1.819754191334387761e+00
5.524743045348625703e-01
1.705951257937370125e+00
2.063240051377120299e+00
1.208742968211002244e+00
2.508687432146143870e+00
1.220308299962498788e+00
2.326445181258472772e+00
1.665234330779473026e+00
1.013071989548842256e+00
1.050140072811853953e+00
1.744342139794180735e+00
1.248754161796817419e+00
1.316494363078705376e+00
2.190083947693495681e+00
2.194807631858567198e+00
2.226502871367995073e+00
1.980161175566280685e+00
1.404441331541266491e+00
1.548347927974287330e+00
1.132929292779616404e+00
2.181707711743794409e+00
2.613748893870806889e+00
7.201473937686884152e-01
1.663057265666683548e+00
7.885046917533228283e-01
2.082833088347646910e+00
2.148929647724373115e+00
1.293088139458906882e+00
2.412728804970034169e+00
2.877523146239001406e+00
1.388964616625536275e+00
1.931597750885687415e+00
1.452975974227216582e+00
1.926912174531085986e+00
2.647854811731619407e+00
1.359951577284036039e+00
1.835017027761302044e+00
2.296442866037432307e+00
1.703224331100682720e+00
1.561203286796269074e+00
8.312173760175414206e-01
1.342719981957915865e+00
7.995014940440701157e-01
9.978035215815100889e-01
2.618101727051102223e+00
1.463606022745604252e+00
1.059532717949474234e+00
2.241145155302759484e+00
7.949297066459766192e-01
2.163931317567523660e+00
2.040363135494095648e+00
2.196482476366793168e+00
2.576395055732804806e+00
1.289608888084940785e+00
1.441092217152301069e+00
2.121718036265210383e+00
2.985097835809211286e+00
7.054407949129930522e-01
1.663888215555440642e+00
7.754723171958095573e-01
1.291912497819319494e+00
1.214885216563246439e+00
6.885708886612623703e-01
1.715697569664169642e+00
1.724328666092276086e+00
2.431051647882905176e+00
2.098425001563716918e+00
1.187457227248974290e+00
2.564220257463310393e+00
1.642397051238355887e+00
2.745311845276706020e+00
4.795883021821287784e-01
1.777495032069605685e+00
7.993788936237457010e-01
1.596596281959881791e+00
1.466627507955445608e+00
2.584275997678642245e+00
1.214225737122142323e+00
2.177229310029443532e+00
5.738014459532633227e-01
2.069440990311410822e+00
2.176141514421287670e+00
7.908383218585963714e-01
2.159217712396619415e+00
1.433036658887981929e+00
1.880495170461762955e+00
1.537132459480006652e+00
2.357314727469243198e+00
1.603420674796365741e+00
1.193554103354585116e+00
2.302804862426184762e+00
2.620469206882072744e+00
1.527035111637946807e+00
1.218935847271884088e+00
1.857352302771291930e+00
1.570438613724252974e+00
7.839498463403583584e-01
8.083896454618088034e-01
1.801167120082257878e+00
1.977700521422752766e+00
1.960110906961303412e+00
1.343282559184368008e+00
1.757683616093032253e+00
1.899770403343711944e+00
1.818569477250125743e+00
1.542676934325676319e+00
2.116996531631341494e+00
1.848759673350273802e+00
1.094412664744528474e+00
7.213177777225972254e-02
1.428141695268371203e+00
1.472476860536127807e+00
2.288681716274197253e+00
2.037878570080197349e+00
1.279099865573405159e+00
1.345636182850943996e+00
2.111642568813846044e+00
2.111338364117351762e+00
1.718126400773311468e+00
1.107535682939756461e+00
1.957258671528585126e+00
1.111030808092229316e+00
1.511154146097577033e+00
1.928538284964228078e+00
2.113279868158008501e+00
2.578994398838155178e+00
1.065411076458529172e+00
1.658471292261026520e+00
1.735175293777829086e+00
1.493173625094510237e+00
8.244720010578248104e-01
1.823266089809801649e+00
1.894186428384187382e+00
1.161616390663688714e+00
2.428257307619213545e+00
2.025304484025232554e+00
2.701474097181883138e+00
1.423306144598334155e+00
1.781270155302813185e+00
2.412064250051616732e+00
1.169905304466337226e+00
1.107292741442634565e+00
2.312615354389522260e+00
1.982225626835426135e+00
1.348619374342651112e+00
1.168315777146069934e+00
1.991487696521243356e+00
1.871370379310343335e+00
1.806987153386915512e+00
2.167474547366817994e+00
2.739591353988475753e+00
1.867189003930609825e+00
1.127428190859907975e+00
2.655598756037964581e+00
9.008912227587492216e-01
2.251815247825705413e+00
1.952441018924210070e+00
1.518466700282761650e+00
1.201956707622059195e+00
2.362262815936372995e+00
6.191847662205436365e-01
2.629834613947898525e+00
1.943487898001255987e+00
1.318681953777871785e+00
1.230362213003039829e+00
1.302378039982531543e+00
1.955278891333965818e+00
1.976862819654380710e+00
1.845841104051197501e+00
1.333895642919316726e+00
1.063234414144841988e+00
2.121149542953237432e+00
2.180276873296772777e+00
9.813420491742286256e-01
1.130029255593247628e+00
2.599472405212150949e+00
1.358224246341713126e+00
1.395372233719411437e+00
2.202302909060352309e+00
2.339600488353312358e+00
2.494087660915818905e+00
1.604756605410421866e+00
2.251637121205501302e+00
2.307534060894825156e+00
1.706641686504085653e+00
2.002200829758784550e+00
2.928193696483285091e+00
2.366743127202327379e+00
1.881424839244701497e+00
2.044726970666080668e+00
2.582831448953526454e+00
1.462103427330229355e+00
1.857751002012808517e+00
7.545724788487702117e-01
2.097586949203167350e+00
7.108222289133948602e-01
6.617480581876005186e-01
2.540508443768079161e+00
1.649121478958711862e+00
1.552338317033566284e+00
1.797772661703211705e+00
1.451760949463573036e+00
2.062619318595943163e+00
1.523623154919063083e+00
1.982214345625561425e+00
6.494511902406283621e-01
1.534483726450043939e+00
1.493249004086084630e+00
1.994843716421369262e+00
1.644663745337717753e+00
2.933765718724215432e+00
2.301712357570476541e+00
2.415646992455841247e+00
2.222053456242570668e+00
1.585322458261015699e+00
2.590471911032352192e+00
2.445886993382856200e+00
1.988865778576032195e+00
1.529785667496438517e+00
1.831050192707589508e+00
1.555164514031564638e+00
2.159826332762378176e-01
1.677190414918792394e+00
2.359301590134991411e+00
7.578440020928338683e-01
1.390123512655184301e+00
1.877427440656523228e+00
2.335792497211124363e+00
1.647766616532236661e+00
1.551298068114368212e+00
2.403242402341183581e+00
1.559065342760351580e+00
2.776000523148285382e+00
2.479941776609004833e+00
2.381621484174130110e+00
1.280879385409193993e+00
2.111156481662799234e+00
2.615620243079461726e+00
7.045433711162455426e-01
1.439784845065132712e+00
1.500792414583440371e+00
1.076639410134988539e+00
1.576224768307193935e+00
1.633641645035627699e+00
2.193519479511309100e+00
2.386284049952349218e+00
2.565095488036738480e+00
1.308272412632348614e+00
1.486205176246390147e+00
2.012209525343235050e+00
2.081172073127507183e+00
2.074164704930018033e+00
2.404853266987676097e+00
2.343456723502004291e+00
1.868514695648479718e+00
1.830092343693969781e+00
1.974846906389249979e+00
1.040455591606538110e+00
2.060200027088504360e+00
1.416539728625257455e+00
2.209691108690211347e+00
2.021875900406914894e+00
2.093234066363747647e+00
8.291724588505378080e-01
3.132539383809494815e+00
1.872525330672685229e+00
1.781334022085142799e+00
2.767267227676777797e+00
2.464093846883575800e+00
2.188641732820884922e+00
6.508949416331171189e-01
2.211056030027532593e+00
1.892653296217866821e+00
1.126099466987108499e+00
2.549142350857976247e+00
1.704975590928288653e+00
1.730680605811068196e+00
8.703599102685378730e-01
1.242189024843383338e+00
2.280121875873628134e+00
1.405813567028630695e+00
1.486755185405957524e+00
2.251178184780980640e+00
9.948104025765256431e-01
2.084602213362605649e+00
2.147450166813260619e+00
1.855249345587564602e-01
2.632281107980353418e+00
8.587507351096719255e-01
2.660778449556707059e+00
2.300784883498577571e+00
1.586091993331263827e+00
2.033633365539448512e+00
1.389896439740676781e+00
1.263195017421129274e+00
2.299939970793610122e+00
1.364810380748566532e+00
2.046101781540157205e+00
1.473957442411739427e+00
1.404368999704759924e+00
1.647375698644281128e+00
2.093659755643524356e+00
2.092407378134466978e+00
1.232048951130123138e+00
1.982573768846065621e+00
1.836750311905584576e+00
1.642975977928834652e+00
2.643762358838977367e+00
1.476132461923236772e+00
1.354569495260755874e+00
2.784531450183654666e+00
1.974361142505770106e+00
2.066865265461987455e+00
2.558993082217516424e+00
2.561250094746675643e+00
2.896414611864778887e+00
1.780070168933833186e+00
2.258301021356573735e+00
1.616387269494514500e+00
1.435026149430338904e+00
1.611724122997427955e+00
2.702612260391003218e+00
1.470509893054510409e+00
5.581153126403064491e-01
1.865510332321276943e+00
1.450656620872679436e+00
1.478150170891494142e+00
1.211200567485718471e+00
9.745335189106768548e-01
1.415253842732355494e-01
1.355246418012232335e+00
1.587795082135994074e+00
1.570870755417046238e+00
1.740169294523705057e+00
2.044319434368598198e+00
2.193869864483520615e+00
2.129619695361780973e+00
6.149676415215414860e-01
6.508354606839938938e-01
4.005297264172312799e-01
1.863141203611034191e+00
1.551779238173913722e+00
1.876925282902168757e+00
1.790672609896065914e+00
1.967766318833827688e+00
1.018814897359221039e+00
1.361629847164567808e+00
1.719368164303338276e+00
6.003095790070951399e-01
2.288651812770154503e+00
1.128732633114761796e+00
2.223258021213324387e+00
1.499474147163936122e+00
2.154417679059564605e+00
3.109102708168022478e+00
1.311208450497268752e+00
1.285342901956638473e+00
1.976977498393786226e+00
1.688270519406616765e+00
2.508599217057653430e+00
1.452213678468509572e+00
1.156658579174055346e+00
1.573672696069962518e+00
2.451790614828675885e+00
1.993996723631556112e+00
1.728325749015174218e+00
1.765824553122019802e+00
1.865577177231843242e+00
2.171328530786512889e+00
2.672887912046910674e+00
1.651775911588108325e+00
2.323758875391511491e+00
1.575370895885392697e+00
2.156823686477464364e+00
2.021011799030676848e+00
1.876509858738837355e+00
2.349300076068369769e+00
1.091713286469085720e+00
3.217424181936477390e-01
2.392684148406492017e+00
1.504145364180909272e+00
1.739405696123240919e+00
1.566365406756009326e+00
1.476855255963054558e+00
2.716957333432664434e+00
2.434628818596747402e-01
1.748211205701406978e+00
1.648477088181364847e+00
1.736771077545116171e+00
2.303615659285937589e+00
2.401199569067973272e+00
4.236647586073997718e-01
1.917312417507679667e+00
1.708910722263561333e+00
1.294837249824653647e+00
2.155310858850798983e+00
6.281251389433180066e-01
2.052055260480925014e+00
2.154685792536208400e+00
4.669580654121826546e-01
1.163526942542198572e+00
3.016523854367508584e+00
1.280874580706191868e+00
1.329148233351754360e+00
2.006744777256278311e+00
1.832959643638103930e+00
1.654895924920326111e+00
1.818721538348756939e+00
2.825266218229952386e+00
6.752778201562712468e-01
1.357993257863576719e+00
1.421942939036803466e+00
2.131599539225960793e+00
1.074870606153164987e+00
1.977136661380797245e+00
1.767673773895858114e+00
5.523440783194749626e-01
2.190950128765050575e+00
1.886694633576727398e+00
1.520882498662191828e+00
1.222801731093330124e+00
2.306268580865039386e+00
2.103729801580000114e+00
3.086996738061116852e-01
2.007994562682509532e+00
1.905722602430199419e+00
1.762123022017458407e+00
1.113714412347456495e+00
2.131455624342927013e+00
2.303167019191105780e+00
1.269462598874735004e+00
2.173820631200443110e+00
1.611486224847476834e+00
2.223258021213324387e+00
4.061326277877175261e-01
2.189590174725869254e+00
1.335708446631478585e+00
1.677529390122951769e+00
1.752080924887748914e+00
1.668451169569983517e+00
1.338888939042192305e+00
1.936759317903101740e+00
2.251211954779912539e+00
1.060529300734043723e+00
3.031752657369361614e+00
8.061923076703662039e-01
2.529919852774421773e+00
1.848958990891211629e+00
2.797286678247001390e+00
1.420659698088325484e+00
1.826555860989247826e+00
1.413292306833398237e+00
1.083527180688243385e+00
1.534516319561973097e+00
1.065254390377077032e+00
2.021934699583752160e+00
1.788681778149163959e+00
1.917789333122241091e+00
1.736092185780831798e+00
2.398188689253685890e+00
1.771754858540682820e+00
2.193568766658603231e+00
1.483431135077010188e+00
2.675746949576194300e+00
2.688172551781344843e+00
2.469643296865380311e+00
1.870276094921212717e+00
2.058295924699272472e+00
2.076394218138534420e+00
2.076765700699225725e+00
2.113170033911232260e+00
9.638888070595424962e-01
7.204804140963375625e-01
2.992773603627440604e+00
1.729389878011794002e+00
1.880709943162457876e+00
1.545200190213899871e+00
1.507992241899244190e+00
1.991974039976463162e+00
1.543122660020490589e+00
2.968360445858010621e+00
1.513793600769852032e+00
1.096097333859350487e+00
1.012105461904829085e+00
1.522506047174612576e+00
2.201119168701516582e+00
1.191938962224251330e+00
1.956327661176684218e+00
2.159775625522398546e+00
2.704991737892475268e+00
2.017225778917908663e+00
9.568564137960550164e-01
8.530628949617604651e-01
1.940928372926469025e+00
2.084236512094432392e+00
1.986786860248080933e+00
1.914975399320196559e+00
2.118098543004840018e+00
2.824224723887454491e+00
1.981788289300417283e+00
1.918167547418833552e+00
2.347335932329663866e+00
2.720983602412478053e+00
1.464593768145618036e+00
2.626246438332020094e+00
2.020373030232585077e+00
2.217212479881909282e+00
1.102723574138696039e+00
1.737582614900858191e+00
2.445053786118814632e+00
2.245575709530604591e+00
1.707061953925372411e+00
1.376848112108846944e+00
2.037878570080197349e+00
2.027000930005507406e+00
9.236298897327185342e-01
1.427406885428535777e+00
1.918427856123274378e+00
5.921043444005372747e-01
6.360430247504140766e-01
2.610683826837499222e+00
2.227978219144230998e+00
1.192627401218115946e+00
2.626578179240809607e+00
1.541592544779677443e+00
1.308228566979640295e+00
1.826630940971528672e+00
1.878383025923481719e+00
1.074124774588892661e+00
2.465316912352587320e+00
1.242723717605576095e+00
1.614239466705078785e+00
1.480813228539809456e+00
1.164742076514318381e+00
1.450830197406338895e+00
2.266067872952799434e+00
1.733195552398298256e+00
1.581923804288102309e+00
1.638449265332792226e+00
1.160240374013376430e+00
1.347896705841386211e+00
2.032560677416670458e+00
2.004279214313812840e+00
1.023768690095308465e+00
1.832457696354251819e+00
1.799529567263030927e+00
2.006700024939513050e+00
2.308834041294699269e+00
1.067135832965936393e+00
1.094129417421498385e+00
1.634556848280065866e+00
2.542600429505641468e+00
1.053406562689603199e+00
1.814287465373275232e+00
2.085819747729063867e+00
2.099982115818866291e+00
1.595472835289094116e+00
5.463625518831087824e-01
1.710813042235100223e+00
2.201166773399858112e+00
1.017956524412583885e+00
1.708368560616533749e+00
2.191864562137841865e+00
2.839087105004963973e+00
1.715726756881051251e+00
1.773120912336356270e+00
1.895052781643041362e+00
2.001498165694445941e+00
1.642290828643505174e+00
1.245321360358689455e+00
1.152106679851884197e+00
2.301868623715213058e+00
2.257223280623081862e+00
1.618756528148018958e+00
2.048467826472380349e+00
1.239633561443064247e+00
2.222181820628833737e+00
2.312941559472051711e+00
2.058775377100579451e+00
9.407306265831704151e-01
1.776485974453810401e+00
1.876905055329339822e+00
1.683984365441627773e+00
1.361797982914314975e+00
1.697025132938331016e+00
8.850262002115013571e-01
1.312835793577171284e+00
2.045962664703627532e+00
1.996489917667182201e+00
1.479361590658421211e+00
1.654139851601004629e+00
7.670654749914533888e-01
2.710561058459685757e+00
2.229807893615196601e+00
1.804794428593759159e+00
1.069722601801135653e+00
1.959903039037353523e+00
2.798748119289886205e+00
6.360157486374549141e-01
2.876394218218219834e+00
1.684819808897196181e+00
1.970650567741896397e+00
1.083085326961870765e+00
1.700085841381673069e+00
2.419819841214374101e+00
2.862302789320303020e+00
1.811270464127848756e+00
2.654746434671917399e+00
1.578144736943245308e+00
1.794113946788648883e+00
2.421374976871677465e+00
2.478560369051052703e+00
2.650715207325165856e+00
1.686921976390922451e+00
2.923276837591079147e+00
1.644490094516007250e+00
1.312644364921768503e+00
1.165313256863669045e+00
1.841255415768416448e+00
1.616339384967379500e+00
1.958254082403657614e+00
1.348468899104360075e+00
2.696539853185795366e+00
1.647793602303946559e+00
2.533710256805638661e+00
1.771659564223339700e+00
2.212735808734741738e+00
1.647456076476460751e+00
2.318492742142364893e+00
2.340034981084919696e+00
2.115895509886398962e+00
2.362726514039082293e+00
2.032791722342619067e+00
8.821648495537227630e-01
1.742985206070200022e+00
1.729116142672738610e+00
1.861443764273459145e+00
1.285580329697029400e+00
1.935420711205103617e+00
1.498078060984687099e+00
2.826081574498231497e+00
1.623864890151027529e+00
6.050891465418015702e-01
1.748771370053785690e+00
1.125698746446005094e+00
1.029003623980057736e+00
1.662081901531285766e+00
2.314067291944720495e+00
1.879527989260901144e+00
1.307076815587724594e+00
1.264811297708295479e+00
1.427501699616189779e+00
1.515987279417766009e+00
1.833709338122658350e+00
1.237182030774447217e+00
1.546056578123967462e+00
1.983540171129334340e+00
1.243789795479042448e+00
7.419877734867561525e-01
5.783159534412376512e-01
1.411510974428860754e+00
1.226310637354052213e+00
1.860182528802472701e+00
9.533910645073904178e-01
1.460827039811766870e+00
2.087141815089367025e+00
1.616507356689968589e+00
1.419345789684973047e+00
1.128907425410693666e+00
1.663009803997711700e+00
2.231655024582650970e+00
2.156740825941284356e+00
5.208068032571419037e-01
3.682906474116073303e-01
1.019169278311989890e+00
2.161233988176760157e+00
1.672326462527004454e+00
1.505507962227827568e+00
2.930072280774808746e+00
1.440029363791710315e+00
1.404093464500112187e+00
2.255816706616561029e-01
1.502922166947741278e+00
1.617112643260407934e+00
1.616919934368848510e+00
1.616563133824606702e+00
3.030164066534328238e-01
1.536734138280418493e+00
1.729109727827849552e+00
1.666668835214559552e+00
1.780953203277434227e+00
1.220334532130675109e+00
2.410427930259147811e+00
1.156625630069103794e+00
1.389007074559783561e+00
3.736718630803174679e-01
1.612037503892592483e+00
1.359524248002988323e+00
1.422812043360135226e+00
1.369557498365200354e+00
9.471096165356898133e-01
8.885555876890421922e-01
1.202538691277504679e+00
4.873990232394097011e-01
9.769662653928570251e-01
1.529652558264622320e+00
2.250361840258138457e+00
1.502820297557762252e+00
1.171840887610007931e+00
1.508589619304826046e+00
1.645049263000616602e+00
1.730343986321631666e+00
1.880991784513462495e+00
3.721229707561040101e-01
1.309658535474170105e+00
1.588937339710380758e+00
6.497150637102757642e-01
1.402360457495669177e+00
1.460334387809726353e+00
5.700231424477981701e-01
1.508310642123761092e+00
9.216615244419568143e-01
4.921290861964464081e-01
2.032239301827937439e+00
3.802779798156490365e-01
8.209231472962678078e-01
6.445772415481515472e-01
1.685552929097992481e+00
9.814034054811839880e-01
1.259870108318795534e+00
1.495331280332864443e+00
1.615652030795283522e+00
6.426397037776047094e-01
1.145771015379672741e+00
2.024945101015696913e+00
2.578759196390233654e+00
9.598885115271964530e-01
1.110530955214399651e-01
1.465096893201541794e+00
2.303871179142469305e+00
1.370755772823500696e+00
1.461562458728651537e+00
1.467483638672827162e+00
6.939282175130679908e-01
1.704780864233495397e+00
2.774215945919596304e+00
1.248571899026185150e+00
1.365980492992588058e+00
3.249853964194829303e-01
1.896132616115056013e+00
2.518095373296643125e+00
1.081962227165141205e-01
1.586007967179202005e+00
1.391091836911491297e+00
3.791542014902749003e-01
1.198847831603007563e+00
1.230275490915031078e+00
9.599923939835534048e-01
1.931490068436886753e+00
2.802626812726399574e+00
2.275631845083271543e+00
3.489915534306509137e-01
1.679795229453191041e+00
1.623036281929307600e+00
1.415382613143123303e+00
1.081962227165141205e-01
1.948905075752402904e+00
1.239432102788790901e+00
1.347523002358343103e+00
1.456798078521742701e+00
2.278407020544050976e+00
1.361284850373936761e+00
1.649633888803616610e+00
1.905321964519136824e+00
7.261111990572899355e-01
1.019125133543637096e+00
1.608604167725821155e+00
5.130379577717653766e-02
1.543645048840142309e+00
1.047521718412758318e+00
1.755140487562093954e+00
2.012053171099015270e+00
1.746026618839309208e+00
2.257982572281882927e+00
1.934210080838620005e+00
1.670518208888508882e+00
1.038645881107866265e+00
1.015685804830585237e+00
1.016750332702494708e+00
1.076460837961387806e+00
1.313921065321800308e+00
1.794202524027540768e+00
1.332606740658407896e+00
1.833134146824148880e+00
1.082920662169428505e+00
2.066633732244785637e+00
1.420080348346381527e+00
1.385487266087569891e+00
2.038340128060958989e+00
1.530971620749774331e+00
1.745004546609624452e+00
7.390449259055922315e-01
6.978340483890481671e-01
1.996546244261199643e+00
2.226445204771672959e+00
1.613424405688860475e+00
1.570052745094118851e+00
1.847786571859766358e+00
1.093474812054821221e+00
2.103199404917219795e+00
1.908220400898297253e+00
1.217164632159109194e+00
2.493009328659689050e+00
1.627192628143697917e+00
1.191492611904737098e+00
1.020740335751415095e+00
9.659359712173192225e-01
9.883432227032904471e-01
2.100458204752007951e+00
2.652147117722404079e+00
8.329516731004579233e-01
1.432343439656549311e+00
1.565006763734874795e+00
1.134148364847729962e+00
6.440032302377303175e-01
1.419345789684973047e+00
1.915304828485796307e+00
1.110038829253587656e+00
2.610758576707144507e-01
1.266631491984623548e+00
1.938962569923066370e+00
1.929294712073934326e+00
1.707963917858268177e+00
3.195571006013392390e-01
1.288566669618169458e+00
1.805579764044954016e+00
2.158472746110124962e+00
1.838019289873142004e+00
1.966027887932010332e+00
1.175536338920318613e+00
3.296817306866498543e-01
1.732867994375830945e+00
1.194279074298286503e+00
1.209217406267461214e+00
1.846491480092443682e+00
1.261780308180999954e+00
1.888913567599982413e+00
1.255014198423934468e+00
1.886849410166119512e+00
1.643728424977625613e+00
9.015288707173847449e-01
1.980464218889097516e+00
8.156912273336482944e-01
1.950687534881849539e+00
2.147701511068716762e+00
9.602305288358096158e-01
1.770669265277370064e-01
1.898026430943577259e+00
1.151222057516185560e+00
8.399532684711673580e-01
1.288672287443113795e+00
2.159981710469496718e+00
9.978759157245233880e-01
1.239316683898374905e+00
1.992725240800844011e+00
1.456035361638716275e+00
1.796547549580754799e+00
2.508244199525132778e+00
1.486455145415362500e+00
1.099437555912196496e+00
9.790271073829746040e-01
1.545102315630912493e+00
1.546230671806744006e+00
1.778323611290607342e+00
2.246759437680833749e+00
1.000649125803037665e+00
1.052529786117573973e+00
1.284135162850526202e+00
2.325026173275902774e+00
1.476329836045220389e+00
2.123979918011068779e+00
1.507772412505195669e+00
1.851129677833208032e+00
1.191492611904737098e+00
2.010192388823542231e+00
1.371663039043353516e+00
2.774215945919596304e+00
9.214078608243595481e-01
8.286772459168926241e-01
1.570359387209900204e+00
6.930122558764040264e-01
1.031254834176699386e+00
1.300980709620509046e+00
8.803983187435997504e-01
1.457708653404780730e+00
8.564821705886670467e-01
2.279261375811314050e+00
1.557603645050419816e+00
6.807618418408919458e-01
1.755140487562093954e+00
1.042044865833908318e+00
2.292467629690646991e+00
1.145187100773769506e+00
3.395756503144559124e-01
1.125558123918331210e+00
1.410614017788857311e+00
9.770094478671698113e-01
2.417827478424072751e+00
1.082920662169428505e+00
1.683312959133738129e+00
1.563788381022693796e+00
1.362211872452756989e+00
1.382431999929473854e+00
9.586083415209075698e-01
1.131918565056472703e+00
7.262903208348145956e-01
1.877273613104331940e+00
1.818999171417199578e+00
1.267929562171327795e+00
1.333331272286844449e+00
3.404046597354228876e-01
6.167030878588497522e-01
3.332610443277655987e-01
1.221331597342720343e+00
9.883432227032904471e-01
3.003234925542130007e+00
2.287961379092633418e+00
2.240141595549686837e+00
1.422812043360135226e+00
6.295317106272220187e-01
2.196730481157133763e+00
1.787720417922455507e+00
1.250345914241980605e+00
2.262087817296629666e+00
1.529720737953145226e+00
1.388026403100269812e+00
2.246223282028944723e+00
1.361004218963457024e+00
1.339855996833557494e+00
1.391091836911491297e+00
1.551327414320348153e+00
8.962854989318587151e-01
8.649100320817635357e-01
1.376679779388665148e+00
5.756859890224047538e-01
1.290973323314861476e+00
8.016521505942502124e-01
1.280305757015269164e+00
1.944336956297592733e+00
1.337202530179642634e+00
1.233465843770595205e+00
2.082077730193417686e+00
1.496476969523813816e+00
1.607127934316451290e+00
1.875689844968115638e+00
1.151731158797951515e+00
1.348194309473844221e+00
1.756818947661491492e+00
1.506935295674517894e+00
1.281870603045226709e+00
1.107052358029718464e+00
1.884234100830116887e+00
1.641064373610122029e+00
1.080233755609636637e+00
6.116158114372182153e-01
1.343458976316670883e+00
1.654623952247641583e+00
1.319309736897391616e+00
2.131898309818669013e+00
1.400247494337412357e+00
5.993514200875673659e-01
2.064955006061890863e+00
1.188586671296231634e+00
2.573798452577649165e-01
6.487487581990213081e-02
1.202553233821041623e+00
2.402505208063035802e+00
2.133009463488639845e+00
2.275631845083271543e+00
1.070201898697851650e+00
1.669535258167717418e+00
1.589951651234133845e+00
6.770550928080110165e-01
1.568566000831302931e+00
1.863491484767078488e+00
2.642968686740928330e+00
1.844765772617259936e+00
2.199969965403528460e-01
1.033952734180820343e+00
1.211385519293811663e+00
1.656372813175633008e+00
1.440120585609099502e+00
8.368536387916930552e-01
1.519566153481555659e+00
1.687783187731030088e+00
1.537680940972488308e+00
2.132141472523774617e+00
1.134171146208605707e+00
1.264645243807451580e+00
1.093474812054821221e+00
1.201897711685407710e+00
1.378580648132348596e+00
1.608604167725821155e+00
1.859615042157578335e+00
1.065865174449347696e+00
2.517545026591948343e+00
2.074135103269648894e+00
1.656372813175633008e+00
2.202937314672703817e+00
1.412852000386065177e+00
2.002933421052036422e+00
8.880320980463460856e-01
1.839825678451711966e+00
2.159621920493300706e+00
1.783356776334266813e+00
1.374408297271230817e+00
2.398721497127609403e+00
2.454592620934975766e+00
1.912979575395469700e+00
1.402621621673428409e+00
1.075836905641782693e+00
2.558265281873217667e+00
1.084469694549528018e+00
1.341199514228281098e+00
1.581497320377631910e+00
1.728705110882227114e+00
1.444854973720903102e+00
2.664938924715054558e+00
1.350252879172241238e+00
8.810656146313522452e-01
2.289762517314161361e+00
1.896126770290001096e+00
4.879847173688992013e-01
9.003281276718309023e-01
1.297800638800662210e+00
1.344814882392081135e+00
8.283837347308770083e-01
1.623613746479411146e+00
1.463518601789591589e+00
1.403337606580736363e+00
2.539491205663162887e+00
1.518349492746429164e+00
1.112356510669430421e+00
1.040037139008215927e+00
1.752468880414210561e+00
5.985828188475224021e-01
1.154501033261156717e+00
5.280854752211110448e-01
1.755140487562093954e+00
1.800394662089353170e+00
1.028313151015553206e+00
1.384701004880091624e+00
1.612206781440053804e+00
1.457551659425190049e+00
3.055798691822025681e+00
1.150969002753565285e+00
1.996734904279838352e+00
8.583098319880472227e-01
8.066360817435930253e-01
1.536894109556652399e+00
1.725140731582793574e+00
5.821453860512906253e-01
1.208831384387162755e+00
5.026540879273222462e-01
1.063430270698557445e+00
2.178002920370277540e+00
1.170434808719491571e+00
1.047212679242158329e+00
1.682279970655671031e+00
1.911968552575658453e+00
8.097943409878058940e-01
4.313961285081341357e-02
1.014043809849161981e+00
1.823880704313436851e+00
8.501819275082013183e-01
2.313163181025880810e+00
1.201881675502259217e+00
7.155602850893324485e-01
1.848409309152561297e+00
1.060997300964842349e+00
1.375979861559444295e+00
1.519949572241423574e+00
2.754734909446454161e+00
1.496476969523813816e+00
8.290542761283874462e-01
1.302756272405985127e+00
8.340276418935833602e-01
2.532475747517948683e+00
1.964453799025371650e+00
5.777076431338648010e-01
2.307456748561976578e+00
1.476361983736361294e+00
9.676056797025484046e-01
2.566223506201427806e+00
1.258986224648965146e+00
1.270310320793221814e+00
1.730664369421082149e+00
7.589893428288133626e-01
7.155602850893324485e-01
1.191175762022230078e+00
6.918252619004016113e-01
1.908652800832306706e+00
5.195805504770529826e-01
8.647173606318817596e-01
2.848777796955054509e+00
1.428163185323531703e+00
8.936006202843026491e-01
1.792072040670637856e+00
1.051708231095875856e+00
1.539310656338295002e+00
1.537223488897590862e+00
1.891823836034535189e+00
1.858760822466730023e+00
1.359806977857271448e+00
1.208421179968586889e+00
1.310506070000977852e+00
1.495331280332864443e+00
1.011245963065733555e+00
1.143301724097382843e+00
2.484269224734303005e+00
1.666019149669666799e+00
6.787488175443844030e-02
1.353005023184582711e+00
2.489681046679877996e-01
2.316987460859512904e+00
1.080178422079235201e+00
5.421321746119992513e-01
1.293388680565344728e+00
9.379268023303688473e-01
8.192725890383626419e-01
1.044609374804520430e+00
1.152050338691542608e+00
1.700512388470679426e+00
1.650761061414544484e+00
1.151999158320195837e+00
2.827843319728668980e+00
1.344305857650896829e+00
1.548651137025881308e+00
1.830096953647060820e+00
2.393707614312808651e+00
3.827420983135053634e-01
2.457436951594599073e+00
1.636374122778927687e+00
1.110504080471838018e+00
1.902652175991939254e+00
1.648409794735809175e+00
1.239336719909762241e+00
1.093474812054821221e+00
3.851809710449355939e-01
3.620597165259575867e-01
1.323754496300783678e+00
1.853331488062712307e+00
1.905099612550698485e+00
1.311600129447648699e+00
2.101590053424787108e+00
2.035655457875078067e+00
7.430980209161990313e-01
1.800119621280252824e+00
6.767860311440995202e-01
1.514882012252675159e+00
1.494014577269642263e+00
5.169239975553177047e-01
2.168918184217262013e+00
1.184583929887111919e+00
2.417827478424072751e+00
7.136564756262874232e-01
9.208448431193440031e-01
1.414023445294561920e+00
2.120525453271779881e+00
1.300170834107087892e+00
1.846491480092443682e+00
2.248168497018042000e+00
1.040224423282909649e+00
1.521956330661929924e+00
1.681313351967059555e+00
1.402799958372452416e+00
1.037365316350302269e+00
1.471907853985976899e+00
1.893244253804005961e+00
1.361994462074429091e+00
2.237183066263641606e+00
2.215964884689716197e+00
1.795494411253270473e+00
1.338894271418263449e+00
9.825356073901445608e-01
1.258986224648965146e+00
1.042704432534476311e+00
1.638853674676209904e+00
1.021433232460119855e+00
2.258912658243629412e+00
2.119839745699764855e+00
1.975942508217279903e+00
5.071049034924125509e-01
2.614649955092224864e+00
5.786564833296085203e-02
7.953452647007042131e-01
8.315703421059452705e-01
1.451981258743212821e+00
8.287882245173010531e-01
1.757050666227258251e+00
1.479296394430727579e+00
1.775249758286853830e+00
6.231887849542225855e-01
1.783051769423541266e+00
6.465983320382975297e-01
8.459933470319590532e-01
1.562056214507202556e+00
2.527875169621692120e+00
7.524875540309150512e-01
8.170975549520275161e-01
6.380013700303399649e-01
2.231764430987889014e+00
2.546082789630495391e+00
7.478699072028236472e-01
8.632507043299574301e-01
1.644818501404474054e+00
1.188609962109000717e+00
2.341829237844044176e+00
6.860423327203175603e-01
8.743439510102242185e-01
1.899617953390919212e+00
1.243208740124134071e+00
3.818446439311725671e-01
1.975942508217279903e+00
1.559332287494807012e+00
3.362773966013977711e-01
1.497007432679971162e+00
2.640524893407838469e+00
5.713483206808654957e-01
9.873147400258863726e-01
1.494877999817002756e+00
1.189591245139082432e+00
1.434156503004272443e+00
1.365473352147635433e+00
1.354982414249097600e+00
1.084469694549528018e+00
8.433638875363949072e-01
1.116839449001344464e+00
1.038645881107866265e+00
1.172481680721926045e+00
2.278178433283669369e-01
1.509282011485187369e-01
2.997563796882660725e-01
3.985927013558678289e-01
6.544816173536984749e-01
1.796696391873414012e+00
2.003888113661423942e-01
9.317121070019187545e-01
1.830244945980880500e+00
1.577144497557354752e+00
1.214537890188085445e+00
2.215964884689716197e+00
1.717206302037790344e+00
1.377435584863478724e+00
1.846944479947431939e+00
1.596825888751727041e+00
2.969675680697417608e+00
1.656588376682949892e+00
1.201881675502259217e+00
1.494964201890922162e+00
5.383213353747152707e-01
1.432891620198695204e+00
5.422867903664442268e-01
1.425887286329649450e+00
1.490374012914472690e+00
1.616811027755202801e+00
1.420045448684234435e+00
8.097943409878058940e-01
9.709489916338835958e-01
1.397674445124229115e+00
1.320030640043306613e+00
1.223517821890765633e+00
2.287961379092633418e+00
1.821493129492453678e+00
1.440467328605023800e+00
1.112419338163187499e+00
1.404553273797825019e+00
9.103281395612196070e-01
2.131041373018698781e+00
1.658715525933365464e+00
2.336297803941386420e+00
1.171093096781524734e+00
1.116839449001344464e+00
1.470316298333240068e+00
1.186727179301420909e+00
1.418341938267029922e+00
2.880882756668907252e+00
2.300888619811992442e+00
8.536882952926742041e-01
1.189489160905419896e+00
1.023169777961159932e+00
1.328981527679763408e+00
1.028956848687105019e+00
5.223206772222782623e-01
1.830244945980880500e+00
7.675050735210759978e-01
1.190743797074079291e+00
1.078209999774443872e+00
1.902652175991939254e+00
1.263896726135029791e+00
1.070652879917250999e+00
1.503628948762403494e+00
1.577365223556146834e+00
6.668172030922591142e-01
1.623110294206384419e+00
1.941181902730254372e+00
1.226024676771903410e+00
1.287510124141850731e+00
1.786284682070087504e+00
6.509622956055930443e-01
1.587572207499109878e+00
1.141958946201193426e+00
1.682474544059388899e+00
6.437321140850997825e-01
3.489915534306509137e-01
1.688967372211314766e+00
1.476124148526175572e+00
6.693276871578112130e-01
2.461237863456923414e+00
1.951760485329719241e+00
2.565001839415418594e+00
2.257587518501483537e+00
2.328672723754207918e-01
1.350736605086041209e+00
2.603795540377978224e+00
1.059805703253103859e+00
1.515511204775985110e+00
9.536484234502355939e-01
1.969645571158927577e+00
1.823251709076688876e+00
1.730664369421082149e+00
2.343922092477845442e+00
1.385161330516688993e+00
4.831220941313457140e-01
1.331662145650456708e+00
9.888636682206184414e-01
1.406582352281666282e+00
1.218452415759968988e+00
1.776366832799785023e+00
1.219751929740192864e+00
8.632507043299574301e-01
1.075024045804478856e+00
8.016521505942502124e-01
1.843975938328617170e+00
1.359128542075949131e+00
2.018509459766562486e+00
2.223030624315312398e+00
1.092607277472469107e+00
1.929294712073934326e+00
1.934851726474187128e+00
2.024945101015696913e+00
1.212937889047550621e+00
2.137503076175617522e+00
8.846009967323258394e-01
4.923519664054462064e-01
1.246107257717037786e+00
1.604946952117640491e+00
2.512626302318486715e+00
1.320850037085041562e+00
1.718724726250213442e+00
1.422587787225400247e+00
1.546923556093117824e+00
1.471907853985976899e+00
9.907361658162987528e-01
1.323775997427041551e+00
2.120770653137443507e+00
1.394239214853156605e+00
3.851809710449355939e-01
1.202108993294319417e+00
1.501637674262303657e+00
6.345113398067960819e-01
1.365099471363348416e+00
2.556107526337650260e+00
1.026462404950053253e+00
1.736204985843706083e+00
2.082077730193417686e+00
1.685953270905830914e+00
1.658791357162628266e+00
1.666079727094649243e+00
2.419684779848622735e+00
1.621833537829347804e+00
1.736647068305293251e+00
1.338002753259414757e+00
2.090057054775936951e+00
1.134171146208605707e+00
1.571534942365574894e+00
8.404219864857797040e-01
1.562687376640880643e+00
2.369545254157888525e+00
6.673705316428969470e-01
1.613706554957091699e+00
1.900034086311484849e+00
1.896747723206429148e+00
2.169866858921612796e+00
1.172047054356461171e+00
1.024318730447255410e+00
8.595601871777469594e-01
2.080982736365233343e+00
1.147904547948111142e+00
1.252001931543254454e+00
1.976516260502519939e+00
1.224361093455242910e+00
6.465983320382975297e-01
1.485471137886069215e+00
1.420253906081913708e+00
9.454975084690787623e-01
1.607035813403317803e+00
1.372167669675057100e+00
2.085363253686516760e+00
9.975196574919538151e-01
1.462910831172411497e+00
1.540912433096447431e+00
1.716213348498547564e+00
1.661152645246416037e+00
6.490200403789168071e-01
9.555643799338403577e-01
1.057801485918143491e+00
2.026725521014698828e+00
1.742986123936010712e+00
8.742821391239760098e-01
6.313114007971589725e-01
2.633969556197204742e+00
2.656140306834994025e+00
7.515141940988786518e-01
4.753547179554197255e-01
5.840244103983940338e-01
8.280714372136156465e-01
1.970118217197796007e+00
8.276291790208597510e-01
7.479064022399485312e-01
6.658773925966006146e-01
6.226982286878325334e-01
2.713882128000890237e+00
1.110504080471838018e+00
9.668402458676763622e-01
1.116203606855436237e-01
2.606658949204267994e+00
1.600196549565314097e+00
1.863491484767078488e+00
2.473621279029206033e+00
1.360329044522354591e+00
2.131082119749346582e+00
1.544831640217102509e+00
2.156896516733791458e+00
1.771464350557664602e+00
7.734141189473614508e-01
6.143076231131286979e-01
1.694152919523761902e+00
1.646802275063231624e+00
1.189591245139082432e+00
2.599305495673634336e+00
2.610719271262723407e+00
1.614197004216221476e+00
1.934851726474187128e+00
1.079097179921821414e+00
1.667007049641253236e+00
6.056903335304103519e-01
1.784398689803595506e+00
2.968587454724428421e-01
1.428730168016672408e+00
1.710883493883069484e+00
3.229312028951406566e-01
1.800284201925708150e+00
1.988876814972401652e+00
1.125558123918331210e+00
2.054353643546296126e+00
1.324016404544456238e+00
1.172747263632007098e+00
1.330289806853783841e+00
1.647647620368575483e+00
1.002098705981395499e+00
1.195608872612700102e+00
1.093996935295139528e+00
1.310461288900580445e+00
1.664170229726855910e+00
2.112278575681353132e+00
1.766572049940206446e+00
1.613013466775708782e+00
7.803993862065665699e-01
1.153904539036337606e+00
1.310601674034477471e+00
1.171823140314830036e+00
1.974547654865660418e+00
2.996204072914187000e-01
1.915158006411964875e+00
1.798758695253880102e+00
9.337729320862040439e-01
1.349144609588655452e+00
1.191372760158108335e+00
1.039011547094655263e+00
2.303507635230547912e+00
1.796547549580754799e+00
7.493471082675754458e-01
3.362773966013977711e-01
2.212193646113048473e+00
1.852587754108620421e+00
9.778995905778670172e-01
3.984309967937113006e-01
1.608773672301060387e+00
8.612744832235361692e-01
1.687783187731030088e+00
9.967878536886312091e-01
7.576542987756611502e-01
1.468845434435062325e+00
1.057066954439935147e+00
1.362211872452756989e+00
2.938811704388445634e+00
1.562846925782640506e+00
7.397680738637614217e-01
1.221291530952918203e+00
1.802780990097548885e+00
3.834187167302237631e-01
1.109212827041724303e+00
1.561232937601352955e+00
1.235774369987205912e+00
1.286224629841726363e+00
1.390454207848738077e+00
1.137100922457670471e+00
1.750976827332770824e+00
1.877438423731401906e+00
6.664784133962955437e-01
2.899492496870739733e-01
2.374303066272399398e+00
2.513927631192519829e+00
1.420835517465029563e+00
2.156793486167192686e+00
2.096969045015283584e+00
1.339073028853329017e+00
9.975726611855849635e-01
1.142305052228076434e+00
1.548827419872403910e+00
1.854356155344268009e+00
1.726524471991145226e+00
1.759563845667327486e+00
2.374303066272399398e+00
1.736204985843706083e+00
1.202553233821041623e+00
1.658614361009615346e+00
1.621961779649437885e+00
2.334293240754385490e+00
8.382283889026138635e-01
1.532511325162433158e+00
1.237756674719767691e+00
9.997556529480917664e-01
1.754612899413416471e+00
2.894952021341564041e+00
1.599026477470637309e+00
5.422867903664442268e-01
6.795565163029227973e-01
2.414091253127508718e+00
2.896297252459929528e+00
1.088845124466693903e+00
1.582248097381804719e+00
1.911432318414441500e+00
2.080622643729639787e+00
1.301244293483738046e+00
1.570052745094118851e+00
1.886194421494268747e+00
2.537163268692668616e+00
1.914420441072145707e+00
2.675490722987901027e+00
1.459680665187750970e+00
2.036755822844213526e+00
1.540019969654292442e+00
1.612060501879522656e+00
2.297270479120470554e+00
7.627524382039984063e-01
1.946394961418903558e+00
1.679143448284298845e+00
1.096693519847895981e+00
1.835376022915502059e+00
2.698176193157520331e+00
2.201491406042861421e+00
1.692423422797764365e+00
2.051703868170204892e+00
1.777814185101202815e+00
1.807251489221580298e+00
1.364240218912071256e+00
2.540911567602708754e+00
3.940454665347301044e-01
1.687398596351454838e+00
1.121733987390517218e+00
2.077185025432860765e+00
1.194245969699752719e+00
1.265091670730590367e-01
7.110223014848910950e-01
2.010968261729144668e+00
3.777931972462840182e-01
1.447613208633971693e+00
1.873476202619149600e+00
1.126665694994702704e+00
1.411725705302110834e+00
5.611111440161345998e-01
7.287514205897144270e-01
4.175167786479208054e-01
2.576028442859427781e+00
8.280714372136156465e-01
1.271078261831673162e+00
1.202132896747026836e+00
2.081683337436348591e+00
1.527314955154836396e+00
1.163716858131988108e+00
1.749036066872842854e+00
3.467669848298672863e-01
1.671342507211626804e+00
1.697517334813566370e+00
1.947130058909275929e+00
8.097943409878058940e-01
1.453563846611620747e+00
1.181843526036580716e+00
1.984273181618284809e+00
1.692424232853317223e+00
7.451460627498395217e-01
2.714424101295656921e+00
9.785521237810388406e-01
1.263733279624713823e+00
7.433010196985139206e-01
1.091877786398613548e+00
2.257587518501483537e+00
8.242119610333673574e-01
9.329768090163583771e-01
1.579272018012211509e+00
2.374141281254810387e+00
2.495382675317312060e+00
1.738255566783728501e+00
1.103315244675761253e+00
1.145167978650583507e+00
1.623596450850647965e+00
5.113668107741036195e-01
2.560774048896294008e+00
2.062652863056085639e+00
1.400715552959024501e+00
1.346231338919036347e+00
1.636374122778927687e+00
1.730664369421082149e+00
2.600372234209317179e-01
1.623955462237100411e+00
1.241297087841485070e+00
6.226982286878325334e-01
6.056559610117682180e-01
7.914569032097446000e-01
9.355363670920378016e-01
1.634110446130996763e+00
2.461237863456923414e+00
1.188859040413017043e+00
1.755876768409162292e+00
2.156399050199441447e+00
9.842634059999455509e-01
1.959753528916635901e+00
1.057067107991797705e+00
6.118074254101080189e-01
1.414284135748336224e+00
1.598524278073860216e+00
4.339458920243477458e-01
8.231485109468477113e-01
8.933712267672005991e-01
1.480467874381450777e+00
1.779743090057271049e+00
1.522921516784492724e+00
1.249515475690379240e+00
1.647636222132920603e+00
7.978302009116006177e-01
1.332869717898959028e+00
2.142242486043261618e+00
2.853273672945195738e-01
6.613242902182046024e-01
1.597840902029428412e+00
1.894844569093634412e+00
1.459767241539944971e+00
2.326864886350128447e+00
3.985927013558678289e-01
1.357211351050214843e+00
2.183748632165998238e+00
9.174443160123207930e-01
9.842634059999455509e-01
6.186039745476553664e-01
1.120156599079886295e+00
1.393562587726913105e+00
1.219751929740192864e+00
1.164877122570071144e+00
2.249587540160714827e+00
1.413145889332078298e+00
1.296076694335711377e+00
2.044076729703873330e+00
1.882137422441196861e+00
9.334976252885346382e-01
1.501681749084678996e+00
1.351829936788337516e+00
1.378776008076667114e+00
1.189563080467139544e+00
1.732473718150864705e+00
2.161635440768884475e+00
7.060083962329799512e-01
1.388228059851693841e+00
1.636974243960366726e+00
1.628295587102020381e+00
2.322877383404153395e+00
1.234743999499011924e+00
2.248681494475537779e+00
5.028752239785270195e-01
2.001426934446646211e+00
1.351694883400570646e+00
1.039011547094655263e+00
7.973067180140162025e-01
1.691953304595414487e+00
1.389191536740218336e+00
1.496687664813602270e+00
1.542217957668001960e+00
1.035530445949908396e+00
1.467527586225023661e+00
1.499209978559592926e+00
9.399262543204436327e-01
1.790251595222178693e+00
2.505395821958397384e+00
3.251574949536444881e-01
1.901601242980363926e+00
2.407305841793933698e+00
2.412623161634823266e+00
1.563788381022693796e+00
1.303878302368499442e+00
1.125475487864878721e+00
2.703634411560536854e+00
1.239260420990518030e+00
2.206929445696722336e+00
1.175306427251635588e+00
1.695430050287006107e+00
3.348522246335948749e-01
8.040865026184206288e-01
1.441557859399813291e+00
1.309658535474170105e+00
9.357367762442537762e-01
4.582303987188983130e-01
5.421321746119992513e-01
1.642030492385708751e+00
1.540019969654292442e+00
1.309191926591815491e+00
2.527774847818759163e+00
3.479789533080049346e-01
9.444117457506729929e-01
7.803993862065665699e-01
1.479995789152869889e+00
1.352952274794470444e+00
4.346173863668175152e-01
1.397674445124229115e+00
1.814106197692368694e+00
1.385487266087569891e+00
9.206298180488684535e-01
2.030792668618810914e+00
3.703632293785517615e-01
1.710888737159369066e+00
1.282968873726660020e+00
1.956531951796345092e+00
1.583667125815552579e+00
2.309558282303798560e+00
9.248490954356047844e-01
1.724782146706986818e+00
1.012890858000485617e+00
1.660732114709322804e+00
1.836927795789715656e+00
2.429195649628467457e+00
2.102087420828431252e+00
8.563911660014920102e-01
9.873147400258863726e-01
1.621833537829347804e+00
8.421627158259064050e-01
1.479319594903431900e+00
8.871985335182793753e-01
1.333235263754358080e+00
2.102014699510975859e+00
6.491677426284159225e-01
9.274812854590012146e-01
2.098662542519159846e+00
1.193396360266653522e+00
1.371986697024598412e+00
1.890618266053626817e+00
8.472514284842943555e-01
2.716236102812724429e+00
1.447613208633971693e+00
1.612206781440053804e+00
8.241569277050697639e-01
1.304639267048115503e+00
8.329516731004579233e-01
1.111490158300644460e+00
1.539167143239541735e+00
7.372610051317666224e-01
2.459594441695784894e+00
1.509458109460553032e+00
1.530962569118480054e+00
1.381192886291144895e+00
9.708134494353134469e-01
1.168443088996393930e+00
8.176274602877564579e-01
1.453614708125017696e+00
1.625530769573170220e+00
2.435080279588268670e+00
1.466949640431210788e+00
8.968773754496536244e-01
8.143669287133459278e-01
1.839400548292619897e+00
2.513927631192519829e+00
1.648501050894024322e+00
8.635815691605635003e-01
2.919084451001114910e+00
5.590097340734425657e-01
1.265428770317765794e+00
8.944880114497708590e-01
1.312697046112683230e+00
1.631509486620603688e+00
1.178349548041533135e+00
2.127027446104088337e+00
1.541527915055906028e+00
1.286264319415854729e+00
1.901601242980363926e+00
4.645597346486342039e-01
1.327797706753143236e+00
9.435167868548748338e-01
1.429610775835231218e+00
1.795067476248017213e+00
2.784652933393715557e+00
7.557951639877061867e-01
2.147701511068716762e+00
4.605514091451829994e-01
1.469856201188539657e+00
1.464675008193690786e+00
1.822190052168263907e+00
1.747080093568250891e+00
1.171093096781524734e+00
1.795494411253270473e+00
2.228488620310451029e+00
4.460463078686173755e-01
5.300875056708802546e-01
1.825511995988896796e+00
5.357967336523593582e-01
1.158209652569323511e+00
1.684138466219222918e+00
9.124640126659151473e-01
1.798758695253880102e+00
1.639983785827704432e+00
9.249864193734299578e-01
5.916490858119639595e-01
1.602092725096108783e+00
1.371986697024598412e+00
2.502241578676044131e+00
1.136487041791246710e+00
4.932642118028942035e-01
8.440991804994772973e-01
9.823090537597334304e-01
6.002203672968072778e-01
1.287739513507504707e+00
1.010845675211503147e+00
6.652505893112160562e-01
1.683328492886374983e+00
1.755557315409535413e+00
2.196730481157133763e+00
1.975042245027551990e+00
1.009268871579191096e+00
9.003281276718309023e-01
1.821767551344283698e+00
1.373673066671454501e+00
1.872691232631350511e+00
1.637368050866708780e+00
2.567555926552255841e+00
1.728069652443667836e+00
1.491191662268958495e+00
1.068877134844312238e+00
1.468207314480700187e+00
2.144839409970359156e+00
1.282968873726660020e+00
1.984181770285851520e+00
1.235774369987205912e+00
1.526704939356458235e+00
1.777814185101202815e+00
1.476090889733808309e+00
1.377598047237582612e+00
1.196900622182101470e+00
1.191372760158108335e+00
1.227146850542766066e+00
4.880496980468453927e-01
7.481059336458142361e-01
1.668518556546501941e+00
1.752487064561775387e+00
1.300749854616133572e+00
1.517250695843628261e+00
1.599938695213319440e+00
1.241844131733234713e+00
6.009169508506729818e-01
1.949228959938674066e+00
1.396453086200481142e+00
1.133695575617635232e+00
1.181843526036580716e+00
1.293027376287690711e+00
1.416888882947322070e+00
1.668112628001148900e+00
4.592617666472219029e-01
1.621010071881481940e+00
5.346269285008444783e-01
1.548123271453516248e+00
1.664690133129799632e+00
1.156625630069103794e+00
2.102966556085116068e+00
1.780953203277434227e+00
1.091877786398613548e+00
1.239094622630157572e+00
1.370753902142454850e+00
1.475920294445679515e+00
1.706307094786313039e+00
8.701156330713117892e-01
1.827226481463700036e+00
1.822266224582623551e+00
6.354566610457093034e-01
1.456035361638716275e+00
2.717265444221566462e+00
1.273390884704523218e+00
6.932695411921717676e-01
1.605924325018073251e+00
2.088931353420767412e+00
1.139914804798756842e+00
2.093336977725930304e+00
1.098062807236166893e+00
1.693575504866818626e+00
1.310589083333405513e+00
1.180168800148529096e+00
1.295209843907119573e+00
7.407054587046270067e-01
1.383292321571955918e+00
8.138771001774367519e-01
1.657798822359525914e+00
1.481804516633584479e+00
1.479313267399203546e+00
4.469331840115337018e-01
3.072935546921412353e+00
1.600874148583124823e+00
6.502423718577027278e-01
2.433554356045478873e+00
6.412287630620324697e-01
3.582632263088167401e-01
1.068432277900702720e+00
1.631509486620603688e+00
5.697826472510328921e-01
2.081166999382458194e+00
1.332299915471353513e+00
2.237408001212252362e+00
1.718304414390438906e+00
1.585213532265271619e+00
2.974689760030252206e+00
1.536734138280418493e+00
2.113393170683458777e+00
1.033383092081794352e+00
1.968779556975903899e+00
1.714806838829243674e+00
1.734598045519049281e+00
1.967768990800302431e+00
1.619384792210163626e+00
1.538676401678544359e+00
1.100869373976287813e+00
1.924074214130944371e+00
5.332475751103098460e-01
1.445532931278840305e+00
2.414887956880209074e+00
2.241362515019190038e+00
1.188959672745262264e+00
1.815853059839308337e+00
2.488613518103673705e+00
1.648634520422620486e+00
1.773215960148707859e+00
1.481970431584569203e+00
1.025417658013951794e+00
1.213586216790403016e+00
1.172529710587248308e+00
1.725512092059381164e+00
1.847466586269244093e+00
1.634110446130996763e+00
2.626110184150430182e+00
2.417827478424072751e+00
1.079097179921821414e+00
1.303878302368499442e+00
1.115613845503337531e+00
1.483657740081159915e+00
1.859997490694163647e+00
7.245245383914179493e-01
2.063064053217132654e-01
5.169239975553177047e-01
1.312501313611879494e+00
1.577144497557354752e+00
2.219013841352529770e+00
4.764708327261737986e-01
1.349144609588655452e+00
1.448875545553481636e+00
1.442340327251503407e+00
8.641614483634394439e-01
1.970580935669963507e+00
9.832230389426938055e-01
1.127108045989176466e+00
1.290973323314861476e+00
1.196163222879913501e+00
9.969696909101619653e-01
1.551771223595987292e+00
1.706307094786313039e+00
1.187929651354676208e+00
1.694029050716925999e+00
1.606251186755401905e+00
8.283677504754557441e-01
9.334976252885346382e-01
1.668518556546501941e+00
1.411902903386967223e+00
2.536635832650417033e+00
1.164516738805480012e+00
1.984273181618284809e+00
1.000871522924146717e+00
1.211385519293811663e+00
1.536734420060668738e+00
1.732781313411867252e+00
9.891352710852592267e-01
7.602332644705402931e-01
1.801646785671831230e+00
1.121594675909765249e+00
1.683781892938362779e+00
1.093598164829346908e+00
1.724782146706986818e+00
5.406470240086086454e-01
2.369609117093526951e+00
1.751467225555085827e+00
1.784398689803595506e+00
1.344275267896765547e+00
2.251361308807124040e+00
1.847186067434864798e+00
1.408761146097942785e+00
1.575920481545247664e+00
2.420278807452462377e+00
1.314488265181908311e+00
8.068970462457506487e-01
2.615111702309641295e+00
9.208448431193440031e-01
5.713483206808654957e-01
1.134981454514955690e+00
1.425279815372371583e+00
1.765841704431743597e+00
1.532204847813941839e+00
5.926753899932623026e-01
2.485424969772382475e+00
2.744720953570177091e+00
1.598323348717086034e+00
1.473215187130587633e+00
1.677513099290574905e+00
3.278622598018808287e-01
2.687325439052019149e+00
1.425279815372371583e+00
9.101218583708166054e-01
1.607127934316451290e+00
2.522926219051144336e+00
1.272470071747126230e+00
1.237182030774447217e+00
1.620618964827023945e+00
9.841480727686704455e-01
1.373510933695662795e+00
5.277488740771033582e-01
4.635416804738831109e-01
5.051995437082428264e-01
2.592570511202050731e+00
1.699400062296966940e+00
6.720933903312777957e-01
3.548446090629189253e-01
1.172747263632007098e+00
2.650800835515020104e+00
2.026059508138822185e+00
1.647783361860631901e+00
1.110439689909270333e+00
1.155283172541925696e+00
9.782329862692268341e-01
5.715952895506870579e-01
1.390512276382788848e+00
1.466187778786594009e+00
1.104630843377707894e+00
8.875985140681923458e-01
1.383828485162837518e+00
1.380978121381807533e+00
1.516363908225354162e+00
1.378982027873298710e+00
2.369609117093526951e+00
1.115374892586834754e+00
1.750389313387592294e+00
9.969696909101619653e-01
1.032135650410513916e+00
2.445516691093660100e+00
1.225714297487003890e+00
1.992351556751307262e+00
8.834975598371967997e-01
1.502820297557762252e+00
1.441552126120369204e+00
1.466485483146742874e+00
1.686562696105917469e+00
1.608711986509035130e+00
1.494359149667225495e+00
1.538351569492957482e+00
1.724304778968403618e+00
7.904009665596445355e-01
1.375207374891752821e+00
1.454697683910290751e+00
9.230174212169703907e-01
2.399830357624722410e+00
7.359682864958866366e-01
1.001865393117915115e+00
2.021051166786001385e+00
1.143310835678823079e+00
2.974602302662324727e-01
1.510209175473447019e+00
8.211360696260734393e-01
1.521294279414019623e+00
1.466754840962747108e+00
1.973199946779684799e+00
1.929244682724151172e+00
1.404625929560669562e+00
3.516247661398537172e-01
1.365221178467463048e+00
2.082676525893634167e+00
1.216216974196790090e+00
2.415287016203512049e+00
1.587992684103158414e+00
1.690105754344657596e+00
1.348571888782123196e+00
1.709807900739604758e+00
1.150219959490943022e+00
2.638247518926600144e+00
1.017320435971365900e+00
1.751600655084480485e+00
8.715213525762558477e-01
1.647291503949157798e+00
3.438309313069832229e-01
9.334976252885346382e-01
1.225916514255653178e+00
1.933759570534451244e+00
1.722577323520201098e+00
1.175713225567898368e+00
1.633568631421906003e+00
1.096693519847895981e+00
1.168314573424137137e+00
1.618858563310541232e+00
2.011411050590255378e+00
2.115612281804708950e+00
1.728370756730061464e+00
1.552649151699388330e+00
2.315936401851196536e+00
8.700475678346570874e-01
4.460463078686173755e-01
1.001947224753688248e+00
1.808467504518957103e+00
1.239260420990518030e+00
2.248681494475537779e+00
1.329101376952935842e+00
1.201881675502259217e+00
1.671699040792979707e+00
1.031318322070133187e+00
1.569454804241658286e+00
1.660736348596610235e+00
1.467954997801729222e+00
2.286291650759618044e+00
1.538679010113049195e+00
2.014828998895792811e+00
2.041163828949592585e+00
5.840244103983940338e-01
1.081579562106864012e+00
8.775924292342526245e-01
6.626854574029898970e-01
8.622970833636890431e-01
1.550070806317846328e+00
1.682713667391986023e+00
1.280554368856827996e-01
1.076460837961387806e+00
1.360501873411018803e+00
8.423003499513707082e-01
1.562846925782640506e+00
1.052529786117573973e+00
1.736122716629227680e+00
2.498996106226406777e+00
1.302637868322233050e+00
4.062392235963062648e-01
2.290502147387490250e+00
7.847146059322217537e-01
1.406296618243322305e+00
1.818656796332839942e+00
2.115612281804708950e+00
1.166890532902518318e+00
1.993296035743497896e+00
9.222197300017700439e-01
2.652959854590312805e+00
1.963557164556904766e+00
1.092037433619899245e+00
1.072998652738898606e+00
9.571390905469171484e-01
2.539401527077202125e+00
1.990398466321458892e+00
2.204433611326150011e+00
1.257770544141346258e+00
1.176688448948195242e+00
1.789129043316942891e+00
1.427854442564761905e+00
1.733447426734511909e+00
1.495788990979267652e+00
1.127878843322895008e+00
2.276339989312838874e+00
1.546348780318977489e+00
2.113393170683458777e+00
6.763984627706632891e-01
1.922717931464828500e-01
1.124373137118783950e+00
1.684472509607245483e+00
1.227698878236968216e+00
6.954636825851300275e-01
1.667282497541916264e+00
5.028752239785270195e-01
1.418341938267029922e+00
2.057264871519722593e+00
1.053748742110590664e+00
1.895679408831377311e+00
8.811526026476842466e-01
8.871985335182793753e-01
1.747804776036739893e+00
2.150632429651516908e+00
2.189682920751441664e+00
1.031038934123386097e+00
1.481804516633584479e+00
1.202691174813919073e+00
8.980029486608090972e-01
2.123403520835955849e+00
1.722234474409353178e+00
2.334916199139080994e+00
1.529241911209163529e+00
2.615111702309641295e+00
2.162032343378790245e+00
1.182576128914547553e+00
1.739333329878767653e+00
7.107079699729104139e-01
2.010580088726194870e+00
1.682279970655671031e+00
1.403582232245626837e+00
2.855639582642223173e-01
6.150463466626000519e-01
2.095902613496286815e+00
7.857168379394570135e-01
1.604235569043648502e+00
2.085078759128239145e+00
1.065201412435262007e+00
1.629524606338647930e+00
7.280212613103597130e-01
2.136071395281588181e+00
3.101763084398564407e-01
2.670432224384342135e+00
1.687764659831123781e+00
1.044613154063717575e+00
1.071333192867342410e+00
1.383241203969641786e+00
1.532578664143555702e+00
1.309082569782449967e+00
6.097784885664149224e-01
1.375721535916815119e+00
1.615652030795283522e+00
2.864717639633490021e-01
9.907361658162987528e-01
1.732535162519383665e+00
1.982566310241680840e+00
1.398917609375894822e+00
1.487992505757348427e+00
1.265957976227239490e+00
1.442307362747462296e+00
2.187817066949760747e+00
1.657029321948592093e+00
6.787488175443844030e-02
1.031326001372371515e+00
2.638247518926600144e+00
1.561942073959625921e+00
1.116203606855436237e-01
8.722053802337119688e-01
1.097389952468291519e+00
1.323775997427041551e+00
1.004911332979348204e+00
1.618791595565626018e+00
1.451845596548639650e+00
1.820695820499948825e+00
6.107337371549419469e-01
1.667785094408249069e+00
9.983910008226114519e-01
1.850771747475620010e+00
1.674505510500193139e+00
1.071333192867342410e+00
1.548123271453516248e+00
1.463536315878374072e+00
2.300888619811992442e+00
1.146385891575631311e+00
1.818656796332839942e+00
1.303789847065052632e+00
9.561801458957599475e-01
2.863129403799974160e+00
1.118771061160239499e+00
1.031172941692186207e+00
1.040224423282909649e+00
2.331298421828011058e+00
1.830244945980880500e+00
1.368175326458809904e+00
1.239094622630157572e+00
1.824005258968561138e+00
1.824835733570277618e+00
4.036492724506330343e-01
1.187494805719201407e+00
2.009604986596824072e-01
1.429610775835231218e+00
4.286918425465920945e-01
9.929104995370819919e-01
