total_mass
7.209975860915236012e+01
7.320842916033581105e+01
6.762559267837185928e+01
6.627362581200820557e+01
7.127250825538050094e+01
6.873647893458760905e+01
7.230563974100024893e+01
7.134086347733176581e+01
6.751429835534304402e+01
7.032138877349299833e+01
7.007720873664419514e+01
6.940024625801089542e+01
7.186150574113545986e+01
7.197839229671824057e+01
7.071220599416773211e+01
7.143974621851810980e+01
7.381897450618751577e+01
7.212496562738623140e+01
6.681603257540287188e+01
6.822312245685074572e+01
7.325326164530423512e+01
6.839156926809377524e+01
7.399674450199502473e+01
7.318122873854777310e+01
6.884258018006643454e+01
7.026677154176317686e+01
6.521224671846442789e+01
7.052841909421758260e+01
6.792949369402994364e+01
6.971064649449687067e+01
6.932324962664543477e+01
7.166598322756925654e+01
7.005861932496077316e+01
6.787294549050854187e+01
7.388618559076323322e+01
7.589233227821304695e+01
6.807981682359947229e+01
7.194336203107931738e+01
7.278966540084002190e+01
6.633478721052915716e+01
6.997429595285997550e+01
7.113232711655160756e+01
6.952488490383962016e+01
7.041550041696618223e+01
6.999074848291101603e+01
6.746423754215368263e+01
6.896047943195088692e+01
7.273438856385439522e+01
6.804931707934072449e+01
7.349638346382671727e+01
7.066536231515426891e+01
7.001667773693372965e+01
7.280720910629409559e+01
7.004168836289412070e+01
7.213983958671353491e+01
6.932849844025884067e+01
7.199032566314228632e+01
6.708960127766707160e+01
7.127013219757631646e+01
7.105851793140747930e+01
6.910808012349551177e+01
7.084895044531000963e+01
7.173392297445411714e+01
6.798729902829708749e+01
7.164013658679022001e+01
7.113185269578457337e+01
6.724147285118222328e+01
7.132543848919813456e+01
7.065466059238653429e+01
7.352528942897941988e+01
6.842671347996892450e+01
6.915329633134115284e+01
6.938336967593824056e+01
7.548287958510067597e+01
6.846146142658689371e+01
6.735737536973107353e+01
7.035587708186946543e+01
7.001919550092053157e+01
7.106423108318848847e+01
7.220239839989525876e+01
6.678679073566586055e+01
6.602392929934666199e+01
7.143620228346108547e+01
6.859475844312666482e+01
7.140733132008364237e+01
6.781784878679758322e+01
7.172250600243739882e+01
6.971935261100068715e+01
7.110669375893638744e+01
7.047689370376745899e+01
7.067290568035039655e+01
7.003065742605760136e+01
6.978489995309345773e+01
7.112635402658526118e+01
6.837539682201277458e+01
7.114859479891383387e+01
6.992675324063019104e+01
7.011635053731006906e+01
7.156699024898887274e+01
7.190895072844972447e+01
7.256992218128299044e+01
7.492772407979532545e+01
6.852090004094787901e+01
6.830702645118576299e+01
7.053755412088744947e+01
7.185300703075196793e+01
7.056755615092531286e+01
6.772420374076841654e+01
7.165814779258843714e+01
7.417611949326777676e+01
7.321499124836120131e+01
7.096221781751251001e+01
6.978855694421966405e+01
7.086065362626571584e+01
7.030475694686552401e+01
7.231071575497936976e+01
6.752675131186765611e+01
6.832920290622712400e+01
7.662138585746421882e+01
7.242015096731392987e+01
6.743107700622536527e+01
7.156287382862834079e+01
7.212819586674751804e+01
7.360412955616635600e+01
7.144463329997805090e+01
7.086895051087823560e+01
6.833349386934740721e+01
6.941835077408072152e+01
6.922872060786517068e+01
6.579063045798687881e+01
7.061516278037815653e+01
7.097083126382663920e+01
6.949347980312069240e+01
6.947433196468949745e+01
7.178363407306628119e+01
6.947614409920515754e+01
7.320852427909002813e+01
7.122145423016392840e+01
7.163166457403028176e+01
7.290373530664633961e+01
7.247976572616772728e+01
7.128748542863336013e+01
7.325388127096286439e+01
6.728483882927814363e+01
7.091212257566985500e+01
7.156615374693396348e+01
7.272494280593338090e+01
6.986416665633663570e+01
7.238293775731875712e+01
6.707384434789983629e+01
7.365461593600103640e+01
7.079628863922110327e+01
7.100070226903338266e+01
7.200628203727376331e+01
6.991439101705614689e+01
7.298486876723468697e+01
7.009858913151106208e+01
7.043563676043638111e+01
7.081216422932767784e+01
7.337433019145575486e+01
7.109799923839882752e+01
7.136982573623234316e+01
7.178711218747164935e+01
6.683151899911470650e+01
7.369068269136032256e+01
7.359223762093890286e+01
6.933201313355706930e+01
6.956031889769707277e+01
7.108996814547262488e+01
6.875137558981653285e+01
7.043623065747121359e+01
6.921609738035850512e+01
6.984618304842778969e+01
7.218269445120591854e+01
7.148102521636187134e+01
7.112045725737689850e+01
7.171994956104384755e+01
6.705755150172171852e+01
7.103288599333163233e+01
7.051051558826895871e+01
7.080761378562255004e+01
7.123276962722988515e+01
7.222919469031282347e+01
6.928757619256599298e+01
6.963361326302381826e+01
6.724813831170241940e+01
7.183047733790702694e+01
6.962028699483192895e+01
6.782161508119173732e+01
7.065857936516621862e+01
7.171025502211392677e+01
7.383302501495458614e+01
6.706758832943461357e+01
6.966858769270544371e+01
7.564904826975528351e+01
6.913195143864366798e+01
7.221365672961178461e+01
6.857011996027897283e+01
6.630152396751049082e+01
7.144777155066569208e+01
7.304660124795785237e+01
6.826758476558930511e+01
6.899208357878315212e+01
7.284907646069473230e+01
6.948737412455166407e+01
7.247709941711335091e+01
6.739750863446755602e+01
7.180494603094001604e+01
6.955193929703852973e+01
7.049687632377911939e+01
7.102094885798061341e+01
6.780885623105316995e+01
7.193104811577831015e+01
7.025226499670719704e+01
7.387101028344248732e+01
7.236743535308488617e+01
7.099675103764241157e+01
6.814731664384612486e+01
6.940367842389508723e+01
7.294780385900837416e+01
7.271672963347837992e+01
7.125628999683070219e+01
7.376292917301846330e+01
7.006338415648595230e+01
7.158435125521310738e+01
7.172002940986185138e+01
7.087405895303949421e+01
6.947789070993295013e+01
7.047272955150219786e+01
7.191841446565123874e+01
6.599635426995796195e+01
6.777452881374402693e+01
7.092617323094393100e+01
7.133477959029247017e+01
6.868994985228215455e+01
6.828470099542319360e+01
7.200961527427206477e+01
7.110326815750599394e+01
6.935387770368258487e+01
7.269130689685400171e+01
6.839633648953048350e+01
7.122528957211132195e+01
6.905758741658999611e+01
7.207104945803251894e+01
6.872941662716395683e+01
7.140753005829428446e+01
7.044463574736835199e+01
7.523111212948063553e+01
6.794298554496022291e+01
7.027188093305025518e+01
7.090670366215357490e+01
7.055217795176980644e+01
6.791724449070522951e+01
6.970152352690847408e+01
7.069815978890935071e+01
7.181655189152611740e+01
7.136509802027650551e+01
7.010163771711175684e+01
7.080075715135487258e+01
7.271345353269495604e+01
6.987954055633234418e+01
6.913343637843544798e+01
7.186780525153457688e+01
6.829582557027160306e+01
7.302749912199396931e+01
6.727985028809564483e+01
6.763133045685670197e+01
6.883226481966161714e+01
6.897098392895620123e+01
7.143295853991932631e+01
7.318388351903929845e+01
7.022112976078099678e+01
7.497850687056214269e+01
6.905019412094250697e+01
7.171885518711629004e+01
7.168715853465883470e+01
7.655916800744854811e+01
7.127827238369343377e+01
7.145018731463650852e+01
7.192013544801187663e+01
7.206866937672708673e+01
7.260785064124101496e+01
6.990253050245152622e+01
6.602111376124567244e+01
7.035016082731418408e+01
6.972637831523030627e+01
7.104934380418157502e+01
7.007303899266004521e+01
7.164413373621499659e+01
7.254220646094580616e+01
7.076492560772203433e+01
6.862685781477071600e+01
7.232434833351074133e+01
7.383260150293996560e+01
7.321385811534304366e+01
7.010858272088125887e+01
6.580186765391249537e+01
7.316125106131505618e+01
6.978153256615780720e+01
7.203020341460963039e+01
6.696873407117348620e+01
6.748892404779604703e+01
7.107336796355771469e+01
6.916826458970140834e+01
7.209962743896190318e+01
7.231743521010986342e+01
7.400641998346330297e+01
7.129066144526744608e+01
7.193795115351876746e+01
7.094677769093711106e+01
7.166818527271917105e+01
7.253367249814405682e+01
7.038283001040127829e+01
7.476108667290247922e+01
6.769431359963968475e+01
7.225101331070669630e+01
7.484944825524968337e+01
7.129943108207581304e+01
6.795933902674184424e+01
7.107352334782916614e+01
7.138325328267097802e+01
7.168650661052379292e+01
7.584157796400444340e+01
6.669916008112208772e+01
7.294523961572116377e+01
7.046112300105079385e+01
7.253588347677333559e+01
7.194642495368667312e+01
7.039008550272647824e+01
6.745933453645514533e+01
7.223784661141478125e+01
7.039959683702073789e+01
7.059214954539550035e+01
7.209898633794668399e+01
7.123881931000232726e+01
7.092212937918158389e+01
6.538619606300092357e+01
7.308320262128238198e+01
6.586031500542750905e+01
6.870911002702399628e+01
7.110894889790426987e+01
6.912022315175741483e+01
7.199800121717981938e+01
7.255078529996940517e+01
7.043836080420273049e+01
7.044956032533951884e+01
7.000154987720486588e+01
7.136487234114247258e+01
6.938707992073418040e+01
6.859102073482455353e+01
7.158315200334891415e+01
6.942991055593302008e+01
7.090419822042797193e+01
6.817870050130690629e+01
6.938693808912242389e+01
7.075115318732227365e+01
7.261424126220526887e+01
7.074675658389274702e+01
7.043091413870510564e+01
6.930102657024308144e+01
6.846261094249925350e+01
6.916838953543745561e+01
6.945924866981246737e+01
6.787253050212997607e+01
7.055178402531660709e+01
7.084463754570933247e+01
7.285852432731547879e+01
6.870094720263003296e+01
7.120951364825303642e+01
7.014994752657879928e+01
6.664789318256660522e+01
7.091807354424729226e+01
6.785668899415270516e+01
7.007622664223953279e+01
6.937837693622556401e+01
7.290275852093139974e+01
7.097558029229497834e+01
6.887205928921736131e+01
6.950312902109121183e+01
6.875962746443410367e+01
6.568985199206603909e+01
6.913458519055927809e+01
7.298571340577677802e+01
7.119227092861525819e+01
6.998870482209011357e+01
7.157105068032640816e+01
6.881489581859577243e+01
6.718503342172293458e+01
6.799334212911355735e+01
6.838381198720971099e+01
6.975893407489867570e+01
6.879128273840541397e+01
6.848726323673557204e+01
6.748921103054790649e+01
6.973028769134349147e+01
6.921912261957250223e+01
6.894010363660919438e+01
6.875159498652851653e+01
7.084672476554402465e+01
7.108856928656484797e+01
6.810510175783824138e+01
6.994295599662103768e+01
7.110927064534497788e+01
7.035154104114336349e+01
7.116310540303281584e+01
7.012406174380033974e+01
6.948968486038228320e+01
7.181989684813891017e+01
7.071203606953912413e+01
7.032213822774743051e+01
7.235729288172373685e+01
7.219028482160238980e+01
6.940196708784907287e+01
6.568985199206603909e+01
6.998491376730143543e+01
7.150851547443100742e+01
6.954993302861763027e+01
6.835790194161367594e+01
6.868312520133432031e+01
7.073795885652994286e+01
7.316349847236133996e+01
6.990689372316080608e+01
6.895446228114411724e+01
6.975707142303031105e+01
6.869125263435574880e+01
7.122048864538513158e+01
6.681224657015785340e+01
7.060311345835582131e+01
6.822090183876998992e+01
7.194826177581509796e+01
6.948021798647334890e+01
7.142161892024010683e+01
6.930351924477638192e+01
7.009013088288963900e+01
7.159498714053580670e+01
7.089030305376915919e+01
7.106275114270306403e+01
7.063570855044140728e+01
6.948631012239502525e+01
6.640280692301453769e+01
6.972078431451126335e+01
7.345425834639419804e+01
7.086416618478585860e+01
6.941060765378890096e+01
7.063248222854673486e+01
7.126649907322908462e+01
7.123968523522765395e+01
7.062910641446265458e+01
7.516228265428503619e+01
7.027219969779221742e+01
7.114498060432308080e+01
6.930313742330977789e+01
6.802956617114180915e+01
7.371165760134759637e+01
7.123621183249483124e+01
7.008641516148826156e+01
6.887456764241748886e+01
7.032962043167110266e+01
6.961445360348250233e+01
7.133320121403883718e+01
6.956378531338349092e+01
7.295502276660471352e+01
7.156023062489055064e+01
7.221762483524832987e+01
7.064661666097428849e+01
7.087213407488268047e+01
7.189026155706068266e+01
6.902151991394779884e+01
6.699963263634492705e+01
6.873220674411487607e+01
7.018364701801446870e+01
7.229902030248914002e+01
7.428432035548863155e+01
6.781369205683509449e+01
7.347849676001418118e+01
7.564494670746144322e+01
7.063649317729685606e+01
7.324188623233445128e+01
7.001178844389544054e+01
6.952359080317663143e+01
7.004856035153503058e+01
6.980307043463020023e+01
7.161075208713826612e+01
7.127322232854518802e+01
7.175790394985241960e+01
6.846899406726456050e+01
7.330778661098341331e+01
6.744548217978017135e+01
7.344527121565317884e+01
6.970682863239221660e+01
7.218733488481868221e+01
6.985323665580823160e+01
7.340220379732727451e+01
6.834935194425274574e+01
7.000665254711645957e+01
7.221473122686214197e+01
6.976222695124394590e+01
7.320657983023170345e+01
7.640176981187380534e+01
7.296914324607455171e+01
7.071452665656872227e+01
7.506783653854695615e+01
7.246242926224365988e+01
7.198823032844573788e+01
7.171378851690057843e+01
7.057540881094480767e+01
6.973826035525539169e+01
6.894732918052412174e+01
7.541310240065665482e+01
7.096908478195572911e+01
7.314758850424159675e+01
7.049293721290845838e+01
7.245160864983492388e+01
7.363764243010587052e+01
7.137707915471267484e+01
7.425550051935060480e+01
7.153029861178269755e+01
7.271823005795042150e+01
7.219014725935626586e+01
6.966366474502177653e+01
7.063235276121548623e+01
6.988502343190845068e+01
7.007496160049984724e+01
7.102953462421544373e+01
7.043124279121344955e+01
6.865076652516282252e+01
7.281609262179765096e+01
7.283858032702789842e+01
7.060213483789181055e+01
6.825162347821066078e+01
6.906854578032438496e+01
7.075521287551381988e+01
7.064450455285448527e+01
6.681343431154604673e+01
7.089627950720617378e+01
7.098774903849825080e+01
7.122717600636386237e+01
7.148830933955082401e+01
6.863300021475768631e+01
7.046850460178077924e+01
7.184115125679548441e+01
6.798126372632036407e+01
7.230354339958077503e+01
7.754419279738712589e+01
6.680927485469402427e+01
7.012570742498814980e+01
6.774790551853543263e+01
6.747952490402221315e+01
7.368644916723003746e+01
7.246327974209552281e+01
6.797158460246792799e+01
6.763429059900870755e+01
6.760352998231147126e+01
7.081167728247865512e+01
6.970381495188374288e+01
7.352541021645045305e+01
7.352311880714998438e+01
6.711803069381805642e+01
7.196576253486063024e+01
7.197550726602733562e+01
7.286352127034814430e+01
7.478545353017381103e+01
7.066382779019589577e+01
7.067180739349542762e+01
6.951627271955568688e+01
7.073568258745964954e+01
6.682254535825502728e+01
6.973494335903228603e+01
6.991745875733022331e+01
7.047827103216869205e+01
7.051181841105973547e+01
6.958593402472763501e+01
7.119414029618214101e+01
7.202739791573507944e+01
7.222630105469039563e+01
6.589695130582634874e+01
7.052783677221694347e+01
7.057135842505665835e+01
7.123927369726671088e+01
6.984238550007455615e+01
6.882020442461801224e+01
6.785672509992330959e+01
7.033082042656731403e+01
7.461121397617353068e+01
6.965276073981057436e+01
6.765538241184975732e+01
7.310613355753606868e+01
7.100081545154120022e+01
7.035004220565340916e+01
6.781302543363375435e+01
7.168913753315146664e+01
6.590105807930677884e+01
7.005414334572668622e+01
7.262457441575890016e+01
6.848638051364061141e+01
7.127676780598076789e+01
7.072349690147240153e+01
7.139421124874553470e+01
7.110976741375405652e+01
7.031321366685017438e+01
6.862506599368695959e+01
7.172647948705466092e+01
7.498832240227248747e+01
6.809135562800950936e+01
7.045385810834466156e+01
6.950793612846145209e+01
6.911703932378665627e+01
7.040460624128942868e+01
7.164873798385565351e+01
6.814705012771753445e+01
7.087556198682463560e+01
7.223759709048763966e+01
7.132099102492155396e+01
6.999512594911531949e+01
6.635245396638671878e+01
7.044857864866628461e+01
6.915997825723047754e+01
7.079668989462425088e+01
7.010765555439111552e+01
7.045385810834466156e+01
7.249853409783780478e+01
7.171471902787989450e+01
6.983506517772227085e+01
6.783738577610807852e+01
6.960578656917594742e+01
7.173442935288790068e+01
6.893014828657746307e+01
6.976682464392040117e+01
7.190843218084837929e+01
7.323841325546516146e+01
7.211563193515114278e+01
7.065835893335048468e+01
6.880735568601915020e+01
6.853441954881509446e+01
6.930566764386966838e+01
7.097116440452938946e+01
6.828163904306560994e+01
7.248280991139262142e+01
7.322536877683396028e+01
6.912357647137739036e+01
6.480308904981905016e+01
6.667908517353502873e+01
7.026380590099778090e+01
7.241786316666912171e+01
7.088095637953728101e+01
6.919540689451000048e+01
7.258558928061117399e+01
6.871262896400656928e+01
6.812082537716445074e+01
6.847494093597252629e+01
7.047272955150219786e+01
7.215206373309700894e+01
6.969888392694309687e+01
6.543050259403608493e+01
6.744736104592259096e+01
6.927950349971123956e+01
7.171574117647548974e+01
7.092387730620191633e+01
6.713725264418943084e+01
7.107195325292966004e+01
7.076093971413231998e+01
7.109365147860214051e+01
7.013059061127138705e+01
7.366472650009386314e+01
6.787169959941439856e+01
6.337138792885966865e+01
7.139987471889051562e+01
7.201075594413001113e+01
6.788595932835441715e+01
7.080842673306759139e+01
7.282626204265534398e+01
7.218353935490242179e+01
7.361459876340934727e+01
6.640204995154871881e+01
7.051432015622802396e+01
7.219994580749576585e+01
7.269218314573561202e+01
7.340769163863485858e+01
6.810979075703781405e+01
7.085321823796336105e+01
7.407880438185293315e+01
7.073976657443067495e+01
6.946125562067899750e+01
7.194639983099700942e+01
6.910382146893056188e+01
6.595587526665157441e+01
6.820331911943833347e+01
7.369365626361110344e+01
7.255761956813246627e+01
7.017138510021423770e+01
7.170834417705425778e+01
6.848522798652081178e+01
7.041704894498239753e+01
7.117107052630727537e+01
7.000466306851865284e+01
7.152801645869942604e+01
7.065790195392310125e+01
6.921936772403694249e+01
6.810127790781872648e+01
7.099085553916685853e+01
6.913323276551244589e+01
7.075707163974348646e+01
6.936164633065679652e+01
6.977110707897000452e+01
7.103939602846151047e+01
6.945227243553618734e+01
7.152451053496801592e+01
7.183460461886964765e+01
7.011038172999570861e+01
7.248404517688345550e+01
6.998225007554093224e+01
6.647445139607188480e+01
7.048776473000515352e+01
7.460196955717560741e+01
6.840898948843485528e+01
7.074189147170963565e+01
7.246174704869167726e+01
6.834531008423863341e+01
7.428988297561673448e+01
7.001252071281328426e+01
7.266377199291876821e+01
7.213872318751067780e+01
7.009484829039877241e+01
7.091509692168190782e+01
6.938567351847407849e+01
6.728623900738999453e+01
6.975661331647359020e+01
6.981830115591327512e+01
7.267102728702552383e+01
7.216632151565784170e+01
6.991532067539901618e+01
7.102611530134137752e+01
7.334395412443704743e+01
6.714331593080443383e+01
7.154411288537912128e+01
7.207826397060048862e+01
7.024262230408500329e+01
6.830805734762708425e+01
6.846615677177595671e+01
6.845390072337936260e+01
7.055558389100954741e+01
7.596441708399453319e+01
6.661924816191913123e+01
6.866315082434940109e+01
7.234396791061460874e+01
7.172270719643347547e+01
6.983145120423677099e+01
7.018376661869521627e+01
6.892690132545617132e+01
7.259421466513384757e+01
6.881489581859577243e+01
7.553218186574673609e+01
6.587151899693841983e+01
7.167045886555172274e+01
7.070105504527245444e+01
7.130509196246957515e+01
6.878128372689586456e+01
7.149672271484075736e+01
7.045114301785147859e+01
7.404118236080950055e+01
7.148292890542465727e+01
6.679205912449717175e+01
7.090918453231847707e+01
7.102977196670059357e+01
7.396219133922160438e+01
6.857118690362383973e+01
7.087672687611106426e+01
7.032716868430614454e+01
6.868212866603077771e+01
7.094117451632948246e+01
6.915798999080051601e+01
6.935123800594902832e+01
7.332648464755197892e+01
6.741483204272776675e+01
7.167370427988944925e+01
7.161044755459447231e+01
6.518651666018649848e+01
7.119924185804146077e+01
6.641124682707356897e+01
6.783822686745193664e+01
6.929401904646579169e+01
7.105286839051677816e+01
7.250880427934828276e+01
6.957552162605398394e+01
6.876537883388998296e+01
7.198204792689168130e+01
7.035587708186946543e+01
7.151252307512214657e+01
7.101008151135113167e+01
7.034377862563898987e+01
7.273258409691663928e+01
6.716372293047706421e+01
6.924725347896890071e+01
7.203799459992814036e+01
6.768739324280922176e+01
7.191134618610587381e+01
6.920082673781979565e+01
7.007986511495101922e+01
6.945897960350188782e+01
7.304036847066555538e+01
6.934639455866421542e+01
7.066820214838278957e+01
7.210050539132649305e+01
7.348136928642182397e+01
6.895976313258898927e+01
7.062143980009923894e+01
6.918663764452544740e+01
7.092978040298557119e+01
6.938296998584502262e+01
7.302827926607966447e+01
6.817179043604600963e+01
7.207782709217195816e+01
7.190010736411254300e+01
6.751406773598121447e+01
7.057441735507799763e+01
6.789660030758534504e+01
7.221772542914979454e+01
6.868049869694945642e+01
6.898742898571211413e+01
6.895300769865843904e+01
7.162992918899506378e+01
7.653076621343291208e+01
7.276230557920821695e+01
7.035165183058407479e+01
7.092337512656550302e+01
6.676337106313485492e+01
6.979840747669085488e+01
6.953990152776708555e+01
6.827171233251442573e+01
7.257638314753825171e+01
7.328564914156785903e+01
6.989522026298084256e+01
7.061279342910344781e+01
7.120722152935117322e+01
7.256515766799924450e+01
6.866831638597730603e+01
7.228962876583986485e+01
6.911550805381155271e+01
7.166555912635831760e+01
7.202777593384385568e+01
7.103935415672469844e+01
7.241456781633067408e+01
7.218442856260895724e+01
7.646468336995543780e+01
6.951060848785843405e+01
6.795330882957925667e+01
6.999528301837557365e+01
6.916276422319488404e+01
7.181439908178542453e+01
7.037536765050319332e+01
6.996870245199500005e+01
7.191536176827210625e+01
6.894399968251687483e+01
7.229294024943683894e+01
7.022092310872181997e+01
6.956878830641184663e+01
7.104498230349986443e+01
6.556318177035394967e+01
7.380827321281260822e+01
6.819107140065402461e+01
7.220393015735417919e+01
7.015173935127833715e+01
6.813287350110798002e+01
6.867400444032176665e+01
7.293655243864205318e+01
7.036398593181800720e+01
6.999296207797945613e+01
6.702114318273923743e+01
7.065693688714767973e+01
6.968695047910316021e+01
7.078682410357185972e+01
6.720598887559114587e+01
7.026715162095166534e+01
7.366194143690771057e+01
6.878603856305180386e+01
7.268367881471245084e+01
7.052438035650011727e+01
7.076467327063389234e+01
6.517199863435888574e+01
7.296874374055940393e+01
7.448135811540552709e+01
7.303426866479125579e+01
7.101690535290293838e+01
7.115498230419019876e+01
7.218926064389670216e+01
7.369002507668344037e+01
6.693537712588751276e+01
7.024089720799065617e+01
6.800161628030706140e+01
7.040876937931714963e+01
6.877098246120371527e+01
6.917587725365468998e+01
7.252724284241733699e+01
6.647996760330578070e+01
6.923362227228750498e+01
7.132558867526930158e+01
7.206825321060625811e+01
7.032938179699718262e+01
7.320386255843402523e+01
7.252284564092414598e+01
7.210697689296628710e+01
7.206273426667189597e+01
7.168292274302206124e+01
6.961611915321425670e+01
6.966480803379516828e+01
6.950999196144684333e+01
7.518333270362819576e+01
6.856063730654703647e+01
6.881435740121899869e+01
7.749652529033750170e+01
6.934367110946682544e+01
6.851136231548602495e+01
7.030924060703225109e+01
6.899008640201341791e+01
7.033828012968913868e+01
6.579845684238539150e+01
6.741253644997040340e+01
6.986731321046855214e+01
6.997483001750293852e+01
7.071421081972825107e+01
7.281022473407008988e+01
7.183240355154957513e+01
7.036399617574107879e+01
7.060745701513124573e+01
7.511491868631783575e+01
6.909903373490340073e+01
6.980260142258065059e+01
7.266703399765594895e+01
6.993444271784220234e+01
6.982537473922525351e+01
6.838807379882251780e+01
6.766373180658483477e+01
7.400727468946425347e+01
7.492860207481004409e+01
6.927276605108613694e+01
7.164697288909944461e+01
6.864524631031045487e+01
7.407528733024744838e+01
7.117795496213705064e+01
6.664108158221472422e+01
7.158217694860019265e+01
6.972117181641402794e+01
7.161328155908852011e+01
6.826861179314380479e+01
7.241495945913862897e+01
7.068280707126243101e+01
6.955441368799178292e+01
6.608082099377213581e+01
7.282080900920759348e+01
7.102392415755645061e+01
7.089335262082772715e+01
7.135973128531414034e+01
6.952650176115957947e+01
7.017632558243548146e+01
6.948274337117823052e+01
7.221135443908211471e+01
6.978350357279961713e+01
7.237743831748714740e+01
7.258079248033934050e+01
7.122461259065332229e+01
6.665832441600009872e+01
6.908613323729056788e+01
7.156703988139571493e+01
7.179307362134937875e+01
6.648695950505501173e+01
7.075289449408595033e+01
7.349071702542099160e+01
6.983290623826037802e+01
7.138481266407717385e+01
6.907237117770935697e+01
7.032213822774743051e+01
6.896556718035424183e+01
6.746440013269609892e+01
7.029953977754581729e+01
7.178111182312963479e+01
7.263058241188963393e+01
7.213475896116230501e+01
7.198552082790104123e+01
6.735681380609639746e+01
7.264019611574246937e+01
6.769833198041345668e+01
7.259771042227087889e+01
6.961770493930011128e+01
6.738966080225851840e+01
7.419543670323103868e+01
6.734450162035088283e+01
6.758199434438560615e+01
7.224535962746858786e+01
6.627030478894675980e+01
7.045685632417750810e+01
7.040873562280086162e+01
6.843169789673032710e+01
7.202954937178681405e+01
6.960312089860525475e+01
6.914646023719508605e+01
6.978162288575431660e+01
7.295039925329098196e+01
6.629626309375332482e+01
6.830639870965539728e+01
7.237882328251461672e+01
7.048580588756806264e+01
7.133045662503782580e+01
7.004486667876680883e+01
7.130859172421217806e+01
6.978671104171806405e+01
7.069986255799689445e+01
6.900632488060715275e+01
7.015473935305539044e+01
7.414413865649980551e+01
6.542189374734988405e+01
7.269206087710243480e+01
6.776065420447909560e+01
7.191255406122235172e+01
7.050488210307020154e+01
6.912018397568695605e+01
7.213290726453844570e+01
6.933371344525536983e+01
7.076300704322579804e+01
7.322061198440621865e+01
7.040266976021938206e+01
6.776928144655857977e+01
6.959900116087925426e+01
7.281328081798920948e+01
7.300257232209185076e+01
7.168050573338651077e+01
6.768740061884926718e+01
6.944796944131164196e+01
7.505164650774257495e+01
6.980894708278088956e+01
7.059301291375507503e+01
7.359832462783444385e+01
6.573789331226160471e+01
7.044177569430250685e+01
7.339742058529428448e+01
7.186680071287706539e+01
6.542763031695548648e+01
7.043663997427681522e+01
7.107138878124041526e+01
7.035248211651327210e+01
7.529435515845548821e+01
7.140253313990220363e+01
7.181083804002402360e+01
7.424584428538814507e+01
6.821440445604707747e+01
6.616503199273533653e+01
7.032788374885646476e+01
6.759420720273892869e+01
6.822760609545869670e+01
7.261683540133742554e+01
7.236071287653706463e+01
6.919718369193860497e+01
7.187887728064711723e+01
6.939103593189457797e+01
6.950426024809290482e+01
6.799386938616402176e+01
6.834895167004701477e+01
6.923542574774427294e+01
6.970255792854385390e+01
7.281604932843129063e+01
7.081361249857695839e+01
6.682533365303447681e+01
7.031420300633990905e+01
6.931798082613727274e+01
7.274104898905471828e+01
6.766605588575662011e+01
7.118680796371195640e+01
7.306658038024704638e+01
6.540715614579615078e+01
7.098576963513886540e+01
7.071816323931777504e+01
7.192491871869080455e+01
6.817117223018755112e+01
6.715772741147164027e+01
7.152607474845477498e+01
7.085466123452972909e+01
7.264696071092971863e+01
7.505299785480472963e+01
6.974237591830292615e+01
7.287309135342799493e+01
6.846802892529640872e+01
6.963679006644150604e+01
6.703296955401673074e+01
6.937221893034403308e+01
6.841427081188274428e+01
7.166049448333639305e+01
6.881700274725469058e+01
6.882078096139154866e+01
6.936971660615935775e+01
6.511197864948994152e+01
6.995294771776617893e+01
7.149889142335294423e+01
6.866043182607604933e+01
6.862512398964904037e+01
7.098438660362901942e+01
7.202318757615547895e+01
7.070665213717725806e+01
6.827755605399740091e+01
7.127726472803563240e+01
7.192500199035166020e+01
6.955232201667027425e+01
6.992279722173961432e+01
7.263301157161194510e+01
7.032445335581655854e+01
7.343847872030913493e+01
7.050525252222169570e+01
6.838563458926073224e+01
6.781090450959703730e+01
7.132767191508105498e+01
7.106689913564260053e+01
7.093989185954463039e+01
7.087992644946426424e+01
6.782797847308243888e+01
7.262186281780134323e+01
6.622615952043743448e+01
6.744717872523196434e+01
6.974496815658523019e+01
6.714331593080443383e+01
7.296390769379178209e+01
7.032630457676160063e+01
6.986812890299725609e+01
7.089090358394363989e+01
6.968662188400526247e+01
7.055131830978507423e+01
7.388561336020592307e+01
7.180152842508908861e+01
7.234621388198920044e+01
7.219638077116255204e+01
6.612196182650191645e+01
6.933028521868921246e+01
7.466827516812935528e+01
6.855002636567100183e+01
6.943702879130745487e+01
7.072252175512159056e+01
7.030641364186067221e+01
6.965556819458836912e+01
6.805487446118448247e+01
6.740623918837206929e+01
7.161283301186867334e+01
6.974671030214719281e+01
6.985758606360980139e+01
7.389663992178704177e+01
7.075573913089685618e+01
6.868974713517461339e+01
6.639757011091310801e+01
7.306917331181905695e+01
7.205162082036133597e+01
6.934027791666763108e+01
6.770498720936980419e+01
6.896609096968126096e+01
7.060537614606505485e+01
7.115202967389930677e+01
6.597274305728163313e+01
6.945802814551619520e+01
6.891803344722286795e+01
7.084381023449081738e+01
7.293657233760413305e+01
7.258908586951015707e+01
6.981529971417242564e+01
6.831781528472994580e+01
7.040275979661646488e+01
7.550913029750887517e+01
6.603409441465788632e+01
6.863058480371242354e+01
7.236697206385498760e+01
7.172214171304553076e+01
6.701285900960087361e+01
6.849784216674598269e+01
7.152408122386887612e+01
6.805026771691262866e+01
6.924189633460805737e+01
7.473563110162299949e+01
7.256668377707859463e+01
6.939650261187152580e+01
7.220758664661788373e+01
7.210354179941766972e+01
7.645869964230739413e+01
7.034259517234052339e+01
7.397774539414460548e+01
6.939582877772927816e+01
7.140539748049650370e+01
6.782278927339891084e+01
6.897384807332964840e+01
7.476108667290247922e+01
6.485378933319582018e+01
7.119352817327373373e+01
7.149120453480119863e+01
6.789451257972484655e+01
7.195873602036769512e+01
7.111226620821581434e+01
7.047361422181344892e+01
6.704298072179393841e+01
7.018957874738663349e+01
6.853280168124135230e+01
7.302436832605368977e+01
7.281711074779566673e+01
7.246602647225761018e+01
6.934235716702120556e+01
6.980679638610854454e+01
7.121911810226750106e+01
6.922152667489972089e+01
6.995990957375764197e+01
6.855559024272878332e+01
6.871086718569424079e+01
7.375315992420688360e+01
7.415041920240128093e+01
7.177913437308055222e+01
7.193289647136867870e+01
6.922424256334710435e+01
6.877690333273022816e+01
6.862910174306605882e+01
6.930272832453536580e+01
7.172252155307509724e+01
7.059467581219553267e+01
7.280602928903812199e+01
7.120377613033491571e+01
7.169028264825224994e+01
6.838704564433356836e+01
6.991324874186960869e+01
6.694339739650963850e+01
7.404704957373775187e+01
7.306537713932372924e+01
7.106835662424199995e+01
7.133751870000634199e+01
7.136951797213006898e+01
7.022388102841385660e+01
7.085817050145790574e+01
6.749860496094879636e+01
6.763883740406717493e+01
6.813198307375664342e+01
7.097083126382663920e+01
6.962485602970775744e+01
7.549978195779348766e+01
7.329779656760821638e+01
7.035576108555595454e+01
6.865021715711796446e+01
6.980094772862864261e+01
7.172983360859262802e+01
7.058413338252459823e+01
6.866019710515196550e+01
6.918369148751489206e+01
6.833150432133234631e+01
6.491158559663202254e+01
6.623267358525716020e+01
7.049143629834165381e+01
6.779013144594264872e+01
7.077759230314285332e+01
7.296920658996154430e+01
7.078231140264126964e+01
6.987625680174055276e+01
6.982515211329567251e+01
7.070391166843336350e+01
7.079367380624621831e+01
6.839441028248103294e+01
7.103574208475323815e+01
6.920536183248081841e+01
7.054741003936693744e+01
7.158149973239622454e+01
7.223409335057195335e+01
7.023830568652633133e+01
7.200556892310359558e+01
7.499522669841196887e+01
7.198082653725813884e+01
6.730781655304996036e+01
7.076937638633130234e+01
7.216182026844813890e+01
7.283763582069590825e+01
6.875665829584978894e+01
6.870274013688070625e+01
7.140653434940576005e+01
7.269764474984648928e+01
7.385805422427085887e+01
7.164981635305582586e+01
6.937040200137352031e+01
7.316100091862981003e+01
6.831355584909843515e+01
6.800626967674929801e+01
6.783283322499764267e+01
6.682195456218697416e+01
6.715079124565721713e+01
7.037914200349266025e+01
7.241381562194636956e+01
6.608712125761722689e+01
7.333244191955398605e+01
6.976528982109502408e+01
6.680886618114301712e+01
6.845899892148180754e+01
7.213606091195163117e+01
7.090196428563822906e+01
7.044248695009275707e+01
7.197795099060543578e+01
7.150101442922948536e+01
6.925282499318430496e+01
7.181745904943305447e+01
7.380533077336275483e+01
6.650830953033205617e+01
6.813159084182152014e+01
7.153443775792976567e+01
7.176469608570002379e+01
6.382415292232149540e+01
6.706245102156228199e+01
7.217027577687406392e+01
7.026019400636900514e+01
7.029767133185924877e+01
7.139343163891172139e+01
6.888009999637273495e+01
7.055415015901483855e+01
7.251846825266045471e+01
6.868982332306160288e+01
7.129121159393935159e+01
7.163016115186128729e+01
6.942862383434608375e+01
7.220505486982519017e+01
7.062855288522354158e+01
7.158248416264481762e+01
6.952413473947717648e+01
7.272184678818872783e+01
6.954578613070523829e+01
6.704721226331751893e+01
7.488925122590902106e+01
7.194020509162544386e+01
7.484021822527631684e+01
7.264004271036094451e+01
6.964531467740827964e+01
7.182160777266776108e+01
7.155774117130492584e+01
6.719322512939359626e+01
7.205586502604123211e+01
7.070023220938104203e+01
7.092850118328183839e+01
6.920360328941254124e+01
7.413246019178788515e+01
7.300177662083260088e+01
6.734189531778470439e+01
7.134466219013998511e+01
6.712659213515505030e+01
6.956979061557593980e+01
6.961952704275716997e+01
7.058828990982159723e+01
7.106312923374110824e+01
7.090159028705821243e+01
6.935883644545874915e+01
7.307035301039394426e+01
6.979104250167621615e+01
7.206483947051552263e+01
7.333826733586687396e+01
7.006179537812261060e+01
7.090980021954115387e+01
7.293192628605967798e+01
7.090090517559539762e+01
7.187026155287801998e+01
7.082315184348234993e+01
6.978876558589172419e+01
7.140106057742941914e+01
7.178660314891737926e+01
7.197543709108921917e+01
7.061443651310773362e+01
7.271832453470562996e+01
7.284795019464640120e+01
7.284907646069473230e+01
6.937214926654766600e+01
7.153452886532696198e+01
7.076985392330664126e+01
7.201918862430338208e+01
6.795936884619553098e+01
7.021340551216559334e+01
6.736049063678311200e+01
7.191401872590245148e+01
7.558743612812000379e+01
7.075713275803964564e+01
6.760943801903145811e+01
6.950695151656501025e+01
7.129629215489927674e+01
7.142609272560679301e+01
6.809912140937008473e+01
7.076789332731915749e+01
7.268072632164265201e+01
7.321851179944380306e+01
6.915398489381581726e+01
7.366668338856587184e+01
6.873337372913167087e+01
6.718034254065517530e+01
6.764833395542589756e+01
7.131386187251894171e+01
6.774755135905868997e+01
6.756731147265765003e+01
6.923030306916990639e+01
6.829577582666334479e+01
7.031718536105861972e+01
7.321517371255907847e+01
7.099316351647176759e+01
6.785386362362845603e+01
7.586861478952059201e+01
7.315040837904339810e+01
6.913633362926371717e+01
6.937221082117316939e+01
7.193218059362862959e+01
7.072933786202358419e+01
7.149032419567492980e+01
6.822566009831189149e+01
6.720223456099691361e+01
7.173985830781478512e+01
7.185747240466703545e+01
6.859332028047771246e+01
7.050943278039770234e+01
7.305792611819461513e+01
6.840714314569734711e+01
6.900804555096050308e+01
6.919379611546030162e+01
6.952495018052550790e+01
7.109854567995922991e+01
7.217215104193158481e+01
7.032546121640753256e+01
6.957718921264921619e+01
7.134105484899880878e+01
6.999355938099961350e+01
7.175846240674874821e+01
7.003478645823452098e+01
7.138325328267097802e+01
7.291909939589956480e+01
7.311780564184365971e+01
6.945157808233817320e+01
6.956529591529566403e+01
6.954691384707091117e+01
6.962854365527331879e+01
7.162410311226511794e+01
6.982643130069368453e+01
7.281364313461864413e+01
7.196039355271084048e+01
6.895628430380253349e+01
6.749072959262531413e+01
6.812873694579627681e+01
7.051656522671329697e+01
6.932802131945075530e+01
7.270688518373219722e+01
7.124158649751268513e+01
7.448444730580210660e+01
7.294915902585353251e+01
7.143508157053946661e+01
7.109888928736393154e+01
6.922643276981550287e+01
6.687015046463083934e+01
7.288845036173225367e+01
7.210537312139544497e+01
7.089147703562638014e+01
7.225644992478078166e+01
7.124490100868143827e+01
7.268624967131286496e+01
6.509548863108035732e+01
6.899820471841030667e+01
7.046424458549265069e+01
7.230088725460814203e+01
7.265603293325477807e+01
7.011572302959095282e+01
7.441607370432717516e+01
6.972433266970068644e+01
7.093076282309972669e+01
7.240741438796129614e+01
7.064348556730968198e+01
6.692600474060793658e+01
7.211814164292130158e+01
7.024927263555284185e+01
6.920465178464324651e+01
7.158673262547848992e+01
6.764833395542589756e+01
7.368253357419527561e+01
7.130497370295395854e+01
6.943157158039339549e+01
6.954590343009472519e+01
7.154901890896250904e+01
7.312785067493246061e+01
7.210691797950913440e+01
6.766599013330346679e+01
6.762782534515689292e+01
7.225414123576449299e+01
7.147082982688098696e+01
7.184827787652039888e+01
7.001810963892310724e+01
6.963088954060303593e+01
7.281320387386308823e+01
7.401027281308356010e+01
6.935393791626705706e+01
7.111380107078926471e+01
7.618711432632464664e+01
7.038436534193778016e+01
6.930491830889592109e+01
6.794525430428483048e+01
7.072930781278051882e+01
7.222015165295081829e+01
7.106928700475060623e+01
6.829294222281386340e+01
6.865597850529570678e+01
7.069983931842995162e+01
6.917556838018862209e+01
6.765704093069302871e+01
7.095431698614228821e+01
7.154307604802860965e+01
7.019246346894965427e+01
7.151113139325526902e+01
6.922746047792647062e+01
7.095392900441834172e+01
6.789912010830482814e+01
7.123689785169625566e+01
7.802883478587909849e+01
7.076572098085468099e+01
7.257973482790197295e+01
6.927349697802316086e+01
7.163817515099059108e+01
7.114159906173658499e+01
6.843311832113597859e+01
6.717341548686999886e+01
6.626824994757846810e+01
7.285373139594207714e+01
7.437349543581495936e+01
7.250726755609215957e+01
7.392355765770761877e+01
7.118438532622671744e+01
6.737168473390273959e+01
7.049941095141937808e+01
6.941284958186660958e+01
7.153180681677287112e+01
7.098777318133025460e+01
6.299201218940994806e+01
7.337258553734493205e+01
6.692462504040675242e+01
6.960511139825248961e+01
6.796918610535976768e+01
6.769849193425318390e+01
7.160965551042292532e+01
6.619555100993862595e+01
7.022412093629563401e+01
6.918308553941469086e+01
7.088449388618377611e+01
7.049328513256102724e+01
7.019796121649444842e+01
7.381493594851671958e+01
7.140917665816311910e+01
7.369470303126323074e+01
7.073963859287050582e+01
7.130813334870768472e+01
7.038597834087386218e+01
7.085573223305470947e+01
7.014702667805562442e+01
6.885356081212853496e+01
6.639757011091310801e+01
6.859867118786388573e+01
7.211843150337850261e+01
6.640082224370883068e+01
6.866102550221891931e+01
7.118230244671687501e+01
7.036251822969200020e+01
7.084328375332611927e+01
6.953865862476671111e+01
6.684391790189398819e+01
7.467404566750401784e+01
7.059881279886593575e+01
7.212917334984291529e+01
6.973612208905251464e+01
7.049865505869178151e+01
7.071872444168134564e+01
6.567778444380843439e+01
6.888281528704408174e+01
7.167043657886453900e+01
7.219373081764713618e+01
7.748951222049751664e+01
6.977342725433675241e+01
6.959519478358382116e+01
7.117795588915726057e+01
7.106862476515706817e+01
7.098423490639740407e+01
7.063388612829902513e+01
7.057035102715329344e+01
6.779799108433681454e+01
7.228980132703202344e+01
7.213420995805529401e+01
7.055690880725532566e+01
6.902752561610472526e+01
7.144389919057181260e+01
7.003071834278148344e+01
7.055630251703256306e+01
7.091648565401510496e+01
7.211074058000980358e+01
7.473655300040269367e+01
6.843613748770729899e+01
6.762142570929202634e+01
6.898626236305584314e+01
6.819319016782725384e+01
7.302451443706551970e+01
7.156930134445640590e+01
7.104277813312575063e+01
7.275225882587218962e+01
7.056403721959856057e+01
7.524407661121546198e+01
6.991588895893566757e+01
6.999985873530897607e+01
7.106985945644406399e+01
7.175212141681402045e+01
6.965986724209200531e+01
6.787538341061075187e+01
6.962095613121400106e+01
6.992855918272789495e+01
6.747290562296151961e+01
6.713021155480575430e+01
6.975135741554912272e+01
7.042339511327728019e+01
6.858217965461481924e+01
6.884637246015401502e+01
7.106225948167629269e+01
6.805375121591745824e+01
7.057673693920906999e+01
6.896257682147948742e+01
7.337854524610193607e+01
6.991935945200927449e+01
7.018086820676731463e+01
6.788668581540304103e+01
6.852629076767692595e+01
7.369044245318323760e+01
7.136418507433859304e+01
6.779763121568417716e+01
6.960877530467180918e+01
7.220373577708605239e+01
7.100081979344358274e+01
7.442242992225129683e+01
6.749536427650201631e+01
6.948717544017168279e+01
7.449733663176007781e+01
7.068823031101857168e+01
6.863597662842772706e+01
6.840137657045073638e+01
7.232465694847478233e+01
6.804537625278113921e+01
7.201637383350450250e+01
6.657595695005835523e+01
7.086416905584164283e+01
6.995951529358296739e+01
6.519212028738289177e+01
7.270435577973535146e+01
7.132891250681510087e+01
6.833390471193362714e+01
7.196503853915895377e+01
6.764017812640160798e+01
6.834698028586493024e+01
6.856908357358348383e+01
7.307001992569519189e+01
7.327592444233422952e+01
7.172754577455813774e+01
6.933219857710670908e+01
7.050660178680537626e+01
6.949075078936860450e+01
6.956729687155149122e+01
6.767812530000270499e+01
7.263414693767785479e+01
6.954679687089092965e+01
7.043222142834535759e+01
6.779782741893214393e+01
6.958226119133266252e+01
6.994805874061184170e+01
7.182803867167231715e+01
7.072629285679018096e+01
6.860408644932712718e+01
6.754194851598643368e+01
6.689669676121759778e+01
6.977727895422660254e+01
6.950248682321921478e+01
6.824696832826954562e+01
6.983632105361496656e+01
7.384287047501058510e+01
7.278401839276492069e+01
7.219536729402067010e+01
7.210225642673493951e+01
7.210850896785183295e+01
7.067062969121636229e+01
7.031629540237361198e+01
7.526178675999605616e+01
6.900253224180443112e+01
7.242535269227740002e+01
7.278475942557378175e+01
7.226155963200380938e+01
6.774805905622760349e+01
7.064660753341746613e+01
7.106134570070118173e+01
6.959033600000000774e+01
7.258353400000000022e+01
7.048068599999999151e+01
6.971915799999999308e+01
6.955809800000000109e+01
7.316933800000001042e+01
7.134690100000000257e+01
7.361946499999997684e+01
7.358812000000000353e+01
7.216503600000000063e+01
7.231353400000000420e+01
7.412407699999999977e+01
7.373624499999998250e+01
7.755127399999999227e+01
7.002450899999999478e+01
7.359856400000001031e+01
7.074607600000000218e+01
7.273713300000000004e+01
7.157696400000000381e+01
7.542315200000000175e+01
7.721079600000000198e+01
6.841232899999999972e+01
7.474850399999998274e+01
6.928123100000001955e+01
7.004589899999999147e+01
7.082142399999999327e+01
6.999555600000000766e+01
6.788129399999999691e+01
7.404894299999999419e+01
6.858838599999999985e+01
6.990523500000000467e+01
7.224427000000000021e+01
7.155233400000000188e+01
7.179559300000001087e+01
7.312642299999997419e+01
6.675507299999999589e+01
7.352313599999999383e+01
7.069186399999999537e+01
6.756121899999999414e+01
7.032603100000000040e+01
6.964312300000000278e+01
7.165947800000000711e+01
7.145599799999999391e+01
7.436532199999997772e+01
6.976236000000000104e+01
7.765082100000000764e+01
7.138899999999999579e+01
7.150140799999999786e+01
7.217472800000000177e+01
6.865897999999999968e+01
7.205629400000000828e+01
7.310418699999998182e+01
7.098966899999999214e+01
7.255318800000000579e+01
7.022005799999999454e+01
7.024366899999999703e+01
7.517549499999998375e+01
7.086475799999999481e+01
6.991971900000000062e+01
7.057168599999999969e+01
6.954321600000000103e+01
7.144345899999999006e+01
6.862020899999998846e+01
7.465276699999998300e+01
6.997199799999999925e+01
7.277569599999998218e+01
7.444791000000000736e+01
7.151621999999998991e+01
7.119110100000000330e+01
7.414257100000000378e+01
7.044660199999999861e+01
7.478608699999998066e+01
7.117678399999999783e+01
7.175327000000000055e+01
7.150984199999997770e+01
7.734725499999997567e+01
6.880359200000000897e+01
7.037305600000001959e+01
7.295124500000000012e+01
7.145881999999998868e+01
7.051499200000000656e+01
7.365278999999998177e+01
7.044954999999998790e+01
6.953972600000000170e+01
7.466333000000000197e+01
6.998792699999999911e+01
6.601230499999999779e+01
6.935211200000001952e+01
7.255583199999998101e+01
6.799791700000000105e+01
7.164913100000001123e+01
6.804452899999999715e+01
6.760248699999999644e+01
7.059257800000000316e+01
7.088212599999999952e+01
7.014321499999999787e+01
7.256668799999999919e+01
7.019042999999999211e+01
7.062064200000000369e+01
7.169546499999999867e+01
6.955976700000000790e+01
7.506194700000000353e+01
7.053993199999999320e+01
7.358116899999997429e+01
7.270025699999999347e+01
6.950210799999999267e+01
7.439211699999999894e+01
7.475414200000000164e+01
7.447674200000000155e+01
7.091810600000000875e+01
7.056090999999999269e+01
7.734316300000000410e+01
6.791465900000000033e+01
7.098864799999999775e+01
7.144494300000000919e+01
7.506194700000000353e+01
6.955341700000001026e+01
7.308396500000000628e+01
7.112507099999999127e+01
7.526334399999997515e+01
7.041865200000000868e+01
6.648203100000000632e+01
7.268427599999998279e+01
7.053894100000000833e+01
7.408982900000000882e+01
6.976631199999999922e+01
6.672062300000000334e+01
7.298358899999998073e+01
7.047032500000000255e+01
7.787661299999997766e+01
6.728155500000001155e+01
7.109097299999997688e+01
7.198050699999998869e+01
7.332290600000000325e+01
7.104557800000000611e+01
7.243579900000000293e+01
6.889566800000000057e+01
6.612397400000000403e+01
7.140387799999997753e+01
7.405041899999999089e+01
6.900802600000000098e+01
6.975590499999999849e+01
7.602812199999998199e+01
6.940143600000000390e+01
6.923527899999999136e+01
7.267658600000000035e+01
7.174913000000000807e+01
7.196460400000000845e+01
7.688758799999999383e+01
7.191609600000001024e+01
7.253719300000000203e+01
7.017772300000000030e+01
7.027803799999999512e+01
6.750146300000000110e+01
7.209136599999999362e+01
7.289931899999997711e+01
6.983856999999999005e+01
7.149359900000000323e+01
7.091815199999997787e+01
7.004161899999999719e+01
7.015577700000000050e+01
6.943386100000000738e+01
7.839685800000000881e+01
7.146182999999997776e+01
7.035145599999999888e+01
7.027736600000000067e+01
7.035477500000000362e+01
6.959678999999999860e+01
6.822426800000000924e+01
7.196539300000000594e+01
7.556563500000000033e+01
7.064678200000000174e+01
7.230784900000000448e+01
7.601078800000000513e+01
7.353415699999999333e+01
7.273713300000000004e+01
7.110842399999999941e+01
7.331681800000001203e+01
7.360351899999999148e+01
7.211221700000000112e+01
7.039673600000000420e+01
7.113933600000000013e+01
7.284234299999999962e+01
7.274689800000000162e+01
7.592477800000000343e+01
7.260695600000001093e+01
7.239253599999999267e+01
7.182705300000000648e+01
7.068624700000000871e+01
7.527776399999997636e+01
7.167591800000001001e+01
6.774782600000000343e+01
7.433324799999998334e+01
7.248484799999999950e+01
7.070314000000000476e+01
6.952066600000001984e+01
7.314080400000000282e+01
7.299862699999999904e+01
7.165126399999999762e+01
7.247402900000000159e+01
7.555335600000000795e+01
7.061970199999997533e+01
6.972045700000001034e+01
6.912207000000000789e+01
7.258403799999997830e+01
6.720682800000000157e+01
7.249897799999999393e+01
7.115808699999999476e+01
7.061536799999997527e+01
6.708485000000000298e+01
6.895866800000000296e+01
7.323610600000000659e+01
6.766488800000000481e+01
6.835079899999999498e+01
7.186343000000000814e+01
7.072308400000000006e+01
7.140683299999999178e+01
7.012577500000000441e+01
7.730695000000000050e+01
7.299275500000000250e+01
7.118021300000000906e+01
7.251626199999998335e+01
7.265902299999997638e+01
7.071779699999997604e+01
7.199065400000000636e+01
7.062236800000000869e+01
7.077679100000000290e+01
6.845164100000000929e+01
7.152512699999999768e+01
7.030643899999999746e+01
7.206997300000000450e+01
6.859785800000000222e+01
7.068752299999999877e+01
7.035145599999999888e+01
7.037785299999998756e+01
7.258555600000001107e+01
7.014321499999999787e+01
7.210490000000000066e+01
7.050688999999999851e+01
8.001212699999997824e+01
7.402254500000000803e+01
7.358592299999999398e+01
6.838231000000000392e+01
7.575655299999998249e+01
7.181466700000000003e+01
7.300070600000000809e+01
7.133505999999999858e+01
6.990203499999999792e+01
7.220942299999998681e+01
6.728155500000001155e+01
7.296086499999999830e+01
7.592476200000000119e+01
7.374742499999997847e+01
7.522973600000000260e+01
7.272240400000001159e+01
7.563437199999999905e+01
7.278797500000000298e+01
7.404313700000000154e+01
6.923527899999999136e+01
6.995502100000000212e+01
6.757877700000000232e+01
6.863104200000000787e+01
6.989213000000000875e+01
7.558554800000000284e+01
6.950201100000001020e+01
7.271600300000000061e+01
7.018456299999999715e+01
7.294675500000001023e+01
6.860342199999999480e+01
7.258649900000000343e+01
7.522134399999998777e+01
7.171838400000000036e+01
7.611439899999997749e+01
7.090114599999999712e+01
6.959678999999999860e+01
7.060847899999997423e+01
7.154809600000000103e+01
6.951099800000000073e+01
7.217472800000000177e+01
7.268542099999997674e+01
7.390931700000000149e+01
7.011007699999998977e+01
7.394770499999999913e+01
7.265480100000000618e+01
6.867159200000000396e+01
6.942437400000000025e+01
6.933331700000000808e+01
7.115116499999997757e+01
7.094806599999999719e+01
7.358116899999997429e+01
7.408122199999998259e+01
7.375689700000000926e+01
7.107845299999999611e+01
7.177852199999999527e+01
7.247170300000000509e+01
6.883946199999999749e+01
7.075539000000001977e+01
7.030915500000000407e+01
7.093227699999999913e+01
7.444413000000000125e+01
6.851959599999999284e+01
7.330110099999997431e+01
7.252584799999998211e+01
7.174306100000002573e+01
7.171856999999999971e+01
6.697887599999999964e+01
7.051377499999999543e+01
7.470511600000000385e+01
7.163771099999999592e+01
7.281820700000000102e+01
6.944575700000000040e+01
7.125653400000000204e+01
7.061558499999999583e+01
7.334034299999997586e+01
7.159238099999997473e+01
7.310658999999998287e+01
7.011868299999999010e+01
7.206274200000000008e+01
7.646123500000000206e+01
7.119128000000000611e+01
7.245503599999999267e+01
7.182519500000000789e+01
7.588906399999997632e+01
7.413209900000001085e+01
7.079464300000000776e+01
6.893869200000000319e+01
7.063928599999999847e+01
7.112894399999998996e+01
7.056090999999999269e+01
7.175554999999999950e+01
7.099961100000000158e+01
7.286850400000000150e+01
7.384949499999999034e+01
7.138515500000001168e+01
7.032806700000000433e+01
7.454041699999997661e+01
6.908895499999999856e+01
7.258563599999999383e+01
6.868807599999999525e+01
7.186765099999999507e+01
7.101863900000000740e+01
7.215684100000000001e+01
7.685587999999999909e+01
7.574494500000000130e+01
6.846180400000000077e+01
7.167582400000000575e+01
7.476703200000000038e+01
6.852498199999999429e+01
6.941037099999999782e+01
7.091815199999997787e+01
7.231184400000000778e+01
6.915997000000000128e+01
6.672062300000000334e+01
7.518188899999999819e+01
7.175644300000000442e+01
6.727154200000001083e+01
7.203498100000000193e+01
7.101863900000000740e+01
7.316745399999997801e+01
7.327130900000000224e+01
7.122121800000000746e+01
7.206253499999998269e+01
7.300179300000000637e+01
7.136401899999999898e+01
7.407485199999997860e+01
7.353976500000000271e+01
7.498380299999999465e+01
7.167984399999998857e+01
7.128002200000000244e+01
7.002917099999999095e+01
7.012162399999999707e+01
7.032113599999999565e+01
7.206811499999997750e+01
7.399391199999998037e+01
7.204600500000000807e+01
7.260194699999998136e+01
7.160720799999999997e+01
7.055371099999997853e+01
7.108416400000000124e+01
6.916335899999999981e+01
7.104946499999999787e+01
6.923315999999999804e+01
7.379821000000001163e+01
7.589536699999999314e+01
7.252212900000000673e+01
6.969409699999999930e+01
7.110710399999997833e+01
6.768060799999999233e+01
7.233386200000001054e+01
7.106600900000000820e+01
7.503782199999999136e+01
6.971271100000001297e+01
7.257080799999999954e+01
7.175689699999999505e+01
6.983249299999999948e+01
7.291746399999998118e+01
6.627632700000000909e+01
6.668878300000000081e+01
6.728155500000001155e+01
7.957918899999999951e+01
7.042330100000000925e+01
6.910513500000000420e+01
7.035865400000000136e+01
6.928683100000000650e+01
7.007443200000000161e+01
7.160372599999999466e+01
6.725138799999999151e+01
7.030682699999999841e+01
7.365334699999998236e+01
6.813117800000001978e+01
7.231822199999997736e+01
7.006001899999999694e+01
7.046608700000000169e+01
7.035714399999999102e+01
6.916113699999999653e+01
7.199741299999999455e+01
6.912801800000001151e+01
7.088557600000000036e+01
6.808499499999999216e+01
7.081530800000000170e+01
7.138218399999999519e+01
7.220269400000000815e+01
7.531882799999998213e+01
7.062569500000000744e+01
7.493619099999999378e+01
7.365124500000000296e+01
7.205943099999997514e+01
6.618311700000000997e+01
6.809785399999999811e+01
7.113294599999998979e+01
6.921012500000001921e+01
6.973244700000000762e+01
7.082101800000000935e+01
7.252584799999998211e+01
7.526555600000000368e+01
6.942439300000000912e+01
7.298134600000000205e+01
6.959134600000000148e+01
7.243132099999998275e+01
7.288674499999997636e+01
7.305142200000000230e+01
7.207607999999997617e+01
7.139950500000000488e+01
7.532317299999998284e+01
6.740040600000000381e+01
7.431245799999997814e+01
7.103396899999999903e+01
6.983522800000000075e+01
6.618311700000000997e+01
7.145997600000002592e+01
7.272990799999998046e+01
7.203624700000000303e+01
7.441195299999998269e+01
7.303263400000000161e+01
7.587316899999997588e+01
6.902857600000000105e+01
7.370672999999999320e+01
7.023293000000001030e+01
7.100159099999997636e+01
7.538459800000001110e+01
6.876462399999999775e+01
6.897629499999999325e+01
7.937878100000000359e+01
7.267687200000000303e+01
6.986399099999999862e+01
7.284386800000000051e+01
7.051499200000000656e+01
7.037421399999999494e+01
7.233373299999998096e+01
7.024879099999999710e+01
7.263215699999999231e+01
7.123780099999997617e+01
7.297427700000000073e+01
7.178873399999999094e+01
7.742109299999999905e+01
7.458298099999997532e+01
7.168865900000000124e+01
7.144043700000000285e+01
7.549386200000000713e+01
6.999027199999999027e+01
7.011693900000000212e+01
6.942439999999999145e+01
7.069587699999999586e+01
6.750899499999999875e+01
7.250706800000000385e+01
6.807508299999999224e+01
7.107183399999999551e+01
6.979246899999999698e+01
7.151373999999999853e+01
7.209392199999997786e+01
7.460913400000001161e+01
7.457542799999997385e+01
6.795321400000000267e+01
6.993866299999999114e+01
7.086350600000000099e+01
6.948132700000000739e+01
7.187010899999999936e+01
7.091815199999997787e+01
7.025059699999999907e+01
7.211844899999999825e+01
7.204680999999999358e+01
7.132648399999999356e+01
7.095221300000000042e+01
6.857053200000000004e+01
7.124933199999999545e+01
6.935284799999999450e+01
7.248540500000000009e+01
6.813416300000000092e+01
7.129046600000000922e+01
7.028830899999999815e+01
7.347904599999998254e+01
6.856767299999999921e+01
7.055927299999997615e+01
6.942620900000000006e+01
7.404313700000000154e+01
7.486688599999999383e+01
7.011425799999999242e+01
7.132167400000000157e+01
6.868404400000000010e+01
6.930531300000001238e+01
7.070314000000000476e+01
7.674377800000000605e+01
6.836542900000000600e+01
7.254747499999997729e+01
7.082863600000000304e+01
7.231318300000000932e+01
6.833249999999999602e+01
7.263745800000000941e+01
6.727825599999999895e+01
7.060731899999997552e+01
6.991990300000001923e+01
7.067387800000000198e+01
7.420122899999998367e+01
7.370000100000000032e+01
7.290633800000000520e+01
6.740040600000000381e+01
7.434883899999999812e+01
7.212238300000001345e+01
7.738163800000000947e+01
7.134535299999997449e+01
6.748794599999999377e+01
6.915529999999999688e+01
7.776988599999999963e+01
7.136984999999999957e+01
6.829125999999999408e+01
7.595437300000000391e+01
6.842587299999999573e+01
7.337662199999998336e+01
6.821399999999999864e+01
7.144851299999997707e+01
7.150119399999999814e+01
7.064675099999999475e+01
6.981706599999999696e+01
7.179894200000001092e+01
7.113886600000000726e+01
7.511973499999997728e+01
6.705078399999999306e+01
7.456617700000001037e+01
7.230309299999997563e+01
7.625844499999998050e+01
7.465976700000000221e+01
7.534364700000000425e+01
7.278984499999999969e+01
7.044158099999999934e+01
7.395169500000000085e+01
7.027863999999999578e+01
7.163528399999999863e+01
7.376775000000000659e+01
7.475655799999999829e+01
7.419029000000000451e+01
7.474957299999999805e+01
6.923468800000001977e+01
7.828913500000000170e+01
6.915529999999999688e+01
7.332153300000000229e+01
6.931184199999999862e+01
6.990646399999999971e+01
7.063657399999999598e+01
7.422521600000000319e+01
7.249336800000000380e+01
7.357973799999997766e+01
6.819513700000000256e+01
7.248967700000000036e+01
7.176086000000000809e+01
7.776361500000000149e+01
7.206811499999997750e+01
6.700474599999999725e+01
6.980116200000001925e+01
6.889566800000000057e+01
7.057160500000001946e+01
7.567840200000000550e+01
6.980871999999999389e+01
6.932699600000000828e+01
6.947326300000000288e+01
7.425353800000000604e+01
6.990998399999999435e+01
7.016149899999999207e+01
7.146567500000000450e+01
6.858771199999999624e+01
7.145813699999999358e+01
6.887982900000000086e+01
7.067387800000000198e+01
7.088418000000000063e+01
7.014544699999999011e+01
6.915602900000000375e+01
7.268572600000000250e+01
7.044105899999999565e+01
7.098738800000000992e+01
7.205943099999997514e+01
7.260358399999998369e+01
7.397589099999997586e+01
6.813302300000000855e+01
6.811167799999999772e+01
7.091633000000000209e+01
6.837478899999999271e+01
7.101914999999999623e+01
7.152666500000000838e+01
7.138218399999999519e+01
7.640005899999999883e+01
7.234193600000000401e+01
6.943878999999999735e+01
6.978703699999999799e+01
7.154809600000000103e+01
7.181335799999999381e+01
7.265152299999998320e+01
7.218619200000000546e+01
6.961107300000000464e+01
7.525432599999997763e+01
7.241591999999999985e+01
7.115252300000000218e+01
7.374444199999997807e+01
6.815084099999999978e+01
6.980116200000001925e+01
7.496254799999999818e+01
7.239532900000000382e+01
7.445398399999997707e+01
7.104592199999999025e+01
7.416102200000000266e+01
6.978886399999998957e+01
7.146577899999999772e+01
6.875847200000001180e+01
6.787477700000000880e+01
6.810396399999999062e+01
6.744721999999998729e+01
6.858771199999999624e+01
7.317067299999999364e+01
6.937036900000001083e+01
7.259319100000000446e+01
7.086350600000000099e+01
7.370266300000000115e+01
7.120907499999999857e+01
6.910248199999999485e+01
7.463396900000000755e+01
7.068209899999999379e+01
7.430521299999998064e+01
6.883139399999998886e+01
7.048371499999997525e+01
7.375082799999999850e+01
6.843340500000000759e+01
7.346135000000001014e+01
7.133396500000000628e+01
7.083345800000000736e+01
7.424884800000000951e+01
7.431391100000000449e+01
7.734316300000000410e+01
7.483324400000000765e+01
7.115750499999998624e+01
6.866031999999999869e+01
7.443334200000001033e+01
6.958678399999999442e+01
7.396852899999997533e+01
7.416751899999999864e+01
7.378137999999999863e+01
7.028581599999999696e+01
6.919526700000000119e+01
7.237733499999998799e+01
7.101809000000000083e+01
7.243678199999999379e+01
6.672973299999999597e+01
6.852367399999999975e+01
7.103396899999999903e+01
6.957452700000000334e+01
7.024340500000000986e+01
7.362516400000001227e+01
7.236164099999997745e+01
7.149213699999999960e+01
7.073408200000000079e+01
6.991772799999999677e+01
7.455380600000000868e+01
6.907888100000000975e+01
7.395169500000000085e+01
6.871114900000000603e+01
7.075539000000001977e+01
7.083703800000000683e+01
7.303706300000000340e+01
7.131317899999997678e+01
7.343576400000000604e+01
7.255760899999999936e+01
7.113933600000000013e+01
7.072227499999999623e+01
7.466333000000000197e+01
6.939269099999999924e+01
6.955096100000000092e+01
6.704263900000000831e+01
6.823806700000000092e+01
6.785492299999999943e+01
7.098134600000000205e+01
7.141990300000001923e+01
6.721483599999999115e+01
7.267077299999998274e+01
6.880469099999999116e+01
7.186299499999999796e+01
7.263745800000000941e+01
6.942431299999999794e+01
6.981671500000000208e+01
7.239341600000000199e+01
7.403588099999997496e+01
7.025059699999999907e+01
7.227065300000001002e+01
6.740696499999999958e+01
7.109069399999999916e+01
7.460613999999998214e+01
7.596219399999998245e+01
6.999873099999999226e+01
7.056445399999999779e+01
7.330110099999997431e+01
7.106181300000000078e+01
7.165711500000000456e+01
7.202352500000000646e+01
7.049754399999999066e+01
7.348922699999999963e+01
7.125777800000000184e+01
7.330361500000000774e+01
7.164639999999999986e+01
6.852498199999999429e+01
7.274864900000000034e+01
7.481844000000000960e+01
7.292278999999997779e+01
7.139672400000000607e+01
7.109740100000000496e+01
7.220159499999998332e+01
6.955277300000000196e+01
6.921161999999999637e+01
6.712046399999999835e+01
6.983090899999999124e+01
7.095788899999999444e+01
6.935134899999999902e+01
6.957264700000000346e+01
7.206828300000000809e+01
6.926169899999999302e+01
7.061298700000000395e+01
7.144181100000000129e+01
7.113886600000000726e+01
7.567055500000000734e+01
7.623516800000000160e+01
6.940735399999999800e+01
7.546254700000000071e+01
7.194877600000000939e+01
7.180289400000000910e+01
7.181470099999999945e+01
6.941323100000001034e+01
7.431240099999999416e+01
6.970178999999998837e+01
7.026304300000001035e+01
7.067755900000000224e+01
7.368360200000000759e+01
7.164680699999999547e+01
7.419756999999999891e+01
7.127458699999999681e+01
7.672178999999999860e+01
7.780124599999997770e+01
6.954927499999999441e+01
7.044203600000000165e+01
7.067558999999999969e+01
7.287980199999998376e+01
7.282730300000000057e+01
7.371318399999999826e+01
7.728712800000000982e+01
6.564621199999999135e+01
7.081952300000000378e+01
6.608736800000001210e+01
7.350229999999997688e+01
7.121016699999999844e+01
6.993866299999999114e+01
7.593376899999999807e+01
7.720262900000000172e+01
7.025680400000000247e+01
7.210411100000000317e+01
7.032806700000000433e+01
7.028660199999998781e+01
7.471290899999998203e+01
7.150988000000000966e+01
7.041376499999999794e+01
6.948440200000000289e+01
7.154346499999999764e+01
7.189463100000000395e+01
7.224941099999998073e+01
7.326799799999999152e+01
6.922551099999999735e+01
6.819513700000000256e+01
7.113614699999999402e+01
7.013960600000000056e+01
7.378919600000000401e+01
7.072227499999999623e+01
6.597746599999999262e+01
6.891077800000000764e+01
7.214241799999997795e+01
7.015949300000001188e+01
6.726267099999999743e+01
7.069575499999997703e+01
6.734707000000000221e+01
7.340624200000000599e+01
6.987822700000000964e+01
6.890207399999999893e+01
7.272240400000001159e+01
7.422662700000000768e+01
7.045647099999999341e+01
7.121840799999999660e+01
7.195484099999998762e+01
7.409309700000000021e+01
7.508924499999999114e+01
7.518180100000000721e+01
7.273172299999997392e+01
7.144162299999997856e+01
6.918984499999999116e+01
7.492452600000000018e+01
7.005097200000000157e+01
7.336543700000000001e+01
7.094543000000000177e+01
7.116774000000000910e+01
7.000714099999999007e+01
7.372148899999997695e+01
6.967879899999999793e+01
6.956268899999999178e+01
7.072731199999999774e+01
7.209350899999998319e+01
7.054781400000000247e+01
6.763727599999999995e+01
7.622843199999998376e+01
6.769356899999999655e+01
7.218273500000000809e+01
7.140683299999999178e+01
6.998870800000000258e+01
6.931184199999999862e+01
6.723771100000000445e+01
7.430263899999999921e+01
7.115064100000000735e+01
7.096317300000002604e+01
7.126151199999999619e+01
7.455834200000001033e+01
6.846180400000000077e+01
7.098559900000000766e+01
7.190063499999999408e+01
7.343513899999997818e+01
7.600930099999999356e+01
6.863104200000000787e+01
7.384390299999998319e+01
7.461704499999997608e+01
6.979448299999999961e+01
7.316606899999999314e+01
7.102526399999997864e+01
7.097136600000000328e+01
7.210836100000000215e+01
6.932577799999999968e+01
6.918844200000000910e+01
7.240016600000001290e+01
7.103777700000001971e+01
7.357627300000000048e+01
7.144977199999999584e+01
6.826478199999999674e+01
7.411989199999999300e+01
7.169618400000000236e+01
7.310200100000000134e+01
7.209934599999998284e+01
7.454106899999999314e+01
6.861404799999999682e+01
6.903522199999999032e+01
6.956904600000000016e+01
6.574576899999999569e+01
7.051363500000000784e+01
7.208615499999997667e+01
7.350358199999998021e+01
7.104825600000000918e+01
7.149502599999999575e+01
7.310200100000000134e+01
7.056445399999999779e+01
6.893869200000000319e+01
7.084089600000000075e+01
7.425098800000000665e+01
6.864788599999999974e+01
7.074613899999999944e+01
6.825867500000001087e+01
7.281959100000000262e+01
7.332977999999999952e+01
6.821213499999998930e+01
7.094232499999999675e+01
7.196602199999999527e+01
6.811167799999999772e+01
6.701089899999999489e+01
7.208393799999997498e+01
7.123210900000000834e+01
7.148953600000000108e+01
7.256479500000000371e+01
6.860309200000000374e+01
6.822225199999999745e+01
7.380846399999998653e+01
6.983856999999999005e+01
7.175207900000000905e+01
7.237186800000000630e+01
6.967033299999999940e+01
7.095191199999999299e+01
7.219700999999999169e+01
6.814915799999999990e+01
6.951833700000000249e+01
6.847819900000000359e+01
7.375490899999998362e+01
7.183996600000000399e+01
7.493854100000000074e+01
7.254949899999998308e+01
6.708302299999999718e+01
6.960906199999999444e+01
7.385359500000001276e+01
7.069187600000000771e+01
6.955137600000000475e+01
6.995960600000000795e+01
6.852064799999999423e+01
7.056994600000000162e+01
7.167719300000000260e+01
7.237334500000000048e+01
7.213074499999997613e+01
7.314708899999999403e+01
7.390960300000000416e+01
7.091002299999999536e+01
6.694101500000000726e+01
6.912084200000001033e+01
7.036528500000000008e+01
7.717069299999999998e+01
7.384375799999999401e+01
7.036680200000000696e+01
7.202316000000000429e+01
7.467509899999997458e+01
7.303118499999999358e+01
7.359788900000000922e+01
7.244937500000000341e+01
7.381705900000000042e+01
7.574952999999999292e+01
7.371318399999999826e+01
7.251005499999999415e+01
7.338233900000000176e+01
7.145824799999999755e+01
7.237574399999998320e+01
7.224780699999998035e+01
6.897849699999999018e+01
7.604397600000000068e+01
7.075393499999999847e+01
7.172763100000000236e+01
7.027651999999999077e+01
7.138218399999999519e+01
7.486016500000000917e+01
7.311600500000000125e+01
7.204754599999999698e+01
7.095343199999997807e+01
7.528640899999997771e+01
7.211846199999999385e+01
7.293902900000000500e+01
7.282682599999998274e+01
7.109991800000000239e+01
6.986822899999999947e+01
7.416751899999999864e+01
7.237878399999998180e+01
6.837121600000000399e+01
7.186205699999999297e+01
7.509516899999999850e+01
7.282326100000000224e+01
7.227951500000000351e+01
7.012804100000001029e+01
7.102682500000000232e+01
7.204803400000000124e+01
7.645140400000001080e+01
7.226326699999999903e+01
7.434424199999999416e+01
7.216856799999999339e+01
7.571984100000000240e+01
6.795321400000000267e+01
7.103396899999999903e+01
7.051952800000000821e+01
7.078735799999999756e+01
6.971721300000000099e+01
7.350229999999997688e+01
7.039140899999999590e+01
6.917142899999998917e+01
6.994277199999999084e+01
7.201327499999999304e+01
7.443334200000001033e+01
7.164751499999999851e+01
7.035535799999999540e+01
7.341271199999999908e+01
6.788122800000000723e+01
6.950719399999999837e+01
7.633629599999999016e+01
7.270261800000000108e+01
6.896000300000000038e+01
7.070693599999999890e+01
6.706285799999999142e+01
7.406537199999998222e+01
7.057796500000000606e+01
7.072272199999999032e+01
6.993161399999999617e+01
7.372162299999999391e+01
6.866082000000000107e+01
7.010208500000000242e+01
6.751727700000000709e+01
7.239331099999998287e+01
7.096285999999999206e+01
7.494599199999997552e+01
7.427003100000000302e+01
6.919420999999999822e+01
7.024914899999998852e+01
7.004275100000000975e+01
7.122112299999999152e+01
6.947326300000000288e+01
7.282138100000000236e+01
7.653413700000000119e+01
7.391316899999998213e+01
6.788122800000000723e+01
7.781490299999998683e+01
7.267690999999997814e+01
7.118230699999999445e+01
6.907888100000000975e+01
6.797888199999999870e+01
7.262441699999999400e+01
7.297014599999999973e+01
6.910630799999999851e+01
7.590605200000000252e+01
7.343911399999997514e+01
7.149295800000000156e+01
7.231138599999999883e+01
6.991314500000000010e+01
7.492963399999999297e+01
7.485397700000000043e+01
7.144005600000001266e+01
6.848088899999999057e+01
7.079483400000000870e+01
7.158265300000000764e+01
7.332583999999999946e+01
7.104233199999998760e+01
6.803360299999999938e+01
7.634894900000000462e+01
7.618891999999998177e+01
6.876526199999999278e+01
7.356776500000000851e+01
7.182278399999999863e+01
6.769356899999999655e+01
6.965667299999999784e+01
7.795213699999999335e+01
6.846495099999999923e+01
6.967289399999999944e+01
7.191186899999999582e+01
7.013108800000001963e+01
7.302652700000000152e+01
7.164060600000001955e+01
7.270038199999999051e+01
7.228238300000001004e+01
7.300523400000000152e+01
7.216903000000000645e+01
7.222277900000000272e+01
6.970616899999998850e+01
7.437791500000000156e+01
6.757877700000000232e+01
7.725847200000001180e+01
7.347499799999999937e+01
7.048651499999999714e+01
7.165158399999999972e+01
6.876726899999999887e+01
7.306330700000000888e+01
7.085932999999999993e+01
6.933791700000000446e+01
7.235244000000000142e+01
7.658664399999999262e+01
6.997199799999999925e+01
7.173569999999999425e+01
7.533162999999997567e+01
7.168865900000000124e+01
7.369417599999999879e+01
6.951833700000000249e+01
7.012855199999999911e+01
7.165628000000000952e+01
6.959468499999999835e+01
6.688098300000000052e+01
7.094543000000000177e+01
7.146006400000000269e+01
7.299075699999998790e+01
7.389865100000000098e+01
7.234193600000000401e+01
7.616508499999999060e+01
7.196460400000000845e+01
7.066538100000001066e+01
6.954108000000000800e+01
6.784741199999999139e+01
7.216518800000000056e+01
7.112075799999999504e+01
7.022728700000000401e+01
7.164425599999999861e+01
7.258146700000000351e+01
7.013170600000000832e+01
6.956284000000000844e+01
7.069569799999999304e+01
7.243601200000000517e+01
6.997327599999999848e+01
6.874645200000001921e+01
6.734472499999999684e+01
6.636662400000000162e+01
7.249336800000000380e+01
7.348922699999999963e+01
7.231460600000001193e+01
7.480730099999998117e+01
7.075201100000001020e+01
7.130611800000001210e+01
7.008677299999999377e+01
7.280174999999999841e+01
7.135021600000000319e+01
7.057990300000000161e+01
7.697087100000000248e+01
7.311346499999997661e+01
7.207351300000000549e+01
7.456247700000000123e+01
6.936899900000000230e+01
7.036680200000000696e+01
7.035865400000000136e+01
7.382926999999999396e+01
7.331034499999999809e+01
7.556563500000000033e+01
6.775506200000000945e+01
7.403041800000001160e+01
7.077925500000000625e+01
7.235999300000000289e+01
7.188749099999999714e+01
7.254412800000000061e+01
6.887999500000000808e+01
7.061362800000001982e+01
7.174270600000001252e+01
6.894408900000001950e+01
7.030310800000000881e+01
7.289329100000000494e+01
6.779389499999999202e+01
7.343303299999998046e+01
7.283374799999999993e+01
7.477621400000001017e+01
6.885949899999999957e+01
7.209934599999998284e+01
7.113028299999997728e+01
6.868550100000000214e+01
7.214334099999997818e+01
7.171018599999999310e+01
7.236800699999999154e+01
6.965604700000000093e+01
6.665046999999999855e+01
6.798511500000000751e+01
6.841327800000001957e+01
7.066637399999997626e+01
7.004447600000000307e+01
7.257825099999998031e+01
7.222277900000000272e+01
7.037157799999999952e+01
6.814924599999999089e+01
6.880759499999999207e+01
6.671438299999999799e+01
7.124948499999997864e+01
7.257996199999998055e+01
6.877423799999999687e+01
7.258403799999997830e+01
7.497885100000000591e+01
7.257284500000000094e+01
6.963200799999999902e+01
7.381184400000000778e+01
7.595717199999999991e+01
6.815084099999999978e+01
7.420122899999998367e+01
7.119674300000001210e+01
7.094434000000002527e+01
7.339062100000001010e+01
7.581878700000000038e+01
7.171806200000000331e+01
7.130418399999999224e+01
6.980751800000000173e+01
7.687948699999998325e+01
7.209350899999998319e+01
7.047306400000000792e+01
6.920093900000001952e+01
7.099986599999999726e+01
7.033844700000000216e+01
7.311346499999997661e+01
7.089525600000000338e+01
7.560926800000000014e+01
7.414412300000000755e+01
7.132019400000000076e+01
6.939685499999998797e+01
7.527412100000000805e+01
7.233449199999998314e+01
7.112047199999999236e+01
7.043238400000001320e+01
7.577300999999999931e+01
7.580729599999999380e+01
7.390931700000000149e+01
7.024280899999999406e+01
7.068885499999997535e+01
7.589536699999999314e+01
6.903917900000000429e+01
7.189311599999997782e+01
6.851461199999999963e+01
7.185989800000000116e+01
7.275997900000000129e+01
7.473656099999998048e+01
7.183284399999999437e+01
6.668599499999999125e+01
6.927771700000000976e+01
7.039114000000000715e+01
7.112075799999999504e+01
7.171462600000000975e+01
6.918844200000000910e+01
6.868808799999999337e+01
6.852064799999999423e+01
7.342883299999998314e+01
7.258847800000000916e+01
7.146790000000000020e+01
7.622843199999998376e+01
7.315591399999998146e+01
6.777048800000000028e+01
7.221408299999997382e+01
7.182820799999998940e+01
7.001490799999999126e+01
7.609048799999999346e+01
7.647523900000000197e+01
7.128974499999999637e+01
7.102208200000002591e+01
7.315781799999997759e+01
7.282101400000000524e+01
7.253283299999998235e+01
7.186581100000000788e+01
7.311600500000000125e+01
7.245665400000000034e+01
7.459778599999999926e+01
7.104995699999999204e+01
7.584296799999999905e+01
7.196950600000000975e+01
6.693457200000000284e+01
7.199759599999998727e+01
7.366096500000000447e+01
7.436532199999997772e+01
6.931590600000001245e+01
6.964312300000000278e+01
6.986822899999999947e+01
7.025825499999999124e+01
7.060698700000000372e+01
7.054836299999999483e+01
6.988212200000000962e+01
6.936228499999999997e+01
7.140329399999998827e+01
7.223860500000000684e+01
7.314706799999997600e+01
7.072308400000000006e+01
7.329093900000000872e+01
7.254349099999997463e+01
7.217926099999998257e+01
7.101615200000001948e+01
7.187993800000000988e+01
6.871871299999999394e+01
6.929101899999999148e+01
7.051173399999998992e+01
7.631561199999998735e+01
7.254778299999998126e+01
7.150052800000000275e+01
6.821690900000000113e+01
7.199979199999999935e+01
7.983499600000000385e+01
6.977708799999999201e+01
7.123062900000000752e+01
7.158013900000000262e+01
7.271085399999998344e+01
7.320196199999998043e+01
7.136412400000000389e+01
7.014240600000000825e+01
7.267639100000000951e+01
6.811069599999999014e+01
7.050274699999999939e+01
7.209006500000000983e+01
7.133248900000000958e+01
6.798511500000000751e+01
7.072254200000000424e+01
7.559405100000000743e+01
7.205947100000000205e+01
6.798245300000000668e+01
7.082120499999997776e+01
6.954618299999999920e+01
7.175156400000000190e+01
7.069186399999999537e+01
7.071091100000001006e+01
7.601956099999998173e+01
7.196710600000000113e+01
7.311599300000000312e+01
7.062404899999999941e+01
6.974031899999999951e+01
7.177666500000000838e+01
7.106955299999999909e+01
7.159157900000001007e+01
7.098788799999999810e+01
6.850419800000000237e+01
7.208744399999999075e+01
7.595091200000000242e+01
7.326594600000001378e+01
7.012803300000000206e+01
6.809710300000000416e+01
7.341104500000000144e+01
7.422920999999998060e+01
6.856325200000001985e+01
7.047246599999999717e+01
7.658831800000000101e+01
7.159878899999999646e+01
7.289029700000000389e+01
7.053235699999997621e+01
7.556976399999997795e+01
7.201327499999999304e+01
7.343899199999999894e+01
7.404313700000000154e+01
6.597746599999999262e+01
7.725847200000001180e+01
7.078342200000000162e+01
6.820544100000000753e+01
6.994651800000001174e+01
6.881806899999999416e+01
6.766861199999999599e+01
6.856767299999999921e+01
6.940392800000000761e+01
7.145813699999999358e+01
6.967988199999999210e+01
7.216186899999998161e+01
6.763727599999999995e+01
8.064527100000000814e+01
7.318874699999999223e+01
7.030494300000000862e+01
6.926690299999999922e+01
7.032886899999999741e+01
6.947940799999999228e+01
6.883946199999999749e+01
7.363718000000000075e+01
6.996690000000000964e+01
7.227257500000000334e+01
6.988212200000000962e+01
6.950279199999999946e+01
7.051939099999999883e+01
7.364324899999998308e+01
7.028004799999999364e+01
7.149295800000000156e+01
7.182820799999998940e+01
6.744958100000000911e+01
7.265120400000000700e+01
7.256688700000000836e+01
7.204754599999999698e+01
7.345459400000000016e+01
7.186765099999999507e+01
7.174451399999999524e+01
7.719297100000000000e+01
7.066407099999999275e+01
7.212403899999998202e+01
6.974696299999999383e+01
7.599023800000000506e+01
6.957410799999999540e+01
6.939099699999999871e+01
6.956284000000000844e+01
7.364134599999999864e+01
7.219362699999997801e+01
7.148183099999999968e+01
7.015949300000001188e+01
7.132521899999998993e+01
6.892047300000000121e+01
7.410251999999999839e+01
7.262568699999999922e+01
7.292810000000000059e+01
7.318262899999997728e+01
7.490612400000000548e+01
7.010649300000000039e+01
6.862088399999998956e+01
7.011425799999999242e+01
7.422521600000000319e+01
7.107773600000000158e+01
7.172255300000000489e+01
7.218799999999997397e+01
7.181008500000000083e+01
6.943249099999999885e+01
7.560348899999998196e+01
6.875855200000000877e+01
7.667689500000000180e+01
7.200884599999999125e+01
7.215737599999999929e+01
6.957306299999999055e+01
7.348850999999999090e+01
7.172255300000000489e+01
6.857658299999999940e+01
7.174306100000002573e+01
7.206203400000001125e+01
7.129789699999999186e+01
6.955809800000000109e+01
7.338532599999997785e+01
6.891611600000000237e+01
7.054169100000000014e+01
7.048588599999999360e+01
6.940252699999999209e+01
6.918137400000001946e+01
7.090370500000000220e+01
7.334936500000000592e+01
7.115772599999999670e+01
7.658810799999999119e+01
7.121840799999999660e+01
6.883408800000000838e+01
7.208677699999998367e+01
7.265192799999999806e+01
6.971069900000001951e+01
6.859648200000000884e+01
6.900324200000000019e+01
7.185468299999999431e+01
7.333520099999998365e+01
6.741122000000000014e+01
6.945175900000000979e+01
7.069416100000000824e+01
7.153583100000000172e+01
6.855326800000000276e+01
7.144084499999999593e+01
7.026837900000001014e+01
7.219362699999997801e+01
7.356420199999999454e+01
7.104392999999997471e+01
6.996690000000000964e+01
7.019484299999999166e+01
7.081835600000000852e+01
7.183703599999999767e+01
7.335930199999999957e+01
6.720168400000000020e+01
7.086475799999999481e+01
7.516296400000000233e+01
7.083015400000000739e+01
7.328205499999999972e+01
7.562602199999999186e+01
7.143883100000000752e+01
7.749264300000000105e+01
7.143098000000001946e+01
7.158783000000001095e+01
6.799011400000001970e+01
7.603804800000000341e+01
6.959378100000000700e+01
7.171924599999999828e+01
7.286902600000000518e+01
7.228995899999998187e+01
7.172831700000000410e+01
6.922428700000000390e+01
7.025374599999999248e+01
7.240268700000000024e+01
7.203843299999999772e+01
7.209376199999999812e+01
6.738350299999999038e+01
6.927902600000000177e+01
7.250058799999999337e+01
7.038880600000000243e+01
7.313553999999997757e+01
7.195085900000000834e+01
7.048693499999997414e+01
7.092631500000000244e+01
7.372383800000000065e+01
7.076200300000000709e+01
7.345505899999999144e+01
7.163790900000000761e+01
6.913781000000000176e+01
6.970883000000000607e+01
6.916385700000000725e+01
7.339587699999999870e+01
7.077738800000000197e+01
7.623908600000000035e+01
7.170707699999999818e+01
7.230777799999999900e+01
7.149295800000000156e+01
7.855825000000000102e+01
7.063505899999999826e+01
7.093351099999999576e+01
6.993803800000000592e+01
7.113279299999997818e+01
6.708302299999999718e+01
7.496134899999999845e+01
6.970546400000000631e+01
7.157909000000000788e+01
7.134445500000001061e+01
7.119868499999999756e+01
7.122351899999999603e+01
6.966073599999999999e+01
7.248213200000000711e+01
7.094434000000002527e+01
7.569745599999997410e+01
7.165680699999998637e+01
7.165158399999999972e+01
7.618891999999998177e+01
7.108147900000000163e+01
7.205943099999997514e+01
6.930170600000001002e+01
7.147378600000000404e+01
7.094052499999999384e+01
6.945222499999999854e+01
7.233534199999998293e+01
7.453093299999999033e+01
7.074284300000000769e+01
7.329200399999997728e+01
7.072605500000000234e+01
7.282730300000000057e+01
7.239091899999998247e+01
6.831335400000000391e+01
7.133494200000001229e+01
6.849330499999999233e+01
6.713880600000000243e+01
6.814797400000000493e+01
7.486016100000000506e+01
7.405041899999999089e+01
7.266886900000000082e+01
7.703623999999997807e+01
7.461704499999997608e+01
7.077679100000000290e+01
6.831810200000001032e+01
7.018096899999999039e+01
6.943030100000000004e+01
6.828507600000000366e+01
7.027320999999999174e+01
7.297506000000001336e+01
6.794879300000000910e+01
7.045854500000000087e+01
7.134445500000001061e+01
6.883235500000000684e+01
7.499364500000000078e+01
6.738339799999999968e+01
6.888533100000000786e+01
6.984090799999999888e+01
7.418712700000000382e+01
6.951060100000000830e+01
7.205220800000000736e+01
7.138073299999997801e+01
7.031028799999999990e+01
7.311699699999998359e+01
7.387082999999998378e+01
7.046735400000000027e+01
7.168249899999999286e+01
6.868733599999998773e+01
7.002873199999999088e+01
7.321159299999999348e+01
7.258159599999997624e+01
7.377499000000000251e+01
7.333929799999999943e+01
7.071091100000001006e+01
7.072945400000000404e+01
6.821222699999999861e+01
7.559195700000000784e+01
7.068452800000000025e+01
7.034530600000000788e+01
7.171858600000000195e+01
7.101492300000001023e+01
6.876526199999999278e+01
7.445398399999997707e+01
6.955183499999999697e+01
7.030446100000000342e+01
7.333992800000000045e+01
7.539591300000000729e+01
7.075201100000001020e+01
7.187078100000000802e+01
7.141686599999999885e+01
6.822481999999999402e+01
6.986177399999999693e+01
7.158013900000000262e+01
7.044267299999999921e+01
7.157204499999998859e+01
7.750766800000000956e+01
7.109622200000002579e+01
6.954443700000000206e+01
7.428536599999998202e+01
6.862088399999998956e+01
7.185496899999999698e+01
7.167466699999999946e+01
6.769780300000000750e+01
7.438835499999997580e+01
6.816698099999999272e+01
6.808499499999999216e+01
7.037086899999999901e+01
6.842247799999999813e+01
7.463917599999997776e+01
6.980088100000000395e+01
6.765721500000000788e+01
6.832534000000001129e+01
7.010170699999999044e+01
7.021451999999999316e+01
7.318758400000000108e+01
7.108960799999999836e+01
7.052481399999997791e+01
7.353476200000000063e+01
7.061666099999999346e+01
7.002016100000000165e+01
7.290154200000000628e+01
7.422248499999999183e+01
7.132856699999997829e+01
6.656628399999999601e+01
7.055057899999999904e+01
7.174639700000000175e+01
7.315314899999999909e+01
7.365278999999998177e+01
7.117608200000000807e+01
6.942431299999999794e+01
7.104005399999999781e+01
7.179569599999997820e+01
7.054754599999999698e+01
7.394503800000001092e+01
6.910508100000001264e+01
7.298466500000000678e+01
7.221219700000000330e+01
7.095005299999999693e+01
7.123780099999997617e+01
7.674051599999999951e+01
6.916385700000000725e+01
7.110591499999999598e+01
7.720262900000000172e+01
7.471955900000000383e+01
6.934901099999999019e+01
6.981671500000000208e+01
7.252881999999998186e+01
7.121883800000001941e+01
7.279952700000001187e+01
7.047845799999998917e+01
7.098573299999999620e+01
6.724010499999999979e+01
7.067884800000000212e+01
7.292553300000000149e+01
7.103150500000000989e+01
7.422248499999999183e+01
7.199759599999998727e+01
7.449648999999999432e+01
7.416102200000000266e+01
7.223569399999998097e+01
7.045854500000000087e+01
6.944225000000000136e+01
7.169410699999998826e+01
6.829301800000000355e+01
7.196322499999999422e+01
6.977926999999999680e+01
6.836542900000000600e+01
7.294149399999999162e+01
6.858771199999999624e+01
7.017332400000000803e+01
7.025825499999999124e+01
7.387168499999999938e+01
7.230780400000000441e+01
7.126549099999999726e+01
6.873989100000000008e+01
6.984459300000000326e+01
6.671438299999999799e+01
7.225255200000000855e+01
7.092013900000000604e+01
