mass_1_source
3.773417020873879579e+01
3.686892311589058124e+01
3.168098707431925476e+01
3.545698562588709990e+01
3.480081266206012458e+01
3.202385705407112226e+01
3.681567722218358085e+01
3.297951622336385213e+01
3.736161356597041561e+01
3.404533166827484081e+01
3.190701310533900070e+01
3.374092720546027380e+01
3.457571766958482584e+01
3.852004606469146353e+01
3.997126541903862318e+01
3.729074821869443923e+01
3.662336282010777211e+01
3.528359887129353467e+01
3.321794394232431813e+01
3.564132568931172784e+01
3.468462559030087533e+01
3.666570068562474916e+01
4.080931524004694921e+01
3.843945346710667366e+01
3.337307289278778200e+01
3.495263696650992102e+01
3.229753838913727293e+01
3.569113759458140578e+01
3.350103211353454924e+01
3.251712573979487075e+01
3.436039680713786026e+01
3.605933400985026793e+01
3.519044738043279352e+01
3.173789121547643433e+01
4.236259120532411515e+01
3.876850295754815079e+01
3.251042583573983791e+01
3.343762280039029378e+01
3.653177804336509382e+01
3.659355665242195244e+01
3.610069478499038809e+01
3.314495961341215491e+01
3.508106099466121464e+01
3.371378576498103286e+01
3.707365638502250249e+01
3.061360806487971331e+01
3.967946153482532878e+01
3.487568955418579009e+01
3.238936301621519220e+01
3.570754578679053282e+01
3.721237756888562132e+01
3.323121188734134535e+01
3.359436647373473050e+01
3.680623939610046591e+01
3.408487013044737779e+01
3.252384243387849239e+01
3.733439860220219941e+01
3.108973216292865871e+01
3.276631231836950775e+01
3.847024872471397572e+01
3.566270592439611420e+01
3.245599656851249648e+01
3.854999637887679853e+01
3.386617817432655642e+01
3.852181976197554292e+01
3.360355394490880343e+01
3.368916939042860292e+01
3.597685835994185055e+01
3.873086557422436016e+01
3.475128732740346749e+01
3.261108076123261412e+01
3.382737832146873558e+01
3.517721075360017835e+01
3.714566228553333360e+01
3.343806298500152252e+01
3.409917489388216438e+01
4.085052802792941407e+01
3.773470026193913185e+01
3.422484590634353196e+01
4.093870656835975552e+01
3.312934970192598882e+01
3.237804135964754693e+01
3.393159382307697314e+01
3.278983153030348774e+01
3.599941828028200064e+01
3.483869299637127881e+01
3.966689832098875002e+01
3.942818333185550017e+01
3.499086167408587755e+01
3.523428456415518184e+01
3.354419861475340525e+01
3.764434874191010749e+01
3.380377798781781706e+01
3.927533017161226780e+01
3.495310370291289104e+01
3.712135481603473153e+01
3.677870315913035171e+01
3.563522135115218958e+01
3.537937248975983806e+01
3.349514661862590259e+01
3.531679917606619057e+01
3.805345875437015479e+01
3.227024349357208166e+01
3.557978056755010243e+01
3.639816378552001197e+01
4.008114177808877088e+01
3.525056839153911881e+01
3.076046676110009059e+01
3.330242558131142516e+01
3.463547629355014124e+01
3.777575671719424832e+01
3.770016209266390916e+01
3.444216376036814609e+01
3.611427886411106414e+01
3.562719794128219775e+01
3.780475027692859413e+01
3.089180306733489090e+01
3.207588385206410209e+01
3.467948574596556455e+01
3.565746951654623587e+01
3.420640899714083361e+01
4.231751038630378758e+01
3.386486357778487388e+01
4.049554589187401632e+01
3.431651994459050314e+01
3.290947853583995197e+01
3.476748487746788641e+01
3.353641961885512046e+01
3.255569780872674102e+01
3.234516161880390683e+01
3.668986006860610871e+01
4.133702346627740809e+01
3.213715670949744663e+01
3.157653709310062951e+01
3.343648550339067071e+01
3.236792296608454222e+01
3.327132665881552498e+01
3.300746449014673800e+01
3.452449491824458505e+01
4.087946339869252910e+01
3.973110217830387825e+01
4.025648960255670517e+01
3.333939171009004809e+01
3.413502556388592524e+01
3.359766586316396797e+01
3.593689765572958095e+01
3.734871598384625457e+01
3.359313203973925965e+01
3.365830233450484599e+01
3.243855934838290977e+01
3.674407096818561058e+01
3.404560944310154724e+01
3.345425835642225820e+01
3.278054644736674561e+01
3.643062107302787211e+01
3.740182272132111052e+01
3.384560469341602129e+01
3.307884314897832922e+01
3.347364165927491086e+01
3.899117759273143946e+01
3.380583966962762332e+01
3.706612000178613897e+01
3.593130984913899795e+01
3.274626931261516205e+01
3.514106809015112276e+01
3.396018923120414001e+01
3.302062038933912902e+01
3.513011246547267064e+01
3.267157628469296071e+01
3.740623624478748610e+01
3.541322330005168340e+01
3.487099472811747347e+01
3.365869825696817941e+01
3.613328625120794868e+01
3.335196552073938392e+01
3.282397349117507446e+01
3.273512038383303491e+01
3.579626486271888552e+01
3.533308409504660830e+01
3.360595910490521021e+01
3.500152081677694582e+01
3.307470242660268411e+01
4.075312676953963376e+01
3.613577782918003578e+01
3.240323066834307042e+01
3.355652260800947317e+01
3.769877177204749330e+01
3.425268394182430143e+01
3.466132479781227005e+01
3.254785135230491022e+01
3.520532327181123122e+01
3.467106076839975515e+01
3.544988946318633793e+01
3.279795253174591352e+01
4.494395193555737222e+01
3.678880275404497269e+01
3.454094768710146468e+01
3.350227252254155985e+01
3.384519471198606766e+01
3.284774068640436440e+01
3.893124370060161965e+01
3.310724286789088211e+01
3.739525576795061568e+01
3.528881405218920264e+01
3.900675589066497650e+01
3.654965187244010139e+01
3.111681126078544324e+01
3.675807613015744835e+01
3.223452709834727159e+01
3.661905505426351226e+01
3.667361919660732639e+01
3.546466101606671373e+01
3.699147171675996049e+01
3.364973594819189628e+01
3.563738500299244549e+01
3.849870773087668141e+01
3.462696888080263591e+01
3.402228356032527756e+01
3.487518070005477711e+01
3.839657434961044657e+01
3.945273829630924212e+01
3.578921972062450862e+01
3.489083282966688415e+01
3.585844385387784428e+01
3.411133997128725781e+01
4.108403593759011585e+01
3.756187727541860966e+01
3.349492481845996394e+01
3.450979586125508547e+01
3.473628809639590997e+01
3.536130508801824135e+01
3.474553520620184344e+01
4.207182985840481848e+01
3.256886016435344544e+01
3.587570003374504779e+01
3.615243420879802727e+01
3.964808963059755342e+01
3.312262157263872808e+01
3.573988470072580981e+01
3.389470614060572018e+01
3.340526096165298497e+01
3.224742207516824521e+01
3.557855839979909973e+01
3.289460872015049375e+01
3.913643630023533149e+01
3.349121060998726307e+01
3.363205026464011382e+01
3.576469176609957401e+01
3.623438234097496746e+01
3.871468850958802221e+01
3.473315228813581967e+01
3.727114318699388207e+01
3.190718603319039914e+01
3.414225121731706736e+01
3.437335874372541156e+01
3.472163910206023019e+01
3.526346737544322707e+01
3.233690733566191966e+01
3.182993505128105127e+01
3.367972183914064033e+01
3.498052724312481132e+01
3.819297313309733966e+01
3.551631477682806803e+01
3.467031826245770532e+01
3.470490337833149397e+01
3.347129206788088140e+01
3.695231999209598683e+01
3.681362018028327299e+01
3.329113851333748642e+01
3.708618768956813483e+01
3.779228402895015648e+01
3.321016115062180774e+01
4.060372779605481952e+01
3.242732672677625061e+01
3.824289068795485491e+01
3.973347849241208252e+01
3.517218094166480569e+01
3.538357612746099790e+01
3.834956349951550436e+01
3.342677671193117561e+01
3.640369183791317198e+01
3.428421843816002479e+01
3.276351327389387080e+01
3.208060094631553483e+01
3.323203199946284769e+01
3.408474798958902596e+01
4.040666752158367103e+01
3.311634326475827805e+01
3.675919979983135022e+01
3.984478340388684359e+01
3.660020250242973816e+01
3.318675826671307760e+01
3.602373253457049884e+01
3.814976324837864752e+01
3.445297257449306016e+01
3.267581696927047830e+01
3.124407871734198494e+01
3.589899893132028552e+01
3.263798110549856091e+01
3.331207464161151677e+01
3.513024295926386031e+01
3.480868713689142169e+01
3.444701307154829095e+01
3.261143033954290615e+01
3.367650262720660237e+01
3.450459309506998551e+01
3.346989412040219491e+01
3.268777550874492022e+01
3.448078491130523560e+01
3.422607852671080764e+01
3.505777776647775568e+01
3.981794315990139665e+01
3.412952526176775336e+01
3.783092084094642615e+01
3.206530691372471153e+01
3.357971990451387256e+01
3.847617053322228742e+01
3.216093846688787039e+01
3.375510150706690382e+01
3.479266175714447229e+01
3.392241346261295831e+01
3.846973320928974260e+01
4.161901663455867606e+01
3.609921132369181151e+01
3.830282826439428590e+01
3.848464788277146198e+01
3.271618800766927393e+01
3.389983607345192240e+01
3.470088889200137316e+01
3.343441297412663005e+01
3.619702718664782282e+01
3.324234541032798518e+01
3.554178681564584963e+01
3.988578724960814981e+01
3.285353145696545596e+01
3.486413439951600424e+01
3.443004735332173993e+01
4.065246041313352521e+01
3.457597540399298452e+01
3.078996462171599546e+01
3.663519099955114910e+01
3.447032460202635917e+01
3.496749120618575546e+01
4.036133447030021415e+01
3.276152759957427207e+01
4.228323094969777429e+01
3.308385233495737765e+01
3.404979667535064891e+01
3.475376878272567183e+01
3.378138467174358794e+01
3.588982081839883165e+01
3.310825023307351245e+01
3.570474643682810978e+01
3.431767198424120835e+01
3.198790396935592639e+01
3.971182773898047458e+01
3.524860397615714191e+01
3.753939209463025861e+01
3.411009519017559910e+01
4.016846276901870993e+01
3.496723490263733680e+01
3.764787353803358627e+01
3.239894857789730764e+01
3.630871405764302295e+01
3.477761655120829687e+01
3.358566917504046501e+01
3.296329213838521355e+01
3.267291735350842430e+01
3.286052970730121814e+01
3.499238158265947618e+01
3.153944660028226465e+01
3.587746585999322235e+01
3.533838954818986622e+01
3.399825005745136508e+01
3.238116064833715058e+01
4.182025391797476033e+01
3.504811604408242687e+01
3.242912712999906688e+01
3.279598887032549470e+01
3.256160390994602949e+01
3.413766161993255110e+01
3.199093317431781358e+01
4.156659985539919688e+01
3.916774721765119693e+01
3.519221818103228117e+01
3.537217684801350970e+01
3.378647952681512834e+01
3.198086701026734247e+01
3.265886353002189679e+01
3.343997332618962304e+01
3.536372987442580040e+01
3.329124726451330929e+01
3.312531312486671453e+01
3.394794473704437365e+01
3.307184656042835513e+01
3.232296524688428718e+01
3.214051539375581257e+01
3.191061326437933943e+01
3.450352793049384559e+01
3.534753210643599175e+01
3.197531973560128904e+01
3.599339881804269936e+01
3.617677047197103235e+01
3.361985331816689637e+01
4.014010603807711419e+01
3.439208929392368930e+01
3.317753050822595640e+01
3.561817629188039547e+01
3.451470927113035714e+01
3.159171172756110124e+01
3.350130042726083701e+01
3.671188125866100194e+01
3.378988112352270434e+01
3.432422659991971159e+01
3.718500495109010728e+01
3.748804412342057191e+01
3.260995754873700747e+01
3.201021971099545738e+01
3.228331636976703578e+01
3.833086229407695811e+01
3.418544916955114843e+01
3.546162020636470658e+01
3.330082987826204999e+01
3.680733273673262573e+01
3.432570986472231311e+01
3.406511174467074454e+01
3.175035969233949373e+01
3.671799346503687644e+01
3.428187291418262816e+01
3.877833791413123521e+01
4.063053860236566095e+01
3.647451032862225873e+01
3.622850668207552616e+01
3.525900391204962148e+01
3.764049141528112585e+01
3.829007735776932009e+01
3.675997619456754251e+01
3.447174552587694052e+01
3.213217401331119305e+01
3.404344040763095336e+01
3.306145493204944330e+01
3.689384830191461617e+01
3.546702966188868089e+01
3.278878899877864939e+01
3.366991033244570275e+01
3.533254333716210027e+01
3.505489412631467872e+01
3.211837798180999926e+01
4.058753496736565580e+01
3.569175206974733783e+01
3.447303491197337877e+01
3.314182737927404077e+01
3.154270654212934843e+01
3.841992498618031959e+01
3.668770331648303085e+01
3.667288865392814756e+01
3.817992272235687778e+01
3.482775101613123070e+01
3.560686062334834645e+01
4.083407619972937397e+01
3.786081183173747888e+01
3.911931652320627961e+01
3.362636146837424889e+01
3.529545020899092123e+01
3.782025901900824039e+01
3.766779928896456653e+01
3.362801107521340782e+01
3.142835127589766486e+01
3.171113221644113622e+01
3.523748371749032060e+01
3.450068626450622844e+01
3.404448925174020246e+01
3.403810733643112485e+01
3.345265539295399293e+01
4.275841138742650571e+01
4.354582708087755094e+01
3.405087280899492441e+01
3.741279298715180346e+01
3.499789586910060279e+01
3.302778298033319260e+01
3.381608528469104158e+01
3.824223506454104182e+01
3.387037263044450697e+01
3.479431106974832488e+01
3.832458668629887910e+01
3.613942446430960587e+01
3.378687672545054710e+01
3.109476203026742880e+01
3.837621114083700746e+01
3.310895428443557620e+01
3.515648289250330549e+01
3.548053385864897535e+01
3.405616314280461410e+01
3.510275329068951322e+01
3.682356779961418880e+01
3.508899022576608218e+01
3.339201528952416709e+01
3.254030656525515042e+01
3.984652001545804012e+01
4.008074471664435379e+01
3.366691319275605565e+01
3.623097233417165342e+01
3.588782039832126003e+01
3.656407489345843231e+01
3.984686263894585068e+01
3.621016884400481928e+01
3.793008922275370765e+01
3.186296021874126794e+01
3.636804177902529744e+01
3.448316085604320591e+01
3.932380652601368354e+01
3.485116548736367292e+01
4.017602335236321665e+01
4.145616118668110062e+01
3.331113820021348459e+01
3.737745426764131196e+01
3.621824843633913815e+01
3.408433733954584710e+01
3.531635247483400519e+01
3.442122509541235331e+01
3.442053064977841359e+01
3.642558928723816791e+01
3.548536359767835080e+01
3.272763560217807566e+01
3.747320672197492541e+01
3.459851948591816040e+01
3.848801580662917132e+01
3.767407350546260147e+01
3.557196968471632204e+01
3.404648369772775141e+01
3.421810523729112674e+01
3.316082719196383977e+01
3.710498509896784469e+01
3.083375647782415996e+01
3.606245351102688801e+01
3.712274477648156079e+01
3.637340859376359958e+01
3.557617670440590274e+01
3.252474529468450015e+01
3.743488984114308238e+01
3.619248589752605483e+01
3.462051997666486614e+01
3.454219339266313682e+01
3.830540487240008218e+01
3.069175894356808953e+01
3.232486881533768752e+01
3.636868235939427763e+01
3.128608379601468314e+01
3.799088165253414218e+01
3.969243581138987054e+01
3.431016731549463827e+01
3.551024397962226686e+01
3.239933318729697476e+01
4.138987598703876358e+01
3.618697115925609609e+01
3.895360602363144409e+01
4.112028679676314624e+01
3.331743339681742810e+01
3.765538189628917110e+01
3.375212137952677693e+01
3.554093982230060078e+01
3.562372413930633286e+01
3.677192864973782349e+01
3.965128960150395443e+01
3.654362292472568896e+01
3.504708239637676570e+01
3.453940323568676973e+01
3.344896094251498653e+01
3.259100987164196539e+01
3.330540351679096034e+01
4.064876891737470288e+01
3.321700015110223347e+01
3.781021212608055748e+01
3.898988458771040655e+01
3.402148183319890506e+01
3.139266707181900529e+01
3.118181762629973264e+01
3.513458166945896011e+01
3.462144851116514843e+01
3.248707458042208174e+01
3.758135994651737377e+01
3.281442236689176895e+01
3.278508359414192341e+01
4.438626893642129545e+01
3.302194042990810630e+01
3.181331008189217968e+01
3.570514431932664934e+01
3.378456176233690655e+01
3.450813767596113735e+01
3.097547395374302326e+01
3.246646202178038720e+01
3.444207658121572990e+01
3.302202119663166258e+01
3.354189402572320233e+01
3.741362490725332890e+01
3.364924292023676600e+01
3.447361786195111932e+01
3.493961436070295434e+01
3.503672914823665963e+01
3.484315475237773541e+01
3.709434113457480464e+01
3.516325563802323018e+01
3.410832018704311253e+01
3.691502817357125110e+01
3.934575094859030742e+01
3.268510289156244397e+01
3.371583183649224935e+01
3.222960447124059868e+01
3.671863372203152664e+01
3.810744404943633157e+01
3.895878820963988431e+01
3.213911877283052121e+01
3.777597337221421014e+01
4.144721831742469931e+01
3.462647087097808196e+01
3.454240096230498835e+01
3.503368874947237543e+01
3.526861338037975457e+01
3.617182773076839908e+01
3.961055354241828041e+01
3.751822300163792079e+01
3.829784237286983739e+01
3.337531181597810104e+01
3.334646872196986322e+01
3.589064672750718898e+01
3.412765291875051332e+01
3.182010228827909515e+01
3.553366413448607375e+01
3.593139483875608420e+01
3.889061720210371220e+01
3.379803395880026073e+01
3.725937477343253335e+01
3.227899570265736884e+01
3.660331161453456872e+01
3.404417819384536870e+01
3.546269309866590191e+01
3.490304246724421944e+01
3.890880038493557436e+01
3.597753726343490399e+01
3.681956064317936494e+01
3.507964796294471199e+01
3.387729992538329782e+01
3.411892505046210289e+01
3.922299311368196584e+01
3.726469481208411594e+01
3.490380879223165067e+01
3.830908772948271235e+01
3.408949719954821234e+01
3.701426382203199239e+01
3.615880923340007058e+01
3.439952285599526505e+01
3.649933187103098220e+01
3.280869729440498617e+01
3.648890768483709479e+01
3.398353187551851562e+01
3.363176011580844005e+01
3.686309544841218866e+01
3.260717552840153388e+01
3.558818708905282335e+01
3.582686912972734206e+01
3.868564877248740430e+01
3.363427025635243695e+01
3.373593812186729224e+01
3.780792693864120935e+01
3.574316353088370590e+01
3.259238765160991846e+01
3.522563549931033577e+01
3.630165860328839500e+01
3.350391465620577236e+01
3.678054956220696425e+01
3.458382243555966085e+01
3.573538795099655374e+01
3.520782180011894269e+01
3.265893247123731413e+01
3.747057571179480107e+01
3.526285472481011141e+01
3.631067773497593976e+01
4.017050411890764394e+01
3.367974288124392501e+01
3.630831431580867275e+01
3.999198081799401194e+01
3.522524420723406280e+01
4.079919738382081107e+01
3.964263026090142716e+01
3.777906593063931950e+01
3.051082133218940839e+01
3.537670133112640514e+01
3.399366186592852301e+01
3.900969444987700285e+01
3.802941206085897363e+01
3.626547568080638229e+01
3.235729877819283473e+01
3.785359552796722937e+01
3.960826077359783426e+01
3.243599868847327627e+01
4.041232142473884181e+01
3.317478165847973059e+01
3.609638814389401773e+01
3.519375377238286973e+01
3.864553140462299297e+01
3.632545468559914070e+01
3.522993856739740437e+01
3.796432283515994754e+01
3.819965152120794727e+01
3.452663127558385980e+01
3.801296931934234635e+01
3.323878984414908899e+01
3.594636187201840727e+01
3.534517724431155017e+01
3.309777476338648938e+01
3.294656423987380833e+01
3.262819181313336259e+01
3.405500985685537074e+01
3.385930304439170158e+01
3.293382980205858956e+01
3.483454997704448175e+01
3.501774573442307315e+01
3.561440711468261355e+01
3.619783808835294536e+01
3.319746949154768600e+01
3.548085096048897924e+01
3.607790351488227287e+01
3.271763410338202505e+01
3.576044620132866925e+01
3.239509294618362389e+01
3.254035881896739824e+01
3.312770949693886990e+01
3.573664954235409397e+01
3.467583912286611536e+01
3.824984139543429507e+01
3.762902759773015759e+01
3.268660858014350623e+01
3.570000811206828928e+01
3.195468526325282355e+01
3.356232780245267833e+01
3.510793182372736965e+01
3.423618289009646531e+01
3.446672840064400845e+01
3.211365802367908628e+01
3.751360519506225444e+01
3.287588594529987773e+01
3.508046097335152780e+01
3.162897522752433943e+01
3.360961678908792294e+01
3.761341752500769786e+01
3.465497712260966523e+01
3.568207717886654962e+01
3.645441565194405342e+01
3.423832167134856519e+01
3.503899600042754514e+01
3.380269223036358284e+01
4.125212585069154159e+01
3.241389444207560189e+01
4.202400761546120833e+01
3.745188454209193196e+01
3.757649573829576184e+01
3.514822074135226160e+01
3.512177695574926162e+01
3.923405528639250406e+01
3.520439530685441554e+01
3.392554400299615480e+01
3.118527716027627150e+01
3.328887764562759344e+01
3.538056284830449982e+01
3.815880121213289300e+01
3.370136188007464995e+01
3.377435815202196068e+01
3.577006529820773295e+01
3.277032728448648413e+01
4.265882208297033173e+01
3.648974771618895829e+01
4.089561623175833915e+01
4.506687675175362529e+01
3.335819028027264466e+01
3.214055196289519500e+01
3.384769064794777194e+01
3.157834660102613356e+01
3.559189430000787269e+01
3.305056574894140198e+01
3.209783755537203120e+01
3.377088363373679414e+01
3.936677491329304246e+01
3.289523124402597176e+01
3.374173702155994903e+01
3.341369070867528990e+01
3.653135996765698934e+01
4.046752019576137371e+01
3.739489450076089838e+01
3.359555809160407591e+01
3.295051989941373449e+01
3.761134388193255518e+01
3.065202092772401343e+01
3.209370805892840650e+01
3.405533682711230625e+01
3.491119676275403094e+01
3.375401638816878602e+01
4.103080209113741716e+01
3.660770428005326949e+01
3.491797916678069669e+01
3.433044627455146980e+01
3.743416677700346185e+01
3.476968172277249636e+01
3.396773118670531488e+01
3.443314714972381552e+01
3.283104454213661683e+01
3.359104549170525189e+01
3.554288032019231025e+01
3.325773288249755666e+01
3.998572474640768348e+01
3.518861011553828888e+01
3.196093006141381210e+01
3.741931277495650932e+01
4.024838912393735058e+01
3.600944140394743442e+01
3.399839978140048657e+01
3.143021239280245638e+01
3.614228868328059718e+01
3.599046415776511765e+01
3.194529248869441673e+01
3.579082963013529195e+01
3.421136286817822736e+01
4.246106079944153322e+01
3.522527980504507639e+01
3.497101380003746129e+01
3.953926774606084393e+01
3.021973249812108264e+01
3.875152557470629944e+01
3.179288416091545955e+01
3.145757813415240278e+01
4.042887405763453756e+01
3.482528521718234060e+01
3.633920367973299648e+01
3.519480861973005403e+01
3.694365809865797701e+01
3.539425502090860221e+01
3.964325367848706350e+01
3.704370171274067758e+01
4.038628552485090495e+01
3.734281550069564304e+01
3.430611087781620228e+01
3.407355533338419917e+01
3.301491230386922382e+01
3.979599447836001502e+01
3.700636822504101531e+01
3.511308753448263786e+01
3.363010891837884486e+01
3.547249997433947755e+01
3.743723361594864230e+01
3.236920138594949492e+01
3.188568690377161019e+01
3.966792636341261158e+01
3.677061069878155308e+01
3.889266094217024516e+01
3.844620593763941230e+01
3.707587828857591461e+01
3.293388570904375712e+01
3.772991514239330968e+01
3.635024446588370495e+01
4.080509977763539808e+01
3.564006227033738128e+01
3.312279536396977875e+01
3.397850846788146839e+01
3.369367464127498124e+01
3.646449277154813728e+01
3.726817797272309463e+01
3.256772981300171921e+01
3.413946676398940383e+01
3.774272687252608449e+01
3.278852634611934036e+01
3.157191995938616458e+01
4.045014787473422757e+01
3.391341362717344055e+01
3.793094459930182438e+01
4.205536156527276859e+01
3.459720139531133043e+01
3.537789847617748507e+01
3.585231436261592819e+01
3.642919834547030433e+01
3.552599804555827490e+01
3.358139127816905045e+01
3.731099211781513958e+01
3.684455008649781149e+01
3.745370314011125856e+01
3.753273634585264062e+01
4.041422367670957527e+01
3.843356361365414386e+01
3.632495890132993566e+01
3.347930410844197979e+01
3.466973677932184472e+01
3.212784769726710010e+01
3.330631549923712242e+01
3.314684483481988053e+01
3.525018292424859823e+01
3.499885141675739675e+01
3.756079195257158432e+01
3.397375672338461072e+01
3.563264612237316697e+01
3.564805384262636778e+01
3.454962346770825121e+01
3.546740154626955643e+01
3.315394588280111066e+01
3.507408534727999694e+01
4.095706366054363201e+01
3.621496902181984723e+01
3.235899015038786075e+01
3.506093459786100652e+01
3.548125343528111131e+01
3.889193947958276709e+01
3.499324504384184564e+01
3.799245300531945446e+01
3.434566190198093238e+01
3.474214460187978659e+01
3.591476440931177905e+01
3.679560317693550786e+01
3.505018035212085437e+01
3.084043032288788311e+01
3.441070240870514141e+01
3.575875066486644016e+01
3.474249361308208961e+01
4.240463837928231783e+01
3.597033928708548700e+01
3.600929421116216389e+01
3.452369520059065167e+01
3.452367914867661369e+01
4.398933435196712338e+01
3.496595361520795819e+01
3.852277634575518306e+01
3.358364172635575784e+01
3.856984750672231854e+01
3.426344564545264859e+01
3.494072177767941412e+01
4.142828936992934530e+01
3.825870626318432244e+01
3.845973088383141203e+01
3.524668608342818743e+01
4.005259728137677655e+01
3.312103754925708898e+01
3.375162942730413818e+01
3.346866557626191963e+01
3.066395603793763769e+01
3.256095746349324571e+01
3.374196851928357432e+01
3.567662845883531730e+01
3.138394316752129143e+01
3.887514104825218908e+01
3.685004002344516749e+01
3.722880434738340938e+01
3.072771138096828736e+01
3.867811349384835040e+01
3.266684421684816897e+01
3.272654891794476129e+01
3.760583554487701008e+01
3.423789691897695064e+01
3.479420402755448549e+01
3.587053086962839643e+01
3.732138250482590536e+01
3.243779151933594562e+01
3.980993229568993286e+01
3.389044144755291654e+01
3.288205593887064992e+01
3.544374844810180036e+01
3.186134189929044425e+01
3.369406936793679108e+01
3.882124242440620066e+01
3.097473942602807995e+01
3.460129498616183241e+01
4.083906592762450316e+01
3.275847792883398313e+01
3.364898930132932975e+01
3.211611758514862203e+01
3.169302228526810694e+01
3.243145205330586833e+01
3.312844334120161705e+01
4.446364154267384805e+01
3.812200355963324938e+01
3.369026250313972071e+01
3.871620535305249433e+01
3.804632358188501229e+01
3.312192039125609000e+01
3.488914146287626039e+01
3.231432738765951740e+01
4.014591298741054715e+01
3.611141998467616787e+01
3.380101768765762671e+01
3.885011141686848646e+01
3.325474380825718157e+01
3.408752854312999858e+01
3.602725220293427100e+01
3.525894482168899913e+01
3.783703242101891107e+01
3.263511530084418411e+01
3.283256321392926935e+01
3.732867685786682443e+01
3.541874420531160439e+01
3.407424289943492113e+01
3.540066835123455746e+01
3.499892938603807124e+01
3.264241219852569742e+01
3.162565619364245961e+01
3.542783005543684993e+01
3.596915081370104872e+01
3.698896823951572088e+01
3.489462187550387284e+01
3.388732790383294002e+01
3.403135313741194068e+01
3.596134229967556450e+01
3.844122297221387186e+01
3.295865644355876611e+01
3.534645935679500184e+01
3.351742051497328134e+01
3.685485301391374691e+01
3.417118336966321834e+01
3.510496060343955804e+01
3.174085122830340566e+01
3.196384229146784151e+01
3.395733398848152262e+01
3.406723630829775118e+01
3.725147668997276895e+01
3.429826801159859428e+01
3.727406734344589978e+01
3.228914119572789332e+01
3.653761350118791285e+01
3.238096593249545663e+01
3.673098265742945046e+01
3.296878506770893580e+01
3.143055474554605766e+01
3.335068731294978761e+01
3.612552131194292571e+01
3.759493064255212147e+01
3.244272804395763643e+01
3.569532372428290756e+01
3.206720659129565121e+01
3.545563647442508426e+01
3.414362262511372137e+01
3.478768593452622326e+01
3.539477529545396806e+01
4.032259728527763798e+01
3.163716153337192338e+01
3.231099884923872168e+01
3.478864074327457701e+01
3.909942448694351924e+01
3.374158317863248158e+01
3.613042618171040488e+01
3.246486895072963108e+01
3.255171760059504749e+01
3.363661529499493952e+01
3.451888526979453786e+01
3.429048028013945526e+01
3.600629843722332168e+01
3.363194645644896497e+01
3.369479405516374726e+01
3.465807662695979730e+01
3.401792531621705962e+01
3.833614815677013610e+01
3.405556263997811328e+01
3.217323310466637309e+01
3.722622795792121764e+01
3.171585781636856893e+01
3.433114650735468842e+01
3.910021561540995805e+01
3.799172077847504170e+01
3.302725758078625518e+01
3.192687007299450386e+01
3.393672369519158138e+01
3.378723046149865183e+01
3.358794140822677576e+01
3.320457445620674974e+01
3.042569400606671692e+01
3.603716175187882698e+01
3.971089176152516842e+01
3.504571897772217426e+01
3.407757563130443401e+01
3.351733879042080844e+01
3.450359295255461944e+01
3.554137141059108984e+01
3.605699039192818844e+01
3.593793509287316112e+01
3.621380155126102807e+01
3.521398325232370752e+01
3.247754955829448420e+01
3.303014214420639405e+01
3.202110190982108406e+01
3.215151098744671287e+01
3.308146970207947390e+01
3.522878130956583931e+01
3.407579963311169280e+01
3.282464546383842929e+01
3.240331215402544984e+01
3.030328660636900295e+01
3.289735255437027917e+01
4.027168623049345797e+01
3.902600428536251798e+01
3.407716010912941584e+01
3.352114854180195636e+01
4.027244779772642858e+01
3.297408698745873323e+01
3.466249055032007931e+01
3.459372999882121036e+01
4.178509608044355872e+01
4.322828565905901854e+01
3.193412892895058874e+01
3.641065266523035859e+01
3.318064931479375446e+01
3.560854689424612474e+01
3.313333275399018163e+01
3.357359354360202985e+01
3.517448828781783021e+01
3.545754505473931317e+01
4.041864709923315502e+01
3.969860994759638118e+01
3.662857972283922692e+01
3.479824929893730712e+01
3.787423256685058703e+01
3.340314893689864562e+01
3.129724185526854541e+01
3.338326688340738002e+01
3.201830075413057841e+01
3.669065420887469031e+01
3.611320932557870833e+01
3.138979378177931778e+01
3.392379481650672801e+01
3.439650341045795301e+01
3.711793176256389160e+01
3.581526109019215909e+01
3.425392773639834587e+01
3.385440270547977093e+01
4.018392158306069462e+01
3.395224745117761245e+01
3.758021448781964580e+01
3.363990605722337079e+01
3.745153148656149966e+01
3.215459470198135961e+01
3.312632821010576833e+01
3.549866379674983818e+01
3.206622334671519781e+01
3.207180001406429426e+01
3.293094647307767531e+01
3.291557565520751893e+01
3.273545051516835258e+01
3.320846191847234508e+01
3.571475937130784217e+01
3.760685958061429801e+01
3.440897620577514715e+01
3.216484280557704523e+01
3.391265320748659917e+01
3.438392106558138295e+01
3.619073367941374642e+01
3.356952455870372631e+01
3.202831891729993430e+01
3.331275906333476655e+01
3.777351975936517903e+01
3.209464976563882743e+01
3.524597180313066502e+01
3.595024098651651201e+01
3.942291548519009581e+01
3.837720895309951885e+01
3.624477841457655103e+01
3.424585218792638130e+01
3.896794957957991556e+01
3.987422549580936959e+01
3.567602912048430852e+01
3.710315994669119277e+01
3.214586753450468137e+01
3.361422843245945558e+01
3.858463461857714805e+01
3.126575653698603219e+01
3.686627691666745932e+01
3.260884985143194115e+01
3.576207108049498373e+01
3.581351934767514678e+01
3.825808997184397953e+01
3.658630682478080587e+01
3.597526242892303827e+01
3.464761847205706857e+01
3.868460247602848057e+01
4.038679136123290903e+01
3.257252134934572041e+01
3.426394859065120357e+01
3.597334365934444378e+01
3.502662753843873134e+01
3.650369094411171034e+01
3.736917685983748783e+01
3.765626752791983023e+01
3.393955199742578088e+01
3.534909078374676739e+01
3.351423856856259675e+01
3.281768042464183566e+01
3.720208320980867711e+01
3.483496658241710264e+01
3.257166703335561664e+01
3.258946822527873621e+01
3.490345395023512509e+01
3.823344154181192067e+01
3.537478780485104579e+01
3.574441933244971636e+01
3.277657225824312803e+01
3.322272643635722744e+01
3.363050027213711246e+01
4.221943326738768576e+01
3.424711074065507432e+01
3.477863957931923267e+01
3.606399939749435646e+01
3.248692599365578815e+01
3.383930707542469918e+01
3.644439111676985021e+01
4.003007667553560367e+01
3.723346355985083989e+01
3.184214510627404238e+01
3.300522071192020945e+01
3.335418100732405833e+01
3.321975510677901156e+01
3.590469933631667487e+01
3.535145417182669547e+01
3.777481499448533242e+01
4.151124939669725933e+01
3.567183718495524403e+01
3.288572198184575512e+01
3.300848553375637806e+01
3.648344797679454388e+01
3.447728018184721321e+01
3.862873792474765366e+01
3.431510824861696562e+01
3.312101102260169228e+01
3.403333548205350922e+01
3.977118365351258689e+01
3.599140547418991076e+01
3.248956456799436410e+01
3.805572286322049536e+01
3.394887365388411382e+01
4.096487114065764956e+01
3.962233000437975505e+01
3.908595250795998055e+01
3.719949202329220128e+01
3.236457724264599989e+01
3.258470726868058875e+01
3.419404011324294146e+01
3.546877097014767344e+01
3.531140875093203135e+01
3.690733171570441584e+01
3.221653410639281390e+01
3.616876289452649473e+01
3.251907858501343185e+01
3.260730581774231496e+01
3.648578353335709323e+01
3.679857342592674030e+01
3.376038111242118589e+01
4.092997801318886530e+01
3.505086520230558023e+01
3.653819591593582317e+01
3.517868823412167956e+01
3.436948407544456074e+01
3.321733592429657733e+01
3.545339523751248123e+01
3.975641546228570888e+01
3.421808470003075797e+01
3.680621414700960514e+01
3.781406458471430199e+01
3.612948380580927932e+01
3.287173389791235678e+01
3.712327084917339448e+01
3.607607190381526863e+01
3.424661540216915512e+01
3.860627773019228925e+01
4.129388527410862508e+01
3.885336343325348452e+01
3.745880439461103606e+01
3.580569423182347322e+01
3.708585885857715425e+01
3.326129106721631956e+01
3.478369062951019686e+01
3.846353834143236128e+01
3.445086010868079285e+01
3.802649838464488141e+01
3.424166965208705449e+01
3.809465176699147548e+01
3.445156226744927608e+01
3.115921158524638557e+01
3.074422446859330549e+01
3.229242617846170305e+01
3.366946838068994907e+01
4.054824393358799739e+01
4.250796706860181473e+01
3.689527569504712545e+01
3.467288324267025246e+01
3.242598960825730359e+01
3.442362333559425736e+01
3.320290415009862528e+01
3.203766239487884349e+01
3.371987164750821364e+01
3.967302879801923865e+01
3.356867894761349902e+01
3.540531156819344005e+01
3.717766490180236616e+01
3.851592484837568264e+01
3.658780524924537758e+01
3.412918658947231165e+01
3.688574323945820765e+01
3.441155409968216361e+01
3.642209806496742175e+01
3.289153627342736286e+01
3.723728159244520697e+01
3.461905770306525199e+01
3.234184733214846119e+01
3.525205356952190527e+01
3.243482240983811238e+01
3.263513135967725276e+01
3.389827924956971827e+01
3.495196148027226002e+01
3.619758179922619235e+01
3.774226513552012818e+01
3.388072518327882676e+01
3.766107845950478605e+01
3.478782658641519276e+01
3.296073804474387003e+01
3.148969467810979594e+01
3.945501880216288271e+01
3.554588267466647977e+01
3.068759958693442158e+01
3.596112326663539704e+01
3.489599754339315041e+01
3.877447473577119297e+01
3.402647067409642290e+01
3.770975468346448878e+01
3.339114080178507749e+01
3.479756954547956838e+01
3.106452704775650631e+01
3.356984509518507309e+01
3.447066333523812176e+01
3.235505485110267898e+01
3.246087376269566249e+01
3.720374655880797121e+01
3.743427543184859019e+01
3.367498203708471749e+01
3.538376965582419587e+01
3.261411629728301875e+01
3.318061887658854658e+01
3.789275081326214689e+01
3.415780812122745402e+01
3.465269493444297666e+01
3.531717374017804190e+01
3.431133259377788391e+01
3.588432408047984978e+01
3.693898774840977950e+01
3.472854720638801496e+01
3.414681310433978467e+01
3.420051956548368111e+01
3.538424193556764408e+01
3.824347381169949500e+01
3.624339956609932756e+01
3.244947188655282844e+01
3.349551421080635549e+01
3.747764872806619252e+01
3.629238415653609451e+01
3.365377358205853398e+01
3.490202909745764259e+01
3.724684260668902169e+01
3.398299666654384055e+01
3.513018193801674016e+01
3.504904063059173325e+01
3.482242000038864660e+01
3.485892627449634062e+01
3.233064492457776851e+01
3.497731515114911360e+01
3.869776512233564603e+01
3.420288899548138062e+01
3.389410498466538257e+01
3.671607006985883004e+01
3.629688272282318451e+01
3.506483326707000003e+01
3.430743662272812600e+01
3.453781079350417826e+01
3.560841092223300564e+01
3.519479944674356631e+01
3.306459242925973996e+01
3.201340620318916308e+01
3.797820998321658692e+01
3.513990153164990460e+01
3.589661307761277698e+01
3.674428520266370413e+01
3.153340877561012334e+01
3.257848044400245868e+01
3.797292339855946608e+01
3.876147711685349151e+01
3.589424257782645356e+01
3.212413604053097771e+01
3.695580236054653511e+01
3.131111561998948645e+01
3.461170508680680058e+01
3.670948109679341087e+01
3.419658304640394419e+01
3.449198443509812506e+01
3.386746158510442228e+01
3.432111650813303072e+01
3.778743175395795362e+01
3.256956601264828777e+01
3.865886696224708885e+01
3.573085678659300157e+01
3.522078686473337683e+01
3.322410115224367644e+01
3.802192055085794209e+01
3.525859985794501483e+01
3.579498658497376340e+01
3.447369303949620445e+01
3.164237891488127019e+01
3.664731566939900631e+01
3.566461048185225025e+01
3.315113778196869987e+01
3.360024984015341687e+01
3.241828245929689700e+01
3.695061430572765460e+01
3.431835368062393599e+01
3.788926950799168480e+01
3.767086817758109873e+01
3.857881438301101440e+01
3.567494408792009608e+01
3.608224299975110227e+01
3.275993363590963980e+01
3.379468903858753492e+01
3.443761188681490637e+01
3.552166928491042341e+01
3.118174167767079297e+01
3.349230892377925528e+01
3.477282091967934718e+01
3.537725548060465286e+01
3.712003807958119239e+01
3.717230801160081910e+01
3.684689619460174015e+01
3.543688614974353612e+01
3.541197545885157183e+01
3.443206410269860385e+01
3.232095481543640147e+01
3.555529152167624574e+01
3.225346112624571759e+01
3.302532620146941866e+01
3.325286400010492116e+01
3.530682365125635158e+01
3.269065068337380353e+01
3.218942375670876288e+01
3.372101915322355126e+01
3.639331479853663609e+01
3.591067653124548542e+01
3.609412000014831534e+01
3.892267481874483792e+01
3.582444942483202510e+01
3.775506527870827966e+01
3.535617487538258530e+01
3.727465680505262213e+01
3.028107970731615950e+01
3.556759108264740377e+01
3.341887010468278163e+01
3.892653836746467277e+01
3.598940054447865577e+01
3.627764066600919080e+01
3.731452652504887624e+01
3.667447694458423513e+01
3.818196849904677492e+01
3.732651987873170185e+01
3.524888233003725446e+01
3.122286644593308935e+01
3.990495616573425508e+01
3.499041124039247563e+01
3.431111570534343969e+01
3.362270989385702080e+01
3.799236448915023345e+01
3.788686143565872300e+01
3.571028570792714874e+01
3.868182696737315496e+01
3.281440948596100071e+01
3.760880661770215028e+01
3.949124776884650601e+01
3.727277530258314897e+01
3.536618579319149092e+01
3.298977456703212141e+01
3.686995269148273024e+01
3.562603459964953601e+01
3.772187573856242437e+01
3.214186961957808109e+01
3.685802340823236989e+01
3.889316659044751390e+01
4.165268255513840501e+01
3.499955732646670015e+01
3.207536252945596544e+01
4.111159091736396221e+01
3.198655791776835855e+01
3.357312077908904513e+01
3.599131602460710866e+01
3.525674854461947660e+01
3.776833925695230221e+01
3.551100831048955087e+01
3.133051277415424707e+01
3.793410713197462769e+01
3.678076438578490581e+01
3.440569713559439435e+01
3.212334372860073728e+01
4.033051333251949444e+01
3.326085154209260253e+01
3.885825070816340343e+01
3.748755741842719402e+01
3.610001539689446304e+01
3.439838842813958308e+01
3.678531322787237201e+01
3.464789535703864232e+01
3.833654315609584984e+01
3.754320989440765288e+01
3.471915464462456669e+01
3.654869207616792437e+01
3.355147744503572227e+01
3.519584503726134983e+01
3.278690941782648594e+01
3.405172297674193516e+01
3.267283827044943934e+01
3.404745045331526399e+01
3.916103982039266640e+01
3.402581934166698119e+01
3.530033507760788325e+01
3.471813117386267322e+01
3.214850256850237997e+01
3.326901675191148655e+01
3.189150749472309698e+01
3.417675743837001789e+01
3.565811204398820422e+01
3.572258592196663329e+01
3.739738991855274719e+01
3.834297641950082181e+01
3.887012371281512202e+01
3.587324812489063675e+01
3.684547362163058182e+01
3.379700140742660608e+01
3.887607394199505251e+01
3.548022456087880272e+01
3.823788101424361940e+01
3.801599208422633325e+01
3.449755378472546852e+01
3.174390576500669781e+01
3.744701575788306513e+01
3.559697496433502550e+01
4.129426404455659849e+01
3.275887446047201479e+01
3.827879307252024432e+01
3.690073209779105667e+01
3.833174696067346332e+01
3.369370772106993428e+01
3.363017904720037876e+01
3.190397921638712830e+01
3.529697103147797321e+01
3.384647705339258295e+01
3.993954022768652834e+01
3.485297383561542972e+01
3.715324454292687051e+01
3.623259929935488088e+01
3.442773384368081935e+01
3.691918184045569973e+01
3.287259834737663766e+01
3.992537838026748176e+01
3.529618316051841020e+01
3.514638872407370940e+01
3.787988714347175545e+01
3.261719018066153808e+01
3.570041263723724256e+01
3.315955428272679484e+01
3.975700985321562086e+01
3.862126218776271003e+01
3.510242640471764730e+01
3.799463136834938837e+01
3.251113689754236447e+01
3.402518649093410374e+01
3.491380242576285298e+01
3.556146410998914575e+01
3.262905925849537425e+01
3.850621792673416621e+01
3.397430880595096170e+01
3.211291206926318864e+01
3.670572008820127508e+01
3.446713745468697709e+01
3.311239963352714000e+01
3.426011650003257358e+01
3.548580546125862156e+01
3.228599709127056627e+01
3.327265763821184663e+01
3.749028164568421317e+01
3.649488632777525510e+01
3.991667729115420116e+01
3.183752355247100496e+01
3.200572763207615168e+01
4.060437220834972294e+01
3.386528194267163627e+01
3.529290998197506468e+01
3.217761133282791519e+01
3.428018232812273425e+01
3.654960176069808853e+01
3.819511366991276446e+01
3.985256581510250129e+01
3.465678667184850070e+01
3.217304236570014098e+01
3.916326579392596585e+01
3.587761954545539567e+01
3.661513910866895571e+01
3.586971482109896669e+01
3.486612458509343071e+01
3.408710929483959973e+01
3.291420017350820615e+01
3.343010506068499410e+01
3.565003908538849231e+01
3.328644717640396067e+01
3.507567122743987653e+01
3.237553664978565848e+01
3.714274006921854010e+01
3.259245974125405354e+01
3.621810682825482530e+01
3.804728306590600795e+01
3.603185790690397283e+01
3.229460159412604980e+01
3.422408723613897052e+01
3.409517727061496828e+01
3.609847003820630107e+01
3.757829036259355604e+01
3.278352218859772194e+01
3.361177261814524542e+01
3.271509547067054768e+01
3.541410222481441394e+01
3.345221569412464646e+01
3.522842694701285637e+01
3.471761562218165409e+01
3.659785048691625065e+01
3.661570322900043095e+01
3.598529035144457566e+01
3.393278386978503391e+01
3.795080561620167003e+01
3.344968002490909953e+01
3.478753028218660148e+01
3.494063302841324514e+01
3.458093224552862210e+01
3.693070625052357059e+01
3.332619200072499410e+01
3.155877471544523516e+01
3.518302216930588600e+01
3.295040723427403151e+01
3.361486582687564351e+01
3.486608703958567190e+01
3.117483619591779487e+01
3.503460401888530384e+01
3.840020632068337392e+01
3.620733699849255061e+01
3.362963733906050123e+01
3.999877996446939932e+01
3.380922163896133270e+01
3.349944811870090433e+01
3.422201852758823293e+01
3.387111472300529158e+01
3.514957908119396279e+01
3.707232720020439842e+01
3.488126208811862483e+01
4.261762047336749504e+01
3.340455436914970022e+01
3.146458484128424615e+01
3.674990975358414147e+01
3.481894489770574808e+01
3.276140677637214083e+01
3.195425237903979720e+01
3.900335279336258765e+01
3.269590470517017877e+01
3.222865913569184926e+01
3.123653193204506096e+01
3.493103371155946490e+01
3.261701791300041009e+01
3.574140601734456624e+01
3.616260355684871541e+01
3.388696304261872427e+01
3.398523424114355862e+01
3.655931571128460433e+01
3.361852357019489546e+01
3.491938463920096325e+01
3.692573214939277193e+01
3.446500136529377301e+01
3.539081460835869564e+01
3.756160417872678181e+01
3.402396164191063122e+01
3.512669779749150223e+01
3.395574791971967699e+01
3.348329938103970704e+01
3.292837647271072399e+01
3.340852723800902169e+01
3.418408106341347974e+01
3.356630897593644391e+01
3.233160546526864465e+01
3.569091492236786678e+01
3.184888520791320232e+01
3.593551415375574720e+01
3.414309586022044840e+01
3.454744670458187983e+01
3.552891331959310861e+01
3.357663926780401198e+01
3.306273585179702224e+01
3.620121777951145958e+01
3.268907363591583959e+01
3.438977553693222688e+01
3.589641245524195767e+01
3.631757973291257713e+01
3.679001012201005238e+01
3.591561958772778240e+01
3.598618192885731304e+01
3.322755103059548532e+01
3.672562299478395431e+01
3.367128541771852923e+01
3.281572474921649984e+01
3.721192054115196157e+01
3.395981653056892213e+01
3.312876797995683376e+01
3.460166642754117561e+01
3.515445418338082106e+01
3.324990548014460501e+01
3.526089066564354368e+01
3.441841546706434940e+01
3.354309651661380798e+01
3.441158153036715817e+01
3.346340774486886005e+01
3.398858319241319492e+01
3.499461577709237048e+01
3.356678320270561500e+01
3.317732654526593450e+01
3.597929035428236233e+01
3.495074467444096911e+01
3.414931036577075929e+01
3.739476041915914806e+01
3.201475688810779729e+01
3.536655643793607595e+01
3.324870755060175753e+01
3.352538829423341582e+01
3.520903113304626686e+01
3.406299201244874553e+01
3.582071565741887298e+01
3.436591614403626949e+01
3.500382651415164048e+01
3.530202607712591600e+01
3.326014372111200146e+01
3.754921865774129941e+01
3.498734047246555434e+01
3.247166770238220579e+01
3.318183260650243227e+01
3.319248398124800303e+01
3.623512130516357388e+01
3.318092726520229263e+01
3.263572239129211994e+01
3.392886760357475140e+01
3.605989315648321991e+01
3.571959597433758660e+01
3.489685672513417103e+01
3.488709390544965316e+01
3.426670535583060939e+01
3.556110582730021719e+01
3.561719493034596695e+01
3.517394101108044424e+01
3.739600378455163110e+01
3.487719147993138336e+01
3.322229719457612163e+01
3.811385178014528208e+01
3.253795966270374151e+01
3.644291738407640935e+01
3.628337862559314431e+01
3.242678087389230512e+01
3.212038908123984271e+01
3.300773828099919882e+01
3.196169971831429990e+01
3.484367286354755322e+01
3.804929763581055369e+01
3.373725114541732495e+01
3.443546881160332873e+01
3.262410749923324005e+01
3.453479242910818670e+01
3.263411435106787195e+01
3.418778236623100497e+01
3.367896878245179693e+01
3.535858721643667479e+01
3.361806603376702896e+01
3.620039682981879992e+01
3.427586441353705027e+01
3.489940914528900606e+01
3.302288830796165797e+01
3.710161599447975789e+01
3.407651085361450072e+01
3.441250399315500630e+01
3.753308126502578546e+01
3.494267574878593052e+01
3.499631277727959144e+01
3.568756728789273325e+01
3.543545889315885233e+01
3.434635779379597409e+01
3.739564531696598237e+01
3.703658149618546247e+01
3.436330090064248566e+01
3.177474866846147350e+01
3.683637002564888974e+01
3.341268433017908990e+01
3.902738320784077786e+01
3.400770409523928350e+01
3.729082684235118705e+01
3.301436034775107231e+01
3.631143901966605370e+01
3.541945532233246041e+01
3.413617405170272434e+01
3.487535772415731117e+01
3.504585892230908684e+01
3.502952193995285057e+01
3.467575318449346611e+01
3.599842786497144687e+01
3.342951977373980554e+01
3.312342885171388218e+01
3.614512801338879200e+01
3.257031857531150365e+01
3.646189806473452677e+01
3.088259019576711495e+01
3.365816417854489373e+01
3.839777452714686490e+01
3.379363180747628803e+01
3.337902012190172485e+01
3.429213542126058201e+01
3.170029377287599104e+01
3.176891778718138681e+01
3.423962687517550307e+01
3.309422958830179340e+01
3.500203600221637856e+01
3.575023029539136132e+01
3.648204722212984308e+01
3.257590376793773146e+01
3.150260268938115971e+01
3.359137530673984173e+01
3.265053554588997287e+01
3.338710534556179255e+01
3.832487336518475018e+01
3.297090486430649037e+01
3.329269578074546132e+01
3.184040533179933874e+01
3.262996963970876863e+01
3.417704016806370504e+01
3.435673692699665338e+01
3.509245765504041970e+01
3.420727947680766334e+01
3.662327615688145954e+01
3.536395306668492111e+01
3.235894969033972046e+01
3.506946728476951591e+01
3.264427612135051504e+01
3.860548363190223142e+01
3.773529279656846569e+01
3.530207219885510739e+01
3.491349297590365808e+01
3.382874480928956018e+01
3.283394265892454911e+01
3.549346918145229779e+01
3.490471770200360169e+01
3.440756873579207564e+01
3.324629781128727046e+01
3.391765798565316459e+01
3.860191580981192772e+01
3.616076957294738037e+01
3.571269235167557810e+01
3.553355851698315604e+01
3.313436613104780548e+01
3.429095723708829269e+01
3.432468880383363796e+01
3.438731383374639705e+01
3.500871132422226140e+01
3.391911307293689504e+01
3.386297543351452077e+01
3.520417723926640718e+01
3.478015274223085385e+01
3.431777314832550729e+01
3.435005119490405434e+01
3.601209128345790589e+01
3.682966419596672125e+01
3.227742219153201830e+01
3.229297484535434393e+01
3.342797239536359655e+01
3.339984280667669481e+01
3.377381943733582403e+01
3.561916030925559795e+01
3.497123452447087288e+01
3.359300152355140767e+01
3.674448169079501270e+01
3.288260164372621119e+01
3.606201546179359951e+01
3.253952196764183213e+01
3.507649250018841514e+01
3.428096285818607925e+01
3.538531390178732039e+01
3.232858262262352156e+01
3.672108685602311340e+01
3.831855502500456367e+01
3.493951177140797171e+01
3.267233111028536285e+01
3.243890867170384951e+01
3.717301989338852763e+01
3.368492971202685737e+01
3.261140708042614733e+01
3.463066727353807295e+01
3.513648200990102310e+01
3.376049617436255090e+01
3.412018533913744278e+01
3.707885999291433166e+01
3.417736212315753619e+01
3.745766734522115371e+01
3.617886101706399415e+01
3.786173506202582928e+01
3.466716998916737680e+01
3.400745897320996391e+01
3.420081036069612423e+01
3.382482449701546301e+01
3.377531815659542502e+01
3.360037799852447904e+01
3.346730140467268910e+01
3.591781608058504105e+01
3.214891015464922219e+01
3.465443092678835058e+01
3.483079804677744562e+01
3.395290943394101646e+01
3.556057516446834654e+01
3.425259879815106245e+01
3.492566590708958785e+01
3.378742232303143567e+01
3.956581384660716338e+01
3.334621143609791716e+01
3.566654820670535031e+01
3.480053262057631258e+01
3.653965162380311682e+01
3.511441722605698601e+01
3.500592756842429765e+01
3.568902628284775602e+01
3.425723067193519000e+01
3.529608112765700412e+01
3.262491169659338652e+01
3.643992688820798520e+01
3.415383247050532844e+01
3.466301007620701569e+01
3.530626303402043220e+01
3.427434164892265045e+01
3.585050393183326634e+01
3.418781644994570001e+01
3.412378519381243791e+01
3.237098803121794788e+01
3.466118620871183253e+01
3.181676838821238462e+01
3.230787381220793719e+01
3.434823672103959069e+01
3.571263048765661097e+01
3.278875258190920761e+01
3.772043499864189897e+01
3.344798659142343666e+01
3.688969793670612773e+01
3.413790916884041593e+01
3.434498254286269514e+01
3.529508244820952001e+01
3.270485404242127458e+01
3.503370065275263556e+01
3.412770096731182434e+01
3.345091543826575986e+01
3.473686960794942991e+01
3.419730869320764555e+01
3.193330062988957607e+01
3.682725752279813491e+01
3.499252611637495392e+01
3.583381824900668278e+01
3.451557059726354737e+01
3.573085645412788125e+01
3.667296498067636179e+01
3.756675681847970338e+01
3.676330840081886464e+01
3.558632961973005138e+01
3.372480729056059090e+01
3.289607264686761567e+01
3.391313325368484755e+01
3.465997869881149995e+01
3.464377144360914684e+01
3.682728555435702589e+01
3.437869032947107684e+01
3.715787644676657919e+01
3.484222615761314756e+01
3.204349818657264848e+01
3.405814446689760189e+01
3.278277710924970734e+01
3.576233231628078357e+01
3.309961776244382037e+01
3.308379315138974874e+01
3.425665472812436008e+01
3.572092099860746117e+01
3.454036595241480256e+01
3.301472978210256315e+01
3.761420836354157160e+01
3.638908812464335085e+01
3.207746286562024096e+01
3.529556963958976468e+01
3.545790071511878239e+01
3.364613177094488350e+01
3.473247006094432265e+01
3.599335402990875110e+01
3.434989056219961157e+01
3.712457026218937983e+01
3.519309314738049466e+01
3.726413691587756460e+01
3.542027387930046700e+01
3.331543104860654836e+01
3.529734811579935894e+01
3.511632323373924436e+01
3.721783820982230395e+01
3.720409947600126799e+01
3.509270689265520815e+01
3.387983800961795566e+01
3.260351787634902365e+01
3.324547614874147428e+01
3.269517266851499926e+01
3.474088895711660996e+01
3.488821049220054960e+01
3.551538100490341776e+01
3.500258524401805715e+01
3.429148632432706023e+01
3.323146267797631737e+01
3.333017391131743068e+01
3.238580218184020509e+01
3.245114753933660268e+01
3.395031847523333113e+01
3.731072307482286732e+01
3.417730628462253151e+01
3.324617779391993366e+01
3.628309376120892438e+01
3.616974861161850185e+01
3.343317489343002080e+01
3.290489598034268681e+01
3.773909726860752301e+01
3.452937485265114503e+01
3.412487438439190157e+01
3.506856258949864014e+01
3.380941840791926722e+01
3.246205950640810300e+01
3.278280460353242631e+01
3.448869575209300109e+01
3.555938088364927552e+01
3.202815275384637772e+01
3.483372625990198657e+01
3.377242601593483329e+01
3.626950483431622274e+01
3.756617293994879248e+01
3.365638239044115210e+01
3.369025048447388571e+01
3.476078406644870711e+01
3.540279499848275435e+01
3.542172859453069833e+01
3.329777934160139097e+01
3.664996179773084606e+01
3.844597751295390964e+01
3.252557342127238371e+01
3.499519324766903594e+01
3.378505847294794506e+01
3.251566311276686605e+01
3.648471691886160073e+01
3.345125949774097762e+01
3.341637378459235208e+01
3.407854535117136408e+01
3.531746375298407514e+01
3.235310766891640100e+01
3.409014535837963678e+01
3.548685973206990241e+01
3.405320413163924798e+01
3.508421608449867790e+01
3.460430617263187969e+01
3.424684194228676404e+01
3.505926757539327809e+01
3.678269563925594809e+01
3.520897211886519074e+01
3.226013859404291395e+01
3.536973430880735947e+01
3.203469884723781291e+01
3.661345166374461257e+01
3.386475418139968241e+01
3.415430748472751077e+01
3.500551189806783015e+01
3.261468818787493262e+01
3.815286638059557589e+01
3.210536936252206885e+01
3.284964227789404134e+01
3.163373334065801146e+01
3.690248066461765575e+01
3.510044149123088886e+01
3.484009271649419759e+01
3.414532132057186686e+01
3.374058514873396319e+01
3.471192529840517693e+01
3.293096446449062853e+01
3.238605766676941045e+01
3.374320675196253205e+01
3.473743056688660147e+01
3.301135637105142706e+01
3.282564273372855013e+01
3.408788919334288892e+01
3.356928118376150394e+01
3.583519323946877222e+01
3.320043421235767056e+01
3.293662993835938835e+01
3.284996240682378499e+01
3.916227858233962422e+01
3.175161098862501419e+01
3.271588660658470360e+01
3.405202205108626856e+01
3.314396118713236916e+01
3.628337757889169524e+01
3.251826163673069914e+01
3.514032631570691478e+01
3.316945014351951215e+01
3.796924826657650698e+01
3.088129501605584437e+01
3.247324260037878219e+01
3.342758454451910666e+01
3.540911204012686397e+01
3.570288100668617659e+01
3.371384051436340457e+01
3.297989638402609103e+01
3.649039134967962639e+01
3.541640489899302935e+01
3.398095912220829007e+01
3.194072406975559630e+01
3.572030396041827771e+01
3.397725769442160981e+01
3.440837882249602586e+01
3.523879342899982703e+01
3.225206453498877579e+01
3.535588909802788038e+01
3.258526292814914171e+01
3.437346857381842113e+01
3.454512147613142758e+01
3.272181342773578905e+01
3.077110348872013290e+01
3.489862465532649338e+01
3.531073141712662533e+01
3.283149271006917047e+01
3.441740944239584366e+01
3.405297847259381427e+01
3.612512723911439139e+01
3.439789759171241457e+01
3.417732491626137659e+01
3.440727231378871664e+01
3.449537280632512193e+01
3.619168477874258372e+01
3.370603322593006368e+01
3.440543904271292774e+01
4.216637061122631991e+01
3.463269276915039541e+01
3.403727369549917370e+01
3.389776563236487306e+01
3.216014350895093088e+01
3.483612331878674695e+01
3.532406903064575943e+01
3.201050165223313115e+01
3.263785970810500459e+01
3.275798502478586016e+01
3.355549921864947294e+01
3.248582704599800763e+01
3.737170328571932743e+01
3.388895058875640842e+01
3.799484792951347600e+01
3.212265805350123316e+01
3.767391594313223635e+01
3.380452208748946674e+01
3.672812357128730554e+01
3.299219857762350472e+01
3.367684578235515147e+01
3.254517364974415727e+01
3.679714406676650640e+01
3.324512306972148679e+01
3.463705809902100441e+01
3.267673242697095759e+01
3.383263765535138390e+01
3.401167103919092227e+01
3.437512292631037525e+01
3.688828786504102197e+01
3.464757215795155076e+01
3.509687364044152957e+01
3.338668369001430136e+01
3.262977707073287803e+01
3.389244003048077758e+01
3.550239946965321280e+01
3.532132264721974479e+01
3.689174388107394975e+01
3.524777538079626993e+01
3.447751847634069833e+01
3.342181908952969138e+01
3.524985535282901594e+01
3.509651598542417616e+01
3.423852869434416135e+01
3.634640424320527075e+01
3.196146913704669856e+01
3.501629050711503766e+01
3.615638123393190284e+01
3.527203481656868433e+01
3.357649198306920368e+01
3.473476974758463598e+01
3.642421399206868671e+01
3.445013150750298792e+01
3.607688873810399599e+01
3.306516969559346109e+01
3.434749778438845880e+01
3.335508713484247778e+01
3.348508450898407318e+01
3.340802196715667094e+01
3.644727877452696418e+01
3.189067009886725401e+01
3.707637931582423363e+01
3.521429340118050533e+01
3.470636935381843813e+01
3.415359576490793359e+01
3.359239358239599227e+01
3.346298338996842148e+01
3.438586852034184460e+01
3.330996528959519765e+01
3.474363597758578948e+01
3.497365024907437459e+01
4.001946773122891443e+01
3.550742417188307343e+01
3.248608626774515784e+01
3.606974428282620693e+01
3.549467310771255768e+01
3.862745186718409229e+01
3.410966242929858794e+01
3.140518148730081904e+01
3.504456810425182312e+01
3.438546112822795209e+01
3.404545888306004997e+01
3.286777047581207256e+01
3.375840756787983565e+01
3.124316891589569423e+01
3.460463483109980842e+01
3.429802835199876654e+01
3.423057909557174128e+01
3.246999409084811816e+01
3.543943473819579282e+01
3.378657592093087203e+01
3.328424400146767681e+01
3.324619916808264719e+01
3.409080097084157757e+01
3.232704458408925063e+01
3.467581325827084271e+01
3.275160357498113939e+01
3.731089746145836017e+01
3.745815335857211892e+01
3.548453551131823502e+01
3.504337456252685712e+01
3.315551903117326304e+01
3.526278949185554268e+01
3.379115008671418963e+01
3.323983150253226881e+01
3.506867884494354115e+01
3.646365985524662534e+01
3.912056107871470090e+01
3.380295716903003012e+01
3.483913099660202306e+01
3.659216526473634445e+01
3.504170535579338264e+01
3.745461470572747942e+01
3.448555971559547118e+01
3.408730599964877683e+01
3.340861991363297534e+01
3.735254224265533907e+01
3.721905615456134342e+01
3.380397643396062790e+01
3.299570112233209329e+01
3.356638055693621681e+01
3.484932897774397986e+01
3.865022625400910528e+01
3.647832616387069748e+01
3.314573923154541291e+01
3.307592747270280142e+01
3.140789819029878061e+01
3.382645928913562017e+01
3.535011477633882748e+01
3.515433856703204185e+01
3.470831146384344379e+01
3.342500336584981113e+01
3.847809455304939519e+01
3.432941229375214931e+01
3.513537055591451264e+01
3.345028483861436541e+01
3.340547141817700805e+01
3.543198849988917942e+01
3.323221874342952731e+01
3.420645993755695713e+01
3.738597866266911041e+01
3.260057232297692309e+01
3.243913539238080546e+01
3.516886158413058894e+01
3.336843858134171370e+01
3.409431405419780248e+01
3.694529742949922024e+01
3.347468889360164468e+01
3.690131767697166509e+01
3.277907205569378846e+01
3.468481323159688401e+01
3.726368124038874186e+01
3.512298011859142122e+01
3.277922364824691215e+01
3.409949991139485093e+01
3.281882334441832683e+01
3.483455489802610572e+01
3.668517527609030537e+01
3.586159606768351438e+01
3.478657712578101524e+01
3.521980616649595675e+01
3.393755361078535060e+01
3.470194391261026823e+01
3.494759796275498331e+01
3.518661756759050263e+01
3.559986055474881539e+01
3.485977311957062597e+01
3.397196391927165848e+01
3.376818021285737359e+01
3.279685512523801805e+01
3.254681418176098617e+01
3.498822354630172526e+01
3.411530831616371273e+01
3.462294404700816841e+01
3.435570207800282816e+01
3.663094897432292640e+01
3.229614623543571383e+01
3.457814092934887640e+01
3.242311637115952294e+01
3.245752354601144418e+01
3.466132682041664737e+01
3.096572762081383345e+01
3.259271665999612821e+01
3.515312117466462638e+01
3.395653365340692176e+01
3.731080416922833365e+01
3.257886237541078600e+01
3.550080776849245012e+01
3.798188606989498339e+01
3.199633802045492459e+01
3.636523803477900429e+01
3.291067487064654529e+01
3.345422220740902475e+01
3.410954152123572669e+01
3.409613039660325740e+01
3.444158785073767604e+01
3.524608440159609302e+01
3.520245482032877504e+01
3.477890186220308522e+01
3.427231176160883308e+01
3.472589082048160236e+01
3.523808865217479536e+01
3.582453940391021519e+01
3.608877642274367048e+01
3.268674440620581834e+01
3.147773021696512430e+01
3.344929401260267099e+01
3.330341061016886073e+01
3.375072420149513874e+01
3.857357988100354618e+01
3.328882340986550759e+01
3.529452009976276372e+01
3.240135712042422256e+01
3.412663065920064298e+01
3.244913990938412240e+01
3.363798062329927063e+01
3.310323095963442341e+01
3.316453150154368501e+01
3.374553910027606207e+01
3.414673964328388678e+01
3.380200227862415119e+01
3.558891061121384070e+01
3.351542615949105652e+01
3.452907585749822061e+01
3.349105069739567853e+01
3.557411407732241315e+01
3.578473186745887347e+01
3.335879934922092360e+01
3.426184984543028378e+01
3.450642012444888707e+01
3.196427360758837466e+01
3.483642942841095902e+01
3.337544012697289020e+01
3.351673113420334715e+01
3.475314506366461131e+01
3.372553808113976714e+01
3.435495458610783714e+01
3.475538044774443591e+01
3.821594567619801808e+01
3.417162248835153093e+01
3.225309190541750581e+01
3.342118254999082438e+01
3.533507564907790055e+01
3.110211523422121616e+01
3.596081241397715189e+01
3.619683319606777872e+01
3.233222270894580674e+01
3.473390884707338699e+01
3.398682871778981252e+01
3.575389281151755227e+01
3.427951176750391937e+01
3.325337583985329815e+01
3.174090496207088208e+01
3.714367949487132847e+01
3.733407281496706531e+01
3.499144228794708766e+01
3.498677111571818443e+01
3.275422625236210905e+01
3.291350743065698481e+01
3.651490914033891499e+01
4.084023990020106254e+01
3.581921751709353430e+01
3.237438483598430139e+01
3.281184049874205755e+01
3.331655736497970111e+01
3.420115034755674799e+01
3.426785003403004737e+01
3.392035564999206088e+01
3.445119833479255078e+01
3.435329875669056321e+01
3.622858482232011568e+01
3.357049691555371851e+01
3.486544036282511172e+01
3.265313673683120044e+01
3.515100198437680490e+01
3.366349071447203301e+01
3.650485844453677231e+01
3.816789629766305580e+01
3.313131397069341233e+01
3.268407557977366196e+01
3.355610065885793603e+01
3.141074503620933100e+01
3.268283914828450065e+01
3.432906025310125386e+01
3.368110452380182807e+01
3.238762121185568077e+01
3.404552364044155865e+01
3.313574129191127327e+01
3.241597690068083892e+01
3.683705571266389711e+01
3.293672124432821846e+01
3.727919280674866087e+01
3.590472082995154324e+01
3.552968202610269799e+01
3.660989446453216800e+01
3.451280392566918920e+01
3.451220631969966490e+01
3.388098420218071993e+01
3.483006486039414540e+01
3.768982212528326414e+01
3.326794759774369226e+01
3.311850159897593926e+01
3.322346728722100551e+01
3.694365825018256544e+01
3.675298262353346246e+01
3.518775185511654513e+01
3.815064747728089856e+01
3.502811431004123222e+01
3.514603841586099975e+01
3.255305815570768146e+01
3.377006216932555560e+01
3.550469250031424906e+01
3.778653693112510581e+01
3.875275093203023857e+01
3.537430043328078710e+01
3.836983463068371236e+01
3.376180877782228151e+01
3.333438466385249654e+01
3.275767611641421695e+01
3.462998199655584841e+01
3.336080283289612680e+01
3.360209992637783216e+01
3.522169515062988410e+01
3.663138310832877664e+01
3.563779391361168791e+01
3.571327500852994064e+01
3.408962086251088408e+01
3.295582719820427542e+01
3.637673994273937694e+01
3.460041263677001666e+01
3.451734229561655809e+01
3.454347799797221796e+01
3.345698331170036965e+01
3.442956702762413812e+01
3.750494614659272941e+01
3.462724552057985505e+01
3.539517961203527818e+01
3.381515208835895692e+01
3.492377860904376519e+01
3.369609925146284013e+01
3.333091459288860392e+01
3.443331905189440079e+01
3.230034765758858839e+01
3.327179728893482746e+01
3.281354490407289148e+01
3.492814112574674112e+01
3.365595307961193328e+01
3.593744605146263638e+01
3.416758853353206860e+01
3.491541552917545488e+01
3.371594023657784334e+01
3.434858724253155771e+01
3.233357879085510689e+01
4.042735119901045238e+01
3.612463077374778209e+01
3.824911287782155256e+01
3.313045071931414043e+01
3.382091062454858843e+01
3.851028470074055576e+01
3.554041973498950568e+01
3.412983776081736664e+01
3.535561960621020461e+01
3.400365812357562589e+01
3.609910132542468375e+01
3.348815937732632619e+01
3.620636046059917135e+01
3.355779588496599786e+01
3.299336197310041285e+01
3.250421255720211633e+01
3.545406473034424977e+01
3.161549307099775419e+01
3.493210822512076419e+01
3.670524734604093453e+01
3.377315634288702029e+01
3.756101259168769957e+01
3.245086267356959553e+01
3.631565060634509479e+01
3.128903406489848038e+01
3.424912399554401787e+01
3.530741788953871207e+01
3.320076521330874186e+01
3.531074550469268303e+01
3.226435094794377534e+01
3.644898063681673506e+01
3.752720453221924402e+01
3.618690510611020272e+01
3.372847953240406582e+01
3.594544678558062856e+01
3.253477448956280682e+01
3.330614959943122244e+01
3.447287697866443068e+01
3.382807888643620942e+01
3.916824262452612970e+01
3.300115977688402324e+01
4.054683292115486637e+01
3.927074890622213843e+01
3.326435487459301044e+01
3.538960611868870387e+01
3.485895356377396581e+01
3.537163514206499570e+01
3.391767872338783008e+01
3.231398358893863332e+01
3.387207871275985838e+01
3.523300319594841312e+01
3.434569825112414065e+01
3.720450998249919650e+01
3.383567899115532640e+01
3.512589262310635263e+01
3.466773745848798427e+01
3.702492662871111406e+01
3.509351142249697375e+01
3.475197959539818271e+01
3.451994663895103344e+01
3.298719575187932662e+01
3.241629178273686307e+01
3.268274856311334275e+01
3.155310242443279733e+01
3.914415621058662964e+01
3.495543597358917509e+01
3.557614668627898169e+01
3.334825758940655760e+01
3.374057503262298496e+01
3.443723973686788042e+01
3.278978073554774397e+01
3.338798934469728152e+01
3.267571087680534703e+01
3.383635288017869414e+01
3.539667376134569565e+01
3.325263165718381941e+01
3.293713328491821812e+01
3.505301672724021955e+01
3.337889496348114449e+01
3.213164209355187495e+01
3.210721867724687684e+01
3.421106831057673503e+01
3.420898898462152715e+01
3.329979797587773049e+01
3.433321814117146431e+01
3.318180307087692427e+01
3.368920830312397641e+01
3.929496133204789032e+01
3.381235166130662151e+01
3.583701358093506428e+01
3.621964884365432624e+01
3.362217782381863884e+01
3.322347620060624251e+01
3.658397575981424410e+01
3.293212702358315624e+01
3.266024590554675200e+01
3.386961235550473504e+01
3.193809324773842562e+01
3.256011459013486586e+01
3.282996167253380548e+01
3.423608846947045947e+01
3.390982863610103237e+01
3.545574719057778879e+01
3.580119667238074044e+01
3.216130056453106789e+01
3.243855710130423375e+01
3.299374086496390390e+01
3.179702260952355886e+01
3.615616403262605161e+01
3.265598567790060969e+01
3.198781762872364709e+01
3.273956145533626483e+01
3.823007499539841803e+01
3.423292292694901562e+01
3.443464964007755924e+01
3.998455625314920781e+01
3.495384716267503222e+01
3.480603275317391621e+01
3.327079637472013474e+01
3.436776179825505295e+01
3.650038992995071396e+01
3.643842472235314744e+01
3.599375444840243432e+01
3.366113578050011057e+01
3.389150621321562795e+01
3.431735305658369839e+01
3.887405363874031394e+01
3.570534821168333650e+01
3.422358784676774945e+01
3.580206503328740553e+01
3.490380558675011713e+01
3.330600045289002509e+01
3.406009052340539256e+01
3.545117269381920266e+01
3.296007236662369877e+01
3.308173684975591300e+01
3.449561488119875463e+01
3.298297936363171345e+01
3.700054377578727127e+01
3.585471689209774127e+01
3.309084667036309213e+01
3.353773274253044434e+01
3.284128976653221343e+01
3.543895397192195418e+01
3.624987206102431969e+01
3.401781853747364437e+01
3.546139568756814953e+01
4.258615884540080998e+01
3.285599571893111914e+01
3.397781627915875902e+01
3.769696997165247865e+01
3.535274780096891334e+01
3.451166295261440098e+01
3.848885444458814931e+01
3.520687414220118683e+01
3.471246941920753670e+01
3.418688166711522314e+01
3.428902141235396073e+01
3.392965405281288582e+01
3.635982510884545604e+01
3.503329963518744705e+01
3.296668905525069704e+01
3.517087950374938998e+01
3.600534893400084258e+01
3.336709690674834405e+01
3.786241897494803510e+01
3.566079228869583062e+01
3.759780958165234210e+01
3.351485055086833142e+01
3.550625970525072717e+01
3.361982996029778548e+01
3.356867787307058393e+01
3.274353670729431798e+01
3.454981422493901988e+01
3.595490829216836914e+01
3.173765897164670946e+01
3.413764071818617651e+01
3.526178469245390801e+01
3.307653952475031645e+01
3.489898882707192485e+01
3.207643257873056797e+01
3.643897792337865127e+01
3.281130564653766868e+01
3.190947830675192165e+01
3.762788181610652316e+01
3.667054895620845656e+01
3.458500339648045241e+01
3.234466580928560120e+01
3.417211642106853020e+01
3.447945450998123817e+01
3.677958233239712627e+01
3.486801900127828446e+01
3.481823398289107985e+01
3.570044408178330286e+01
3.274094303073211876e+01
3.266792804636485670e+01
3.231246247908724456e+01
3.475786576127563876e+01
3.717592997672092281e+01
3.468372135727256023e+01
3.403628430439017905e+01
3.296185907518734837e+01
3.308196373025480597e+01
3.379242502229987366e+01
3.743277804995024383e+01
3.358995373901475290e+01
3.509313535013433238e+01
3.490048504071111068e+01
3.338369375421289931e+01
3.272566089843884640e+01
3.620656711552789631e+01
3.341942071012349658e+01
3.762236574416655799e+01
3.335164175584154123e+01
3.169902052177136653e+01
3.442992833906554040e+01
3.565740463491196977e+01
3.270707353645357074e+01
3.493164275565410293e+01
3.637694022546340022e+01
3.297884549466360937e+01
3.491441763515108221e+01
3.535520312346385907e+01
3.616270785833048507e+01
3.851249123575733790e+01
3.474477659843424249e+01
3.136413328058517180e+01
3.318468518694893987e+01
3.679869688797511884e+01
3.495263731079089808e+01
3.480157236066402504e+01
3.144611613142814477e+01
3.576756973589633759e+01
3.529005440927542736e+01
3.382431863698140262e+01
3.463890000105024569e+01
3.426688676629462549e+01
3.188811342814316063e+01
3.309006413078356701e+01
3.634534350748049292e+01
3.483010298054625054e+01
3.288202356637710011e+01
3.663118018019373068e+01
3.353242708528050287e+01
3.617981555193016163e+01
3.357596734229484525e+01
3.579372743431259352e+01
3.462401303655249052e+01
3.322930938757632902e+01
3.603220867814833639e+01
3.452812218827349966e+01
3.227349415436568592e+01
3.481511049710882588e+01
3.374196121478495058e+01
3.456944464859186184e+01
3.698634739680775141e+01
3.231500012206153372e+01
3.441954699951719476e+01
3.195496220057790993e+01
3.791662089850600381e+01
3.322120017206630394e+01
3.217455563932428930e+01
3.382161736072550440e+01
3.803663649536815683e+01
3.566984606561882032e+01
3.733606960417951370e+01
3.577405141639410857e+01
3.817558351755968005e+01
3.736323624385588005e+01
3.265435098270470604e+01
3.377346707051047758e+01
3.364636993338788074e+01
3.741444925020769574e+01
3.233829528603748571e+01
3.529517696531830495e+01
3.476856420367455058e+01
3.367625381962481868e+01
3.540849191450518418e+01
3.703850544519425370e+01
3.492860265749461490e+01
3.342984864390162869e+01
3.498002538680926676e+01
3.431800288601989735e+01
3.217305013239639777e+01
3.884383365483159167e+01
3.241514224389676713e+01
3.330382570690424870e+01
3.435551419519792660e+01
3.456513949480086723e+01
3.416058162313183999e+01
3.411626429841484054e+01
3.364685757651403009e+01
3.389526655117280285e+01
3.489695631577096435e+01
3.417409259897026885e+01
3.514025000492381423e+01
3.168086498777138260e+01
3.680959810744122507e+01
3.489206357423697824e+01
3.370679711182177130e+01
3.776001674616888693e+01
3.271692828109944884e+01
3.212528846417070838e+01
3.366839470910340282e+01
3.473819895263262936e+01
3.663501912050018916e+01
3.565909580829320902e+01
3.568265970958039190e+01
3.265845928185174074e+01
3.582499865944644313e+01
3.504772084691422407e+01
3.363009270533563466e+01
3.315037867608190680e+01
3.548490034034087870e+01
3.946108360079028898e+01
3.586473567873060375e+01
3.485089431838162710e+01
3.420652468697452520e+01
3.580375339292745451e+01
3.422335068910437172e+01
3.418120693704906188e+01
3.705616083252554915e+01
3.596260146081976927e+01
3.524738076556953814e+01
3.295860322829000211e+01
3.436346879780124652e+01
3.467403767629738809e+01
3.274686338001320252e+01
3.423996638964869277e+01
3.177662438622604313e+01
3.526926954644760315e+01
3.415867405668090129e+01
3.538991077346516789e+01
3.376381278059411528e+01
3.629331349419612707e+01
3.468439961765123059e+01
3.690989188898443984e+01
3.500624145817165100e+01
3.536171908605808056e+01
3.267989156287289632e+01
3.392098995921763560e+01
3.101753848600829144e+01
3.253237569347076885e+01
3.348350232310223618e+01
3.269697892258383831e+01
3.294178722202290288e+01
3.846780911939771386e+01
3.642674018905985633e+01
3.479835737396119555e+01
3.313703941837458444e+01
3.369705225071954402e+01
3.205571907338573112e+01
3.273882512184992777e+01
3.741261807649473781e+01
3.406386650348442657e+01
3.598339033388640473e+01
3.393074499780225040e+01
3.379267021875712373e+01
3.553494871633208874e+01
3.338869462138051603e+01
3.515572372805466728e+01
3.394298930948350801e+01
3.491974313451745360e+01
3.364997901845308803e+01
3.335831644057192591e+01
3.361688568380822062e+01
3.629771715660144338e+01
3.754024599421405384e+01
3.802899100160590251e+01
3.407727766417006876e+01
3.512073912506245676e+01
3.278396430804977513e+01
3.756275870712443776e+01
3.366490651064226114e+01
3.420207032772737676e+01
3.572389266532523777e+01
3.305971331382306033e+01
3.349208936743687559e+01
3.861555739580762037e+01
4.165068955418104935e+01
3.481346954341427136e+01
3.168507833927257522e+01
3.507626635833947404e+01
3.426045988981839230e+01
3.236580591077910185e+01
3.304850661267843037e+01
3.570400838170743185e+01
3.919385002421275033e+01
3.519802737270190107e+01
3.473083129155919835e+01
3.307836703715474869e+01
3.418248839778256354e+01
3.377297152760974086e+01
3.472530715990295391e+01
3.407040702088877282e+01
3.302049302120584429e+01
3.535407504171200799e+01
3.648931910480889229e+01
3.304945553864630625e+01
3.200732484615435425e+01
3.271229733039150744e+01
3.519776204188286783e+01
3.400840358017124743e+01
3.382695035854796828e+01
3.368497286015254133e+01
3.224534069257565960e+01
3.158951143538434536e+01
3.515378812218520466e+01
3.289533564261535759e+01
3.228186589739030410e+01
3.598913750681669654e+01
3.404301909709796092e+01
3.433725489928512076e+01
3.758255290032499119e+01
3.358257229280338407e+01
3.411381726442941442e+01
3.506282215216165810e+01
3.994480297395602975e+01
3.242218865445668996e+01
3.482091106967924787e+01
3.335586360338294298e+01
3.397148692626998212e+01
3.676799482342764946e+01
3.565088870926577869e+01
3.808916190983871530e+01
3.573876412554974991e+01
3.736966885321512422e+01
3.305059568289027538e+01
3.590913307016100475e+01
3.460084914746630602e+01
3.350931700773485744e+01
3.605039431853970200e+01
3.605384296994511573e+01
3.729970001980618122e+01
3.340073055251901479e+01
3.602648960156649594e+01
3.483730730053373037e+01
3.313357265010737507e+01
3.626640008437408369e+01
3.360780742402627652e+01
3.348865522874471878e+01
3.243872306504130165e+01
3.359678612686268906e+01
3.402293082618860609e+01
3.395150331139473820e+01
3.502194841996190888e+01
3.502493251370483307e+01
3.442693370125450514e+01
3.385931765944859961e+01
3.252568152123146206e+01
3.842551556447114791e+01
3.631866726043845972e+01
3.242533618188863187e+01
3.290329361460161550e+01
3.913037185700716947e+01
3.272437290934082199e+01
3.561226927474313442e+01
3.655715732264799556e+01
3.845387527266320404e+01
3.826344362361336948e+01
3.395188189667222645e+01
3.209802139413397271e+01
3.321253742388274333e+01
3.482003214647424016e+01
3.434189251352555061e+01
3.425197999685585870e+01
3.399824964271783756e+01
3.542528767258622935e+01
3.304841826292378926e+01
3.233580204173856742e+01
3.401978620049301583e+01
3.389024598992691750e+01
3.280062986299191863e+01
3.571288389636636396e+01
3.833689689699611591e+01
3.388030342728926314e+01
3.076025536934416138e+01
3.333464772673812604e+01
3.644376377840019643e+01
3.458028635933883521e+01
3.456221275014105743e+01
3.278131935155659704e+01
3.581416245306542123e+01
3.336261646932679525e+01
3.432653408012590290e+01
3.559907144283163660e+01
3.398646672616763453e+01
3.578210144878123344e+01
3.456322267360656042e+01
3.520155576253524288e+01
3.415590065939746012e+01
3.513191474426995597e+01
3.687578350056562471e+01
3.768944010009319356e+01
3.288498357803560168e+01
3.260500702375880877e+01
3.364644529100669246e+01
3.746906582901361560e+01
3.812835884856697533e+01
3.363329421891759097e+01
3.425897275542671139e+01
3.516355086082722892e+01
3.489147689832321930e+01
3.506725057210247343e+01
3.267806928733524074e+01
3.681617535330258306e+01
3.501119487976985312e+01
3.798469434615810769e+01
3.376181173942305946e+01
3.290577443595610418e+01
3.536494018080026080e+01
3.523404238388439325e+01
3.248685292890905885e+01
3.344439864441740440e+01
3.181997759115022006e+01
3.272340514798400335e+01
3.346030531720420953e+01
3.577063356208748246e+01
3.373212128799495702e+01
3.379054094535967323e+01
3.605571747039501673e+01
3.307046183230012559e+01
3.972351717594147402e+01
3.462634063426300202e+01
3.320693102971971200e+01
3.439871371363560826e+01
3.422865193375122317e+01
3.459529092048432375e+01
3.386329677614067890e+01
3.291672779007030414e+01
3.204824621378721616e+01
3.304061840124186489e+01
3.420253146532973432e+01
3.284903961150337892e+01
3.332940891632352987e+01
3.527646706195622528e+01
3.260255871480225665e+01
3.232343715425065511e+01
3.415101727292164213e+01
3.073899084126212600e+01
3.445874013235448530e+01
3.656399636889796767e+01
3.394863400866809400e+01
3.622417828055951361e+01
3.721999439614132399e+01
3.343102472921971469e+01
3.915504219627983673e+01
3.598108969205186014e+01
3.318534374509549423e+01
3.416034239079349533e+01
3.468494650730033158e+01
3.399793962346888065e+01
3.662936185729074623e+01
3.456280143659009951e+01
3.392855927096277213e+01
3.432901049826084261e+01
3.481342279742897716e+01
3.505523884256087541e+01
3.578109473577741539e+01
3.466451828432820292e+01
3.541740226188869656e+01
3.338893087946315319e+01
3.372685701522972579e+01
3.743796294001143821e+01
3.366813747770561349e+01
3.562651611009674468e+01
3.198654234053226375e+01
3.273300087065835129e+01
3.638301785935964716e+01
3.555517372083181016e+01
3.424814688598436874e+01
3.207353150433716138e+01
3.385189244901982164e+01
3.415930669715716306e+01
3.506110817455431317e+01
3.201000845459627442e+01
3.850484347471347490e+01
3.365067133836470958e+01
3.433765364034640299e+01
3.250883582685064255e+01
3.406759738050515551e+01
3.406256037814623028e+01
3.196186492390528855e+01
3.482225515605105670e+01
3.428804445293764047e+01
3.479089280202625645e+01
3.336742031890344862e+01
3.449648438472824807e+01
3.458820823188089832e+01
3.244518876878814950e+01
3.597161613712137296e+01
3.388867323584638314e+01
3.280307112926058011e+01
3.234815366387403657e+01
3.584954469836083746e+01
3.473086216628436773e+01
3.626053434630290440e+01
3.665525046532887643e+01
3.595542388593011651e+01
3.584578175613804518e+01
3.579694796686877822e+01
3.551677175008503440e+01
3.385848234548397073e+01
3.476792402809185489e+01
3.720212430306548157e+01
3.325256158900508296e+01
3.282424431818215993e+01
3.217122800359192780e+01
3.410915673544726445e+01
3.469785152623110491e+01
3.084448434918180837e+01
3.337937377075695622e+01
3.160738217526791871e+01
3.465517602222172400e+01
3.327735741569477312e+01
3.384374698151519567e+01
3.356998592804153958e+01
3.269697100106552057e+01
3.294189595072189292e+01
3.410409826106751296e+01
3.845249364481578169e+01
3.343817266729337945e+01
3.257467133754767730e+01
3.850877442084281910e+01
3.615641478684975141e+01
3.492949067759227688e+01
3.498139571800962955e+01
3.387878468431271983e+01
4.236784682792892909e+01
3.257432514738857066e+01
3.328698578705997591e+01
3.234931989392904228e+01
3.504978119888060206e+01
3.298342592885283153e+01
3.283270281554181480e+01
3.722245136715124403e+01
3.545320409849590959e+01
3.236965397378644127e+01
3.605355616294288978e+01
3.453851997183769384e+01
3.475728968843299782e+01
3.466695176247849730e+01
3.363446866999515095e+01
3.393506186912061651e+01
3.308750160168923315e+01
3.398615163560106112e+01
3.361312833540591782e+01
3.395409686865575338e+01
3.375373799403003261e+01
3.230770417395258676e+01
3.453795077780524281e+01
3.617168810453232197e+01
3.761556741124945802e+01
3.377665056857243542e+01
3.649491153105689989e+01
3.422014791917261789e+01
3.558756050153527895e+01
3.241471703970479012e+01
3.357906170051692385e+01
3.811493083076594246e+01
3.779786998011073962e+01
3.403049322785003739e+01
3.494955923443799151e+01
3.388609997667821716e+01
3.674419026197371352e+01
3.691024544975842758e+01
3.629592671666024017e+01
3.341145444797506059e+01
3.440553743975848988e+01
3.176497002085767818e+01
3.712513886165648813e+01
3.341806133620521990e+01
3.535099823015796972e+01
3.314083088266061594e+01
3.352991363677669057e+01
3.337067564360869198e+01
3.349980244889012937e+01
3.461391841202453179e+01
3.304529507850737247e+01
3.497052152830327287e+01
3.308627820980053968e+01
3.496739703854195369e+01
3.663861646639579561e+01
3.391095123244135578e+01
3.689741458524614615e+01
3.497412974441080280e+01
3.786101835952296568e+01
3.485563431816016333e+01
3.649683674211351558e+01
3.598420717593686646e+01
3.559973456599989561e+01
3.367315002439024596e+01
3.645730560788869212e+01
3.295398161364701650e+01
3.838600951696329133e+01
3.292443093695226963e+01
3.291725045914849090e+01
3.457386756938389993e+01
3.104316097655749118e+01
3.147424930976127300e+01
3.427237697984354270e+01
3.563719693690456580e+01
3.285528759508050456e+01
3.443727700802546110e+01
3.865195650457904009e+01
3.896478817577639120e+01
3.430107930479024958e+01
3.445777911147602879e+01
3.488520723960551351e+01
3.225112054404235806e+01
3.265564822099473474e+01
3.690356977938876071e+01
3.614107108679861824e+01
3.649982324553295854e+01
3.622723724066801054e+01
3.290819299879537851e+01
3.198838901281277458e+01
3.367921246212915776e+01
3.319034527020090763e+01
3.323340630633930459e+01
3.230260973481345843e+01
3.462118109803981270e+01
3.290568143039845239e+01
3.404765705257457853e+01
3.251768302803305488e+01
3.476247114247105685e+01
3.501164087609663511e+01
3.544838158665568528e+01
3.219443331374712614e+01
3.242991529303333209e+01
3.396299083926059836e+01
3.351593634604567740e+01
3.422611312138378992e+01
3.408550272560799499e+01
3.449907390650797367e+01
3.312973750754213142e+01
3.349956177551955960e+01
3.262145708218633899e+01
3.300195843427968612e+01
3.496549143843214580e+01
3.370795060088663320e+01
3.392442269877522421e+01
3.366704395212038037e+01
3.339575722276409664e+01
3.294530106975386019e+01
3.383208086524166447e+01
3.313748023817429811e+01
3.698466443695213002e+01
3.400928967849174001e+01
3.849591727857696810e+01
3.470711859381288633e+01
3.468151915349872638e+01
3.376791606731075746e+01
3.203686757465627721e+01
3.250742943526734763e+01
3.484995421144617467e+01
3.272716455711569239e+01
3.423934712264422586e+01
3.645098905741885886e+01
3.161886670860247506e+01
3.530930933285168294e+01
3.617565683976405211e+01
3.172582285054994955e+01
3.359709294211450015e+01
3.587512067813015904e+01
3.259406617708902587e+01
3.422936589633948046e+01
3.160518387461798540e+01
3.137328483545062952e+01
3.380620070239353936e+01
3.263394708223660245e+01
3.954584569267756677e+01
3.336075494181525869e+01
3.124285919170813486e+01
3.247047195759530780e+01
3.221895308898137955e+01
3.184306047404285778e+01
3.408794636924385202e+01
3.473379714836415388e+01
3.324589104012402174e+01
3.754378996048915695e+01
3.911721561146492832e+01
3.298286106071915214e+01
3.492935737744357994e+01
3.727417485543936237e+01
3.560810630571454283e+01
3.013146696719298845e+01
3.428002428706398064e+01
3.724122627946119479e+01
3.530257273942625318e+01
3.425458004500617903e+01
3.435477097174663186e+01
3.308424894961452623e+01
3.613832912355756122e+01
3.385506796137300256e+01
3.279017602063871095e+01
3.384513710712236900e+01
3.819734619376873042e+01
3.567897425989998794e+01
3.497049130320142751e+01
3.632653304384246695e+01
3.388266347679431334e+01
3.511565172928715839e+01
3.306504331142406272e+01
3.318024237802065102e+01
3.658651523508579118e+01
3.676069199540621213e+01
3.683238938538056573e+01
3.158021043115578053e+01
3.332361797934630232e+01
3.548600849050880868e+01
3.538207067947234918e+01
3.223942589094043143e+01
3.880335110130828014e+01
3.369802523410180584e+01
3.306197204810419521e+01
3.524157600382493882e+01
3.717197786402215343e+01
3.753892940268815437e+01
3.532210744574734207e+01
3.814443664021160174e+01
3.544531699307349015e+01
3.551514641761391289e+01
3.550642033297687306e+01
3.402171982414552787e+01
3.247795639180117888e+01
3.301430294178928193e+01
3.684172402729183915e+01
3.417940278905614093e+01
3.267187371916707406e+01
3.426296842749846405e+01
3.368383603382790170e+01
3.785211327023708350e+01
3.282544127417017421e+01
3.570131326181125075e+01
4.000413815407146245e+01
3.289585632081713840e+01
3.288523870323687959e+01
3.253256139332592056e+01
3.212218762585556675e+01
3.386471297859426954e+01
3.377536989191279559e+01
