theta_jn
7.482059600977034597e-01
1.170228910677643563e+00
2.368489891974203954e-01
2.741406019850296083e+00
1.866104395549707196e+00
6.504623662354860336e-01
8.915496188574291159e-01
1.417103486448499039e+00
2.997140076189292124e+00
3.818955982091302714e-01
3.584908839099557598e-01
6.508809981936288791e-01
2.347369341516699404e+00
6.757470446267215269e-01
2.594601033257535772e+00
7.095494363824338402e-01
2.374929374258677672e+00
2.328388744992464954e+00
5.253857267611455883e-01
5.752934277333834334e-01
2.418623836457881371e+00
4.607572706960629261e-01
1.561644146519280296e+00
8.576478662181278301e-01
2.600504416283736742e+00
2.581018867979190556e+00
1.000825576984707421e-01
5.805449968980472830e-01
7.166217549239684015e-01
3.807809512668514640e-01
1.065069139061455505e+00
1.244537090232091137e+00
5.238669706215335342e-01
7.814947843557437102e-01
1.623698414913060217e+00
3.025134437656101127e+00
2.187918497802705531e+00
1.152232620715571310e+00
2.819852116439436784e+00
2.521075511283850101e+00
7.278869202328378529e-01
2.908076755517641665e+00
3.371847735864281215e-01
2.195774239808799544e-01
2.358002783841695038e+00
1.601638499670706040e+00
5.739894673081892273e-01
2.483915987501834621e+00
2.477552979790226484e+00
1.231257363664837401e+00
1.605138703520638366e+00
9.319709492456208499e-01
4.321746540124794533e-01
1.587474216684151562e+00
2.690687795721139253e+00
6.899862148783423299e-01
9.733311411549802061e-01
4.062985761578670751e-01
1.199879790774711408e+00
1.942422769735354438e+00
3.004845039270969131e-01
8.923286323566198552e-01
1.712070493711619790e+00
5.257230040220293166e-01
2.757550843096359561e+00
8.398752687682190521e-01
2.555339505669999234e+00
2.218631298773498184e+00
4.665340884719694770e-01
2.587218094118359790e+00
9.942292270896051498e-01
1.666903505280715514e+00
1.886853634864182450e+00
8.903713523116389972e-01
2.630530239480179944e+00
2.210937268220438123e-01
3.837307680955081568e-01
5.645630082087536028e-01
1.024858611390226049e+00
1.513636056205642122e+00
9.576378606272436533e-01
6.879159386944047050e-01
7.334625589906899057e-01
6.467903257252249904e-01
1.329787191623742704e+00
1.611316868211269737e+00
9.168862244211567480e-01
1.326447104248687614e+00
1.016525047327055509e+00
2.875411202328401750e+00
4.714525668754980248e-01
2.390422851499885759e+00
1.770895487461713991e+00
1.909580093205487161e+00
1.742882253022857153e+00
2.668577286640757329e+00
2.817044225689594228e+00
2.515639324600936089e+00
2.736231533657692783e+00
1.220513242437406110e+00
1.050601730529099997e+00
3.930250198002717132e-01
1.474771274724774761e+00
1.197199066002464507e+00
1.415243188548200637e+00
5.019632933834817790e-01
9.172483592603828395e-01
7.608755595651579551e-01
1.306741895779052198e+00
2.238466605605585524e+00
1.616937353644931630e+00
5.361632833218001881e-01
1.176675206154105702e+00
5.143994125279371943e-01
2.315468908442362306e+00
2.799954618076623269e+00
6.371971967870884157e-01
2.185403625549874107e+00
1.425551394382401416e+00
6.835958580672277796e-01
9.889033465164606129e-01
3.017247642691812004e+00
1.287334801815559926e+00
2.405695570016131435e-01
2.748460002454186313e+00
2.887953471085303203e+00
2.568560742861351276e+00
9.464663870850174021e-01
1.199543226940003926e+00
1.850370736104244074e+00
2.411724547511764349e+00
1.028974869271915837e+00
1.545681482641608984e+00
4.765742927779432203e-01
1.171821944730179199e+00
1.393514944152636215e+00
9.946968995264241498e-01
2.304788678313137051e+00
1.516863988553902365e+00
1.022687650271506099e+00
2.812461958515476201e+00
2.369300027677724962e+00
7.774278022679546041e-01
2.322612047533916702e+00
7.853540795342506264e-01
2.069613877116267542e+00
5.328032390537209562e-01
2.067400883634614939e+00
1.146007781007796211e+00
2.535330747827848619e+00
2.539412872988277670e+00
2.256251769654988859e+00
2.325241510702073633e+00
2.719515660754464825e+00
1.683728409473555621e+00
2.056479439226664319e+00
2.639704102472711256e+00
4.658491525102900210e-01
1.986292940035364829e+00
6.696806236475691954e-01
2.967408623552494795e+00
2.707989743294773710e+00
2.598530004594928666e+00
1.560181157505543093e+00
8.108564949998658955e-01
3.069400845107013609e+00
2.395243337808002082e-01
9.647312363031758098e-01
2.316355194280412533e-01
5.818730832913109330e-01
2.766052260840474286e+00
2.442392457368479430e+00
1.198984304053479999e+00
1.477997388880150309e+00
1.096842650679482611e+00
5.791129111324906376e-01
2.612118583797496396e-01
2.800987739207411842e+00
1.164641446945575920e+00
4.783086292324655875e-01
8.176678690310393849e-01
1.687545490705398832e+00
2.334465769576664851e+00
5.876657589790369451e-01
3.772866935370084995e-01
2.570803771909003110e+00
1.841898397336417137e+00
1.174072856283944644e+00
1.652396362762218240e+00
1.074051336907686727e+00
4.766549225950225122e-01
1.754484493883844420e+00
7.177127474375051275e-01
5.305053465611708763e-01
5.993734219247559558e-01
5.238409886179602459e-01
1.549902259656533277e+00
2.364291373357724879e+00
2.215294873322100511e+00
2.799319482522104607e+00
2.215244276100440945e+00
1.051800777133494735e+00
1.901413092382534309e+00
2.335628309268598990e+00
2.160338951709963151e+00
6.027380201315536423e-01
9.902578756178738173e-01
2.168055690530013013e+00
2.057098208281923579e+00
4.125592264286552791e-01
1.652124653275307109e+00
2.730168542910928142e+00
1.392765180798391400e+00
6.929440339754541212e-01
1.862451141169556790e+00
7.009225846058051435e-01
2.811957768227866250e+00
2.764062435547247176e+00
1.802975012483168715e+00
1.363438363462079916e+00
8.776084075762472514e-01
2.591474884497813047e+00
3.075753042910994495e+00
3.062590213326171984e+00
2.688559663049702841e+00
2.355112779606196582e+00
2.178808153491393007e+00
1.056868404149442497e+00
1.826118439658119597e+00
2.550990266525809513e+00
8.240439886829038496e-01
1.257524351134356344e+00
1.271395533280832213e+00
1.888762437533526350e+00
2.816600885701614487e-01
1.357682788255867523e+00
1.977974173687490289e+00
1.271292541176017421e+00
3.048805719345803578e+00
1.370599511706608098e+00
4.137865197900695846e-01
1.462286876446710959e+00
1.202889503495456092e+00
4.996736355914265792e-01
2.051844060827758554e-01
2.811875242895924387e+00
2.531591507217156423e+00
9.352272875013888376e-01
2.371614001750739220e+00
1.270205371226159397e+00
1.266912246054415547e+00
2.867031391042054178e+00
1.285039821313999964e+00
7.712953268608578883e-01
2.930695819789488787e+00
2.474274670060901737e+00
1.780571812230267170e+00
3.158360637268607385e-01
4.660538370446017931e-01
1.812696013279351259e-01
1.980360003753976805e+00
3.042896855692088565e+00
1.144563041923735813e+00
2.560444850364818503e+00
2.696713278391264179e+00
4.737775498984769240e-01
2.847421551547625995e+00
2.626325634169214829e-01
1.077366614501177544e+00
2.603454208840356721e+00
1.968638901475536773e+00
1.317379978466018509e+00
7.657825802236221113e-01
1.176216534516224765e+00
2.536458353668095134e-01
3.532663391640791239e-01
6.006615230336163069e-01
1.863322828747995263e-01
8.822266555486224515e-01
2.007582978660142015e+00
2.137973516084103576e+00
1.938109463058132809e+00
1.672910100261454369e+00
1.345976726912192722e+00
1.452332690872844445e+00
6.918454472789790088e-01
2.462761846668420684e+00
1.753489257592858674e+00
9.153001767107440401e-01
2.323956078082016763e+00
1.994145909755530743e+00
8.298671031304341028e-01
7.539209890417125637e-01
2.677000413511648191e-01
1.588702650167751196e-01
5.678201008717675968e-01
2.074328172575131024e+00
1.600300752968121021e+00
2.243979100927283810e+00
2.142611168594112936e+00
4.064509881749926445e-01
2.362654900374607791e+00
1.492996034606021150e+00
2.788526148467167065e+00
9.727905898411666197e-01
1.586656531279826643e+00
1.672424698522956721e+00
2.506147397903116136e+00
1.847266416834974390e+00
2.176032487584175890e+00
2.090277076036637371e+00
7.407326003821042004e-01
1.107424681234071562e-01
2.348959814927814360e+00
5.339152523700788633e-01
4.118354092228489471e-01
6.954590212470361799e-01
2.095165504349274954e+00
5.488587731092040567e-01
2.092242068908169550e+00
2.188294427742256687e+00
2.856803807789687788e+00
1.381379626729815957e+00
2.762094628925724660e+00
2.498764057853374521e+00
2.197372529460776658e+00
9.011116024360064092e-01
2.797797387040320771e+00
1.036803065465892848e+00
1.414000207027932277e+00
2.398541215346382316e+00
1.358459968661058337e+00
2.524196859819395899e-01
2.759061779938918768e+00
4.018645966881098652e-01
3.907643074091318725e-01
7.480367103226637226e-01
1.992104573464487993e+00
2.617292918334732210e+00
6.467220119830550118e-01
7.285181520013503942e-01
1.074474132898892265e+00
2.991620099111229059e-01
4.990172287517953276e-01
1.570619209220084356e+00
1.996590924188939908e+00
2.654847052920796369e+00
9.850438333825332071e-01
4.557232010514855047e-01
2.299975104780655144e+00
2.655273070959976778e+00
2.280861347469549383e+00
7.566179198541248541e-01
9.783547538562139545e-01
2.596983552805591788e+00
2.171578338507667905e+00
1.320233722991321912e+00
2.393588833803905302e+00
1.997017261016028833e+00
2.338644600026091425e+00
4.828472663737318760e-01
1.983976923971773498e+00
2.382823136945238840e+00
2.826346586971146824e-01
8.230897320623914437e-01
1.708111269494149820e+00
2.571305220062112817e-01
3.570866681527212760e-01
2.524954581677922416e+00
1.584609190247166843e+00
2.260465143970415092e+00
9.797622627076020274e-01
5.052383004165126312e-01
2.157119129956614145e+00
2.047450361219480985e+00
2.498307777736104462e+00
5.621597251639923187e-02
1.866253644796372013e+00
6.947676371497184533e-01
2.239983589238080164e+00
2.519423066866028016e+00
2.138919343523531247e-01
2.605309894175560359e+00
9.181433059985464329e-01
7.913368954912609610e-01
1.213404072266047296e+00
1.629009756388313024e+00
6.007756058428628254e-01
1.279788028194751126e+00
2.218505710836549127e+00
2.359624832466991506e+00
2.295047261817448891e+00
7.325481653738962207e-01
3.037484452594763962e+00
1.955181931390579941e-01
2.432412731218206225e+00
2.595874696862455200e-01
2.445302106503428163e+00
2.356805071394054985e-01
3.632717632497718951e-01
2.383371292984389100e+00
2.775624304386962837e+00
2.390158000918764625e+00
2.526614321155924880e+00
1.691474742037243573e+00
6.592699829766898167e-01
1.961225172585609577e+00
2.342066305440719809e+00
7.166736798789629104e-01
2.344782249522570527e+00
8.387792287404300939e-01
2.143249950557376771e+00
1.795919298571820200e+00
2.229420226878270128e+00
6.222095311150211971e-01
1.232951836925581635e+00
2.464172799055671881e+00
1.053454746735883907e+00
1.125469784254103489e+00
2.273451037925664053e+00
4.566352525034823029e-01
1.180357961720244209e+00
1.228170867177995840e+00
5.685178647936197649e-01
4.023859274702816791e-01
1.845761349719016453e-01
2.599732781135825732e+00
6.424865729429677375e-01
8.764437687361701368e-01
1.329969723973381646e+00
7.797966711377422033e-01
3.686181323394003839e-01
1.081863097986833555e+00
6.447204935500244760e-01
2.571245587253307541e+00
1.132678897403976093e+00
1.626332868577162083e+00
1.541531916181221318e-01
5.087865289120333534e-01
8.117382926131780918e-01
2.404383736028186114e+00
3.066809817651474201e+00
1.407119495079917904e-01
1.929155620278564021e+00
8.004613219597821461e-01
2.651166754553864191e+00
2.788149345999228590e+00
1.853318542979126349e+00
3.634187415277337352e-01
8.592161584519595330e-01
6.963727449953045490e-01
1.264554329084088380e+00
2.902115226579224938e+00
2.444061946523859774e+00
9.197181504540408170e-01
1.435168243348356798e+00
6.970809036083243093e-01
8.563206032758410302e-01
2.027351775545983781e+00
3.688635006118114457e-01
4.024781644339217035e-01
4.944079353447832226e-01
1.101838053713659393e+00
1.379810964036281007e+00
2.320605212438180853e+00
2.577952716842546455e+00
2.407564207732427963e+00
1.869938696648032694e+00
1.493132431514429426e+00
1.820639214905569236e+00
1.218141294666975405e+00
2.267845477642502328e+00
9.102377363910767460e-01
2.731773883769113009e+00
2.793101186189749008e+00
1.840382390622443964e-01
1.119053430289645101e+00
3.000277389154440755e+00
2.422986305610288493e+00
4.546790216848892174e-01
1.164544872060763847e+00
4.531342046967716253e-01
8.976270590818009598e-01
9.453013649990346101e-01
4.395340593093745585e-01
8.084204586371493972e-01
8.570284395471281513e-01
6.006061814888209449e-01
1.691569616587917269e+00
6.424908199599045355e-01
7.117804279790949096e-01
2.165354354438844720e+00
2.629920875565594951e+00
2.562987817014748870e+00
2.635385109729170061e+00
2.097992481969606970e+00
5.393386958332474501e-01
1.043899270315451266e+00
1.858179999014719641e+00
7.805591411847581096e-01
4.682621437487701765e-01
2.871005481157828054e+00
2.252896265625510708e+00
2.817343242146087778e+00
2.613211648420488142e+00
9.831226005352627917e-01
5.413155908137170513e-01
2.553812299668872132e+00
2.174988487541607007e+00
8.963015427787053291e-01
1.615988791894379828e+00
6.889332528341354234e-01
6.956096835897487285e-01
4.490216566272337562e-01
9.486707917018112335e-01
5.739340115469392378e-01
4.102986736265016865e-01
9.950778835319924465e-01
4.268537197280379836e-01
1.193509106068586068e+00
1.096206377435118062e+00
3.851288290334742292e-01
1.632173040577777900e+00
2.833770404045600877e+00
2.771463322370379512e+00
1.357651198855315711e+00
6.313651461926249597e-01
1.224778554135751013e-01
2.074454867678638514e+00
2.092494178755239798e+00
4.580436229724901831e-01
2.580908563019118418e+00
2.723472464064319309e-01
1.710470497556062508e+00
1.120239101278228455e+00
4.486334108156619926e-01
2.721317162443979143e+00
2.832877379395742246e+00
1.419956288126273503e+00
2.761778291777687855e+00
4.666462153769144194e-01
1.269723356611305309e+00
1.238223830250277491e+00
2.729041857795348136e+00
1.588447884163513235e+00
2.904430362834791168e+00
1.053109321278022037e+00
4.721836953479972010e-01
6.134350366501658547e-01
2.951054594971695977e+00
2.451581951432479478e+00
1.429494395725362077e+00
2.157429783844001747e+00
2.195648998690970188e+00
4.481803050327241023e-01
2.526951151585168809e+00
2.806492708962904370e+00
4.012860682720559846e-01
9.450232224116672519e-01
5.319717329486993718e-01
2.673453191662064299e+00
2.154313212567159908e-01
1.787721854086546713e+00
7.612009801781649543e-01
2.266894789655523379e+00
2.574650337687832913e+00
3.129478861915034216e+00
2.510249794775549326e+00
1.702336549031637114e+00
5.559216421481185666e-01
2.558718060018201346e-01
1.064957153618869112e+00
1.694430786345172857e+00
4.477281707562733026e-01
1.447244465571003502e+00
1.158784429982280262e+00
1.320201187629681527e+00
4.261138855147829085e-01
2.312286985943284190e+00
1.383753873327139505e+00
2.190299703319804170e+00
5.519611416085593580e-01
2.110900871942460011e+00
9.343028963571800016e-01
7.554617203526554914e-02
7.516254529374295501e-01
1.309662152193686868e+00
2.240311082349690341e+00
1.178739220469859905e+00
3.422627139668711349e-01
9.624604138978259948e-01
2.205848966302443870e+00
7.906179564759994172e-01
2.624813867632651121e+00
1.023531761904715953e+00
1.318412015910440438e+00
3.663599797295361005e-01
8.927097403287121979e-01
1.811474367130085694e+00
2.640200380745981068e+00
2.022758662839826194e+00
8.609507677977296103e-01
1.046032696021102826e+00
1.523986719621486463e+00
9.873499234924212331e-01
2.340109124799206963e+00
1.932332873016666897e+00
4.819263424037111831e-01
1.248044659447119065e+00
2.060742817034950214e+00
2.626695581613652797e-01
2.265414265153504747e+00
1.589352263166179391e-01
3.713522723672600945e-01
2.578954916910841000e+00
2.360324076559854323e+00
7.334585493275189716e-01
1.857661624602690464e+00
1.978948141946024419e+00
2.351877331906110147e+00
4.844270020093395801e-01
1.948422318174628742e+00
2.695511416478956868e+00
1.329545928323873527e+00
4.054961408573633519e-01
1.041949530395824414e-01
2.639409616713781048e+00
6.648188747240065810e-01
2.458042661480297042e+00
2.539653680436244176e+00
2.351625413048184843e+00
2.582691482250043968e+00
1.809351877950443888e-01
2.817301935634854426e-01
9.254754483888931738e-01
2.303203827449112673e+00
7.566180683764504034e-01
1.504543232778883688e+00
1.316838099052192401e+00
1.730557339064326738e+00
2.709201583361606769e+00
3.015019275837302448e+00
1.504768081087060505e+00
2.601613595192895811e+00
2.823381010040928007e+00
2.415595902970396835e+00
2.078587625572861697e+00
8.453237452562134546e-01
2.547405302210382860e+00
1.233825297118487097e+00
7.402091557967650504e-01
5.355616950867195802e-01
5.920410859538928205e-01
2.413024999743305088e+00
2.994854951539380306e+00
2.265246123315509674e+00
2.614559229406412832e+00
1.939973368287868816e+00
1.074466891185623441e+00
4.402873900067770796e-01
2.726329968481221666e+00
9.756033493387800126e-01
1.468356379666963640e+00
6.999185707754005392e-01
2.962753749487053501e+00
1.373322456597871666e+00
5.257997006937084050e-01
6.216957283493553810e-01
2.247229860404604374e+00
4.045894196515987806e-01
8.253005667329506023e-01
1.069295239941035147e+00
2.403876995587940435e+00
1.174293647436637666e+00
5.016534303117310412e-01
2.210287188493545774e+00
2.868983909344211547e+00
8.111351663776941168e-01
2.199695802876105333e+00
6.093839728586317728e-01
1.186224565342844706e+00
7.291214717259666411e-01
2.297895348303704122e+00
2.896902141873199277e+00
2.375498312178880855e+00
1.067681264346257652e+00
3.629345612625137774e-01
3.254734511179964151e-01
3.258456137803428243e-01
1.247807615425104100e+00
7.039650229067356824e-02
2.022677004636232123e+00
5.416426168316962331e-01
6.550631835061276886e-01
1.268745545124048357e+00
6.722983400911420881e-01
3.288946606427756159e-01
8.543817132513779056e-01
3.604909368806841208e-01
1.469064978638309871e+00
2.385029523466088985e+00
2.917658910914693760e+00
9.323053427909328006e-01
1.074982869893196691e+00
6.645277617054766717e-01
8.259584676868737541e-01
2.817986943390156540e+00
2.011823966120722229e+00
1.884116366822048416e+00
2.257459211701364321e+00
7.170714406232037152e-01
8.220084718411198033e-01
4.662263954612665962e-01
1.508977464103516297e+00
2.567265123380445324e+00
2.630025281868929810e+00
6.192168246064335690e-01
4.661453397329448078e-01
2.592215728408943765e+00
5.041103159882688312e-01
2.385595506194494231e+00
3.004593955820804130e+00
1.988477548405435114e+00
4.234211983347430652e-01
1.931394402231949137e+00
2.460912348493619062e-01
7.814581313283306407e-01
1.777128397777026636e-01
4.014431160063418602e-01
2.890193642923370443e-01
1.878681827725881215e+00
2.211799380111634239e+00
1.006335032508014704e+00
1.070848549366906433e+00
1.696947630773847582e+00
1.327097204430642607e+00
2.410879293442298454e-01
3.826256549253220229e-01
6.986460863007215583e-01
2.135472835438132044e+00
2.600175112502253416e+00
8.530568039736085018e-01
1.460272015000987134e+00
2.851482916915910604e+00
8.974815953260546486e-01
1.322768378918373511e+00
2.027998512647004148e+00
1.051718312643435516e+00
1.627810232781601085e+00
3.051429878614616786e+00
2.511707200428807241e+00
2.126596727108756024e+00
2.223720155841658830e+00
9.348988936827735685e-01
8.723717542433997441e-01
2.854234600962600066e+00
1.068272098858136010e+00
8.486900822824834378e-01
9.199735689039100217e-01
1.737577850812181302e+00
2.313748227871366581e+00
2.050232716817760981e+00
5.378874673368464476e-01
2.809458650980994232e+00
2.755347861830805378e+00
2.339438719967240843e+00
2.114908507937018012e+00
2.151875979545301298e+00
1.195015928277331385e+00
7.479711149799053160e-01
1.084828349746922882e+00
5.284240626227957316e-01
1.601627747334014362e+00
9.934966886885734372e-01
2.641731975303828417e+00
1.621317212837535049e+00
2.793589405159448980e+00
6.895616674388309608e-01
1.694512000005377050e+00
2.554876278189040839e+00
2.067168957684536679e+00
1.078303710106037538e+00
1.100312835682704993e+00
1.173254809977440694e+00
1.979737658565031921e+00
8.827087054120538179e-01
2.954840483918923510e-01
9.152752877170388102e-01
4.262785779773181627e-01
2.771657107195140579e+00
1.753372548828629141e+00
2.561956278197087045e+00
2.867465016346160134e-01
1.949053366663507925e+00
5.112231813943733938e-01
2.845700783757082242e+00
1.688615689226466987e-01
7.378251663001688110e-01
1.085685949088425861e+00
1.000423819424707039e+00
1.573782898593208412e-01
2.034571662927862068e+00
1.219215629311134697e+00
1.116843171919563504e+00
5.597429559524952358e-01
7.654592227851442221e-01
8.094677133740008079e-01
4.165590173517296213e-01
6.217975333163974216e-01
1.996886380876844724e-01
2.893358828683644912e+00
2.340636500809865073e-01
9.813489998138595904e-01
1.136541555584854368e+00
1.136194637016296305e+00
2.692312554503315525e+00
1.106188473841536402e+00
2.900272919013167083e+00
1.049063643074640728e+00
8.993743252867546500e-01
1.939330613429860906e+00
2.366597741444324221e+00
1.024440621722558342e+00
2.720419241701444779e+00
2.364040172328541356e+00
1.784191044310444285e+00
9.380466018447639609e-01
2.712616635596812653e+00
1.082596791703455796e+00
2.936311886935692783e+00
2.608878057928520455e+00
2.011682850479450391e+00
1.217623701975804051e+00
2.907329643968044053e+00
9.618689589448945476e-01
5.302143421470776330e-01
2.923040658699811889e+00
1.179475895976070055e+00
6.381878553284229261e-01
4.567633396166204118e-01
1.098267357217902696e+00
2.330759715009083521e+00
2.383289575501177371e+00
6.308969970840716535e-01
2.762209116171036039e-01
1.496518822053204412e+00
3.063929046395386546e+00
1.258588031003062602e+00
1.865958485020531299e+00
2.410589284018448186e+00
1.958132948513090721e+00
2.552186221309398206e+00
7.786473086295050416e-01
6.543143774204164265e-01
1.547263127471746547e+00
2.040066861011197386e+00
2.912744289949872889e-01
2.327925796377388057e+00
4.571658826359092931e-01
2.384679644765758777e+00
2.959666148457952950e+00
3.061132144979532121e+00
2.580722455971780960e+00
2.048534860899670296e+00
6.635369530820097728e-01
1.420474127471347270e-01
2.118432753443562522e+00
2.432421890026728484e+00
6.575592475773959222e-01
3.391101615789644530e-01
1.783339378934985175e+00
9.841185033413879513e-01
1.259578977277687750e-01
1.168072979182781523e+00
1.551001171369554565e-01
7.764257469004549606e-01
7.448309649573952029e-01
2.198006032124106557e-01
2.518111451720629113e+00
5.846118550359818977e-01
5.776738641128356111e-01
2.882519190905727058e+00
2.644824444807817088e+00
1.656516436908282097e+00
7.607240251085236604e-01
1.609897258508775630e+00
2.504666259478821377e+00
2.411125033521322791e+00
1.982684774433817632e+00
2.555897233960614301e+00
2.530091922176283425e+00
2.259275366652779837e+00
1.956689938377490501e+00
1.879346295120928767e+00
8.200754978292490449e-01
2.565085704803095279e+00
3.483776886838689246e-01
4.263828081169439010e-01
2.954032284871487057e+00
7.937839303567898463e-01
2.114938460516538221e+00
2.138537937729275029e+00
1.228426377317125562e+00
7.242556958801762423e-01
2.556133591378620729e+00
2.353482174550586947e+00
2.572416085616050729e+00
8.372623573300757016e-01
6.867964491821056949e-01
2.173426029354190714e+00
2.829920633361207916e+00
8.226711887706739113e-01
1.096564258612574783e+00
1.545223353479485418e-01
7.269359952171996486e-01
1.045898977323573620e+00
3.721738613693248987e-01
2.093244189560787838e+00
1.062304275567746759e+00
1.832613162172771926e+00
6.596704995037200314e-01
2.099821205100111943e+00
1.178774974214625182e+00
2.995417173765718477e+00
2.694205674138627771e+00
7.184000722722535537e-01
8.702083468846123493e-01
3.766467598849081444e-01
9.231428190912860376e-01
1.392965576810295536e+00
5.692777907762283096e-01
1.513858505520943865e-01
2.356300241645636007e+00
2.760292014099580360e+00
2.269078897960251862e+00
8.620188409144882158e-01
6.406681697894288652e-01
2.344411625180479408e+00
1.963159918196182074e+00
2.294418368232862271e+00
1.841892024322371979e+00
4.254903191517215855e-01
1.137294465139496058e+00
1.687576389860741211e+00
8.833215415605411014e-01
2.714646355652968190e-01
7.282359092196386552e-01
1.337611345386843897e+00
2.136830860400281029e+00
1.595817617355378637e+00
6.562567705195960777e-01
2.867165710432288073e+00
7.977787925171944128e-01
2.734150191616413483e+00
5.333277858768451507e-01
2.684233900450600174e+00
5.809130056655590346e-01
5.128697194366447221e-01
3.594262767271533265e-01
2.884508028447783090e+00
2.254950867340186349e+00
2.355662939610577489e+00
1.572780191151354812e+00
9.115570124010295983e-01
2.219333288450179964e+00
1.585948737163745070e+00
7.498350388854373438e-01
7.915328339518912237e-01
8.871185573121393997e-01
3.008508888538929060e+00
2.230838359841723406e+00
2.588952231969066098e+00
1.111994251282282381e-01
6.290610221660251078e-01
2.261292669535817090e+00
2.505174979606742180e+00
8.477586231960030361e-01
8.787513406734253074e-01
1.364090448665961963e+00
2.577934931601607804e+00
1.258937629048282769e+00
5.020169301764687564e-01
1.375949106490187202e+00
8.935570061281592480e-01
2.250015782296014066e+00
2.037948882625853386e+00
1.595003067107644279e+00
3.427431426067998887e-01
2.384006961890059451e+00
2.699694245873491827e+00
2.645514082271363421e+00
3.879040099882981596e-01
6.457956692067066129e-01
1.139177599317808376e+00
1.093021432082807554e+00
4.717304187873423982e-01
5.620820733335251118e-01
1.953687782856410760e+00
5.721574490641289090e-01
6.031965718639894503e-01
2.496147365285194208e+00
5.895591512734541517e-01
4.785346272881698115e-01
8.259726397167718170e-01
1.301764035496536298e+00
3.880058724460434538e-01
2.930554837795206424e+00
3.873949892214079149e-01
9.442190663690791519e-01
2.450177619138108831e+00
2.460418943469252717e+00
9.509084043873170522e-01
1.432400715733521901e+00
1.534823104296315632e+00
6.747305826952355590e-01
4.788322442101142218e-01
1.781648006017360508e+00
2.945395945485381084e+00
2.446720623451028587e+00
2.726554322819874532e+00
9.486161175689138414e-01
2.373703790085280652e+00
1.774713270165944934e+00
1.610632143377285441e+00
1.320905083314381168e+00
5.356815194042873207e-01
2.549560570255400727e+00
2.958435535594256205e+00
2.708193448544375936e-01
1.772223955402237427e+00
2.448322976266406936e+00
2.408142515936038563e+00
1.121436977221507147e+00
7.705957866795093425e-01
5.903074920265440895e-01
9.114410472137931540e-01
1.043928734465399688e-01
5.277236424482963928e-01
2.611374401616110230e+00
2.735985193515825475e+00
1.972906080876035917e+00
2.136433751460543817e+00
1.910525384651036829e+00
9.665584105793380010e-01
6.651834974990553651e-01
5.888420511046813521e-01
1.176972025062133831e+00
1.084352661160763232e+00
2.018968487285201507e-01
1.965466226013664830e+00
8.004446942685103927e-01
6.640557607413611896e-01
1.331877765064705565e+00
1.946643906382035993e+00
1.869308939537189573e+00
3.970462463612292048e-01
5.909134683205897742e-01
7.582740258444256032e-01
5.082253095864824877e-01
7.653311854366879885e-01
1.654205704764330820e+00
7.681708238356037555e-01
1.040298750808922312e+00
4.831066743850669920e-01
1.070443519482344064e+00
8.980545984326765430e-01
5.302766034972613562e-01
2.133694677778299464e-01
2.760694571107281003e+00
2.018583742633160316e+00
9.040506676078964299e-01
8.982275411943427268e-02
1.851646500745886437e+00
5.547502676746417505e-01
1.237523778805218466e+00
2.367689373814922060e+00
2.064477918353543884e-01
1.465060791317931155e-01
2.278530046620908411e+00
2.373870378370488865e+00
5.027618543767841119e-01
6.673267804160371020e-01
3.395836535891773589e-01
9.601537303519932509e-01
1.234302718984690683e+00
1.134967784353674070e+00
1.935596606257844909e+00
3.436736830719465119e-01
8.871824399315237919e-01
1.479592414337886463e+00
7.988954284176498222e-01
8.129098732699320262e-01
5.911045700310824103e-01
1.970322033873104006e+00
2.586176490706212139e+00
6.785545328840251189e-01
2.457512876213073127e+00
1.479449313209525219e+00
8.802561113586498953e-01
2.750087054413737686e+00
1.143732162176025913e+00
2.198939959076632089e+00
7.196475219872849882e-01
1.329450963483929549e+00
1.805448926199812787e+00
2.032581007567610051e-02
1.141956646264741249e+00
1.823529767480698727e+00
2.403659233138805806e+00
8.845202816667886436e-01
2.288742470698498899e+00
3.079414899977368503e+00
3.046013302535590217e+00
8.657562962523189798e-01
6.040846598154004932e-01
2.277742982058068133e+00
1.864169332429415959e+00
1.848938913430743680e+00
1.017071430983459868e+00
2.164030658506202465e-01
4.675297096239900974e-01
4.823960222554736776e-01
3.886455247563280202e-01
8.491820684549634679e-01
6.619278505349471819e-01
2.049538201244342606e+00
2.687906510598952359e+00
2.702590067762728587e+00
2.803997985495148892e+00
2.652813081382084381e-01
8.506290834863550199e-01
5.583749117031191478e-01
5.529086958590584411e-01
2.313156176165923394e+00
5.625614119413812064e-01
5.200647719386856105e-01
1.161959833370611150e+00
6.074228927819069757e-01
1.119800611395852297e+00
2.202082041147501723e+00
1.984531003496546431e+00
2.225192288756852932e+00
1.310323306384477471e+00
8.495183909896445451e-01
2.086504650165761365e+00
2.799045741671658316e+00
2.253133617827686397e+00
2.345859825066689552e-01
1.270400179611603564e+00
2.263667561555576579e+00
1.144692215639964594e+00
6.639506490007230921e-01
1.162234927935607676e+00
2.547291118279236266e-01
3.011912238160481259e+00
1.328909163411146732e+00
8.706962505427799925e-01
1.441666479750554064e+00
9.981750068735627535e-01
1.202449776453454300e+00
1.582922817780397118e+00
6.869486051556994433e-01
2.342244233856188629e+00
2.196042344683097003e+00
8.970069334816771489e-01
8.928039198109609664e-01
1.410092441127252849e+00
2.656857594200581651e+00
3.359983862172539193e-01
9.752436512529731871e-01
4.906021631278367212e-01
2.012161167922266181e+00
1.587322671893304893e+00
2.349220236255946226e+00
2.115070683222016967e+00
5.576484063524551615e-01
1.082471984109687035e+00
2.212351575433923134e+00
3.240465445006524003e-01
1.287328490126437019e+00
1.519341590912575368e+00
1.590420627081913230e+00
2.480024885362711817e+00
2.767600766513180766e+00
1.969377086933161491e+00
1.094789715754317605e+00
1.091674272812771074e+00
1.906175708981635575e+00
2.298254506650829310e+00
2.370127508517315018e+00
2.145279145802924781e+00
6.897746902775368782e-02
1.924976495491897532e+00
8.173606170781286262e-02
4.042478853946374628e-01
4.687840696920045902e-01
1.186050472909671916e+00
2.136448899739878282e+00
5.878082679665256327e-01
1.704748144590410908e+00
7.637436945174205238e-01
1.212342877293076882e+00
2.121132772631566077e+00
9.711273224308424323e-01
1.048822903260159256e+00
2.269982618672642172e+00
1.409728116319603819e+00
3.386429851280933212e-01
1.877155107418138069e+00
6.641598965551624989e-01
2.647648667024337765e+00
1.842209680960036067e-01
1.345250887027197528e+00
1.483812572484548342e+00
9.044342450180119508e-01
9.472195824447068313e-01
1.719300174395995251e+00
2.485623080479563818e+00
1.940200914668321897e+00
9.951244160520144044e-01
2.107086872775519204e+00
1.476544234664834532e+00
2.266144256064007489e+00
2.763423181079308844e+00
1.862818963148426876e+00
1.485540164042135514e+00
6.072107710668637193e-01
1.961435088549217109e+00
2.608855756033265472e+00
2.505066884599598254e+00
2.702500103504434037e+00
2.043608587617398165e+00
1.177156254021090698e+00
2.455432231566107237e+00
6.348515659667204325e-01
1.985923785439239309e+00
3.694496678546976276e-01
7.858214066687451149e-01
5.087260293468216510e-01
1.874838142534096308e+00
1.162945480252183916e+00
6.563252124182532565e-01
1.080861436734670500e+00
2.497245403446501033e+00
2.337144797957167786e+00
2.439761510752465057e+00
1.223910154763120817e+00
4.328136632941264050e-01
2.697531220829183951e+00
2.409241929447593300e+00
1.568568054616415353e+00
2.039776676214155593e+00
2.790735147351036005e+00
2.306709698538851772e+00
1.392146547669281142e+00
1.648174869316945124e+00
5.941701829212797659e-01
3.628683453009113324e-01
7.802684756087693296e-01
7.787233508918693925e-01
2.659218064558990235e+00
2.455897860144398148e+00
2.666343581203333368e+00
1.871080608536768830e+00
9.555507167714868411e-01
2.351562241655549002e-01
4.394169114771478424e-01
2.926463452393616826e+00
5.844870623015077093e-01
7.565677908309590416e-01
2.447012186884040208e+00
9.098466734804387945e-01
5.330939161884636901e-01
1.905111207641701609e+00
2.578470234646516701e+00
7.761164300803472527e-01
1.167490207895201415e+00
3.034358986520642731e-01
7.295095843322304541e-01
6.232340624663682549e-01
2.413054828101069749e+00
1.290186164543633662e+00
1.944419592634092364e+00
3.628897324164712113e-01
2.159435393501829115e+00
4.869860293412108798e-01
8.973893647465595036e-01
1.140952365542069913e+00
2.339731577857090183e+00
8.976977408670006042e-01
2.615851209394430388e+00
2.742480982617056195e+00
8.474657346242695510e-01
2.362210697053409802e+00
7.069744551986238967e-01
2.782416720188992443e+00
2.173330360426552588e+00
6.308795293272215776e-01
4.561356209115537963e-01
2.693238624557330319e+00
1.295846795520289918e+00
6.040372303862197034e-01
1.553152407889095921e+00
1.829771558695166389e+00
1.971310053555796360e+00
2.517739203762395572e+00
1.360686691988463926e+00
6.303398905086817772e-01
2.892591827811624938e+00
5.878037070339570125e-01
9.119082531580176010e-01
1.699378417698582444e+00
1.897916444182264906e+00
2.209575246030820672e+00
2.527959309034169433e+00
2.696485865788555980e+00
2.636584905886276697e+00
1.272502822527693089e+00
1.712673527735594226e+00
2.976793514917245531e+00
2.285642854239112509e+00
4.147696125233127917e-01
2.136772233955576361e+00
2.229804858609053753e+00
2.057909653839422592e+00
1.208301263515005219e+00
6.703612291874793128e-01
4.788693176027504772e-01
2.273516385939200024e+00
2.342214208586088087e-01
2.816041038459192181e-01
1.035983146827865298e+00
9.650209425730812418e-01
1.366272300923355942e+00
4.882980957190056759e-01
1.143220951527160745e+00
5.930571533057489297e-01
1.386199235500612303e+00
6.416781155898174660e-01
1.216298616476732208e+00
9.297516827363886405e-01
2.343597704879356147e+00
1.407078935202914494e+00
1.035414970106653509e+00
2.747562288114621110e-01
2.399600114478832147e+00
2.051241865642116746e+00
2.438969457259261731e+00
2.090875501450109031e+00
2.221312182736588703e+00
2.419687600156484208e+00
1.889812812003432763e+00
1.778843111294923229e+00
4.437746527560926801e-01
2.118298319802503826e+00
8.567548688298515236e-01
2.501585011762656574e+00
2.211968212201346873e+00
2.085304049895309486e+00
1.305557813429020664e+00
1.075915834138875704e+00
1.001802433223518474e+00
6.411731841413809141e-01
7.943896459247572484e-01
1.098007505032636111e+00
3.940566512454738990e-01
1.011737751034098798e+00
1.666479948064797822e+00
8.747633223250629309e-01
8.734437619105192008e-01
1.184442754506213058e+00
1.535626788955224642e+00
1.150009638758971553e+00
2.064373169086202608e+00
2.947830556947297342e+00
1.038348878195294311e-01
1.428877682015883277e+00
2.607885150565291799e+00
2.025717590798671974e+00
6.582204212432131163e-01
6.724111956472086371e-01
2.350299581494290191e+00
2.735036868777617425e+00
7.798575928534081658e-01
2.273813353486521027e+00
2.147802658032754053e+00
1.145258385658406208e+00
1.625440478273981304e+00
3.591337271144129373e-01
1.196334043989434326e+00
2.293945019561829390e+00
8.398609343747401867e-01
3.007982759914078930e+00
1.022130430974353965e+00
1.626217594606636174e+00
6.564499493681728026e-01
1.800360115230374314e+00
2.028531257881439398e+00
6.044129712447248171e-01
2.025977870295780914e+00
1.650998358750525918e+00
2.024983258339268399e+00
2.401631914923888722e+00
1.720316127486114732e+00
8.979566043074946879e-01
8.048914409565482986e-01
5.073211454772660334e-01
1.363649809879491137e+00
2.234924328449816588e+00
2.892963822693221054e+00
4.117501183590439040e-01
8.359114424302861446e-01
2.230141723746418947e+00
6.509418834270366272e-01
7.489535748615706590e-01
1.193615558377546293e+00
2.733158906777137354e+00
4.417136827561957135e-01
1.926148723169631927e+00
2.102652053315564817e+00
2.184643737558032317e+00
2.354723720287969613e+00
1.070887757693697928e+00
4.111606754229785721e-01
6.634589899715465089e-01
1.587124623581446903e+00
4.785948226048776233e-01
2.043495724995803009e+00
1.395047731285010695e+00
1.404906965018137610e+00
1.359285778115914667e+00
2.357694876229868175e+00
1.559452883187510297e+00
1.470736492715682742e+00
1.048940348813269141e+00
2.389037301075064068e+00
1.111760925041858750e+00
1.160170594531745536e+00
2.192052712977548001e+00
2.203981767773352640e+00
2.763366885225424507e+00
6.376739236037485270e-01
1.570352782860995777e+00
2.195542801944222244e+00
2.596002366686266383e-01
6.887204110749709507e-01
6.910803047133933230e-01
1.352043265752638668e+00
8.280692923846889597e-01
2.239629427791406169e+00
2.548861542743993791e+00
1.445507977833700775e+00
1.469298221942364702e+00
1.433866446648097703e+00
1.061016590834870321e+00
4.982661702486143041e-01
2.389594192095468639e+00
4.456358600569848005e-01
2.358500395418155815e+00
1.671051871768096442e+00
1.319595697110049981e+00
2.282715753567439165e+00
1.548953801630504667e+00
2.689762992731761670e+00
2.685547803072380724e+00
1.901788188585139983e+00
2.289593397606865532e-01
2.128691897321163928e+00
9.488352474341420484e-01
1.386548220238549955e+00
3.078997027883090265e-01
2.410714495950327052e+00
2.704254016152615181e-01
1.980666464129307913e+00
1.595472503332861391e+00
1.571143359141973228e+00
1.296252697396923059e+00
5.369565712853602291e-01
2.325693609982678378e+00
3.061723088140479998e+00
3.060978150340050163e+00
2.475069703458483428e+00
1.107299619559404036e+00
2.493899742378156592e+00
1.174721322574785232e+00
6.918983623491161694e-01
1.708247357905878783e+00
2.285909744721239978e+00
5.240721463362809640e-01
6.732806467438856579e-01
1.157325938709123703e+00
8.236601378740755486e-01
1.090501988749084328e+00
2.504037645348010876e+00
1.471960400423780735e+00
1.644023363604892207e+00
1.145716499928286725e+00
2.284552301750635284e+00
2.391604366131567794e+00
9.333474954991000105e-01
1.196446232104958263e+00
2.786007454765116798e+00
5.809828876165368250e-01
2.783498209689245773e+00
8.364207386023149171e-01
6.347684418909904647e-01
1.811891647478387934e+00
1.663704249137778701e+00
6.029235243792697707e-01
5.953845683955076851e-01
2.817427606025691755e+00
6.344194635086322087e-01
9.412255784849792306e-01
5.287021390325028491e-01
7.914509755279042214e-01
2.571791723677080643e+00
1.859040671345899121e+00
1.357602886005017107e+00
4.678542063445422228e-01
2.152825221400886058e+00
9.837984671810755533e-01
4.550034252010726754e-01
2.417945210950912305e+00
2.072144397908822544e+00
6.219214219747276617e-01
2.908916043452507871e+00
2.288063273556572685e+00
1.079612837060087260e+00
1.948753502300351936e+00
5.713516226203753101e-01
1.683051924541958400e+00
2.069201519758224972e+00
1.065535636166304423e+00
1.030408102284487093e+00
1.966686784177047231e+00
1.845806427897622060e+00
1.568191213177479448e-01
2.885768775186687840e+00
8.140511457438573961e-01
2.259342914661935264e+00
1.256074435623933949e+00
2.627932597519928137e+00
3.272528219318601161e-01
2.295117768259872904e+00
3.089123805385639798e+00
9.421493873512132300e-01
1.056281101080249307e+00
1.249002691777973517e+00
7.153234429488013468e-01
2.263402011461941754e+00
1.321645639251269655e+00
2.594127229132124679e+00
1.474367810340691864e+00
1.339266578337797053e+00
2.759255038395111548e+00
2.727067215379210374e+00
1.059730305753427304e+00
1.057834845039808735e+00
1.571653916212552682e+00
2.357433360270843270e+00
2.192032414971534227e+00
8.082905899085544021e-01
1.824834480901944778e+00
1.191298954918653008e+00
3.982971900213503891e-01
1.014070730141114707e+00
1.203532507988778866e+00
7.690302584212383996e-01
2.433222811949966591e+00
6.499746315315145795e-01
1.383880905331722699e+00
2.302743752182417669e+00
1.042887509483626296e+00
8.037653740691903526e-01
2.437346138495940728e+00
2.285408885993116979e+00
6.688281449571955584e-01
2.253872949848106710e+00
8.591296791151336043e-01
8.966767108274813491e-01
1.390392897277269224e+00
2.464442575112034017e+00
2.126632310899189360e+00
4.164078904281559024e-01
9.695577080231330136e-01
6.307219620412721772e-01
2.263977598331365471e+00
3.745444210998131740e-01
8.661246767894174026e-01
2.674447993657716793e+00
6.398694648087517312e-01
1.229725655671893847e+00
8.882416982211750467e-01
1.800959561413008503e+00
1.947755011461059560e+00
4.209943997296516915e-01
3.058014239924392808e+00
3.019121263950195200e+00
2.526920009756826735e-01
7.188772464441711696e-01
1.692711557370217001e-01
6.990292918343709028e-01
1.134958142684398430e+00
2.501163434658651430e-01
1.247301014920346507e+00
6.224402943730931170e-01
1.730517828488596699e+00
7.393259309000355106e-01
1.818730410308144085e+00
8.560080432339376433e-01
7.051591234069022329e-01
2.150707082505442180e+00
1.115454923308382806e+00
2.064143746855382489e+00
3.587423540491195273e-01
1.104447641762951404e+00
7.621464258979202544e-01
2.332277836437623098e+00
2.441944069841213150e+00
2.831079926690279192e-01
1.995396163096034847e+00
2.480583342572624694e+00
2.209393196103093704e+00
8.372844386479251222e-01
2.557554044631551005e+00
6.490309717243302190e-01
5.749612871116309698e-01
2.780222551924280694e+00
2.716698313864088554e+00
2.457777953743276456e+00
4.732218440489411870e-01
5.689047069495360986e-01
2.142107051994284195e+00
4.276115333587399148e-01
7.846591851818365271e-01
2.777716292997724157e+00
5.477501312826340563e-01
2.833283889717312931e-01
3.647801875415709327e-01
5.894509371661904584e-01
8.417101445800385662e-01
2.541066692569332375e+00
8.808750738143753534e-01
2.030805392448790769e+00
1.744700957126688490e+00
1.982506199471266717e-01
5.058965565628543715e-01
2.553156359898924421e+00
1.809897485103074466e+00
1.051662857769515291e+00
7.639360177220415604e-01
5.894385161835864473e-01
4.302826200525511902e-01
1.347263710836168471e+00
2.814654636589576153e+00
8.835868584255669456e-01
2.430535387643150358e+00
2.405398450525864096e+00
7.713108419734231447e-01
9.260928367007236206e-01
3.792614733286129303e-01
6.718702147880725173e-01
8.820812196462144428e-01
1.012291687397306239e+00
6.044862627464248073e-01
1.737911928542000606e+00
6.305661744978909855e-01
1.632545921790419907e+00
9.185317475764338546e-01
1.145488108291242257e+00
2.487440432754015607e-01
2.420717093206972592e+00
8.531620799211605544e-01
2.385931812255335238e+00
9.894451802203092505e-01
9.864990975670530071e-01
2.341003026045911817e+00
6.192811774725101026e-01
1.842391208903565669e+00
1.053746838036297095e+00
1.013523531469093797e+00
1.258417560371269284e+00
2.426747631660858939e+00
1.284831181275900347e+00
3.040066599554966498e+00
8.331662774179571240e-01
2.634997117321369764e+00
2.231280522192558458e+00
1.387793949072816668e-01
3.853463124000612861e-01
8.846690913471929596e-01
2.479973923949442050e+00
2.130759513299138597e+00
1.028830064569361102e+00
3.166192974124654724e-01
5.871261768870544850e-01
1.886568981846800108e+00
8.174296705442466449e-01
1.981878952448207665e+00
1.269485232475631442e-01
2.427560421625621079e-01
2.337031106878464826e+00
1.008104872237340216e-01
4.437436282443861235e-01
2.511589492897099429e+00
1.290523245974239508e+00
1.124612874981452348e+00
1.811267656352869571e+00
3.013267336999885249e-01
1.590697385430115851e+00
8.357255878540590377e-01
2.258791083889198248e+00
6.803451391088376488e-01
5.869462609560108790e-01
2.201909008974776150e+00
2.062301258797064829e+00
6.921573091497312813e-01
8.514388319174892583e-01
1.993881147619652738e+00
1.354152887664670013e+00
2.448446099630428030e+00
1.717879676775058595e+00
1.910748444205407681e+00
2.133460251056356061e+00
2.851172199056920764e+00
9.725301292321240076e-01
6.585321540931744488e-01
2.392045295259475512e+00
1.083126106301403047e+00
1.038206462925844065e+00
1.464109687253714043e+00
1.816776034108997129e+00
1.058879416768054416e+00
8.961468957159437476e-01
9.736601021849498050e-01
2.248330396159595956e+00
5.856596685424817483e-01
1.890340027456398397e+00
2.567491137481773489e+00
4.490265047754201655e-01
5.956386482158030349e-01
2.300930495727021796e+00
3.635615121052349075e-01
1.972318070513531252e+00
1.981146263606072377e+00
2.066728666690143879e+00
4.795116562147400119e-01
9.776330230866899784e-01
5.634672002310957550e-01
7.309117516098168066e-01
1.649778574501598705e+00
1.529015886052415452e+00
2.202450048242442282e+00
1.653920801597980716e+00
2.487018779288508785e+00
1.759932214792805816e+00
7.667844473319169740e-01
2.505139458960717658e+00
2.716884426214310366e+00
4.725246174395922871e-01
3.797565108026269565e-01
2.262700263285986502e+00
2.135218135454826083e+00
5.416863269963725358e-01
2.518306854223506086e+00
1.135504069362409219e+00
2.405329240623498066e+00
7.684542221832757480e-01
2.224779726330648355e+00
2.312011276668546333e+00
1.061842367593127889e+00
1.328695817619877539e+00
2.602530396304918003e+00
1.361876280794842353e+00
4.796614178655465022e-01
8.767927809709992193e-01
7.949940681411161725e-01
2.431932107931552789e+00
1.094054911723032708e+00
8.214943702483300525e-01
2.766880459753549015e+00
1.313298459972627175e+00
1.964127608950876791e+00
5.430849269205091367e-01
1.166930797312073498e+00
1.228380627828489002e+00
9.830358659886659911e-01
2.712346344944728926e+00
2.585529178721805099e+00
1.707149617688900500e+00
1.543776689365130128e+00
1.806822336548816077e+00
2.193191745765685763e+00
1.222415786978811703e+00
5.567156093917302595e-01
6.885865197467095911e-01
3.568649896469230365e-01
2.414075367796729488e+00
2.521190887594534136e+00
2.768475112218993672e+00
1.259873445637151868e+00
2.005549594955888804e+00
5.258267666249956396e-02
1.049410680598319656e+00
2.510401810516961429e+00
2.042847062252816759e+00
1.962703602593902419e+00
2.180813170242518861e+00
2.375847566220492091e+00
1.353093478178128750e+00
6.290242450281747777e-01
6.183454879273162508e-01
1.316302517846167808e+00
1.216146748606339534e+00
7.470985649837724729e-01
2.675293979245243037e+00
2.976144707022735925e-01
1.974455642402078048e+00
2.672029615770734168e+00
6.022677564028459107e-01
2.005925277650252969e+00
1.762807093653153245e+00
8.100068388576482370e-01
5.669237197826881847e-01
1.735014085354627200e+00
6.942040613317741471e-01
8.636549901215636593e-01
1.019208699626103165e+00
1.046020522090311600e+00
1.306445181792059929e+00
2.318302436942553779e+00
2.767126378398815145e+00
2.386688703944639833e+00
2.524276146598124715e+00
1.594842071574469111e+00
2.938483059248590212e+00
2.131788552334802578e+00
1.179878170992791908e+00
6.695661410348235920e-01
5.733002231249452185e-01
2.237225381095139021e+00
2.487545380346142920e+00
1.087627365688400349e+00
2.845618612279140702e+00
6.614471720657136844e-01
9.929904888406390073e-01
2.170701331836806247e+00
1.965011650576746316e+00
1.719461976531555525e+00
1.932959250795420303e+00
1.554244366511346787e+00
8.104974904895571042e-01
7.494568396910693542e-01
1.675398312807533152e+00
2.249992125531786513e+00
2.240212025129339590e+00
2.541974369369890407e+00
2.706340513817232729e+00
2.831396453527246782e-01
1.151534007017659844e+00
6.211273710542347670e-01
1.657707129346777553e+00
6.306515514030366365e-01
3.274565694932461968e-01
5.830001829627534660e-01
1.687264108741940216e+00
7.907101423256610584e-01
1.998060041591485092e+00
1.775855342385961100e+00
1.955169787587260011e+00
1.718321758166522217e+00
2.141982231280216364e+00
1.403856904704200215e+00
1.844053837708727217e+00
3.160925340279057694e-01
2.797645760181317054e-01
2.692660681299904546e+00
2.222222248465874461e+00
2.384346082008611756e+00
2.275234132103606921e+00
2.169364313166156855e+00
7.957235594576074211e-01
1.054197170674998629e+00
2.361745305128431838e+00
5.522530395618771015e-01
8.338974960718492646e-01
1.583566694186337109e+00
1.660776047815916812e+00
1.433127434207313700e+00
1.467566397784558330e+00
7.774204618788681520e-01
2.784924344483271863e+00
1.887926867003569598e+00
1.877384198986544073e+00
3.008807437106932325e-01
8.220190563460850752e-01
7.679622712118282513e-01
6.750240149349625574e-01
1.053187696618508307e+00
7.323281169095197107e-01
2.592849415571010230e+00
1.195148443863881971e+00
2.332172254779928178e+00
1.284781767691971943e+00
1.116840860017418890e+00
8.775755893540626573e-01
6.433892249199989477e-01
1.506153071397715149e+00
1.953465015995067944e+00
2.935435178263890332e+00
1.975296896192152873e+00
2.587356790167387288e+00
1.628508368168362308e+00
7.402849783723497445e-01
2.246968727103870744e+00
2.109346773668144603e+00
1.261244842536177080e+00
6.775571517104472807e-01
5.024347494097340938e-01
1.330557864016155944e+00
1.404714679006280109e+00
1.005543333836353526e+00
1.676602636605011520e+00
1.799590180379321502e+00
1.001509676543511640e+00
9.061197375551131861e-02
3.570270757614504298e-01
2.078638519280735952e+00
1.017663138804270506e+00
7.591898197990933905e-01
2.430132111620512791e+00
2.406928705394892010e+00
2.360172965816402790e+00
9.972173419298452357e-01
1.300236413949597658e+00
4.271147649169116933e-01
1.775038623176439012e+00
2.235530668254581688e+00
2.635754550459892709e+00
1.689473827022927921e+00
1.245917926154022304e+00
1.955346215876915705e+00
9.442406809045591487e-01
7.947775402313762561e-01
2.830604214196133395e+00
2.042348974441558607e+00
1.427385025582492695e+00
1.185260086584730033e+00
6.349641421230105554e-01
3.629874349333376826e-01
2.100970632067677535e+00
1.824950108056824005e+00
7.644026085919154445e-01
1.259255311886627648e+00
1.370703297496997930e+00
9.416291266063836485e-01
2.183260756446512740e+00
4.555645030328223100e-01
1.285166991214651055e+00
1.121236077374179851e+00
1.674629680370892437e+00
2.079236737686240399e+00
5.163944389028317650e-01
1.069663394589043914e+00
1.454463677977116287e+00
1.099362402999592314e+00
1.503394384522659832e+00
1.032066987254667945e+00
9.446652011950805727e-01
4.681525953636804793e-01
6.167475942276428036e-01
4.637210514969131725e-01
1.565622093129518833e+00
2.065771911508087033e+00
2.018847169130737029e+00
1.052271334785639612e+00
4.757023295718521005e-01
1.548027442379331653e+00
2.220579437750902940e+00
6.197415424718663024e-01
6.650573885598904944e-01
8.305166568630205637e-01
9.612298065966844163e-02
2.368178876629487117e+00
5.907105926570422882e-01
4.341168795815082970e-01
2.377572097642882409e-01
1.428073343244731896e+00
1.160489017818977509e+00
4.680133145950546858e-01
2.236151190714253723e+00
2.325836699216123016e+00
8.077450001644399524e-01
2.726501241076533688e+00
2.788630503314292408e+00
1.772477701550635665e+00
7.965740170295854128e-01
1.613785072994349257e+00
1.687809274659578751e+00
2.372871636056248512e+00
9.655980944424874535e-01
8.132135774956122942e-01
1.135589095897749701e+00
2.009810262944955461e+00
2.507420471823496921e+00
1.085534577696056102e+00
1.599953438610383971e+00
1.859565762350134044e+00
8.934479455073272014e-01
2.536296582432294056e+00
2.256060212299338286e+00
1.034481787376437145e+00
1.223690061665345663e+00
6.756699406982790146e-01
1.654723859728849167e+00
2.682750576907737550e+00
7.571967135477469801e-02
1.838985705051479957e+00
1.385747885840274751e+00
2.148373886173220892e+00
2.731588212602786836e+00
1.039534972924313627e-01
2.564484583395732376e+00
2.385665109348745538e+00
1.168825322522331289e+00
2.014817890690108637e+00
2.388053381437148737e+00
3.871568425557801452e-01
2.726819517384762026e+00
8.175925107695708460e-01
2.747540664906093610e+00
1.399556578694786113e-01
9.749011353842204075e-01
2.460643944783767800e+00
2.444144066936754012e+00
1.479947957938556158e+00
1.027746082105807535e+00
1.278446654925318615e+00
1.729173468340656106e+00
2.531109701248392962e+00
8.400961857137122513e-01
1.688907077020844749e+00
8.829897994311667331e-01
2.703801157066043181e+00
8.135709296307054306e-01
2.516999861765242041e+00
2.617798208514280134e+00
2.042641673768397670e+00
1.805510142418229158e+00
2.004863308425802071e+00
2.299890276434656933e+00
1.752925121224463645e+00
2.775970410160232049e+00
1.967461764310643124e+00
2.234127387387204067e+00
4.387907654996351936e-01
1.279492828993553655e+00
1.240201527481789023e+00
4.854663483253258138e-01
1.015513998155538333e+00
2.759465022491383035e+00
4.140187058943761156e-01
2.057800499242500525e+00
2.188057478251427934e+00
1.636563080338260701e+00
2.976947548805749744e+00
3.158734605409739826e-01
9.120175629055028432e-01
5.704242262461401980e-01
1.221348349189510740e+00
1.793556460666172248e+00
3.057584557289989569e+00
2.235736073349321007e+00
1.317325351692137492e+00
2.077164299456247143e+00
1.834916210341196008e+00
1.621728930569818150e+00
1.982330173674260010e+00
2.352933321411068590e+00
1.756082718119826636e+00
1.137748239415555807e+00
2.444807015250426208e+00
1.085149329083915148e+00
1.091697518111186760e+00
1.082392184396217427e+00
1.231500581875393907e+00
5.473488664332856191e-01
2.022415991013307046e+00
7.736115665741289948e-01
2.665666225746515128e+00
2.319236921597122247e+00
9.436505779593328258e-01
2.319035486835323567e-01
6.960159562695273916e-01
2.267133223738020842e+00
6.936008444972907583e-01
2.439776380847674009e+00
2.247238642719824764e+00
7.136087725320490183e-01
1.833505559382926364e+00
1.213743406400153102e+00
2.444216500469495124e+00
7.032625906684792927e-01
1.191696397070054037e+00
6.360747736744600811e-01
1.435780341566879503e+00
1.138525661037736336e+00
1.282941348164255535e+00
1.522985078575400442e+00
2.346658708635504187e+00
6.360421066656265499e-01
4.937423012196465177e-01
2.818704759080596478e+00
2.385298062431939758e+00
2.328618617673599012e+00
8.524956883255170315e-01
6.001727476643459180e-01
1.932551115081678095e+00
1.900637194648498340e+00
5.591765034007445401e-01
5.124981187503397928e-01
8.037944989326152312e-01
1.755038202684087612e+00
1.105901208709276107e+00
1.512738100763188376e+00
9.487408742738195899e-01
1.799979840363129968e+00
8.568562841732323410e-01
4.692917248132602026e-01
8.879715760588545725e-01
1.846358810992506427e+00
1.406081300610996010e+00
7.977516840976509593e-01
1.100173337314178434e+00
1.447700781642422330e+00
2.930346574444482322e+00
2.127326237315521062e+00
6.352699242525072787e-01
1.640019870311987704e+00
3.381285991248139111e-01
1.136118560949157308e+00
1.117553974221244362e+00
1.097157703965983000e-01
1.706323332084585642e+00
2.141634226171130972e+00
3.818580467457923233e-01
1.158194066368928299e+00
1.781629824664917150e+00
4.584044442773264061e-01
9.764970516669223555e-01
2.188795805632488101e+00
2.418443545227056735e+00
7.266418319684828653e-01
2.129889479642846251e+00
2.494057998262284137e+00
1.405969862722686425e+00
9.062947765059862215e-01
6.182756641122042485e-01
5.059563211842031949e-01
9.101268574521953481e-01
2.789980042601468480e+00
1.613136029724300258e+00
2.206582514386816740e+00
1.986555942558090093e+00
1.758635836381894801e+00
1.876687358618809531e+00
1.969462660936974752e+00
2.280182807576367932e+00
1.440271938659615447e+00
1.031532820931982730e+00
9.834916769894636035e-01
1.981602938912580436e+00
2.374489971002986088e+00
2.967891928500344889e+00
7.627386856911373414e-01
6.008363846016945287e-01
2.872759794249726273e-01
1.772318882005063490e+00
7.227313264547701177e-01
2.082371240737949769e+00
6.332502231521307534e-01
1.737464804940330287e+00
8.808173003560010317e-01
8.280216837914048389e-01
5.265834828405994150e-01
1.707555684199703050e+00
1.042777598130702366e+00
3.410995459279407838e-01
8.604631435489038527e-01
1.115614287144231831e+00
2.445391706590548941e-01
1.006633251696090747e+00
1.926894274889608294e+00
6.347658748913418414e-01
3.661913087339541129e-01
1.167765022773140204e+00
1.211217627553995868e+00
1.263878879842698755e+00
8.735396858163493317e-01
1.783646276478505932e+00
9.056513383034343612e-01
1.144638631311875709e+00
1.154471152083297536e+00
2.017942032528274865e+00
2.441401363892779841e+00
8.077141603279786031e-01
1.269973926421305244e+00
2.100295500215073385e+00
1.342208312845587503e+00
1.307900877924307093e+00
3.775917698565313674e-01
7.349229888141557421e-01
6.231982756753319252e-01
4.677305074345196045e-01
2.702810475036539817e+00
1.931216374332688002e+00
2.016626498567604564e+00
1.718163462629011873e+00
1.938043617060880353e+00
1.304315832279818510e+00
6.284729881970669840e-01
1.786285903840282074e+00
1.944170272632578467e+00
1.102021983999382782e+00
2.182522200413617774e+00
2.159314199963429548e+00
2.345990300595468980e+00
1.208851289803693829e+00
8.477997816421468658e-01
6.116922651130898281e-01
1.792591424372764308e+00
1.591500044353143073e+00
3.878233225572836895e-01
9.990407536434250391e-01
1.146569559004974037e+00
9.770119442816558308e-01
6.164044325352300291e-01
2.942823930672588073e+00
7.018043993979102835e-01
2.199234814561622731e+00
1.822993497997933643e+00
2.718486039467132631e+00
1.366362040162637292e+00
2.913500004369137919e+00
1.316628567279520823e+00
7.440471099568980451e-01
8.060854888111129712e-01
1.274384872378171440e+00
9.176408065863910224e-01
2.851737833852660220e+00
1.268404847415423919e+00
7.941247913511577661e-01
5.944534545393268532e-01
2.124040940781331432e+00
2.883452113293664798e+00
2.990980242631797736e+00
1.049635968518069173e+00
2.357543464384597609e+00
6.001784115103395711e-01
1.578702039624860332e+00
1.512497981998166763e+00
1.461250846300431672e+00
6.108591207454854288e-01
9.546882154156224320e-01
2.280655814107134471e+00
1.140790787865158862e+00
2.825515331524712792e-01
1.325494267860398034e+00
1.401379136069716314e+00
7.471090173780393640e-01
1.251172493490046334e+00
1.446005928134226570e+00
1.178382086130088657e+00
8.129620974005222211e-02
1.395501845557525655e+00
2.801341011211227805e+00
1.731512744439296370e+00
5.105155586765230957e-01
1.053572087506210231e+00
1.209143934771443885e+00
9.793025295963976307e-01
2.753281380453170613e+00
2.311908821952679105e+00
4.399619872191075087e-01
1.191616065401217117e+00
1.517833841387935978e+00
1.694764748776827146e+00
1.226555765854951963e+00
1.980431353922988302e+00
2.943214845466674001e-01
1.286979328420614355e+00
2.051945443821391102e+00
2.374594526244348636e+00
1.443797773717283572e+00
1.203106357321545916e+00
1.532749956218278919e+00
1.647676440943435683e+00
2.441289814995662333e+00
1.065471657097017966e+00
1.059569983255695291e+00
1.200441523011325229e+00
2.976741402079884136e+00
8.112611756108309979e-01
1.079544904187703214e+00
1.295966705115193296e+00
2.401398221488828977e+00
1.390466818148496708e+00
1.014948322305691431e+00
1.163222404832823464e+00
8.509226321425351625e-01
3.161711513790660955e-01
8.234217371117934503e-01
1.160137287594156907e+00
2.140565248458048853e+00
1.405591313721259006e+00
2.337958359057468183e+00
2.713789996072689004e+00
2.767218996689683852e+00
2.335241856219323786e+00
1.276067464280127295e+00
7.032450692575037410e-01
2.269286561832804416e+00
7.486380255712602461e-01
2.080729995217786232e+00
3.629233272387761278e-01
1.458101410838186007e+00
1.794567860707503515e+00
1.653195091918280957e+00
1.983586470732155105e+00
1.435942869589680315e+00
1.625113661057832504e+00
6.708340746948439071e-01
5.484527274245554196e-01
1.576212434007443708e+00
9.578545603623398463e-01
9.017333836286284265e-01
1.941036966574340106e+00
8.624546921674226541e-01
1.604497985382357994e+00
1.160128102366740022e+00
2.467016810811048177e+00
1.481772055314707126e+00
7.573668873616448138e-01
7.998134139709740520e-01
1.883965907596907963e+00
6.169477098388973513e-01
1.996088360453396771e+00
1.344668636648765903e+00
2.254842894614466076e+00
1.723766523869412204e+00
8.481798229885548768e-01
1.761539103030725473e+00
6.755135635844352615e-01
5.939006266098261211e-01
2.023693034966708826e+00
1.364806833863004831e+00
1.341528280950901930e+00
6.916917538295973555e-01
1.054393523926451692e+00
1.605505225141493186e+00
2.326256349135532808e+00
1.411370443215141490e+00
1.405919392069503004e+00
2.109233433917212519e+00
2.884496565262160139e+00
1.945298976572340743e+00
1.111797190471337959e+00
2.374027337959088158e+00
1.390331542018920397e+00
1.204482871100462704e+00
1.424814745309053832e+00
3.651714397908543130e-01
1.277549884590035489e+00
1.335153423988342247e+00
1.381380482747270211e+00
1.404013584696076844e+00
2.315197537873709077e+00
2.284808581974574260e+00
1.934355328013567688e+00
2.587353679410215879e+00
1.206077702284769293e+00
7.534142033615180978e-01
2.212757612327416634e+00
1.948844188266815269e+00
2.800110187503237480e+00
8.641339001368325556e-01
1.205601579772657583e+00
2.054245546342124751e+00
2.018401406483393501e+00
5.189871675696877684e-01
1.783420936145776681e+00
1.252644133764015510e+00
1.243889636093018725e+00
1.271259908086006307e+00
7.283705280198305987e-01
1.264263995328404722e+00
1.080480125670886693e+00
8.473976270295316970e-01
6.759161882912035901e-01
3.220959436802463549e-01
5.307971630872960755e-01
2.381801035484936158e+00
2.242286953124490889e+00
1.638059042316752700e+00
1.687983180874898625e+00
5.459254509841516834e-01
1.816945536366702807e-01
2.092957577317986928e+00
1.106108499743481133e+00
8.872513258125294122e-01
1.580935431221593968e+00
1.878606818114227250e+00
9.939826266179138115e-01
1.634502386007754104e+00
8.584944379094877620e-01
2.152347390980787978e+00
1.382393295286936219e+00
2.769767027082509436e+00
2.317658562053896087e+00
1.001451471687189398e+00
2.004533903459658095e+00
9.421515592268755457e-01
1.159470422324761829e+00
8.820046885159263939e-01
1.391470687277738261e+00
2.618686884449887842e+00
9.481712102899544359e-01
1.176755562228312346e+00
1.028269328313481834e+00
1.813946575384288495e+00
1.229622122035205933e+00
1.034024824490095140e+00
1.531467096563390751e+00
1.154867042531745547e+00
2.076286018092243779e+00
4.268582911634238308e-01
6.570976311118633673e-01
1.333084191273729679e+00
2.374485016472716481e+00
1.166672615947008440e+00
1.134056334893197127e+00
6.507603230877913036e-01
1.795566297864712668e+00
2.622178362888172742e+00
2.189872183301156738e+00
3.681363148833671217e-01
1.384556255067798336e+00
1.193589420081820673e+00
1.592106498534938019e+00
1.058391483018161106e+00
1.268910280436545523e+00
8.995129100196757044e-01
8.476264133587122496e-01
2.040868060138596007e+00
2.029690573195666037e+00
5.901317037478480687e-01
2.371469955482033765e+00
2.250812236257647037e+00
2.297148973770467784e+00
8.016622325236019142e-01
2.476301297907238741e+00
1.613290411567158911e+00
2.079264947041837619e+00
1.233552432452170278e+00
1.691250815042453892e+00
2.195376851636477777e+00
1.825981589301116426e+00
1.312330762463702616e+00
1.661316905439017111e+00
5.613589850996546504e-01
1.280277201605800830e+00
2.180739014293016087e+00
1.590234775988438765e+00
1.450357898390454370e+00
1.117462627252159946e+00
2.621856018120426235e+00
2.034591197604976642e+00
1.063456457235652630e+00
1.726245095821603570e+00
1.645566331796824988e-01
1.494896991898003513e+00
2.303117794956110131e+00
5.274290385296783734e-01
1.342920742930960643e+00
2.258354038005002451e+00
1.045507755225038471e+00
1.714886182497519451e+00
1.315170360744581046e+00
8.456292598621656387e-01
1.412883675696598784e+00
1.557354209553354130e+00
1.269555740689151557e+00
1.136499797546113300e+00
1.658385714905733943e+00
1.948620407703877122e+00
1.641236699677574018e+00
2.241727026657726718e+00
1.166251604104648454e+00
7.818886457537226331e-01
6.749464321474101247e-01
1.930204983775683614e+00
9.937415919180792034e-01
2.909229869672053326e+00
6.178927451102480539e-01
1.530472952582163648e+00
1.245481569037170333e+00
1.663936402787724811e+00
2.366018816348817388e+00
1.830243638765677305e+00
7.060287052680638276e-01
2.001398323146627245e+00
3.051891574110460192e-01
1.265370521816593596e+00
1.156867915797301194e+00
2.081982904791780609e+00
2.652735118358893751e-01
1.001941133279144358e+00
2.003956589223765405e+00
1.394239917593528055e+00
1.763242212223737004e+00
6.118300224773783880e-01
6.844248084498072426e-01
1.314207618352861484e+00
1.240762039537698785e-01
9.276847858231708210e-01
1.094706069268140292e+00
9.777266985503956231e-01
1.276813221164317280e+00
1.453322287574313754e-01
1.754870338958711029e+00
1.360308232763127956e+00
1.429095487528796227e+00
1.280822246512894225e+00
1.218055124405116763e+00
1.536226284932293851e+00
1.215656828719420712e+00
1.731144243609419542e+00
1.734542370788152432e+00
2.151500245070518513e+00
1.073764752941075429e+00
9.597536728326258038e-01
1.709774801025206736e+00
1.289857642507068691e+00
2.259374441564838243e+00
1.585707043596035204e+00
1.468379974150384459e+00
1.470884335920893404e+00
1.997560566371747948e+00
1.310562017983736505e+00
1.346554084378415395e+00
2.053914070229688527e+00
1.760930048111135404e+00
1.864134327557375181e+00
1.287255503907002829e+00
2.624209174554780422e+00
1.833314930160072853e+00
2.172068528863698944e+00
1.492347545193797753e+00
1.695198941911539858e+00
2.314226737933574807e+00
1.762538558748064421e+00
8.834965676600786688e-01
1.260948400942458303e+00
6.309779869207601255e-01
1.333491570805090509e+00
1.229316313601966693e+00
1.257983609863570829e+00
1.603388070783378527e+00
1.320089478690985141e+00
7.231353862567027058e-01
2.258609338312379755e+00
1.099416100349678294e+00
7.317377333578322096e-01
1.153377695109695900e+00
2.376498091589822170e+00
1.616003480665632708e+00
2.760540360787655967e+00
1.881887541737220726e+00
1.002910483290830213e+00
2.634255618685580114e+00
1.492886803544233532e+00
1.118425335835599554e+00
5.601727645502934116e-01
7.954275292362541494e-01
2.311439536311514775e+00
1.344361683347855108e+00
1.516355001202281505e+00
1.194355647614262272e+00
2.671818021373338237e+00
1.872020363827772815e+00
3.720686105407605138e-01
1.833567155849858743e+00
1.678983813848244244e+00
1.469726005206311914e+00
2.780331159177308997e+00
7.224936667687401615e-01
2.117474193838039032e+00
1.695016527390456051e+00
1.665527945771628771e+00
2.065759925340918901e+00
2.394270851112967780e+00
1.039502850012268720e+00
1.043621037507481475e+00
5.750717944332981446e-01
1.106372159529221300e+00
1.602129273408890109e+00
9.387920182584810203e-01
1.744541305503823470e+00
2.438569660940256068e+00
1.273467894250691179e+00
1.214507138685294363e+00
1.896311097633851528e+00
1.882880875981947977e+00
2.065408462431548742e+00
6.949586602766210097e-01
1.352663600557586276e+00
1.051282590358123104e+00
6.282394205184202995e-01
8.032537360057018239e-01
1.305642958338109505e+00
1.317240654634723951e+00
2.310508731992646059e+00
2.522545569976998525e+00
2.689019298385169510e+00
1.677054510434258683e+00
2.556303880226333369e+00
2.239894161809734552e+00
1.500448214439883632e+00
2.509066309423615415e+00
1.424594836410006726e+00
1.197829499621998028e+00
2.405579581206024997e+00
8.470159198997434524e-01
8.347575711746774152e-01
1.112151949986591309e-01
1.965342504311837546e+00
7.154189608100814946e-01
1.954062530326551972e+00
1.196783351222821201e+00
1.249685173492165902e+00
2.133360954454149638e+00
6.274663621792991863e-01
2.041174304407240570e+00
9.233216477725898486e-01
5.599215208699338531e-01
1.573074343300787881e+00
2.023849249814682949e+00
6.408628940207712343e-01
2.002473024591654216e+00
1.547280879377838758e+00
8.228161874331088033e-01
1.554674165860534973e+00
1.173566012500322442e+00
1.817842904490342804e+00
1.686465249976947689e+00
7.884538078849356868e-01
1.162611302473115948e+00
1.050616329391333981e+00
1.656594004809088361e+00
2.563324792538490549e+00
1.275780190643026613e+00
2.138943083994042205e+00
5.617912197993241152e-01
1.008473098578650307e+00
1.066143173821374246e+00
5.100673272920900336e-01
1.409217299318667571e+00
2.111333929830584655e+00
1.498105293205345412e-01
1.000334581462233974e+00
1.806409193030489302e+00
2.543456501088572796e+00
2.937156441471612034e+00
4.932292429028919956e-01
3.921840300602225660e-01
2.633760829574696150e+00
2.425378743914487156e+00
2.839096016434146108e+00
1.854477922604712836e-01
5.153576795365901742e-01
2.205358185175510410e+00
2.305953889260732748e+00
1.920663707496330863e+00
2.015566207146108457e+00
8.091564161964518442e-01
2.750133853894900060e+00
2.079034613568908174e+00
1.544794357115713890e+00
2.552001434712540262e-01
2.727590709936934310e+00
1.113076938336684751e+00
1.995052273488268302e+00
3.096752466001954640e-01
1.817106535418019142e+00
1.488721017069965402e+00
1.934992350636933534e+00
1.856553325430277956e+00
6.252450825634284781e-01
2.560107353496259286e+00
1.579049041796589226e+00
1.947623486385660740e+00
2.037646255989423061e+00
1.844957087501828852e+00
2.221918797777296728e+00
5.266904533811100908e-01
1.689362132978460274e+00
8.419883398559010468e-01
1.637315196125027628e+00
2.032289810961790177e+00
4.046283760447367817e-01
2.237320980745838739e+00
7.857254747402653283e-01
1.282439392191999650e+00
6.257120647842450145e-01
1.687267266325574111e+00
2.428606399974463592e+00
1.087275020281645910e+00
2.291101595304528615e+00
6.933681271935395740e-01
1.759795013947205833e+00
7.938960861164187088e-01
1.036210658335361634e+00
7.521312457966661258e-01
7.960857262640188559e-01
9.764046826918237887e-01
1.929695524714137189e+00
1.212995108743263106e+00
5.931102473579457079e-01
2.065297902684504194e+00
9.830878075104616531e-01
2.040630196514122474e+00
1.218799040554394253e+00
1.410596434311876202e+00
1.037651976398476616e+00
1.636258980570991506e+00
9.182928168802836355e-01
1.712345556206227304e+00
7.220504434308803177e-01
1.175818900858298433e+00
5.031016601209229444e-01
2.285364525768775135e+00
5.631642490876171969e-01
7.164840894808984784e-01
2.255877686179884378e+00
6.649883946838139881e-01
2.512668430404510489e-01
2.529690180645963071e+00
1.118977470479692871e+00
2.338771698025739809e+00
5.384443693757987592e-01
1.312225267417868713e+00
9.155073610279056417e-01
1.054262469942351510e+00
7.991944116549517529e-01
2.030838599243137033e+00
1.926119422999223563e+00
1.914648999744946289e+00
1.182515431449247645e+00
2.090871373927364996e+00
1.674369172797085303e+00
1.986909049545124706e+00
8.117858581028181142e-01
8.391314552820197115e-01
6.276159867104806889e-01
4.861811220876816053e-01
5.488637632955705170e-01
1.700714358505254431e+00
1.918926957191767535e+00
9.608244652719062362e-01
2.097119193023949446e+00
1.253071085803483919e+00
1.380326026519497429e+00
1.134767078866538714e+00
1.346224807829253134e+00
1.309736226829523398e+00
1.737770244140732112e+00
2.539748715244284138e+00
1.771367095900784339e+00
1.869827303663125218e+00
2.445818312581838239e+00
5.188117724681011733e-01
1.458709089888970301e+00
6.300179001533161571e-01
9.442781095361831856e-01
1.423793481983548714e+00
2.720802135589499571e+00
1.162629383717276754e+00
7.279352091022418536e-01
9.951085807163525532e-01
8.126325906477811500e-01
2.458941340485029325e+00
1.357191409724828768e+00
1.314960184480269190e+00
2.296042889797450526e-01
6.947507841333028233e-01
2.580409994785076044e+00
2.402246784868204532e+00
9.024977959537812122e-01
1.196981989115330602e+00
2.507059561473681697e+00
2.470285467210600938e+00
1.869979958294573308e+00
1.765245699298114701e+00
2.073611271006604806e+00
1.075414790996337411e+00
1.568902565712099184e+00
1.393518545595714420e+00
1.005102023665925604e+00
2.370822064588158806e+00
2.821464468079839083e+00
3.079186090004076171e+00
8.987105014932517122e-01
1.371158662314025944e+00
9.568422840527885942e-01
9.014034537987497542e-01
1.038033747433509513e+00
2.112705025808315540e+00
6.555638331433862875e-01
1.277363104502073909e+00
9.063086006808291906e-01
2.138175695681428401e+00
2.138516950407209349e-01
1.298414970102230503e+00
8.039008335663919702e-01
6.172208090624485832e-01
1.565249678033841629e+00
1.757236662941168648e+00
2.046855064432602234e+00
1.441502358676018059e+00
2.165516563807672601e-01
1.245999784585169134e+00
6.583114970982144598e-01
9.158077460867608544e-01
9.565560645059434375e-01
1.498889049889987835e+00
1.961885203902361097e+00
2.561939147899831237e+00
8.612423575205390147e-01
4.422336857180608205e-01
3.318189614685559397e-01
1.770595323226348272e+00
1.081532469102839400e+00
2.687889179710199805e+00
4.786756578780699267e-01
1.382638236943559473e+00
2.204825188880130238e+00
2.082323787763920464e+00
5.825917014827990403e-01
2.104444321951712382e+00
5.876706564011374700e-01
7.826105540680383665e-01
1.135120293099237010e+00
5.629787886483823556e-01
1.133237463603004702e+00
2.849119953565877328e+00
5.683873424585083045e-01
2.052798566266848201e+00
9.501904211910972009e-01
1.997506225033088834e+00
1.344589844210680729e+00
1.998884731637692092e+00
7.233374924498545688e-01
1.261551709839468183e+00
2.156854909745031801e+00
1.352902929446820668e+00
2.497108337376952480e+00
2.358593683188234535e-01
9.330507635677164346e-01
2.160301891009742903e+00
1.253332800832147154e+00
8.846162139965647597e-01
1.607458402628597849e+00
2.587128662976339477e+00
8.879259926555677085e-01
1.075525427794107536e+00
2.793784294872108998e+00
3.809792973757713530e-01
9.349036839204436511e-01
2.395729445482139841e+00
6.269113299561164254e-01
7.576734053540469249e-01
1.019219168378204365e+00
1.075333840799615137e+00
1.007582176924463502e+00
1.347751370199725907e+00
6.880233448350298042e-01
6.817643068283265606e-01
3.799531440241116220e-01
2.091967098643252587e+00
2.701499298134363514e+00
2.577420219856263017e+00
1.899173618782367123e+00
5.176449013576096547e-01
6.734445077949705594e-01
2.004195443055942771e+00
1.350262455205315515e+00
1.010794929265027120e+00
5.684505261201425741e-01
1.011875156554810085e+00
1.089580636260860214e+00
1.997401077653808033e+00
1.893512931059021964e+00
9.166635031598010519e-01
5.013847150636320249e-01
1.333752313828869163e+00
8.535086308556396606e-01
6.880074432081240143e-01
1.862902942059466715e+00
1.233942375041687800e+00
9.449419877491533892e-01
1.278961702268564427e+00
3.965278736852712038e-01
2.072681577400332209e+00
1.470249169253151411e+00
1.310632244943299884e+00
2.529493037380493803e+00
6.312192078682969942e-01
2.312913355134665672e+00
2.453454675106514049e+00
7.635306048292732628e-01
1.642732568563217033e+00
9.713611886391672057e-01
2.394097817834616393e+00
6.836056275866990717e-01
1.089512429253361114e+00
2.384342165587516771e+00
9.897382078396932403e-01
1.487018247304887630e+00
9.204440569376459713e-01
2.382229003117013022e+00
1.974030502968479928e+00
2.336770916875740678e+00
2.238241970969512717e+00
2.151232782527401355e+00
2.651086803629264743e+00
3.937516290008851727e-01
1.825278180381640636e-01
1.938067983728763988e-02
2.706648340606765402e+00
2.374139755374852001e+00
2.032334983304254550e+00
1.512752047441807690e+00
1.645166919673846762e+00
1.307158074706878725e+00
1.438184488013685147e+00
2.429007903545510327e+00
1.534640216636385945e+00
1.517327955460368472e+00
6.523442836987911608e-01
3.029651252844717924e+00
2.550953413853813689e+00
2.122267618024245572e-01
2.012616992992562359e+00
2.371506482381573022e+00
6.699389923600177488e-01
1.549102215112798886e+00
8.015391785403253033e-01
5.151158061589184989e-01
8.688655942661818177e-01
1.917360752920146849e+00
6.044183371505864599e-01
1.057780897352368354e+00
2.435773416281393100e+00
8.468041010063827034e-01
3.053862633158120898e-01
2.885046506195623195e+00
4.117745139788687170e-01
2.455457280943449117e-01
1.534454735014804339e+00
1.041753039364766709e+00
1.541797423387597954e+00
1.659800405558035097e+00
1.917245370549957251e+00
2.888115279791137358e+00
7.993393291246392307e-01
2.450139368679534524e+00
1.000866040807542712e+00
1.661617532186459245e+00
1.076397864890735301e+00
9.894818798068424348e-01
2.263159906451703840e+00
7.734857848184093498e-01
1.149350461864574013e+00
1.638102676042414885e+00
2.106277176047450350e+00
7.837699220729398009e-02
1.148683820256669597e+00
1.146735465996593817e+00
2.010573312772956811e+00
1.562909529366198980e+00
2.606270138992076379e+00
7.079075489505906038e-01
8.070161891129750131e-01
2.036214783095610326e+00
5.707615618663794965e-01
2.579227712724842192e+00
1.121435568826040896e+00
1.139363752455345935e+00
4.518553191900553934e-01
7.152532228611849785e-01
1.717434302832594240e+00
3.031399887120302394e-01
1.875771017231527171e+00
3.861803353728001653e-01
2.070907830015145112e+00
2.011133251887814222e+00
2.471485945029326281e+00
2.405000629890211794e+00
1.628219789376935900e+00
1.349759693145377915e+00
9.039004848721915453e-01
1.973199998730525540e+00
1.122315226093719698e+00
2.221051886164373101e+00
1.602108488019893251e+00
7.092218664458829203e-01
1.741559352137753258e+00
2.065075504192385392e+00
9.330865152677263463e-01
9.139411615558904467e-01
6.765647943381857266e-01
1.045781340462728304e+00
2.494555299711540108e+00
2.065882237805395594e+00
2.209306171025886112e+00
5.131537275111176521e-01
2.637713619611932181e+00
8.735884518405350185e-01
1.980235299962963103e+00
1.098556866750009409e+00
1.121831545817567388e+00
1.841142672408504044e+00
1.457955927860172363e+00
3.015500249461464222e+00
9.075046541925555488e-01
2.626841946482500578e+00
1.171904857830149194e+00
4.290647240866929391e-01
1.484848770707198007e+00
8.406112168898609571e-01
8.751958142818258013e-01
2.458652392442281620e+00
1.485355792391549468e+00
1.045695861469424059e+00
1.887652467836880898e+00
1.973510819196234056e+00
5.126376723518040190e-01
2.454048692163326995e-01
1.940010139322596805e+00
1.837184439290188820e+00
1.008488223027347308e+00
1.278401564096957932e+00
1.402120009235975795e+00
9.949243588280386463e-01
4.002268028729544236e-01
1.699888162173698092e+00
8.547359878711630055e-01
9.791027133100982383e-01
1.014225217672847901e+00
6.692815689661043566e-01
4.464589200704014438e-01
1.095718598953210110e+00
1.855016979973765689e+00
1.913818168285753574e+00
1.350470244983701162e+00
2.281596169929127893e-01
1.623340936509887422e+00
9.518117867760975681e-01
1.652517352652965954e+00
1.072291160444159397e+00
5.187049655885718202e-01
8.820498092786825950e-01
1.275138985117646895e+00
1.057652208678042882e+00
2.443078740664000215e+00
2.521391939201571120e+00
9.744749702626620547e-01
1.448122396498080500e+00
2.111227647318419276e+00
9.863569355912952252e-01
1.893912180013763269e+00
1.532576884620058699e+00
5.541316514789225156e-01
2.573677122593036604e+00
9.643820184391540540e-01
1.062178971082150758e+00
1.418349739247045660e+00
1.323861981423813949e+00
1.998469859834382412e+00
9.855447119545586165e-01
1.810177026412089107e+00
6.823729159545531830e-01
8.242939945757935538e-01
1.908688746973630446e+00
1.297035633230536389e+00
7.603783653778221074e-01
1.739452738870442827e+00
2.419382555331524909e+00
7.195380400675149835e-01
2.555596580461565015e+00
8.995911625850158133e-01
5.631651522600762405e-01
1.751078033474195106e+00
2.039653817221264820e+00
1.016197806084084609e+00
2.607364426191560725e+00
2.348145529663184128e+00
2.238115657840650918e+00
2.617869754608834310e+00
2.565219794387080920e+00
2.026155238615716669e+00
1.585408745068467518e+00
1.250171286393171100e+00
8.602447268306421257e-01
1.184148295823947539e+00
1.295871265360520219e+00
2.023513712670722775e+00
6.634390006005608242e-01
2.226310009746288898e+00
1.783342969037953196e+00
2.586755024745871268e+00
2.256044948283937757e+00
6.817197103491212662e-01
8.524983929877154587e-01
7.399344508033275369e-01
4.188063931532957640e-01
2.873022379363924794e-01
5.773326033239648547e-01
1.014094766091825139e+00
1.957559740177002405e+00
2.345836272051130322e+00
6.588885606763433822e-01
2.195984060112131875e+00
1.142349599957921846e+00
5.166098257417257589e-01
1.949119292411870763e+00
2.242175528421937791e+00
2.366426130139962947e+00
1.516456145889893969e+00
2.160959550159042841e+00
2.041487218764991063e+00
1.037092215297879649e+00
1.029380607282608828e+00
2.593653973243082778e+00
2.172590704617039847e+00
2.703609247969094298e-01
7.894218905536461994e-01
5.776837420979258342e-01
2.632763841853780207e+00
2.533020676973474217e+00
8.014508400816092726e-01
2.610853352109195225e+00
6.574672519467964493e-01
2.569094960606520317e+00
1.206804687692146105e+00
2.416985583845435492e+00
1.975286598125554294e+00
2.615930405353078303e+00
1.271115827897979056e+00
2.278977815723238987e+00
7.842646882953259180e-01
8.278016598246009661e-01
7.289060696129674444e-01
1.425640192077359147e+00
1.754265152265533922e+00
1.064980211554739098e+00
1.868613021045044009e+00
2.626268911973483444e+00
1.029793609462574810e+00
8.377602487457002089e-01
1.277199322703187256e+00
9.497718258586228535e-01
6.716710494800293141e-01
2.228739227171113502e+00
2.743049337817260902e+00
2.509346278257212681e+00
1.734638081907315721e+00
1.186536100116811099e+00
1.335480093534235690e+00
1.125316672779204996e+00
3.079926711528136352e+00
1.373361659025128301e+00
7.080755686827088224e-01
2.401371910558681488e+00
2.627313447418328618e+00
7.197272498874318636e-01
8.493703572022394122e-01
1.733985611552685935e+00
2.416821557990683544e+00
3.772356111547757185e-01
2.653946995468489778e+00
1.896186928953668360e+00
4.887017126953466239e-01
9.539246978218961504e-01
2.555249318537598402e+00
2.260408361620873663e+00
2.843833610475993812e+00
2.233763457584098389e-01
2.415495023866072621e+00
1.360103271516044376e+00
6.599227829405540646e-01
2.122128504906560131e+00
1.706806795555382950e+00
2.339216556828909610e+00
1.898656957963886782e+00
8.802633868464238009e-01
2.292193937008868865e+00
1.732334315884209053e+00
4.921064921857740138e-01
1.679968332945698695e+00
2.537674676475480506e+00
1.134768084898999607e+00
6.699925461385172198e-01
3.227738084051166023e-01
1.320255144246335499e+00
2.763370676640290569e+00
7.797283427100117903e-01
1.014816769667397089e+00
2.713841246644657090e+00
2.468241787851490177e+00
2.367736363420620993e+00
7.924824867278271734e-01
1.517186389428063498e+00
6.260475521653323661e-01
2.172837658108790926e+00
6.313630989616698941e-02
1.225140344029152395e+00
5.854924316762729619e-01
1.992608529312620336e+00
2.860322357321140707e+00
1.062576352289197557e+00
3.942133904555660817e-01
6.240011169632510013e-01
2.970404998347238479e+00
1.681045006659118712e-01
2.381710558518490117e+00
1.726051938591589008e-01
2.724937266798683755e+00
1.746547316277215600e+00
1.142925501002011623e+00
4.227468380536517079e-01
2.005496376654838375e+00
2.580540814050496845e+00
2.370761328514806032e-01
6.224494439790072553e-01
2.808242133321112721e+00
3.510506881255148759e-01
1.879875831734562741e+00
1.062697031240463108e+00
1.329728937867920235e+00
8.429491809608310460e-01
6.873623635648131724e-01
1.218791219690108507e+00
1.982630972237359179e+00
2.092305214100586230e+00
1.481465357144941430e+00
1.904723652162780834e+00
1.510605789898600948e+00
1.386177191418982435e+00
2.431802183169829767e+00
1.256341918801655799e+00
1.986908804684825558e+00
1.918066097113423574e+00
2.282689345452888929e+00
1.182364708286443244e+00
4.202096745461271210e-01
6.461263156734902147e-01
6.474688441702366459e-01
6.313772182007586498e-01
5.894976938156624158e-01
2.691678497063959785e+00
1.002751057036838755e+00
2.887131655823685694e+00
2.788341113752891842e-01
2.549927829203669116e+00
1.927832898463907929e+00
1.452640089847029303e+00
1.444610439831056636e+00
8.947377605086394015e-01
3.793138112782727944e-01
4.914929411408577864e-01
3.398254716754329219e-01
2.752593681730095998e+00
1.223290834556621798e+00
1.042186234655280375e+00
2.283057962225786053e+00
1.562992154170551318e-01
2.278687655934581446e+00
7.244171538358882279e-01
1.933287660799154706e+00
1.365015562270764482e+00
2.373610294515768437e+00
1.134548947905180905e+00
1.204185754013817000e+00
2.758458851793578859e+00
9.353889732922660016e-01
9.057784965319432002e-01
2.872862391743987054e+00
3.623068321367343136e-01
1.462697293794966935e+00
1.107216555989665174e+00
1.022155623443484096e+00
2.560696547959137703e+00
1.762727262195267486e-01
2.313081766475603818e+00
2.528132140926568017e+00
2.390978559940417636e+00
2.630335804267644129e+00
1.515339893464332732e+00
2.998200328521850810e+00
2.816032208673840298e+00
7.024026760879168441e-01
5.522206508770687305e-01
1.726175581076172305e+00
5.627301695782119806e-01
2.551881485138455474e+00
2.454989990838873481e+00
2.604424912241567469e+00
2.552512557407534910e+00
4.607780590257155029e-01
2.268617476172191783e+00
1.239694687047734334e+00
6.440583672001222171e-01
8.033855048872973192e-01
2.494816867252362513e+00
2.695203464343944866e+00
6.859368129548285009e-02
5.186308958890647469e-01
9.197372847813245489e-01
2.864744309636812591e+00
1.049340943092084588e+00
1.259597799268836749e+00
1.934257100526487472e-01
1.675317735176878875e+00
1.343045098596020059e+00
3.397425736051690737e-01
3.288135659121388388e-01
7.642665527651087976e-01
1.911006054873708893e+00
2.185152342686115023e+00
2.951605574937683940e+00
1.671627269583598308e+00
2.389453289130779812e+00
9.317173270116123618e-01
2.855329450372276145e+00
1.738127284140031037e+00
1.113453179760994338e+00
2.942747673958732157e-01
2.065867303415334089e+00
2.175150391751794920e+00
1.573219620210675629e+00
7.419050387674579472e-01
5.308345124104589807e-01
2.126879267198452439e+00
2.668080067476528150e+00
1.897123484976383168e+00
2.943691215356837532e+00
1.681273332665075282e+00
7.813273101705480173e-01
2.798046990948020452e-01
1.357731182239081624e+00
4.049848550026465266e-01
2.630835212527280031e+00
7.682758696987866953e-01
3.074973925076754266e+00
1.175717449483883126e+00
5.272735424113698111e-01
2.907168416356347151e-01
2.849796808436027895e+00
2.497377043529976692e+00
2.599858962940950313e+00
5.170782665592089655e-01
2.777809874010676694e+00
3.634874526429595076e-01
5.737134195347562970e-01
1.592216667246704631e+00
2.806947749325536812e+00
3.362116281456997147e-01
1.332331582373015522e+00
4.882411445998064981e-01
2.415238140517132592e+00
2.561049868342073488e+00
1.052779121768340209e+00
1.398545844804359506e+00
5.003503384622097760e-01
2.607000889725509252e-01
2.083725497914139080e+00
9.161266899194544511e-01
2.199258517621902165e+00
1.267436628550679512e+00
1.624084588657797923e+00
2.101670325073071499e+00
2.905264676253690226e+00
1.164236205917159817e+00
7.368815675505901996e-01
2.055125062919306522e+00
2.769353159620273619e+00
3.378906676751565197e-01
1.979131233243389687e+00
2.999924485958938458e+00
7.849306653697497582e-01
1.839206264420637948e+00
1.764734668017577057e+00
7.480576325918114611e-01
4.373602145264281482e-01
2.137737135012048206e+00
3.707158940626392729e-01
1.713636752001505226e+00
6.703881654532710677e-01
5.846398435351125578e-01
1.003395571396106689e+00
2.995389808045247015e+00
9.872927310761180353e-01
8.495036379681087935e-01
1.815037216373081685e+00
3.353461643081777632e-01
3.128003245886311068e-01
9.014191668953920322e-01
2.170805425350444740e+00
3.016322256734819796e+00
1.524967615655121511e+00
7.906862182090146351e-01
2.439287422988901000e+00
2.731459766239083820e+00
3.701847268591534346e-01
4.396836020852664118e-01
1.284501763727249113e+00
1.463314175353148228e+00
7.480064071508921719e-01
1.591797222044537108e+00
1.583870149454863707e+00
2.670851383184065675e+00
2.910343729541066793e+00
2.022596867805897425e+00
2.571746708213188182e+00
2.703802719771640550e+00
9.973013947556675918e-01
1.525435955735261473e+00
2.009997475626450925e+00
1.858915791186080080e+00
2.392082298164325493e+00
5.245828549063377144e-01
3.543819186433134760e-01
2.854307644186906856e+00
1.930742802686563619e+00
1.052407854435821966e+00
2.354263449792886931e+00
6.798303272663838159e-01
1.018534011295922248e+00
2.061621869756471881e+00
2.432316125262914408e+00
2.497736975627733003e+00
2.107756426348440737e+00
1.335057075054717934e+00
1.317206761046446850e+00
2.389128273126117641e+00
2.813663352019902253e-01
2.275918918381774958e+00
2.385137338968991827e+00
2.590330701672105107e+00
7.840921636863279476e-01
2.946077480827535400e+00
5.791335705027443881e-01
3.353243107201224205e-01
1.468335055018610502e+00
1.887401238034830842e+00
3.803476763486430823e-01
1.302266110061592430e+00
2.461874057229779034e+00
2.696306723612394318e+00
5.365105705230497346e-01
2.927790873891037648e+00
1.237516494013537027e+00
3.705724125142719760e-01
3.051940396920948206e+00
7.307414278013253384e-01
2.417321020257138464e+00
2.712485841339801418e+00
1.796952439729095019e+00
6.925573974357781548e-01
2.373339494947977357e+00
5.355301408004653485e-01
2.016589985954206021e+00
1.069976353178905271e+00
2.248122542872454055e+00
2.292244155421320873e+00
3.667010860626164770e-01
3.415045619965180190e-01
2.099541928021114057e+00
3.523370006202765636e-01
7.604649664547482590e-01
1.076896652481857508e+00
2.975060012781130525e-01
2.449891474030987837e+00
1.779576931309519328e+00
1.669085664179598361e+00
1.939189347504612693e+00
1.052998817660964370e+00
9.091024634447592012e-01
1.141828224861943131e+00
2.820849902720259927e-01
2.447165514583240942e+00
2.669146578676952597e+00
2.797282588438161799e+00
6.151816168976335097e-01
4.633266558355098041e-01
2.250639866289431801e+00
2.462553893686593387e+00
2.856753117379248419e+00
2.636911048808438185e+00
2.938690071356589772e+00
1.070219986434090664e+00
2.239822268718250076e+00
2.643050036074192199e+00
7.042992418731105486e-01
2.098635434497194918e+00
2.126543172051287289e+00
1.844470128717518476e+00
2.092566254719490537e+00
2.013199550294417772e+00
4.945890993959504156e-01
1.233981250506930749e+00
2.765305683925376012e+00
1.762761467284954309e+00
2.458103436507040662e+00
2.898098712431914636e-01
2.402906819593611409e+00
1.924573611041013210e+00
2.442969441757016913e+00
3.918631066991815071e-01
2.172314289729952996e+00
4.433926280364391959e-01
5.969052985537758316e-01
2.119667540269821515e+00
1.445597570609727489e+00
6.122943338316177986e-01
2.562739939762766372e+00
2.151271034315810571e+00
2.020854981886170076e+00
2.529662191160721108e+00
2.346104292776697520e+00
1.206743715358743918e+00
3.000432269979904643e+00
2.839138463183580874e-01
2.010469503438828021e+00
2.818752931757007474e+00
2.371944774656672195e+00
1.740413328431009710e+00
1.107704313928870699e+00
1.339566382348382323e+00
6.826236783722009482e-01
1.609073008253061987e+00
1.250842043630438605e+00
2.285606145567550540e-01
2.226199351451654262e+00
2.401198149353974021e+00
1.616675409652002626e+00
2.933351486219645476e+00
1.531810952412905102e+00
2.967837277259431694e+00
2.218514412959234239e+00
2.997485256732892012e+00
2.889871959888929087e+00
9.065420883308056288e-01
2.488488633605753009e+00
6.905861873900673853e-01
2.229881351543328005e+00
1.530914783584038430e+00
1.263735039274482830e+00
1.851775312386665151e+00
8.818102973119134047e-01
3.437066023462309605e-01
1.038389838079002203e+00
2.595897747735148031e-01
1.397014702350102722e+00
1.617552170933056477e+00
7.347634890160341659e-01
6.936213889906134300e-01
5.761353484030548033e-01
1.980071460006600059e+00
1.547077809925557990e+00
1.559747354401472608e+00
2.465168419529088606e+00
2.759980797877638725e+00
5.643793779975792013e-01
1.849648753387930444e+00
2.581175090950499129e+00
6.110732374117475718e-01
1.570806052253153506e+00
1.930369425873849520e+00
1.263119513147738626e+00
4.445851260840784080e-01
3.891557303930009426e-01
2.739949471677728177e+00
1.229884766165126653e+00
9.306998699528163943e-01
2.344069654659068025e+00
2.860047449875868786e+00
2.098866157333685756e+00
2.002724270345614066e+00
1.296217329516138328e+00
7.398133436588882894e-01
1.569332783405750886e+00
1.715568090742946694e+00
1.040048013491750023e+00
2.727472990884721060e+00
1.021579875021807693e+00
1.856416104950929569e+00
2.606159400663906833e+00
4.689451609985856861e-01
1.219986658495306742e+00
6.136743530414823233e-01
2.726092738938346027e+00
1.370234772238836607e+00
7.811735650796485242e-01
1.536840515052621425e+00
2.049785022653400457e+00
2.938174211833138205e+00
2.246085822711428648e+00
2.417347371171486792e+00
1.115673970986571950e+00
5.116006605054240763e-01
2.254071650820712147e+00
1.196364251748266661e+00
1.215150548161665567e+00
2.508104219608113805e+00
5.726685248072928003e-01
2.673701851443265998e+00
6.197108586184777446e-01
1.825234086709305537e+00
2.108830319614576787e+00
9.176910004975673552e-01
2.059898392580886473e+00
2.897811352308532484e+00
2.089046057489719388e+00
6.181573988628945582e-01
7.009749797839593954e-01
1.434201461878676032e+00
8.826647350523542102e-01
2.476343117154182760e+00
2.750261181634816587e+00
1.392434769313821041e+00
4.099887279104265092e-01
2.233986996075341125e+00
2.338596170029122234e+00
2.365815905443769296e+00
2.488657181297596832e+00
2.487785782297785353e+00
2.756277293922195781e+00
2.806196435801016076e+00
2.586079154692832116e+00
7.255658840836074486e-01
2.256708102121455006e+00
2.285336431328184759e+00
2.726786955425456682e+00
1.096158930981631530e+00
9.150895647499394103e-01
3.016615699120325012e+00
2.019334722740260712e+00
1.412803470630634717e+00
1.627524569671346732e+00
2.223281722063060073e+00
2.501955140231656660e+00
2.466304966829659051e+00
2.664204572577281160e-01
1.405104333182322307e+00
3.468785404181848331e-01
1.928575443727960748e+00
7.158825080866103585e-01
8.364271948739618878e-01
3.321125285474348932e-01
2.017834752866574544e+00
2.802576485473636136e+00
2.644648474644621050e+00
2.434611054831788746e+00
2.108257801744315874e+00
2.144510554630316701e+00
1.232966177041832312e+00
2.412604015403375879e+00
2.721070001308815378e+00
2.736487290511659953e+00
2.325341902577736874e+00
2.809471446041161613e+00
2.304922737881160533e+00
2.294756392558770841e+00
2.464236240943850298e+00
2.403236327848326415e+00
9.013891616685389963e-01
2.266622552220119768e+00
5.791893544317812115e-01
2.134691305648940940e+00
3.003335465552861572e-01
2.985784501625460496e+00
2.197578417745860158e+00
2.891308307839668412e+00
2.438155599949381802e+00
2.807596244255782025e+00
1.112754319458630459e+00
2.029380219267423069e+00
1.279045409712997072e+00
1.564703908618747308e+00
2.925839795953415479e+00
2.724441658561302937e+00
2.857468926711913326e+00
1.284398460296228839e-01
1.947742505978675265e+00
2.358766084043292910e+00
1.092901551996635856e+00
1.844220726506405672e+00
8.016300545863456195e-01
2.797815885510852141e+00
2.651557541975638532e+00
2.527571755191994285e+00
7.968464390980301015e-01
1.024532743761226605e+00
1.752191872697234754e+00
2.303671504869187814e+00
2.908580554236638971e+00
9.211721238812905499e-01
2.099967781735255112e+00
1.172348145905384609e+00
2.767795960171232306e+00
1.129313190664605226e+00
1.174625849640360986e+00
1.100236200605781089e+00
4.049415431462183856e-01
1.709241285363709340e+00
1.301085009230820599e+00
2.557214959601291415e+00
2.195792283170442616e+00
5.732713244079602477e-01
9.666570917190762113e-01
1.614595807461085997e+00
3.213420561707952539e-01
1.925095106738992312e+00
2.240752944770448174e+00
7.525427810363649606e-01
5.891174074948302142e-01
9.369383159100116432e-01
1.968126776890661622e+00
2.155295152115570101e+00
1.195088628165168698e+00
1.827872967720688413e+00
1.146033869396873239e+00
2.302125388506448100e+00
1.321695123831107654e+00
2.409204127119932981e-01
8.503430987892102166e-01
2.101859356166579484e+00
2.581542132897304054e+00
2.039622313376825979e-01
9.221101550585971696e-01
2.759562729396018099e+00
2.587772585416829418e+00
1.216454652438077932e+00
1.000919808533380362e+00
1.081780205269731177e+00
1.844994885588102873e+00
1.135935846230804902e+00
2.604956778054963173e+00
1.863472888161568641e-01
3.065816502733504922e-01
2.859818899381415758e+00
1.211103387235034079e+00
2.737159696591799918e-01
1.054428569160827944e+00
2.844314887769746836e+00
2.151425484449178693e-01
2.833992057805064579e+00
4.617837147966654121e-01
2.589506176156881612e-01
3.089032022292116375e-01
2.471776565765370748e+00
2.354439946044955434e+00
2.788462575913727814e+00
2.333380160097329625e+00
1.993461208271705143e+00
4.531959097668277203e-01
1.181297482318103942e+00
1.908545905085380801e+00
2.162807889203946399e+00
2.219946025021876768e+00
4.022891031557417341e-01
2.959666910786160177e+00
1.128181057840780266e+00
5.342260707576443890e-01
2.599962570101455039e+00
1.239734609374717911e+00
9.867361313178314441e-01
9.107098431971080155e-01
6.819333377799752238e-01
2.611178392182428087e+00
1.032938421576594434e+00
5.276636892423294256e-01
6.459485015312862455e-01
1.701220725600304462e+00
2.516121098878572049e+00
1.763743767738913171e+00
2.779866679495807791e+00
1.035802580131230721e+00
2.694667929021976160e+00
3.042986366438670043e+00
2.101013249201916899e+00
3.873740489789849750e-01
1.809522526937494380e+00
6.721614192967542145e-01
1.132614399177513276e+00
2.913523785773319386e+00
7.997550983062121643e-01
2.034770700077404848e-01
2.645586814167996792e+00
2.045393613200327199e+00
2.290363093162179453e+00
5.180606661638992305e-01
1.022008273768996611e+00
2.576835871230171549e+00
4.521285602134204051e-01
2.262282711753857090e+00
2.936655092217285379e+00
8.415499202288411196e-01
3.064150460418494593e+00
2.942813549414600605e+00
2.901931678284915161e+00
2.543187039558438389e+00
6.358686276398847204e-01
5.589984437675729056e-01
8.303352449903282917e-01
5.976193669462397384e-01
9.769191457524309952e-01
8.411110083602363341e-01
2.849808630590328740e+00
3.468409762226502546e-01
1.412729325993737906e+00
2.747699890942076006e+00
2.908230477434088357e+00
2.048994661773110515e+00
2.495126755420697950e-01
5.817548877180444000e-01
1.606276944447879440e-01
2.296514533419772519e+00
6.162466773878239046e-01
2.530357431161776027e+00
1.130026961103022032e+00
1.952034736802493953e+00
6.527941145058260286e-01
2.168680475395932117e+00
1.774868896260311413e+00
1.758493387883459214e+00
6.888530891984556703e-01
8.725055137550908890e-01
5.607553832410561157e-01
1.788082282483826058e+00
1.080475112670569393e+00
2.680491683522700175e+00
1.486883912519403550e+00
6.264324182657436957e-01
2.538184829219468419e+00
2.271513535590438393e-01
2.960679183177836737e+00
5.415454433325683770e-01
4.056775821988615194e-01
1.068668761560124025e+00
2.685415552025232078e+00
1.577091056798027635e+00
5.353772954546097695e-01
5.825542206528359079e-01
1.477803179183433624e+00
5.469977705699515802e-01
1.674298871682533996e+00
1.056463845656873124e+00
2.441282189188296314e+00
1.795216221594415629e+00
1.901559207806242879e+00
2.134930337447814797e+00
2.070797734850655214e+00
6.209834846961427290e-01
2.065741179969157404e+00
3.416028623171709078e-01
3.039928256836128995e+00
1.219439781749508400e+00
1.696675095772803621e+00
1.469768419435572460e+00
1.402249840767437972e+00
1.845880446381749307e+00
2.035980771870076200e+00
7.925453003927014350e-01
1.483826495372729148e+00
1.711162532548032633e+00
1.560195262036676800e+00
2.017546884236871119e+00
2.459561650985716774e+00
2.197599460654327874e+00
8.139031749694431994e-01
2.222494412621585091e+00
2.530571039579520676e+00
1.436872581154631678e+00
2.150641033818872394e+00
2.419935463307179013e-01
3.270107238673928274e-01
1.498179002301669893e+00
1.183479332809140860e+00
2.777104658589753416e+00
1.113704006854111528e+00
1.532316815772134744e+00
5.970017231373861977e-01
2.517373165278212088e+00
2.762047839931630833e+00
2.924774096329368689e+00
1.439316091279644327e+00
9.027621469584937719e-01
1.121847377898591125e+00
2.527238703157181021e+00
6.513331647323945539e-01
2.625516266200270010e+00
1.939454238792156726e+00
9.523937445488546150e-01
