redshift
7.782163294717621138e-01
5.248169324103916233e-01
8.335071594856187094e-01
8.657622095127729400e-01
3.964807097465161134e-01
6.604875266685820145e-01
7.386079596316236229e-01
4.071044862326710367e-01
9.927418055687299292e-01
2.933704262235657390e-01
5.330286386053390002e-01
5.458879660532995892e-01
4.102819349768671575e-01
5.442407942341990212e-01
7.021409694581542960e-01
6.606388895059038813e-01
7.120518818942168648e-01
3.955472730835828399e-01
4.227175793386697134e-01
9.810314157610360297e-01
8.851834852421816002e-01
1.135197730582860220e+00
5.675981352428004501e-01
5.925133795288737293e-01
7.125403151060778484e-01
7.258678929505023580e-01
8.876740219471377369e-01
4.543171000316364450e-01
4.788406850389839708e-01
8.575128326581182847e-01
5.041400586546830320e-01
5.575273918372338766e-01
7.724055742000732749e-01
8.238123174675650029e-01
6.207151381699350656e-01
1.010527617294144420e+00
4.620049778909081084e-01
5.974561794884658550e-01
9.110197574420488831e-01
2.590471923584015679e-01
3.314607168094652612e-01
4.296736096356433832e-01
8.466085072591159610e-01
1.060034172860429225e+00
8.099050246867515179e-01
5.321777769636216737e-01
6.625867185656865166e-01
5.771718835641307388e-01
6.433394373398260147e-01
4.800414984599936097e-01
3.473748239625072398e-01
1.144242145775304254e+00
7.287641304459135938e-01
6.165377850943222215e-01
4.063772095227728420e-01
4.815925988691165949e-01
4.623502913273512260e-01
6.780482694175070657e-01
6.303296244290776951e-01
4.072129743812163416e-01
6.075313196033612639e-01
6.461619866277896751e-01
4.029020376808952197e-01
5.855150132547184416e-01
6.027182475198550327e-01
7.333657117842523609e-01
7.675278021771699821e-01
8.701313731904605220e-01
8.534943889216732860e-01
5.797053312907756162e-01
7.688260439689065251e-01
3.726206275088567721e-01
3.079620249702210155e-01
3.266219233770039643e-01
6.405892938006594317e-01
9.785543850300205682e-01
8.682698688587879854e-01
5.754581170393209266e-01
9.153325414522468506e-01
4.478765811864200419e-01
4.833191049843001408e-01
7.189599345659611895e-01
3.182579804475640928e-01
3.048221981398590574e-01
3.619996404670003387e-01
4.700372283885458913e-01
8.776998241282970570e-01
6.961544553198408813e-01
4.606807563838916653e-01
6.401657705098429130e-01
3.810080529988728593e-01
4.877419526533505190e-01
7.420998699787462183e-01
5.871056555304339231e-01
3.780177623987017177e-01
8.685721140996521816e-01
1.097906339036808898e+00
5.824730992372435523e-01
7.973455182969697574e-01
3.596281804036183805e-01
5.325152245672721829e-01
4.373425413802798367e-01
7.012359543187355326e-01
8.145463578918769043e-01
5.476821613912034037e-01
1.130849383481176362e+00
9.938490808599363957e-01
3.913218123895210732e-01
3.194765162516082779e-01
8.654687012075220620e-01
3.469703625615681020e-01
4.191633216226643421e-01
6.452213265348475391e-01
9.377773472864949778e-01
8.274143227596291172e-01
9.949615457869552815e-01
5.854890253413621570e-01
7.122138593170864729e-01
4.419674946663398329e-01
4.961350404636893363e-01
4.590733218236212054e-01
8.169772784597325588e-01
3.916137604150637941e-01
6.701197678395584001e-01
7.807073729825577679e-01
9.948564164086515227e-01
4.921465395660329367e-01
8.024932431010278755e-01
6.106316797070934221e-01
4.054585719443182246e-01
4.352934599667021565e-01
6.012703196001184525e-01
3.530626246452922001e-01
9.965313656938890041e-01
6.818002553486427475e-01
5.464405100274608573e-01
4.012349622897181112e-01
5.194247955507811376e-01
5.653609189028837578e-01
1.045667349974919835e+00
4.038147339225796051e-01
6.243757232077529196e-01
6.991735165220330783e-01
6.799726908508344492e-01
9.047607874094242275e-01
5.518272674693870394e-01
5.088507005785006809e-01
3.379575933943244626e-01
7.643629209984807993e-01
7.501687042882755341e-01
1.002527040243993861e+00
6.919121437551036813e-01
7.899575045180392552e-01
4.433963972597742553e-01
5.908157626001380169e-01
6.438868966620630019e-01
8.301304025170137546e-01
7.550114458084273839e-01
6.689193586413249015e-01
4.826716134959240789e-01
3.426652281848445725e-01
3.716377729164596078e-01
6.427347069977563665e-01
5.033569963788910862e-01
6.538301274269179286e-01
1.039870788097338572e+00
6.120008733696065129e-01
4.763211496812844170e-01
5.603760798146416588e-01
6.845525408355356278e-01
5.412393021117534175e-01
6.064767522759365592e-01
4.415026089866084802e-01
4.114833987291858786e-01
6.624269996192648779e-01
6.895394064139657164e-01
7.407671463010143675e-01
8.716791322428874000e-01
4.472813766258749713e-01
8.683957800022353846e-01
8.457402475469091296e-01
3.732200559143384333e-01
9.170797202562424033e-01
6.635896196062441854e-01
5.809775771678091782e-01
7.971577845732754630e-01
6.006425825642018879e-01
5.338127633964996344e-01
5.808570653700552144e-01
2.571930222388463805e-01
3.027583722885234252e-01
6.324248487492846182e-01
7.295346982632970878e-01
5.912660228659678552e-01
7.147704903477961613e-01
5.484991117303058550e-01
4.054364660397989373e-01
6.089695887153814269e-01
6.199743837505219402e-01
4.592039127624386041e-01
2.525933180146501256e-01
6.359020859551842708e-01
4.713424234536044977e-01
6.390564504810677393e-01
9.182609646962573979e-01
6.657350634769900743e-01
7.065835569129994553e-01
6.417781351816747026e-01
3.834494380417596826e-01
6.754625872010036058e-01
2.591086167433833687e-01
6.105023396432464056e-01
3.955214317008592384e-01
3.452852615722595275e-01
5.890569504299330017e-01
8.410847710573804425e-01
4.008750684128808417e-01
3.953188357174750034e-01
3.181564476912253636e-01
4.142660713314929022e-01
5.348419526093005638e-01
5.024370235341789614e-01
8.443179362931073628e-01
9.882799147696765818e-01
6.763768212477908603e-01
6.393753242911728307e-01
5.697413044908292701e-01
7.797924323435301286e-01
3.457043134390248018e-01
4.376874521329282008e-01
9.340480348377185882e-01
7.946901511048937161e-01
4.913872431186396827e-01
4.521268978478537037e-01
8.889767330453912653e-01
5.677148342043131235e-01
7.932657252337096399e-01
7.753254996577360059e-01
3.458887874252392081e-01
5.635481394864841898e-01
7.001405401115338156e-01
3.503588711399375222e-01
5.517584471302672267e-01
4.037001799130680024e-01
6.197370449664947323e-01
5.225197642915037077e-01
5.302779875615341032e-01
4.871463430467932176e-01
1.007958397955755148e+00
4.255545908192756577e-01
6.411223807893617899e-01
7.127369718553927536e-01
4.640951169946692656e-01
7.512820638259322115e-01
5.274874582964522718e-01
3.186223797561887894e-01
6.740453866218895085e-01
4.110531064461779294e-01
3.397382214960666946e-01
4.048374180634609076e-01
3.545290080816159151e-01
7.628308193977553220e-01
5.605296851738178487e-01
6.630255401439495433e-01
6.324692423015804144e-01
5.925035230601546354e-01
1.143503496580191348e+00
8.680584297733979771e-01
6.516171765025439155e-01
8.159681955184884261e-01
6.071670354811029569e-01
7.318489903567074739e-01
5.640060130799716687e-01
6.376570812640155461e-01
8.066914115657259909e-01
8.923007146237960097e-01
5.526370915082630120e-01
8.105225143159004997e-01
7.363338332721666157e-01
4.831831312779139576e-01
4.268910531338107051e-01
9.961950936354233566e-01
2.909328225260499612e-01
7.564050390324332795e-01
6.658977820478363396e-01
6.418558567769038214e-01
5.012644575730060836e-01
3.356204289818273678e-01
7.891115177799928881e-01
8.115349474082027559e-01
6.586292843454910617e-01
5.584488041110050593e-01
7.293521693291279417e-01
6.352640436533412149e-01
4.028734987460160788e-01
4.282735351266895307e-01
5.521474738691042328e-01
4.225950863913597866e-01
4.772330710196425185e-01
3.718673362993287768e-01
8.614892729762041457e-01
8.255857709019971402e-01
4.190701581671458231e-01
9.306313521032141267e-01
3.564826659979208889e-01
2.391037933802077353e-01
4.575604264667120780e-01
5.821628433499631550e-01
6.654348726230316924e-01
6.265028588296612799e-01
7.078350276755159820e-01
7.397299395541808709e-01
8.459506862837717911e-01
5.449141671100740103e-01
2.475624003605903234e-01
2.697020001800025657e-01
2.444200230296233178e-01
4.455139355306796389e-01
4.926396205280379470e-01
5.267967061299030362e-01
6.534651978486956114e-01
1.160920562356023478e+00
5.131479033963919356e-01
9.402679426459534806e-01
9.982929453241708995e-01
4.206725505334533710e-01
5.641541910224522338e-01
1.272554899506518566e+00
6.613782049076213365e-01
5.930406026383157059e-01
7.099447477889270219e-01
4.365785099788467294e-01
1.133341435811945352e+00
5.046933066584224914e-01
5.812131114162423229e-01
8.301303043568083462e-01
7.574532125961739304e-01
6.589760021848196647e-01
6.492823307145458855e-01
8.012348062928319470e-01
8.755882873539168054e-01
7.407654334357199888e-01
5.387732573136125858e-01
4.762399172706380246e-01
4.707278911631158080e-01
7.690700867758193393e-01
2.175643343777164396e-01
4.889114437435390648e-01
6.472105370361399546e-01
4.022126969331856206e-01
6.037503890636876092e-01
5.493554856957963972e-01
6.772317709902346827e-01
5.757004635528368830e-01
8.205303089053676002e-01
6.307871190031024700e-01
4.872264329652129522e-01
6.874521678838841909e-01
5.558737136625688802e-01
6.547200692333419170e-01
9.588678100184706565e-01
3.478557260863864298e-01
6.696509564588313257e-01
9.673449267456021294e-01
6.327720797694686983e-01
3.773203601498262838e-01
1.063309962916795248e+00
4.436476002207924707e-01
7.047520734745600368e-01
5.441662183796113217e-01
7.177774253958872919e-01
3.371860240953932220e-01
1.038962341736838546e+00
4.918457694601198193e-01
7.224735767637434636e-01
7.190485449333589019e-01
7.663777570445534648e-01
5.630431649757338119e-01
7.765245604804866808e-01
7.157446209737440279e-01
6.651590919293657311e-01
6.520989983652137889e-01
8.305302111341839044e-01
4.973317331357173243e-01
7.216899895238153562e-01
4.408946010963523121e-01
5.727500836912191584e-01
7.070802069339022777e-01
7.302774953089116172e-01
3.986614479523284404e-01
3.696516758307381023e-01
5.835079868798455083e-01
5.454046606093226890e-01
3.871996905090880348e-01
4.571301598813543032e-01
8.321136544438445526e-01
5.514419581483492871e-01
6.713629925550529398e-01
9.857539414892336760e-01
3.998869662483858778e-01
1.027815638992402025e+00
5.819012989485062848e-01
5.811793662472397592e-01
7.971184480295326891e-01
5.536963260413919619e-01
4.266748115449262579e-01
3.959796731804795522e-01
6.515567308237573130e-01
3.926123112699356210e-01
6.474084988568734600e-01
5.876803871215098285e-01
6.312026889777700989e-01
3.644006065265125160e-01
6.838888709631376628e-01
8.594258085103300138e-01
4.130329931377567099e-01
6.070605733620794142e-01
7.538685732012633256e-01
9.017434081249231514e-01
9.240087307184413623e-01
3.316039193900148785e-01
4.187797139990369066e-01
5.046590984875981567e-01
6.289388113209128939e-01
7.510031085674869766e-01
3.306439633737490724e-01
3.935639016642240584e-01
3.917869763665188798e-01
5.213347894728611598e-01
6.105810662257357135e-01
3.844569359207269388e-01
6.278953166424696697e-01
3.026955300633867862e-01
7.400000672800316481e-01
6.090063468619212328e-01
9.143991194283451751e-01
6.249164565042759634e-01
9.048126159313217842e-01
6.560023032920727637e-01
7.793798188776189795e-01
6.656452841731681502e-01
5.972313372578347268e-01
6.210368201023390711e-01
5.452593184540264204e-01
7.503211479056266509e-01
9.612417139931336285e-01
9.387231353582059512e-01
6.745487664435454445e-01
6.783502540678650883e-01
4.857900141834792795e-01
5.069733605538777610e-01
4.939440689451710664e-01
5.206569201131325819e-01
5.366911404273297936e-01
6.796544493919518537e-01
6.552824202188950453e-01
7.672733462719369957e-01
9.578125568880019314e-01
7.745456860095552010e-01
4.675639101601053449e-01
3.749953129809335817e-01
3.644054087910067463e-01
8.848751377645407423e-01
4.893984432439268395e-01
5.234195604512561495e-01
5.129188990103176193e-01
6.675615957976226422e-01
4.704309893596058667e-01
4.493503520838907361e-01
4.541212407603434364e-01
4.908188184641313345e-01
7.340562513163290115e-01
7.374556211585513443e-01
2.121375346951414054e-01
4.425985185622116069e-01
6.529159932656670717e-01
6.548656677954185490e-01
7.912169072982584428e-01
9.071587634145561463e-01
5.852446760263851910e-01
7.718576655850502011e-01
7.570508078723974243e-01
4.146056966499010454e-01
4.701792165979193361e-01
5.357778032985043293e-01
8.221710551102470177e-01
6.145668257362597586e-01
6.329907790066721107e-01
3.135024299596659292e-01
5.562086840274045318e-01
5.848677113304949771e-01
5.833385280864630262e-01
4.488608173461313133e-01
7.375214302603969596e-01
7.132085485862525998e-01
5.988496735109508640e-01
8.431977004200855719e-01
5.553953788893785104e-01
2.835421281342582756e-01
5.274307858183098219e-01
6.945982217394620628e-01
4.735074535608159163e-01
8.445929887979582995e-01
1.014819744040744931e+00
5.429457266168763452e-01
4.420298628490039738e-01
8.734020784406826277e-01
6.020751680020236529e-01
5.661518889931007603e-01
3.182040979685720195e-01
4.112169898670344215e-01
3.807950571568829989e-01
3.804697883764653898e-01
7.463623773959596752e-01
6.906601348112287875e-01
5.555466847959297239e-01
5.636400318188966585e-01
5.483859731206884858e-01
3.773016557005736682e-01
4.736244641360439767e-01
5.436441957143137715e-01
6.782434303815499943e-01
5.253833204542792679e-01
2.804067627982431699e-01
8.279604308327309647e-01
5.896264791276851769e-01
5.588533412134255585e-01
7.863788875439202686e-01
4.871391589410587475e-01
5.259207831088278384e-01
8.447551213665434044e-01
5.612430195094311181e-01
5.235280599175498040e-01
4.014401461388833470e-01
1.050306748989786820e+00
6.134334135874546234e-01
5.857515273966736880e-01
8.757185361948064406e-01
3.883719674601739391e-01
9.350314542101516579e-01
5.146792383894155387e-01
5.786128657288166499e-01
4.503968849372687044e-01
1.041720850847143387e+00
5.005594405271648339e-01
9.991280380019837981e-01
7.515983944285076213e-01
5.495224493551449374e-01
5.238862252324159030e-01
4.001639552365386376e-01
5.552624848693467063e-01
2.829995672514175054e-01
3.789066867703644315e-01
5.174263373544121247e-01
4.943164875215455556e-01
7.726791420886451878e-01
3.876393198275512320e-01
6.675007561913842702e-01
6.757172560600628319e-01
1.130460574097698068e+00
9.116477214131920581e-01
5.361165710085019631e-01
5.223876514320087150e-01
9.598435624069131533e-01
7.152417585849020210e-01
9.325299605470681596e-01
7.305890369765590808e-01
6.064995246408936280e-01
4.816996162716324914e-01
6.500238453089158819e-01
1.291015360082199415e+00
4.443279189093738424e-01
2.739165320198845288e-01
5.056079478623421997e-01
5.142090583610127164e-01
5.444943992655668641e-01
3.134233156527524433e-01
4.534217416714875770e-01
4.609917748146475369e-01
3.635826401183570034e-01
4.146450316900791577e-01
7.681531626940889534e-01
5.535855908604637721e-01
5.437358426936241829e-01
5.271624915748577278e-01
6.153721709939573570e-01
6.108976313213547726e-01
3.645328916818714182e-01
5.992027149601371061e-01
7.384974231051597560e-01
4.605820943029831360e-01
6.872420211554963743e-01
8.197688880909685949e-01
4.357803596144988467e-01
3.589422406690642164e-01
4.622296985538818515e-01
9.214665667229365864e-01
8.344961933184639191e-01
5.394433762977722813e-01
6.765407006174850579e-01
4.784868185803419771e-01
6.624689536923026312e-01
6.191891431565708093e-01
6.582409838632096166e-01
7.152363018489655833e-01
6.165234676047384177e-01
5.487201203334605148e-01
8.026815579346323615e-01
5.553890409436951225e-01
6.018962446355168305e-01
8.982886386016647462e-01
3.381996731994282301e-01
3.317804891656284116e-01
3.751135351665475515e-01
6.313203826592206358e-01
5.171540419632845165e-01
4.903928709532390795e-01
6.136717104440351234e-01
5.281090203496973112e-01
4.912802341809923701e-01
8.613500054297975606e-01
6.628912328901467310e-01
1.006130316463227370e+00
7.838158677335055335e-01
1.136793630286875967e+00
7.597379689677223880e-01
6.671965746954164889e-01
5.039345055563229092e-01
6.527137531319163744e-01
3.659738095761351784e-01
8.072983378120035525e-01
5.790380060026483200e-01
1.333645086041794992e+00
6.674795508439996805e-01
6.750994369527731909e-01
3.423939792018619310e-01
5.182043680098633587e-01
6.007812091904400909e-01
3.707996848303619641e-01
3.055576868084532438e-01
7.238682589571693304e-01
6.600967833076503144e-01
2.728758283468628032e-01
8.644689802477175666e-01
6.498229188463751083e-01
7.662323124788061879e-01
6.355329443916198917e-01
6.577184709446602939e-01
9.320610905452051398e-01
6.524437207913638126e-01
5.266042096117503624e-01
5.651225541491787796e-01
4.259843301663184256e-01
4.647468960052033582e-01
8.078899572567030951e-01
6.151597682269491774e-01
7.010287139459310257e-01
5.095416562640822100e-01
6.447150610854682773e-01
9.114533496138861324e-01
9.979212620494739561e-01
6.910644200129782977e-01
3.935013032757139761e-01
9.633466804410514284e-01
4.612718702437300089e-01
4.454627391456286722e-01
5.853137164147532712e-01
7.830754492737779238e-01
7.487231513593268772e-01
7.802546501645102328e-01
5.007242221321945852e-01
5.586237308890481534e-01
8.210878723682742963e-01
2.419942167252309151e-01
8.498315925028170348e-01
9.090804061917202583e-01
7.689471029946668423e-01
1.027700132406069056e+00
4.773352780535808360e-01
8.733829830169869135e-01
6.504705864640729640e-01
6.186403388121265445e-01
7.770209008310929866e-01
1.159082284479047598e+00
9.867809843271925230e-01
6.382011185476047510e-01
3.573269842516563766e-01
4.431250918286777640e-01
7.921483080184552605e-01
6.667506420333848549e-01
8.270051790356424126e-01
6.257970396186601780e-01
4.960888203698924359e-01
7.881939697881443774e-01
7.219698700953456338e-01
1.087113913027214718e+00
1.352252785304712157e+00
6.242199532676629969e-01
9.112351333356818461e-01
4.288601327413370523e-01
7.807665364109539485e-01
8.082104270834600257e-01
5.568090599384768469e-01
3.994265294904305041e-01
5.816601567776700232e-01
5.276996402539074760e-01
7.571086828109804268e-01
7.679088903268395105e-01
6.144849203368633050e-01
5.351759903016548581e-01
3.654069436320609432e-01
5.252959653333547640e-01
5.404771629308027237e-01
3.919563983384057315e-01
1.132135976218176854e+00
9.179660293564667617e-01
4.589259545220665815e-01
4.487632943802168928e-01
2.950288502725273987e-01
8.935150508132372327e-01
1.257671421891924046e+00
5.107284895854320439e-01
3.559002233526292747e-01
4.831606663729590134e-01
3.935757984675739563e-01
4.597373527070630073e-01
9.265486004548220134e-01
1.233789842384645619e+00
7.157576341231040029e-01
4.990488674099773925e-01
5.252117997239030833e-01
5.617998006097243424e-01
6.777824453934632176e-01
5.226592039726879468e-01
5.096538669562324930e-01
4.980743377114000836e-01
7.775591134666517412e-01
7.562288227374702743e-01
6.759224514591424260e-01
5.005083034730496427e-01
8.427130471601739226e-01
6.032348970708242275e-01
4.416319789048542832e-01
7.156009270658997279e-01
6.592078913942456264e-01
4.692616989299412955e-01
7.800334830708449685e-01
4.928177968178578117e-01
4.370189032039662469e-01
8.267864111112743775e-01
6.948413121872266673e-01
7.127699744179377683e-01
8.635349905449200003e-01
6.524183962380274426e-01
7.515384198659254000e-01
1.003499409795750141e+00
5.542391876129407757e-01
5.664474237395816791e-01
5.669467419620244364e-01
6.187273877449411819e-01
6.042420703402965332e-01
9.182215516915703812e-01
6.843218322513477947e-01
5.250284942772021068e-01
4.464465693183840567e-01
5.503666376860452125e-01
8.790091353040561106e-01
4.108359827110763529e-01
4.933262578088762895e-01
1.011017299235040801e+00
3.758024624419172843e-01
4.907014653334165755e-01
3.227775478726796488e-01
7.890561248743525047e-01
1.030493457580337724e+00
3.107867580454073964e-01
1.046300508227150816e+00
3.314307621943364812e-01
5.756816473953786373e-01
9.532123889744066325e-01
4.283970247493260608e-01
4.018660432503871061e-01
3.721176613631680952e-01
3.113763450411588529e-01
5.919185832183867513e-01
8.921406839146713841e-01
1.004741979635410232e+00
6.921658649195351343e-01
8.008190465184112927e-01
4.790941781354864926e-01
7.839957822575648327e-01
7.426632408042281863e-01
9.042480558607469687e-01
4.171259652956670894e-01
7.209099163430603419e-01
5.153933492925452109e-01
4.852762871308892723e-01
8.864598004031218892e-01
6.411922426831530020e-01
3.571186903954627345e-01
7.636776262580534658e-01
5.718385748627681231e-01
5.252783468480807239e-01
5.192890966697609745e-01
6.317952086247451415e-01
4.260535860387912321e-01
3.637107212752109797e-01
7.854139434196374392e-01
8.397579302733700901e-01
6.953697711829835981e-01
5.213680911347399194e-01
6.136579286773576891e-01
8.153034417090498920e-01
5.674586881330407895e-01
3.865128255717915629e-01
5.260409302124716691e-01
5.135520067077191664e-01
8.062121614585242568e-01
5.709879548357494894e-01
6.188577053204478151e-01
5.258600090703655638e-01
5.128618595552566495e-01
3.586682484835673201e-01
9.192957304199538271e-01
1.043339613934520127e+00
5.271418099567847237e-01
4.599070722303024161e-01
4.951163415214808183e-01
5.474686340589547395e-01
4.573211725268373495e-01
5.894990167986159380e-01
5.754384400578641534e-01
4.967444822409228244e-01
6.883192042181928150e-01
6.233219312579043603e-01
7.252565304139703128e-01
9.050087024534907432e-01
4.053694397703054841e-01
4.411757962879825912e-01
6.935650366489332086e-01
6.734747191670147348e-01
9.781245840665730995e-01
6.066027278423946623e-01
6.256916214776189200e-01
1.051229934046405301e+00
5.034817279348263730e-01
1.044918197783270886e+00
6.299138168215790978e-01
7.073521884216745770e-01
7.472167356826322493e-01
4.668033764175868461e-01
5.356605752294153477e-01
5.162240817061778397e-01
5.947980229705691624e-01
5.237488422222661422e-01
3.490061382723184669e-01
7.303439502715975973e-01
5.886882689939622049e-01
7.973563609935727658e-01
7.210594049595645538e-01
9.217759643604218622e-01
5.552093268012689986e-01
7.938272112417795734e-01
7.044077539242858954e-01
4.213066119513264041e-01
5.730325510967954061e-01
4.193856568297489318e-01
7.184895294873768767e-01
6.922457827794262775e-01
6.911978989784918204e-01
6.629000836022219678e-01
2.910209469029829132e-01
1.018922353815427728e+00
6.528749820001495952e-01
9.821022051907800643e-01
4.473770353693492519e-01
3.862696867729288885e-01
5.643538230815939860e-01
6.995410196063300834e-01
7.701620601045497949e-01
1.032770255612744714e+00
8.737103256536271623e-01
8.887343233433776524e-01
3.674226245233413457e-01
5.060354168286932408e-01
6.111829486491260344e-01
6.143048815288915110e-01
7.071535986543757701e-01
4.349891226231626384e-01
9.513790575752508749e-01
9.672828080875177648e-01
6.728571538455208056e-01
4.634779597537889151e-01
4.961368058169860484e-01
7.402672652019459676e-01
5.247243208427709860e-01
4.995784625645055543e-01
7.092744707228766377e-01
5.497953627877207872e-01
5.992638911417452752e-01
5.669439157913447325e-01
9.445183962786644072e-01
5.415873644647141161e-01
1.096872126575266782e+00
7.275159075694618283e-01
7.070433545799286179e-01
5.579809200264133073e-01
5.605318060851204320e-01
8.041329999303726828e-01
4.537482736943202477e-01
5.328227735471642301e-01
5.287220276952975251e-01
5.749442874151783345e-01
8.705413230645685507e-01
7.090610189881823011e-01
8.206430512321369886e-01
5.038022129836500218e-01
5.944793655791666964e-01
6.235085972501293039e-01
4.627337703445502659e-01
9.906693083548655521e-01
8.892103702020913714e-01
8.167112276717182207e-01
3.864196261948453226e-01
5.939413716759724959e-01
5.174141568246298784e-01
7.263022080860177532e-01
6.513934906614801124e-01
4.971611077054988725e-01
4.329019041891244424e-01
7.541457035894015837e-01
6.767105869764622472e-01
3.176076011572104285e-01
1.372022901465349332e+00
3.724111856551232114e-01
7.129114682365340627e-01
7.197639725564136670e-01
5.524373495644592236e-01
4.404632040241093782e-01
6.930283712097412563e-01
5.712517679843837071e-01
8.967166377659496757e-01
5.900366105821639451e-01
4.912723627030169404e-01
6.507971805333954141e-01
8.470703789918001547e-01
7.867425019485104754e-01
6.605999250387220023e-01
7.609273314393868448e-01
4.148695107322381004e-01
6.325481078777989152e-01
1.091094376307189417e+00
5.709714740548715861e-01
6.647431605185338821e-01
8.983762312125675997e-01
7.971350903718165126e-01
8.018572853238927767e-01
9.341379055685429256e-01
1.119984570876909169e+00
8.257726001984415642e-01
4.489869780991260217e-01
8.575719753357929909e-01
3.758705125183065543e-01
6.940908375697105726e-01
6.674020378902060235e-01
4.929067054233533529e-01
4.824023606147324617e-01
3.989158782945868009e-01
4.887120842852279434e-01
8.940588116574775812e-01
4.759546523867793089e-01
8.019010609568048009e-01
7.126888933403631166e-01
6.641673235333805936e-01
5.891713556802674612e-01
5.347952123307988526e-01
7.968464736429724526e-01
6.710760915896504253e-01
5.918401696560238179e-01
9.508698102188480883e-01
6.949005485481877242e-01
8.262741885801115904e-01
4.404352676010011569e-01
6.752579429569527392e-01
8.072366653398148628e-01
7.048478554906978388e-01
5.995421677034916685e-01
9.776276938450743081e-01
8.607576864919939119e-01
6.288520113746698392e-01
5.161638987593868411e-01
4.261261862198020833e-01
8.077690376429644825e-01
6.528341922973870393e-01
5.013544835659615728e-01
8.015433635398775403e-01
1.080856182336999982e+00
6.380963108454118515e-01
5.659636127649675386e-01
7.886134623884022421e-01
8.530415397677407752e-01
1.199082635176439648e+00
7.439848033097713476e-01
8.061175599380414614e-01
7.152109419617336261e-01
5.553791648498912492e-01
6.371756806996933253e-01
7.026051477240334853e-01
7.035426698545808044e-01
8.925829980954014253e-01
6.864607213121699525e-01
7.290532355358518846e-01
4.142506787335215046e-01
4.043205420763638092e-01
5.786591039440149853e-01
6.674020643478698611e-01
5.167759249995049764e-01
9.525877745765141125e-01
7.985556035185393808e-01
8.970608331970552074e-01
7.093786546730478371e-01
8.910088172483454638e-01
4.621892179165593140e-01
4.214529958801074283e-01
5.175297877011276748e-01
5.877987071902585070e-01
5.869171959622140333e-01
5.442698800322396391e-01
6.235777374804710727e-01
3.613763623637896716e-01
1.185676893546158794e+00
5.147204361741347656e-01
3.930072994839175493e-01
5.349175977966790230e-01
7.062923214932365079e-01
5.404225772210836665e-01
1.147798207729914033e+00
1.139963814539649345e+00
9.421100895947261966e-01
4.842754197328776322e-01
3.559024724645060700e-01
3.804931463217822163e-01
3.071330064962121686e-01
8.777587333765032307e-01
9.028063858060512148e-01
8.088941536742685345e-01
5.835633772167014843e-01
5.994490456108444443e-01
8.890479202712884277e-01
5.312704800264826943e-01
5.351814226591317114e-01
1.123388027527025601e+00
5.231056712662440766e-01
5.290165836807266819e-01
3.069439714604196845e-01
1.002614996507520839e+00
6.338366845427467755e-01
5.494274297950239028e-01
7.211047465043604054e-01
6.155102980073349217e-01
4.922735572763581868e-01
8.668656710084488015e-01
4.185379645691643669e-01
7.270795066673279017e-01
1.034504325105226386e+00
3.781493766743956320e-01
6.351558944963645592e-01
7.924431370865895330e-01
4.778104493698391297e-01
3.613023445782609366e-01
4.394073155129190056e-01
1.146372642799883934e+00
3.481533397844541744e-01
6.993157751962635338e-01
6.646627125421585847e-01
2.703026374800866494e-01
4.420256003876580353e-01
3.766086719633726654e-01
7.968576463403496124e-01
7.695849190155347186e-01
7.854046073714192611e-01
9.370507318158992627e-01
6.414508827265035240e-01
7.728950474458333719e-01
4.844592287699757138e-01
8.154007333406194657e-01
4.226935260910539838e-01
2.788567571550680801e-01
3.547603228582608126e-01
4.904309584687218670e-01
7.235083867030913662e-01
9.713694697013021129e-01
8.350525378928900233e-01
3.071757575363149306e-01
6.228600270792162830e-01
6.040680830979643368e-01
5.503281162541094895e-01
6.217345038806646462e-01
7.285140956652024213e-01
4.156422312530375640e-01
6.007315027194430890e-01
5.015908749519955023e-01
7.386638812334439530e-01
3.254892140456529526e-01
6.280132445460330226e-01
6.277634150280504421e-01
6.437115592351421167e-01
7.101706629567846596e-01
7.286123628440885902e-01
6.126256506843676952e-01
5.145558910987384493e-01
1.067031384727390897e+00
5.845545536495164729e-01
4.454824331979326257e-01
4.305683559986840381e-01
6.222488100636731634e-01
4.675727921622519490e-01
3.935726973419849672e-01
4.595789398759396738e-01
4.054968659617503857e-01
4.017378336137542028e-01
8.878693874621154114e-01
8.209841158033959196e-01
7.268012986298928446e-01
1.050746820019572647e+00
5.858011276180654647e-01
6.514201224030995441e-01
9.047495233694398120e-01
9.213682796280213694e-01
3.986655046761388155e-01
7.772135893048702782e-01
6.916310859279778400e-01
6.697700919118064755e-01
7.579777091903144859e-01
1.127540993243890011e+00
8.899970746740712979e-01
5.274706125660888478e-01
1.026523307586424627e+00
6.407274497007696690e-01
3.036375280322710091e-01
4.889640694422246470e-01
8.373716976207284945e-01
6.165929283988402787e-01
1.071957499441225314e+00
8.374576342944304308e-01
9.203005055485272701e-01
7.229106354205615537e-01
3.924862397461485464e-01
3.716823766932906281e-01
4.178778373023151471e-01
5.293254793054241736e-01
1.308328485393264740e-01
1.687743632618622647e-01
5.368078135815389507e-01
1.087903198969976337e+00
3.555529842458788892e-01
8.497676116747030495e-01
5.159468445407298098e-01
6.799420491627612417e-01
5.138442183946158037e-01
4.416886789606658814e-01
5.521279556636321528e-01
5.149526481039259362e-01
4.927933226282717460e-01
8.773334436579803830e-01
5.289749168366958409e-01
5.150672739678255896e-01
1.069470375132432594e+00
8.133195317265802249e-01
6.492755161729613089e-01
6.852204185857486696e-01
4.978656727423249051e-01
4.211838612855440811e-01
3.389648573683317068e-01
4.338778343601618070e-01
7.755671549603604387e-01
4.927175691993816997e-01
6.065797512577972839e-01
5.966730279192137276e-01
4.250986570924731867e-01
4.057595277816499757e-01
3.859785596167581989e-01
6.473473556780059424e-01
6.699980802691147819e-01
4.668404900629636867e-01
4.626267900510948050e-01
4.402202819626894748e-01
3.450218585683088590e-01
7.968887416032433002e-01
8.481766001382902154e-01
5.885414678470580752e-01
1.045109006865666990e+00
5.486900587861496259e-01
7.744607474197262587e-01
7.847850408356896734e-01
5.448029524432477233e-01
4.061588853037404467e-01
4.728162480957696090e-01
6.525737916777125669e-01
4.619808703786146831e-01
7.637709267904831956e-01
4.981449426194741181e-01
7.017135469987731966e-01
5.192827189990478765e-01
6.147035993151811484e-01
8.051474035132869522e-01
4.307536585969033438e-01
6.874828146023088671e-01
5.302297263199059474e-01
6.032492672764708797e-01
8.942327015480644459e-01
7.315714088749576405e-01
5.216089798739863559e-01
4.928397083374065346e-01
3.963047330987423678e-01
5.374218273744875152e-01
5.828933865261235470e-01
7.568183416106143424e-01
4.061549204142247960e-01
5.269369317569472244e-01
5.423668507356441681e-01
5.088785007946806660e-01
5.218131093996789538e-01
7.866806318843987400e-01
4.362671516038971742e-01
5.157173548041366073e-01
6.713215663127669597e-01
5.006661171534632082e-01
7.853997550867021227e-01
8.112254180572240347e-01
8.736196344868325525e-01
4.428819328775931985e-01
4.644808522066999346e-01
7.986114653384825957e-01
6.106370054259330216e-01
4.431949604261180564e-01
1.347473437101360805e+00
5.729182822994932645e-01
5.454733412273553572e-01
5.799630533209738648e-01
5.640191956545352880e-01
6.780605529985881397e-01
6.296865857519828857e-01
8.792209346190645869e-01
7.585155556767982921e-01
5.748793107942733460e-01
5.289122972228953445e-01
6.384884622445807789e-01
5.687892133208112266e-01
6.562816501469413977e-01
4.399073563307643320e-01
3.191793066176206173e-01
8.890449659361537860e-01
5.616969650442557027e-01
3.258375602510948932e-01
5.392907435971366903e-01
7.455889688842842755e-01
5.645213785196854239e-01
6.492706790583812060e-01
7.205904725209809625e-01
8.740319550487167799e-01
3.814468926642138880e-01
4.778165648400047871e-01
6.214113896340632825e-01
5.080263795775084024e-01
7.413426081032591375e-01
6.929808561970730585e-01
5.189221160262359467e-01
6.512982348849627456e-01
6.368605614735385334e-01
6.915134943518725930e-01
9.744506952951068612e-01
8.280893889378014849e-01
2.991842435014256951e-01
4.840752539106036867e-01
6.852955079871653199e-01
7.052354183225907347e-01
1.072981878775985720e+00
9.242167823389101367e-01
6.606488209585569260e-01
1.004633238887437496e+00
5.810371410922443580e-01
4.804833627150583153e-01
5.892947538068452618e-01
5.867646766956856608e-01
4.883520725850222788e-01
5.117664747562254979e-01
4.086003747366347971e-01
5.230654155326490695e-01
6.807474617413588058e-01
6.117027501791215682e-01
7.210161909526374702e-01
5.723395788342945378e-01
7.328395051400562465e-01
7.027115993142698525e-01
7.889844420316427520e-01
6.600855161268702753e-01
7.449223064519227000e-01
5.354187061004075376e-01
6.422258330496378731e-01
5.278860933729127014e-01
1.310132844921151118e+00
3.546421529911393811e-01
2.511633337375480113e-01
3.796881862575560707e-01
8.574399494990728732e-01
3.810177216536929645e-01
1.175865519655562963e+00
8.960039863321500597e-01
8.768497915664085207e-01
3.536960102952874108e-01
5.636364242754894338e-01
6.137762291431292372e-01
5.528592708191074623e-01
4.470192719717850927e-01
8.641515068219839391e-01
9.807665095346556061e-01
5.494087520547991099e-01
7.400170113968445040e-01
7.395815365777903549e-01
9.304916073686313460e-01
7.045828503710557245e-01
6.946920322802645487e-01
4.142803822450004114e-01
5.595063520734845364e-01
6.021213925080282081e-01
9.228667703879450679e-01
8.920107119487619141e-01
4.802926540781030096e-01
4.132622266044640447e-01
6.071715759908111743e-01
6.942798718300106087e-01
5.927229989335984772e-01
5.502222130721400317e-01
5.833812400808969789e-01
4.538968572057847095e-01
5.843156529506028374e-01
4.834176214565923946e-01
3.526976019083092329e-01
3.445710518724785509e-01
4.501772584394562182e-01
5.847753442469887375e-01
4.632448883434046039e-01
9.838843781142976308e-01
5.209917647333887070e-01
6.578449100101649849e-01
4.239241884962501317e-01
7.530558057307504827e-01
4.328191079511042871e-01
9.120915450732679508e-01
8.948640581580262765e-01
6.679230235430777540e-01
3.833494243712045613e-01
6.844828171308054987e-01
6.372879277249404728e-01
7.605603204443989185e-01
6.552255006236132884e-01
7.615889540838814975e-01
7.007706475382394773e-01
5.354259086576772519e-01
6.385982007048567333e-01
6.688221028586601724e-01
6.065909060269947251e-01
5.927549746485837323e-01
6.118745375151035670e-01
9.796838684972867251e-01
6.920320808816141644e-01
3.652857058498256149e-01
7.039993044507849573e-01
5.967960933212778096e-01
5.347164008893138254e-01
3.960728761148718524e-01
3.030822523703369797e-01
4.420134813390766415e-01
3.143960503072171231e-01
6.871152432010250166e-01
6.208345481545847200e-01
1.217284300212422510e+00
4.385039741403801705e-01
5.499135602816535018e-01
7.105999099624772386e-01
9.151952181682670995e-01
8.996143579127879875e-01
9.125962393771909209e-01
5.530348008279470928e-01
8.596576892128379166e-01
3.199534612808571654e-01
4.570796301771928860e-01
5.194268527515485401e-01
7.456121692224099151e-01
4.945493013739417631e-01
5.293144741067449255e-01
7.465753489158816203e-01
4.863509956579291638e-01
2.659192965259166708e-01
4.804654646309260424e-01
4.065823778111884446e-01
6.982695748381115841e-01
5.692313359309740806e-01
4.104824548940593232e-01
3.701209982580895286e-01
7.375515755109058880e-01
9.593938574411077225e-01
5.759315524639100348e-01
7.786623876509353170e-01
6.531289099444497204e-01
6.663595224205313139e-01
6.107987009183459826e-01
5.353528580973530016e-01
1.069365035497766181e+00
5.544832007252993300e-01
5.992538455086827698e-01
6.059529353761760051e-01
7.432328065913330617e-01
5.632724703453197979e-01
4.825933010160110559e-01
7.051903043813921856e-01
7.991960810392385595e-01
3.933622972186097688e-01
6.582058496186693475e-01
7.208366763553120116e-01
3.965621028442622986e-01
7.971859044769050717e-01
4.017461768484578144e-01
8.612483777327037959e-01
5.040736359785354948e-01
4.554973736386284111e-01
5.957464123161819725e-01
2.543359198349133821e-01
2.735516515487017575e-01
4.224676432778098900e-01
7.347036494651948413e-01
3.699334858720056407e-01
3.715605573798567152e-01
7.666338026007499806e-01
3.292103655182061495e-01
3.713931809632352032e-01
6.183258845738077714e-01
7.215552915561329606e-01
3.678354042518451328e-01
6.613210506128130994e-01
6.508698581624771107e-01
2.695228298045740378e-01
5.260374253847797110e-01
9.912411908332484645e-01
7.220045789809939052e-01
8.774296723635771622e-01
3.917626136393645986e-01
8.624823747617517133e-01
8.310728113710901255e-01
4.903679905375999404e-01
3.271191763730846858e-01
3.374003922552719636e-01
3.969799976434386091e-01
1.560464003993936311e-01
9.689501872073148503e-01
7.422076722615049693e-01
9.674665978181267167e-01
7.674110831675565736e-01
3.955388064195644593e-01
4.174659179099697304e-01
5.586019407601980902e-01
6.234912696966017354e-01
7.690202723380666905e-01
5.098749089092161624e-01
4.470764827506684691e-01
1.026609219121753513e+00
3.956127260199869822e-01
4.837105475148985034e-01
6.868206447865512487e-01
6.540126645048224274e-01
5.442498963580452154e-01
1.051091295186427299e+00
4.063288182468245968e-01
5.640949367370715617e-01
1.558792818636418331e-01
2.592403454905755078e-01
8.771519875161462032e-01
5.824144787768376075e-01
7.632367861776900853e-01
6.514696098787895462e-01
5.657010880152203436e-01
5.463848252727242505e-01
7.148894421520217701e-01
5.734945911065756352e-01
6.982836101419527264e-01
5.199581373949228036e-01
4.962001661299761390e-01
7.655820062105158641e-01
7.026075016477255630e-01
8.335982343989022381e-01
2.953746096111990460e-01
5.150045955483121274e-01
3.957852954648551913e-01
3.157459498721597591e-01
3.090714606286006361e-01
4.241679120107904599e-01
7.176397522469362134e-01
7.996586712066046099e-01
6.278381340408727418e-01
6.919830681137798534e-01
8.699987022054705976e-01
5.571210372941853839e-01
5.477423352967294434e-01
9.102980953965438271e-01
6.839062739747763242e-01
6.468773323064651581e-01
4.060384216116794120e-01
6.484531902968465600e-01
6.566721113020611567e-01
7.416186882880431153e-01
5.773501675505117170e-01
7.267008409950865833e-01
8.153748688616072604e-01
6.835214982143024143e-01
4.814248233826035062e-01
5.181552427561837426e-01
3.047097762327198311e-01
6.161426488942239876e-01
4.121268166725453597e-01
7.511146616334215542e-01
9.663917001005573049e-01
7.662178357980146126e-01
7.360439669168492571e-01
1.182112815642312853e+00
1.062253425199351176e+00
6.611294354829492237e-01
5.429989707391942311e-01
5.295468709755889458e-01
9.848570795754670870e-01
5.138727485733846079e-01
9.475406108765889179e-01
4.738629649022084167e-01
5.880069111808454707e-01
5.738132314311397142e-01
7.014803404302640821e-01
9.734630137636295366e-01
6.067230588200021035e-01
4.713625187047320031e-01
6.157655025913942870e-01
5.299615434243728496e-01
4.972801066715100693e-01
4.360154409785896301e-01
5.911721903114722787e-01
9.530790922368597151e-01
5.707695509160553016e-01
4.088180464440702711e-01
4.175366925254988537e-01
8.107388489459380621e-01
4.985989837280470627e-01
5.737101721777320140e-01
8.150664815194231805e-01
4.730562828757449712e-01
4.380728982479420441e-01
6.881940452587188561e-01
1.028228345659259135e+00
5.730501077853197289e-01
4.242957465927635896e-01
4.596080139985914692e-01
4.260956509791630764e-01
4.044083593876368621e-01
6.379412425284317623e-01
4.869224998535302551e-01
5.644335466765904030e-01
7.283721368333269108e-01
6.633855105472810099e-01
4.734033405505313485e-01
9.537100065622641232e-01
8.680454486027484595e-01
9.233266069418446520e-01
5.062337189958051598e-01
6.419890976606474897e-01
1.012792601859702657e+00
5.538141231134499076e-01
5.188357647225835256e-01
5.661909803160835031e-01
8.050599291748251618e-01
6.118616032335294497e-01
7.419491450506773278e-01
8.858488584387121945e-01
6.528248270449029667e-01
1.016185968282701690e+00
6.235052343963263244e-01
8.680171417289699320e-01
7.010073802370152540e-01
7.375552437643227988e-01
5.781513489137279915e-01
7.490661973664376472e-01
5.387535602773001475e-01
7.679398655275717633e-01
6.948065548964087457e-01
5.485765506969791927e-01
6.282865531744897813e-01
2.701503334700559589e-01
5.824457118007941858e-01
5.521017683456445058e-01
6.366469015060903791e-01
4.614579743880656282e-01
5.625095182219833623e-01
7.194746293741973719e-01
1.009196270763847547e+00
7.177799882628300709e-01
4.079684985701021449e-01
7.319542989622254137e-01
3.639000862038940243e-01
5.945541306951385163e-01
4.588275297248320395e-01
5.643779698013449142e-01
6.526838050689010018e-01
3.378449475932877588e-01
4.169395229515227563e-01
7.120911995932532879e-01
6.881499266716660790e-01
4.205905481665044299e-01
9.533330523256768885e-01
5.178344459502827180e-01
6.164523651612300315e-01
6.465552700613841353e-01
4.907044012535900501e-01
9.727240122562013092e-01
2.131213915174637596e-01
3.924317912819901832e-01
9.344416692716372985e-01
7.013377910427948114e-01
8.775777682035946770e-01
7.782083621278066410e-01
6.514076232906695907e-01
7.086286557432265321e-01
5.391174497078875527e-01
6.003452071289799852e-01
7.095992886969404445e-01
4.910880921382438924e-01
5.930446538445938165e-01
4.852837201804831579e-01
6.511221790329649872e-01
8.329918271180263289e-01
7.863496717304241379e-01
7.770484359514057138e-01
6.968421887768290190e-01
7.464285361310446509e-01
7.889677904199260405e-01
6.427912644870258374e-01
5.289548071513660021e-01
4.768066614165276662e-01
4.103354553307032582e-01
1.314306813833159282e+00
8.555033678234033045e-01
6.862748796321596068e-01
5.213245288241444841e-01
4.741056942755958459e-01
6.117161074658485909e-01
5.481662332629151368e-01
8.013754585406372977e-01
5.098596161927447801e-01
7.709667201386796176e-01
8.524896449338429383e-01
5.054957569369556980e-01
4.433915944101521345e-01
5.655976243432617734e-01
4.869832549508436581e-01
7.695107166126760045e-01
8.154890491834113631e-01
5.467581289061405059e-01
5.080023721858768493e-01
7.479583434469282421e-01
3.600735007640914476e-01
5.487253040615899247e-01
6.579826910576002108e-01
7.932420176450013516e-01
7.601568982009556663e-01
6.142355006607679302e-01
6.311787506183254015e-01
7.755172967543455531e-01
7.796112085667328273e-01
7.412420943365570780e-01
5.464882012392783261e-01
7.999582468725494611e-01
8.228529634238278545e-01
5.974651533679872228e-01
6.053874433023558321e-01
3.831454769080330225e-01
5.172811862583704956e-01
5.100559675754224864e-01
4.856539618637705780e-01
8.884048314280391656e-01
5.023296950205670131e-01
3.970981153123193108e-01
5.057296445186856282e-01
5.990667346581738384e-01
4.425768659080293044e-01
7.853076446423037371e-01
6.196162241851362884e-01
4.413564234959000965e-01
4.958504055386984133e-01
8.016494615140064006e-01
7.858767067984867571e-01
4.382699939173906323e-01
9.476700805559065133e-01
6.655895279491870209e-01
2.864067498810102252e-01
3.946652383547142318e-01
6.331434791534875650e-01
5.777538041894882959e-01
5.150514610059632181e-01
6.783591153791975747e-01
3.678809494431680149e-01
3.200791610512827012e-01
4.376739370072205149e-01
1.014163536841954816e+00
5.072308323077002745e-01
5.763969306762858347e-01
3.823564978300366679e-01
8.041873947223389107e-01
5.651370979676999529e-01
8.305932458810457719e-01
5.447189857989583883e-01
6.798489116486601258e-01
5.172084436346218173e-01
3.922151792632467271e-01
3.900559335603030475e-01
8.861079993685300193e-01
5.294277556169380006e-01
4.985948738728514518e-01
4.810816035528617252e-01
6.156383950275986505e-01
8.532293255978722346e-01
7.823265599301980622e-01
7.474772720253750613e-01
5.378654309444973469e-01
5.967811683922674693e-01
4.698167093913743764e-01
5.265707862262049010e-01
5.970312813721151413e-01
6.237961272566580062e-01
5.855527129244811890e-01
5.015843168857073708e-01
7.754060972392212703e-01
4.615804766566296569e-01
3.481944485378163368e-01
5.708452859514241418e-01
6.696250265925121070e-01
6.283682021428764752e-01
4.802099811106279592e-01
3.445752438493433489e-01
2.267030792461085797e-01
5.306498557689958151e-01
5.713009402147949389e-01
8.892759528187405005e-01
6.339736619482803093e-01
1.017731928326585544e+00
5.093619584259870825e-01
5.030609777343317823e-01
7.894383709632720736e-01
3.365467797858899268e-01
8.918262576546918119e-01
2.793663770929723511e-01
7.731580458539708545e-01
7.290496988055666927e-01
5.596304555119967494e-01
4.741592122757282146e-01
8.629034653539729982e-01
5.109641902931326696e-01
7.289845275855275641e-01
9.556537239479832024e-01
8.828348148287513686e-01
7.811080461759865035e-01
1.052614549085926221e+00
6.882498435721075003e-01
6.660889782620067479e-01
6.636474555175110313e-01
5.271106243118238721e-01
4.697796336956914232e-01
4.857877335562905130e-01
4.974188518194190833e-01
5.688350161418922468e-01
4.842525228301519102e-01
6.051002188440260943e-01
4.180026214663069006e-01
5.801869833788608766e-01
5.610069335461748130e-01
7.268976787243204285e-01
7.341166752705095000e-01
4.828991666542746808e-01
5.882926051410627410e-01
7.170722856526574596e-01
6.157072302358579385e-01
7.154165369652424333e-01
5.252130568198988270e-01
7.532825951453829827e-01
3.831738704183318966e-01
4.706551739254861144e-01
8.106037266200563085e-01
3.021721958019688015e-01
4.089994901646952785e-01
7.017142274285185222e-01
4.611781301819122270e-01
5.280757859417818390e-01
6.349636686647696093e-01
7.062480336189681518e-01
8.846365859609428561e-01
5.027177075416077168e-01
4.672311913386416604e-01
5.915386076493462930e-01
3.273958024456656291e-01
9.239867400338150905e-01
8.893080294375039774e-01
4.863860896623493635e-01
5.564702730796814434e-01
5.279153370934610567e-01
5.826932729989987569e-01
5.994409529118458480e-01
8.341252106080782047e-01
4.260435613508511965e-01
6.184225390055245741e-01
8.820641547861073350e-01
7.177247188919593235e-01
1.097902825425065121e+00
7.813402208674240512e-01
6.391935354077528109e-01
5.939497698339646359e-01
6.279230018765712407e-01
5.878980495730473654e-01
5.693701971859158606e-01
9.669713508721268225e-01
2.853236968824879316e-01
5.136800837755503002e-01
4.578242244637104053e-01
4.193276258059324690e-01
4.076633989427524418e-01
5.789393872668125995e-01
5.862907150812445289e-01
7.789973917120666114e-01
5.999120469677605705e-01
4.425780466091061016e-01
4.408542672638817717e-01
7.546251417113397642e-01
4.451678199643585576e-01
4.722528564212678526e-01
5.311126262848246959e-01
6.913849625340324767e-01
5.176676959387717103e-01
6.907872068571632163e-01
5.576583536411519049e-01
5.625638018334214729e-01
8.275267841691026360e-01
7.289168485240302697e-01
8.262576381551178795e-01
5.689122987891020999e-01
6.595135666838054522e-01
4.085152829584181022e-01
5.214860104798905160e-01
8.579865520946318158e-01
7.448600063960101325e-01
3.952720355953678877e-01
7.089128246894182972e-01
6.773662445506597463e-01
9.677719949824944434e-01
3.297662801777613839e-01
5.463662333413378258e-01
4.742247717367143456e-01
5.387570245618782394e-01
4.108530804816438731e-01
6.782040663415929149e-01
8.839019023418255294e-01
7.365338740439865139e-01
5.507091601659245272e-01
7.600991647691521802e-01
3.982991585359275666e-01
4.927519806581641681e-01
6.279173581761685607e-01
5.627157308049485218e-01
6.294249697854721326e-01
5.150462150675195749e-01
6.296439148908749006e-01
5.162299798021693364e-01
6.319018009905201794e-01
6.891291304947549934e-01
3.810089441146023992e-01
6.537830847828596248e-01
6.905646205706326146e-01
4.738583490436055756e-01
5.072073697590945285e-01
4.582030204327118272e-01
3.552566357072649561e-01
6.001652593779569500e-01
5.592649333368104880e-01
2.079925867329692202e-01
3.733402915494250518e-01
3.914665272071290447e-01
3.641368922088222271e-01
6.510326167278460696e-01
6.429667427126615209e-01
6.792848914181801590e-01
4.569185526279052056e-01
6.356022164833965427e-01
5.178040449190186578e-01
4.871690167530086657e-01
3.931682959170865743e-01
4.628842668055416221e-01
5.163445408712444840e-01
5.438879272932581888e-01
3.796118954259150025e-01
6.027534434993839785e-01
5.786995994873800342e-01
6.281793141776419453e-01
6.272314010334901768e-01
9.175662740780269333e-01
4.851607465621181614e-01
5.670213968190065401e-01
4.708486309043413698e-01
4.724827317980520025e-01
7.586860782324982289e-01
4.631178399598702145e-01
6.973108136043183469e-01
6.852970445125263765e-01
5.145303474357515450e-01
6.237870898906068273e-01
3.843814064300203892e-01
5.845812058652841703e-01
4.834035152447572203e-01
4.635415620984617568e-01
5.384056590490484684e-01
3.973316318495750954e-01
5.748011942187405410e-01
7.271958917412079115e-01
7.903361174053109561e-01
6.364179134414844619e-01
5.520161596249986147e-01
6.463387770034254576e-01
6.246817753406825879e-01
7.104795136169634873e-01
6.990678171335616975e-01
7.816493075189353545e-01
6.043469626163584518e-01
4.096547995211772264e-01
6.490549784885161211e-01
6.039051037315038561e-01
7.562841518994307677e-01
8.733372426785859233e-01
4.522588822294698607e-01
3.840610450359551176e-01
5.694963591359977206e-01
7.305329747067910162e-01
5.161153493713974694e-01
7.431701587839111278e-01
6.697484600407482835e-01
2.765974287007031407e-01
6.395105229367313848e-01
1.028606287984169088e+00
1.227349541779482189e+00
3.669746978587284936e-01
5.163785426699252223e-01
8.378993807761562218e-01
5.925518890708274533e-01
5.462592017028495839e-01
8.328610060990402353e-01
6.390930482889826125e-01
7.099840905585205197e-01
5.132674432228782058e-01
5.049744691289129728e-01
4.450472976888295573e-01
5.311853528893073495e-01
7.955111537879678840e-01
5.291606606420343750e-01
3.462166326864044574e-01
6.455450479752562476e-01
5.128195832811701660e-01
5.109394931876539703e-01
4.219000439035079930e-01
6.484583236086156610e-01
5.196050919904201537e-01
6.645401296386537204e-01
3.634392286005221906e-01
6.761174595634497075e-01
5.011944812661656146e-01
5.907952265215675736e-01
1.018956372689525214e+00
6.116895552157373128e-01
5.698705051676945521e-01
9.364330642076443834e-01
7.797981332263772547e-01
6.199226034250217010e-01
8.436938052994593651e-01
5.576249371803496668e-01
3.043390434934956645e-01
2.808890709833092303e-01
3.894848832965732144e-01
2.488250672086286808e-01
5.786366768786936898e-01
8.750000079922781726e-01
7.312468318678222445e-01
4.059870871537336057e-01
5.862474375099439028e-01
7.516339538418034261e-01
7.792653369231252736e-01
3.636238365416845086e-01
5.376536251725558824e-01
4.152507348764813422e-01
6.647309668440060104e-01
8.502605711188492288e-01
7.202891946372270704e-01
5.665941843247634946e-01
5.278421974822725682e-01
4.592995035728634212e-01
7.352733381381736377e-01
5.762888524790771294e-01
3.928793370248528927e-01
3.520726301410207482e-01
8.909757585491381304e-01
5.722780328458836330e-01
5.727482590974530829e-01
4.158952336494756152e-01
5.417510704912787967e-01
9.611567054837697466e-01
4.773437045831289138e-01
8.747611122746343781e-01
4.889218042215305315e-01
4.785157147422969826e-01
4.727884682491222956e-01
4.899696635423695379e-01
9.326554933879290799e-01
8.214741450716771531e-01
5.287157166568461353e-01
5.036894461259793232e-01
5.006001268346209621e-01
4.374843971029296896e-01
6.045185309630513038e-01
3.155968887306671022e-01
8.385207044049900471e-01
5.793572877171661029e-01
6.373687531367865367e-01
7.618927496823291179e-01
6.333183467469997163e-01
5.835393344533077453e-01
8.341354291126071852e-01
3.871292209895801917e-01
6.020476483345683638e-01
6.298233008681901612e-01
3.871755156482589721e-01
5.931804465726663311e-01
5.178442358903325715e-01
5.269015859746982722e-01
5.783757923949912616e-01
6.350147878375442811e-01
5.294923975900180935e-01
6.216051473881245570e-01
1.000370763062168766e+00
6.118363248079798922e-01
4.731912892991497199e-01
4.346986590209825363e-01
4.483783899254250582e-01
3.340399300626584744e-01
5.861137372832482262e-01
5.000534742864374271e-01
7.090298349815525869e-01
7.357313602816327736e-01
5.315833642538004833e-01
4.843486811552449867e-01
4.722216207041872171e-01
5.288663064313953166e-01
6.119000296261143390e-01
9.715315420541646985e-01
6.880964416919204130e-01
5.266125360401905375e-01
4.371036959819757928e-01
1.127028635931828671e+00
1.062270446632305854e+00
7.691978659455468437e-01
7.547182273983390477e-01
4.754840795833140121e-01
5.243967306128979322e-01
7.003827411359010435e-01
2.973734030120697147e-01
4.919233316222953456e-01
5.841120589436968880e-01
4.047862249125109280e-01
3.130056048857353113e-01
4.942757542022870321e-01
8.014828892867446042e-01
4.662026126752878419e-01
5.408423443691220411e-01
7.734111157762967315e-01
4.966053155606310332e-01
5.581059302111042175e-01
5.794379549930023243e-01
4.035849843590358921e-01
6.051043192345330057e-01
6.113126608370320625e-01
6.789301435387954387e-01
7.097828316033462093e-01
6.553071618356276495e-01
3.783305320245286540e-01
5.171837825899423535e-01
2.963024231736007263e-01
5.076825063746003286e-01
4.777115298040024993e-01
8.532383684618588537e-01
6.850777255640561059e-01
4.971564165464368856e-01
6.563168252712709982e-01
4.838809626041090106e-01
4.232777296594697480e-01
9.045207490035799269e-01
4.672114274823439550e-01
5.119082526381067977e-01
3.726724862318575582e-01
6.681765484868802396e-01
4.857908225065291075e-01
3.789015622437897912e-01
5.466154171474988388e-01
6.814032551991050513e-01
8.970953755606577706e-01
8.344909147190142651e-01
4.955928771792175169e-01
3.268104907730579045e-01
5.847447751519487813e-01
4.476668832056354130e-01
6.761710323336951323e-01
4.700136735480835992e-01
7.687879527547882841e-01
6.176081329375646689e-01
6.504946359929635324e-01
2.929242083721995682e-01
4.499201589174190441e-01
3.768782700585017187e-01
7.801149687507202835e-01
5.076994133719618940e-01
7.518149795156594539e-01
9.794495757884599252e-01
5.765905354881248890e-01
3.895227184988062641e-01
3.885639469088447151e-01
5.891912370613848760e-01
7.962703066963109366e-01
1.953631844524260364e-01
6.197721681142243089e-01
6.565867596378607285e-01
7.486564512203236488e-01
3.802675901296673211e-01
5.689352889105611100e-01
4.442519791019404196e-01
5.513576732630345312e-01
7.027724418485583602e-01
5.205029988965946819e-01
6.860442855482417057e-01
6.281980089379580745e-01
5.237289043826187651e-01
4.194680032274312742e-01
6.084865723900593215e-01
5.939562679846825954e-01
3.282314751634786698e-01
3.943588423957408717e-01
6.437088263054087101e-01
3.764075715486637774e-01
7.505692395664107508e-01
2.997854271117131320e-01
5.748684250638648185e-01
4.813038915667062212e-01
4.830450231324698307e-01
5.976062413391781680e-01
5.964506119458458100e-01
4.178251823097993145e-01
4.882039854515203281e-01
5.685766769996731806e-01
3.710254916199017261e-01
4.258449107808379708e-01
4.316930593405165495e-01
5.473064807228618101e-01
5.644594514922062212e-01
7.850538954019411486e-01
3.534481154551810667e-01
3.944868022901463767e-01
6.271636586023364712e-01
7.392353196203080845e-01
7.074650219175425692e-01
5.696627628466752746e-01
6.759178518988459006e-01
3.536870070779272179e-01
5.082808946159447228e-01
6.833560355872889680e-01
6.552893193029832863e-01
5.361444563321764445e-01
6.443328151152794003e-01
6.756955302297749100e-01
7.931659767498924207e-01
3.292285332005311371e-01
5.515090018655124382e-01
6.948090736985531590e-01
5.503684806865963841e-01
4.906447009279840676e-01
7.890549324673233889e-01
6.138560242877681983e-01
6.251261161086041351e-01
5.109222894875669052e-01
8.168507489077804218e-01
6.281470742973818133e-01
4.329776558292352528e-01
4.467243425214302288e-01
3.155636175531439935e-01
4.677383052943813735e-01
5.046652980148053080e-01
4.359776082478638015e-01
6.593888155665355022e-01
4.263671924316426165e-01
7.155675484848216250e-01
8.024462469345372551e-01
3.835773600172879827e-01
6.834975590116296740e-01
3.751213305190687075e-01
4.939827870233546303e-01
5.517318470413448139e-01
4.149363391456729611e-01
4.060901906687842677e-01
6.130142759293666366e-01
5.633514048160226384e-01
5.394982356907169763e-01
4.787306061243842836e-01
4.971505443916363620e-01
6.672560360098692689e-01
4.088608795265059603e-01
5.683478327450685041e-01
4.435706848339071584e-01
4.181491827600835043e-01
5.324877676228746415e-01
3.359438844458050299e-01
6.258957283951038786e-01
5.824778419233833660e-01
3.678381481988203250e-01
4.827218432158824069e-01
8.212596222294717974e-01
5.627269019925058569e-01
3.815192650841375821e-01
5.986320160721486650e-01
4.199629755747302795e-01
6.102530100567225002e-01
3.982776986467086444e-01
7.189733463408407577e-01
6.616789872868262812e-01
7.365350579592072622e-01
6.581200568860985367e-01
5.988731972540056736e-01
5.985359084367873894e-01
4.100127188126894140e-01
9.446391644647764707e-01
5.077426683513900363e-01
3.682363040164575718e-01
7.652176746180202604e-01
6.175486504503649998e-01
4.964323702074726063e-01
8.147540990501969116e-01
2.882701044704467086e-01
6.702281837507094719e-01
5.870320866151108596e-01
4.686876735975417096e-01
9.752842036436532025e-01
6.139636110022863580e-01
7.933988882438273160e-01
7.490790362630289634e-01
3.505063487968235747e-01
4.538593834452548936e-01
4.241745963389311758e-01
4.544909738947925937e-01
4.559961048275833484e-01
6.154206222518707747e-01
5.023007214785814023e-01
5.541893314193059306e-01
7.941416833404977282e-01
3.628381138923786331e-01
5.149064151760571750e-01
7.146409365979269346e-01
5.394289279903006218e-01
4.310632026575244580e-01
5.444918097698465687e-01
6.368414094798625635e-01
3.734707410511957093e-01
5.191497616442090068e-01
3.005443635788424550e-01
7.803278529775335981e-01
4.959426270245896884e-01
3.543132183730344220e-01
6.522098361310457726e-01
8.790274873835496328e-01
4.408840016547271867e-01
6.567765703470214156e-01
4.920407367446062996e-01
4.781976424325441455e-01
3.660262892853742844e-01
5.373386676752984759e-01
4.213483519764434360e-01
8.375912581173931004e-01
2.986725142979982928e-01
5.987897660762268037e-01
5.115048650440737754e-01
2.042720669667970335e-01
7.564951646203371682e-01
4.238592596426022929e-01
6.154924088386791725e-01
6.624101775204580544e-01
7.664766701527065962e-01
4.964130902792390221e-01
6.052475891127750973e-01
9.033175635536956349e-01
6.685635000774157177e-01
6.251471215829309536e-01
6.377960319823013924e-01
8.249091595199549154e-01
5.028932415836251391e-01
6.021046975182369199e-01
4.246411048095719565e-01
8.047672338256006697e-01
5.054029809818194607e-01
4.205610471962500929e-01
4.836384218016975267e-01
5.559482083062943225e-01
3.602720526478183083e-01
4.040899394153053548e-01
6.034809752763328206e-01
4.932348235667280423e-01
6.655088969393917475e-01
5.808938420639003786e-01
7.366807592764769153e-01
7.247547106334965017e-01
7.317518460475259667e-01
5.471634025620933928e-01
8.629319958213470532e-01
4.266108928351241558e-01
3.481971847295894928e-01
3.643814743908948550e-01
4.996037036144687637e-01
4.970611396169339335e-01
6.631791876108225070e-01
6.622455037340003736e-01
4.782346049235975949e-01
4.339815056159651574e-01
6.404957593035767172e-01
6.684526433554476288e-01
4.914840522809437173e-01
4.989665549667363087e-01
4.233521593220872514e-01
4.277979998992911814e-01
5.462501351963918728e-01
3.689721193863276794e-01
8.319334631082225817e-01
4.450207705203080288e-01
3.957617135538173958e-01
5.946513890969892246e-01
5.311524122586578356e-01
5.273486435593915944e-01
5.235533609826197310e-01
4.397621766499762441e-01
9.916733129949608649e-01
4.375997649573126758e-01
4.962217551466860943e-01
5.407807032905463940e-01
5.315648884137690322e-01
5.825977098373620322e-01
4.876327977867748742e-01
5.453697637886142369e-01
6.320296113404061389e-01
3.835217645161013711e-01
5.478707067543793219e-01
3.306045978754001968e-01
5.948945610575196996e-01
3.414933193745141593e-01
7.337701007843208112e-01
3.711496055230140700e-01
5.513103194030477550e-01
6.674151933863793351e-01
6.978235241697388069e-01
3.800858046568446613e-01
2.346956868253492201e-01
7.924576990864377057e-01
3.201159443596520160e-01
5.076697214941910952e-01
5.715557034849439999e-01
6.031234155233143879e-01
6.937075648094418456e-01
4.817892309972055531e-01
3.172390952813847753e-01
5.040873985598416374e-01
4.868359864705663065e-01
3.741570450925489344e-01
5.471765235803730532e-01
5.537846953189746735e-01
5.736841991485140957e-01
4.894736140583779704e-01
4.213494446618298306e-01
3.872055383480919599e-01
5.997287680390431808e-01
8.431208040883149124e-01
6.603646684679622680e-01
5.262382305489842205e-01
4.260847454547241342e-01
3.224385808077404048e-01
9.574178884381401300e-01
4.030168567415949865e-01
4.005658075852364108e-01
6.073985857344775807e-01
9.089754980107109805e-01
5.691452589923761129e-01
4.440760898455830552e-01
4.964931589599990702e-01
6.720757693469815441e-01
3.444755333391004148e-01
5.078718919379358043e-01
5.218815557887145351e-01
8.761307844261665423e-01
3.738033693594829954e-01
3.501016942874481397e-01
4.227601063661335368e-01
3.824651493989972284e-01
2.782752361027424071e-01
4.594878358419856035e-01
3.720479516036689915e-01
5.125511973636057705e-01
6.297716610869873444e-01
4.300885288063138745e-01
6.837056397222078807e-01
3.715187303358497561e-01
4.326541673243194386e-01
2.441719795729829501e-01
6.589835894830311513e-01
4.767802774613327799e-01
4.472712154701405374e-01
4.531935463724745539e-01
1.208264210083799695e+00
4.787331849997059630e-01
3.809712696289572209e-01
5.796125557898869074e-01
2.474224799827301480e-01
4.987683221436521874e-01
5.263612100708955355e-01
4.490499596589703768e-01
3.936634247807469511e-01
4.895388809637420957e-01
8.473602076541522088e-01
5.868428730908918922e-01
4.098102679899464640e-01
7.517614216835698526e-01
3.428708041277865881e-01
4.865914592745972378e-01
5.890258594596532449e-01
3.463313634451152812e-01
6.754164766371503204e-01
3.947311743442778464e-01
4.326204340823397998e-01
2.433357272442190355e-01
4.291551178284786494e-01
2.463178068591081737e-01
3.142107955237652961e-01
3.069143686743743271e-01
3.886928621979565679e-01
3.280006845586746489e-01
5.315958658523518565e-01
5.164064928850561342e-01
6.449221113882636081e-01
6.039100320565780056e-01
4.195534664995206331e-01
4.373209503875851167e-01
4.040582319641202180e-01
3.311506704618217278e-01
5.157953329396368636e-01
7.206249980420673662e-01
6.211429455605472771e-01
5.373539965225806458e-01
4.990773976955487634e-01
3.693993671544690827e-01
4.165706575481006868e-01
3.600829655199908608e-01
5.869592287860530000e-01
4.951638075294199637e-01
4.485794973939563057e-01
4.960102976944897324e-01
3.404574687293285273e-01
4.763532890010849230e-01
7.107904529175598229e-01
3.331056191012345957e-01
4.975773665567145287e-01
2.945022703453858970e-01
1.029203926541477410e+00
3.614828001745027386e-01
4.110329363079750498e-01
5.444123080873621845e-01
4.568914597184700055e-01
4.692061563689434722e-01
3.931530172306347271e-01
4.260461733429072306e-01
3.082656452249333823e-01
5.208283629183468877e-01
3.560627803715057937e-01
4.017299302460425325e-01
3.871945161762885279e-01
3.571407775981857435e-01
3.675041680324530602e-01
3.941637738034523553e-01
3.619697000531589826e-01
5.105380770962033576e-01
5.113291493140388333e-01
4.054060702159687501e-01
5.590325313623678571e-01
4.414653675136930855e-01
6.135514210117664069e-01
5.085597484472175189e-01
5.246900630106748897e-01
4.065279482047225446e-01
3.750969149301401906e-01
4.079756868434781802e-01
5.936179641747062474e-01
4.846216402785861743e-01
9.558234403334150420e-01
3.928036856704286706e-01
6.414911191960799286e-01
2.984321391662875800e-01
4.387867086460304766e-01
4.990353916934602840e-01
7.786309759683287535e-01
5.073288386245369264e-01
6.623744871878611828e-01
1.710166903694684826e-01
3.050718046322112853e-01
6.463129096297618448e-01
6.345767655599148238e-01
4.220308547333636584e-01
8.993841432378745226e-01
5.439030283580960079e-01
2.939381599987004323e-01
7.760709991180135825e-01
4.495961666698111148e-01
5.383191374230894555e-01
6.763863203636009125e-01
4.553463596172659389e-01
4.164748815053344599e-01
3.929945346385352867e-01
3.205204823668385550e-01
5.128828756084102825e-01
4.097110400412313780e-01
5.418239956372958854e-01
3.729289201217988459e-01
5.669023726869749646e-01
6.663415192868572534e-01
4.700917462797556401e-01
3.430124389725264789e-01
4.716503782534794409e-01
4.161462647938513060e-01
4.420305287373142988e-01
4.751414696223948408e-01
7.228090521963620452e-01
7.101388372425297968e-01
6.065565440227345118e-01
4.914335694380872477e-01
4.964322554648762931e-01
2.631030403632599879e-01
4.211730442416943831e-01
4.337658703621935508e-01
5.019919436412902947e-01
3.980817344246618261e-01
4.933140475671698999e-01
2.718812184750105665e-01
2.535911456708712652e-01
5.914905940902547288e-01
3.914955017572342433e-01
5.864028926817127507e-01
4.904993892640444608e-01
3.572695996215076164e-01
2.402208111457173334e-01
3.020873879196670497e-01
4.876596873590485215e-01
4.150704676796462822e-01
5.361988601084333173e-01
6.830149133293220709e-01
5.288090673367350503e-01
6.077746061888525952e-01
6.502859846049598991e-01
6.836803924248535669e-01
5.275238222458304982e-01
2.220122440493774163e-01
5.608526661564285920e-01
3.596726070784190266e-01
7.738699587931792134e-01
8.191908844898644348e-01
4.089268099121339262e-01
6.076049673804223561e-01
5.973494108551307136e-01
4.907971689118036385e-01
6.011672727703950558e-01
4.087496947421618287e-01
4.244954081995526152e-01
4.344611789845757022e-01
5.346830385816542242e-01
4.345554394481551674e-01
7.201696648597146755e-01
3.384757586964889375e-01
4.022393197087408834e-01
5.080699731801270325e-01
6.386130945750662091e-01
4.318967297563602314e-01
4.022987802077149788e-01
5.154975488308026765e-01
3.053960164615217576e-01
4.981015803390342889e-01
4.057004859787395890e-01
3.971311824442884664e-01
4.585428711158200388e-01
8.233499948787802447e-01
5.085915082092680173e-01
2.326187776505886096e-01
5.149461112367837989e-01
3.425746894192857050e-01
8.215298973620964729e-01
5.140334946092480761e-01
6.374996904146591481e-01
3.837908090217554413e-01
3.025707000448568107e-01
3.840259489726001729e-01
6.439627906278108105e-01
3.015525830051198897e-01
4.069404128655377262e-01
3.824807956617299332e-01
3.236942625495390913e-01
3.539895164677570594e-01
4.597568487340403798e-01
6.308835542702573296e-01
6.093220819667737320e-01
6.521765175954444826e-01
3.255550884262761180e-01
6.641076183265517408e-01
5.858622640815089877e-01
2.934956149415117177e-01
7.311043824289680249e-01
4.452648072185713679e-01
5.007947297964795430e-01
4.546846752421598858e-01
4.562682397597385142e-01
3.899260153232887993e-01
5.357430219783471115e-01
2.280777420873636163e-01
5.487839233690943175e-01
4.567592534746088284e-01
5.228915956375037588e-01
3.748758750331721568e-01
5.198919750118728977e-01
5.514109604978164603e-01
4.230361357491151941e-01
5.207721884606731910e-01
8.698907018268758895e-01
3.231780356725206249e-01
6.407719012835297878e-01
5.143050600782235193e-01
5.520304325483044172e-01
3.336240793603963417e-01
4.955569325424745708e-01
5.074661786499925498e-01
4.491785700297561967e-01
5.405169524431212569e-01
3.457044711792217062e-01
4.620118787215806710e-01
4.088256747620190312e-01
5.001778041183010393e-01
5.268812571837431236e-01
6.078840359093174994e-01
3.816634653896576190e-01
5.818118523847888302e-01
7.135242579610248104e-01
5.422820405714730008e-01
8.044212180810813573e-01
5.202697856580128510e-01
6.092374978897530102e-01
4.428131004223495593e-01
6.064873191271662467e-01
4.890580309280659899e-01
4.333906165659108245e-01
7.085949163102979176e-01
4.778848764406844474e-01
5.489092855497739176e-01
6.348761628407662005e-01
5.917073529720542346e-01
5.662251392875897738e-01
6.543457252505068267e-01
6.012926287968495265e-01
5.431919413182798584e-01
5.210761163059771661e-01
3.806314937627128248e-01
4.379087836871430328e-01
4.460130204629670914e-01
4.832991011153165983e-01
4.182497971965800643e-01
3.799434222237355052e-01
3.902637723516404478e-01
4.075109714151980422e-01
6.263276352886893994e-01
6.499689959221405244e-01
3.893312878963018919e-01
8.526109826631864674e-01
2.329776493678873961e-01
3.827888080797372528e-01
2.930084476876644306e-01
3.304371249509866493e-01
5.091616868470860702e-01
5.710756152393766660e-01
3.933095592440171706e-01
6.088125200168661433e-01
4.966036632358330483e-01
4.226381829539939128e-01
5.033162866298535043e-01
5.299654498804420300e-01
3.268635019551414667e-01
3.753234314195574295e-01
3.587446475304778559e-01
6.096052884910561076e-01
5.333385836171115058e-01
4.953609977705779044e-01
6.848253299029556374e-01
3.739726196747380493e-01
5.519029914369316669e-01
2.885391327146168416e-01
5.919921509519946445e-01
5.390975788125018653e-01
4.821574593741490555e-01
6.963186315809757332e-01
4.234059210127734674e-01
4.395056104935529118e-01
5.762838748188955362e-01
3.980212009797483574e-01
3.888791452649384417e-01
5.763598690090001586e-01
3.316535635942023941e-01
5.341933003823785553e-01
6.168854223694152372e-01
4.202241994995855601e-01
5.720112523659909298e-01
5.039981440368034304e-01
5.356720230840618102e-01
4.665733727516621077e-01
4.347688494096763057e-01
3.187408333890885404e-01
5.888685508926265744e-01
3.081204788328286703e-01
6.364370892514599198e-01
5.534193025499457574e-01
6.537215302787551252e-01
5.614428234673675133e-01
7.403375341194183834e-01
7.721486026780994827e-01
6.328584189749101307e-01
6.875190760975301574e-01
4.784655584796560501e-01
8.514942501893557614e-01
6.328565541993533827e-01
5.888003784783508721e-01
7.675420805551361747e-01
4.327720032186421206e-01
4.327495697300030031e-01
4.448604737524051167e-01
4.692070724696826289e-01
5.012986811543351795e-01
4.280609931217598807e-01
3.486763455187106842e-01
5.768052254837769954e-01
5.433406936591922420e-01
3.464632743975586959e-01
3.439231322832264071e-01
5.392460322416671170e-01
6.933959631592387929e-01
4.999878083503703774e-01
5.659083387292253020e-01
7.723032709812769347e-01
5.741944487872082670e-01
5.234875295125206440e-01
5.692960019481035916e-01
4.636612432929818062e-01
2.794514825403833225e-01
4.934260341999480715e-01
5.310616577939017979e-01
4.567502327336835921e-01
5.211881265896259885e-01
3.349832855133242915e-01
6.609860677385778205e-01
3.407374393091356923e-01
5.879945260050728484e-01
4.095497695523124815e-01
7.029274724534145813e-01
3.283330820428470020e-01
8.905083114583943749e-01
4.773852380794790240e-01
4.157113264837816180e-01
6.235737477457317102e-01
4.192639635985162538e-01
4.908756664885948195e-01
4.452225964205728248e-01
6.662964789212643124e-01
6.479383251050246928e-01
4.765261257706613907e-01
3.736695481500182381e-01
7.409348258435535239e-01
5.392094684979871211e-01
5.907471849441847667e-01
6.345090081221137490e-01
5.378231980010507174e-01
5.070546717964766747e-01
6.983590467158089510e-01
5.492802544968806711e-01
3.181653499103081484e-01
3.295935091060951394e-01
4.797457685521468451e-01
5.779368641588473743e-01
4.637508899970002041e-01
3.745588928563787223e-01
5.829034521913563083e-01
4.365465951879037299e-01
8.970587097029237844e-01
6.618004189455766184e-01
7.084983165153145857e-01
5.619541459504611147e-01
2.789268400425562455e-01
4.561615381663245428e-01
6.417720855722552908e-01
5.770484155965219797e-01
5.689461084072414687e-01
5.935562242717551396e-01
4.250122462830636105e-01
5.339708749455510661e-01
9.358840440144613471e-01
3.695192937331694960e-01
7.768260717393871140e-01
7.011281949650967071e-01
4.676782638767396083e-01
3.575387642167504598e-01
4.568705116037534708e-01
3.004547739740331957e-01
4.100535290436458924e-01
3.526960817739236420e-01
5.246312166533942944e-01
5.171472571461113166e-01
7.306695024989244835e-01
1.945300166955468701e-01
3.769057984635100778e-01
3.873908967671049752e-01
7.062612326807286012e-01
3.854134859413393954e-01
5.154027873420915506e-01
3.111562003587899916e-01
6.316143227618037370e-01
5.020485518790545054e-01
4.733848099394036835e-01
4.064816204834736935e-01
5.817766856953512367e-01
4.534401440552944806e-01
5.342959238780633502e-01
6.061972326866060801e-01
6.739491504966522717e-01
5.683367183070874296e-01
4.101200597182936280e-01
6.724266251289480190e-01
3.892098828539095612e-01
5.676890667096295973e-01
7.233951392852133733e-01
4.439145941841258214e-01
4.933084416053901688e-01
3.676905605374282682e-01
3.825121673311341897e-01
3.733390103872337717e-01
4.836997126345350395e-01
4.842746832101982868e-01
5.655442150872554974e-01
3.821947804879630706e-01
7.178307298303514550e-01
7.570664980487287199e-01
6.137962226310803571e-01
6.746533237272053229e-01
3.847422385558724733e-01
4.289924970523869563e-01
3.300493570604944304e-01
5.732164018972392139e-01
5.075165004210525632e-01
4.560533905725389636e-01
9.568937834504884776e-01
7.057500048021917438e-01
3.609357381767373529e-01
3.119734527511588973e-01
7.726441222010106413e-01
6.243022671916304001e-01
6.637986756821203649e-01
3.014244525027699462e-01
3.308134655616665754e-01
5.400862175070220150e-01
5.686628572738582355e-01
5.727989925899137358e-01
5.843102959912528371e-01
5.333180293417741913e-01
4.406343432777744540e-01
5.261756537293920122e-01
3.757450970460069484e-01
9.360599357273722276e-01
3.969608795915059440e-01
5.317209659848138870e-01
4.100729745028616757e-01
4.770827920307517678e-01
6.254144867470902147e-01
4.930135354653265023e-01
3.765332065810758633e-01
4.076814392715169544e-01
5.000797738557465344e-01
5.923806745605536550e-01
8.243602207934208614e-01
3.260301963967580652e-01
5.506253222056494145e-01
5.876802221809610538e-01
4.124340339696705438e-01
4.855272539951742128e-01
4.544572913364285371e-01
4.084251885867236087e-01
4.445577983051599014e-01
4.471421194325900239e-01
3.927723128793004781e-01
4.660415288807491785e-01
6.203962154614610647e-01
5.294643396820625236e-01
4.937595069846503759e-01
5.795807571263467128e-01
5.342963178440280902e-01
2.843508996397715038e-01
5.485292161167871772e-01
6.370771165143325199e-01
5.869898535328487155e-01
5.267899423225527178e-01
6.473248258915412778e-01
5.432262038822351924e-01
4.139113745179479054e-01
4.152359854852804566e-01
4.246867057399678069e-01
2.783222851924324615e-01
3.624708507005463543e-01
2.741135462452405358e-01
4.402364714194121897e-01
4.332176368082633622e-01
6.372579100815480846e-01
5.536991002687954300e-01
6.605619329435131748e-01
5.718910140883918247e-01
5.061149936621601730e-01
4.410689083354228379e-01
2.651110470783512585e-01
3.363103068837080545e-01
3.017201175122909418e-01
2.783880573106338741e-01
6.423092906237087840e-01
2.701609616531480129e-01
3.590925577828375514e-01
5.192625364619180006e-01
7.928651064009106797e-01
4.004164849917039026e-01
4.996902455385646702e-01
3.046583243824743659e-01
4.930048519247213212e-01
5.636074529086072538e-01
4.051537443437259189e-01
4.909938885067990366e-01
6.257926791394408106e-01
4.998894681069928625e-01
3.868244159217389955e-01
6.040162431945179655e-01
5.666225036105108082e-01
5.330016398893495655e-01
4.807058233166400241e-01
6.003817562535999075e-01
5.436178452591696741e-01
5.567661603558023975e-01
4.180332789939520954e-01
3.222613354648324879e-01
5.416436948247670413e-01
4.378497039516614509e-01
4.904296899103862684e-01
5.361416963717606787e-01
6.265936677292373025e-01
5.738597078844168697e-01
5.906975572644506123e-01
4.883685636591464374e-01
4.384731335494956861e-01
2.489438773897759138e-01
4.249275756858003072e-01
5.505522339258213105e-01
4.255953702398438399e-01
6.310787068690775214e-01
3.688880543242338272e-01
5.288438379347647489e-01
7.550192763158912745e-01
4.023223981707986230e-01
4.465097522204602987e-01
2.850096731432985031e-01
3.309310018063233438e-01
6.101008796047737714e-01
4.999205815911907380e-01
5.970076862383105754e-01
5.425551333275020482e-01
5.163473099242235076e-01
5.819042943575085669e-01
4.722455991347616067e-01
3.402977914367315559e-01
6.429340169811730288e-01
7.240199208172487522e-01
2.743009220590811315e-01
5.699076903627311452e-01
4.374929003110450965e-01
6.267157221085358776e-01
4.578125832775952198e-01
4.708020338447923558e-01
6.178360409500435191e-01
5.785431225729832372e-01
3.229951594614284827e-01
4.459749488875907053e-01
4.596650039658049525e-01
3.895317031042819234e-01
4.067927822990312636e-01
4.813033842530188289e-01
3.207217824592315525e-01
4.234272249205757177e-01
2.961281521476448186e-01
5.382243963648798424e-01
5.578373864055735654e-01
5.916648576009641003e-01
7.057521285133944167e-01
3.126795074285375620e-01
5.663758132010446866e-01
3.706657493054854036e-01
4.253166156075849358e-01
8.725572973098622009e-01
5.705647499148986945e-01
5.330641530086005497e-01
3.887312193127335225e-01
3.538791412663458980e-01
3.690132910294768864e-01
4.280781509092166370e-01
3.469846039090039858e-01
7.798857584592007175e-01
5.579899916253897585e-01
6.167119603627535529e-01
3.733312357344552579e-01
5.393703311697463088e-01
2.071017011270298858e-01
3.892673078372110296e-01
4.005731948735109516e-01
4.543887910750082915e-01
3.206517565262061442e-01
5.191126160015805402e-01
3.716842490504837504e-01
4.811987045337361990e-01
6.088470819947069401e-01
4.698347549729264272e-01
4.945418975774986126e-01
4.309931130985664161e-01
3.879207662627914832e-01
4.896546375051661348e-01
3.299585840825148830e-01
4.661634060566616222e-01
6.113736541250012202e-01
3.974438956690162783e-01
5.607765628457447304e-01
4.505122145660764299e-01
4.075141427986766485e-01
6.250432890038926104e-01
8.020748175491894116e-01
4.085192828874064097e-01
2.529963360893177637e-01
5.914006920186212213e-01
3.342582788651305425e-01
7.838864617151808378e-01
3.973985187030895649e-01
5.852938415320172449e-01
3.099784477952391426e-01
4.628304091913865159e-01
5.306182937313612680e-01
4.621723376316830278e-01
3.311086306873854412e-01
5.272021782997640127e-01
2.881540669845962799e-01
5.135464583202248301e-01
4.135035190638658431e-01
2.105522773278374893e-01
3.604219179152592378e-01
4.972489744659441824e-01
4.212704605126810775e-01
3.143308483725663072e-01
4.935919740054827143e-01
4.902848499441703756e-01
4.048469215138031929e-01
4.900800676031762948e-01
2.779939208959225638e-01
3.516302386847818262e-01
4.500618448176287312e-01
5.273835019801721424e-01
3.775247264554467130e-01
6.102625731516160279e-01
3.325005721454828422e-01
3.165671646790718663e-01
3.084126045565668828e-01
4.784471779595724783e-01
3.529189156010489881e-01
5.875024494945034759e-01
5.666493541160458891e-01
6.208658151960436689e-01
4.977461465156849396e-01
5.598480370618588164e-01
4.007558097505585781e-01
4.025768591450614164e-01
4.042251819704076321e-01
3.535621407000321681e-01
4.672038170286654801e-01
4.278899370251195156e-01
4.446172323852889408e-01
6.972753429261283609e-01
5.121690444963851174e-01
3.166781595030351282e-01
3.865454318583463889e-01
4.020883854174092664e-01
4.770415692159919452e-01
2.452390798186565302e-01
3.879102255949691824e-01
5.204700490535596469e-01
3.593985961487159431e-01
2.733151934368698299e-01
4.812024841660866303e-01
5.201685525082618833e-01
6.100218968364929939e-01
4.267263874710492955e-01
5.533677193000919869e-01
5.892769742102212938e-01
4.953210793845067572e-01
5.860074884200030532e-01
4.173512291540495966e-01
3.969517824321276978e-01
4.492364195218186418e-01
7.091870013357985947e-01
5.296807232593524484e-01
4.136072389882786693e-01
5.646302736373952635e-01
3.674562695452712191e-01
3.451877254180066301e-01
3.686410885954473637e-01
3.938384635056766392e-01
5.447274448074278519e-01
3.865825093457526673e-01
3.911939084776118736e-01
3.891056098210723957e-01
5.075735177862910064e-01
4.954870785530979815e-01
5.041691739818674467e-01
4.290750162006043977e-01
4.550236685597879860e-01
6.387628592835606911e-01
6.064564066484193772e-01
4.415907615329487945e-01
5.241333093256389519e-01
5.611663517914320387e-01
6.295596479402236767e-01
5.248574323400181374e-01
6.070020297315692481e-01
3.424149682555171492e-01
5.694038718421496892e-01
4.051361927339069413e-01
4.915254786727606962e-01
4.427005478838315078e-01
4.446001865490148974e-01
6.085555550819161663e-01
2.127070197278292107e-01
2.787338927550121470e-01
3.133237697056041604e-01
3.812663712901887547e-01
5.354713255706163855e-01
3.366660292537435595e-01
4.308726450759897131e-01
2.506932774682205101e-01
4.579948606732472949e-01
3.666019360096004487e-01
4.215394143786376224e-01
7.062146835580539461e-01
4.599575659048995013e-01
4.444578870252173242e-01
3.627210195919783331e-01
2.150111318324586795e-01
2.898190475543349076e-01
7.344326937361999041e-01
3.499791513426898093e-01
4.673886439065341736e-01
6.212420902380761945e-01
8.326140853637371553e-01
4.731724933820615209e-01
4.927321189535101564e-01
1.462493415237273164e-01
3.722431183613089112e-01
8.085001571873730031e-01
6.082132361474479332e-01
3.145647239885335233e-01
4.555778703215124237e-01
4.528593274089382503e-01
5.247040816072128244e-01
4.609897698210633776e-01
5.047749966426673396e-01
4.257705331645250668e-01
5.044045812035375942e-01
3.096078168597651281e-01
5.696163614450598933e-01
5.347064088170178087e-01
2.773085031153556534e-01
5.617957981386869637e-01
3.878270451252375794e-01
4.619082766997115175e-01
4.181853872788967585e-01
2.520323869709233944e-01
5.357638358357381669e-01
3.236398953394917233e-01
4.467836036001899269e-01
3.571356369770715689e-01
4.829675230117821960e-01
4.995588427407012255e-01
2.294750469670635284e-01
6.884659781739449480e-01
3.442992244857904782e-01
3.315953461253094425e-01
4.915602138668985210e-01
4.551365329045075070e-01
4.173815660606276512e-01
4.811625408390070024e-01
2.949369289113837334e-01
6.321877035084654262e-01
4.589032119229798368e-01
6.542003408221819249e-01
2.981707901174934228e-01
4.938817252871668395e-01
4.570108631906409369e-01
5.652106593221015718e-01
2.909578223924836338e-01
5.353260305278982889e-01
4.832827376029945055e-01
5.294885220701981421e-01
6.392654276867464347e-01
7.030162541615987415e-01
5.731746300765777624e-01
3.436869585565717755e-01
3.614632557337441043e-01
3.470686745352272173e-01
4.975424983604289642e-01
3.894685294767943895e-01
5.265061581107569610e-01
6.516089812220487998e-01
4.517968128607938172e-01
6.806712616679846395e-01
4.266774644773422276e-01
3.348152948442061905e-01
3.553851735894668629e-01
4.673275574827787660e-01
6.122698344997499209e-01
4.623293006455316267e-01
9.901360606110217732e-01
4.208760503896771810e-01
3.882744328278828205e-01
6.730453080271832089e-01
2.646990597953358115e-01
6.692929712478901116e-01
4.940876624441687959e-01
9.310777419684773681e-01
5.610670283760438304e-01
3.550112461973523592e-01
3.635197154802956021e-01
5.141214723549258903e-01
9.973187284768926242e-01
5.119860659904442723e-01
5.677060301484123661e-01
5.954298093927893332e-01
1.142906277920868519e+00
1.203314441123433554e+00
8.831187024138446029e-01
8.865974394557122329e-01
4.494043521686837961e-01
9.139547321820982173e-01
6.356080486645084848e-01
2.398352190452374688e-01
7.454455568012049449e-01
3.819708591667055897e-01
1.127398798919536649e+00
9.369808490615100238e-01
8.673605576392894312e-01
7.529005065504578154e-01
1.012163190299828708e+00
4.358453946841296944e-01
4.423815850976903219e-01
6.349393260774069958e-01
9.458131702677730068e-01
9.037729337638871208e-01
5.509198257371141771e-01
3.760861934919801364e-01
3.582550100081544064e-01
1.015891201685231060e+00
5.292579076500292246e-01
5.086284837367481826e-01
7.094951789936848607e-01
4.288441445788105932e-01
1.404690678039391405e-01
2.833307645681922282e-01
8.035239653721943931e-01
5.808876231714795724e-01
7.837453521175742344e-01
4.438943038598943680e-01
4.899151092580735223e-01
5.769345130188474613e-01
6.756194282707782550e-01
6.830082310090915820e-01
6.371884152113473920e-01
4.634276989912045064e-01
5.789491321885508190e-01
8.572853749355026087e-01
1.146808219001670848e+00
9.760248039465316827e-01
7.878997422611875301e-01
6.769569475480720078e-01
5.731674320935055134e-01
5.643136664900355592e-01
1.508820240311311123e+00
1.284441918720434561e+00
9.103391952608882454e-01
6.917198225050782412e-01
1.070281889987561241e+00
3.796907099640097205e-01
8.029261870150899982e-01
6.552187025057131242e-01
9.006995007988479740e-01
6.988869107965318683e-01
4.914564923181782841e-01
5.337113556975003892e-01
4.669192379610643817e-01
8.599610444761532912e-01
8.701065446349568466e-01
7.283452321139884944e-01
9.842715306095990435e-01
3.613897401427978995e-01
6.006620049795656779e-01
8.761902685473577090e-01
7.052539538074756864e-01
1.416756457487722831e-01
2.014799417823310845e-01
1.586105007615365159e-01
6.285302931991367803e-01
4.722196586074830504e-01
8.706127522777383776e-01
9.582844419604146236e-01
7.314262048597256483e-01
5.559940625228616540e-01
7.862947055368363358e-01
9.941065016848544822e-01
6.261948440768059232e-01
6.652274913192969263e-01
3.553786985863577330e-01
7.238058014356321124e-01
9.144049082950145291e-01
8.724066061278349382e-01
1.003960760085333748e+00
2.773200301742343998e-01
7.922018277115675522e-01
1.620460358724453709e-01
1.953645996488722614e-01
2.855838185125233464e-01
4.328134243233631717e-01
8.306487351041301759e-01
7.327057645992386403e-01
5.354938193876906949e-01
6.634311815281422886e-01
3.660228129847738487e-01
3.170101925962144906e-01
4.684019436909575007e-01
6.687088957034501568e-01
1.029304668018911295e+00
6.010304876095738935e-01
8.378274367168804249e-01
4.971881931511921704e-01
8.509332179089841297e-01
6.217082810738379095e-01
3.765450958276378990e-01
6.548917417012626307e-01
6.426486940039929374e-01
6.087209550297510985e-01
6.262092122516823567e-01
4.592611223641963614e-01
6.508498450107843558e-01
6.984985023953328431e-01
4.935688460272903977e-01
1.201635487207312947e+00
1.079776356411922933e+00
6.185822170164521072e-01
8.390310766142743404e-01
7.805235073143674818e-01
3.883127974756504508e-01
5.860704162104436454e-01
4.775299216808819303e-01
7.006431667119341622e-01
5.720338487489169399e-01
5.885962179021372309e-01
4.850520672797995481e-01
7.292798454967739374e-01
5.681020632736303311e-01
4.304723507012025441e-01
6.221775187620580683e-01
9.504015769700107086e-01
6.285866941265537688e-01
6.294503832501863183e-01
4.619192331676118535e-01
6.296921115876673580e-01
8.353828694750561334e-01
7.295665366495109883e-01
3.545436425991893570e-01
7.074613653545358538e-01
6.162963346618921534e-01
7.979330090935412567e-01
7.255556028586516160e-01
8.066782618735367505e-01
7.520110232660912608e-01
4.041454678965863967e-01
8.440253826936656711e-01
9.329677412310203310e-01
7.506881380413193972e-01
7.952306709562292353e-01
7.310985473066018425e-01
8.657685215737281892e-01
5.853438629687484074e-01
6.089544494242798978e-01
6.008752627093643106e-01
1.258652256872843322e+00
6.680537712758567448e-01
4.968121691141956231e-01
4.788237030061188171e-01
8.195489745394425318e-01
6.595371144607736769e-01
3.548458446457315452e-01
1.036628437193376051e+00
6.775578037375378226e-01
8.974903533528022503e-01
1.106589404556935552e+00
4.222061903818290496e-01
6.828569762317743264e-01
4.496686711627445043e-01
4.947864170617656820e-01
4.159540529341499981e-01
6.427835271389494842e-01
7.257362830810351051e-01
7.881184619779519895e-01
8.716028412547992543e-01
4.909825865557764235e-01
4.934874298033668505e-01
6.616583671607687567e-01
8.798108993600008976e-01
5.212409844465855091e-01
1.999744837225174432e-01
4.052420315295693354e-01
3.968577375214070169e-01
5.730490444200182498e-01
5.120379795382046240e-01
4.753717189937186616e-01
6.688639318294457015e-01
7.457074024348174790e-01
4.913565638295055438e-01
6.281982100850321826e-01
7.058564338904573798e-01
8.765429752456118662e-01
9.984147814549061417e-01
5.958434710284133962e-01
5.503600475175747242e-01
5.497732625462913303e-01
5.652488971517275473e-01
6.895506796827728380e-01
4.546869955018432163e-01
4.936075090797921172e-01
8.028120582367189728e-01
9.075685298862795625e-01
1.211022109675075953e+00
6.835343314363799827e-01
6.408320979834534192e-01
6.138959967032400211e-01
1.188361858029208351e+00
5.602478115658505731e-01
5.674096188215216330e-01
4.063136790321454361e-01
7.643428617832049854e-01
3.427253199535884032e-01
1.146144384534806049e+00
5.047775519570163461e-01
5.906129743212976679e-01
7.425411659420683153e-01
5.896147742983649520e-01
4.754017251905835462e-01
4.581830009038551088e-01
4.561606130196492748e-01
6.950892995146008557e-01
8.173988716664052356e-01
5.844940690325882704e-01
8.015873769383969893e-01
6.398045464822014194e-01
6.109004548268763823e-01
4.835930158216948938e-01
8.575441197117101844e-01
5.286320517671699859e-01
6.561025311825576800e-01
4.579160050357665157e-01
8.506664456050129219e-01
6.949294380388356673e-01
7.746282338789410860e-01
9.763897426181059602e-01
1.268253582961614834e+00
4.319292543112509541e-01
6.209773910535210106e-01
2.511059697548848058e-01
1.719160087313048313e-01
8.229074793700184021e-01
5.862450742313332075e-01
3.564616898988484661e-01
5.180975159519092266e-01
1.209600073439074830e+00
8.925838214401451420e-01
7.763287434978133339e-01
5.411051393383156105e-01
2.432459345746098012e-01
2.966346570980444297e-01
4.827156214664143352e-01
8.714017542911824954e-01
4.616437792475894808e-01
7.464481647252286800e-01
4.561552409895244797e-01
8.092007423543466915e-01
5.337053604492306702e-01
7.259020290947408860e-01
4.478705074761708538e-01
7.599285337468566492e-01
7.596883900703669257e-01
4.934828986500314207e-01
7.409955034476563007e-01
8.358375327724987258e-01
8.919329550304083698e-01
6.347658586672290104e-01
5.382239322402093684e-01
9.945288084741390477e-01
8.842501220644916060e-01
5.334603506295532149e-01
5.095123076063846623e-01
9.168355076446145224e-01
5.069594748982207966e-01
7.935174568936272932e-01
9.159470728888262636e-01
4.277617357319060676e-01
9.610662494086662511e-01
7.820755169099331550e-01
6.543881810247320630e-01
5.996621916571490685e-01
4.770020303654469718e-01
7.951616669794400183e-01
2.812770435877003372e-01
3.669713923949303180e-01
8.413643012102779428e-01
6.433151215694996594e-01
6.675737455636372442e-01
2.263791355752763079e-01
8.698479708019249967e-01
2.747888996614028523e-01
7.466439064430651085e-01
5.411189414590422686e-01
5.288605044378703601e-01
5.955429023206180172e-01
4.156741332751860973e-01
5.964842965791782303e-01
6.767762310908055357e-01
1.086625729233575033e+00
4.664786579124439725e-01
4.545887319721126363e-01
3.114737302077698611e-01
7.646894737318936652e-01
5.348769077025091745e-01
7.337292097693502990e-01
9.367756442727115385e-01
4.265948732291132695e-01
5.293137659705441367e-01
8.866940663607157935e-01
7.099739415638868234e-01
8.024442156854610930e-01
4.676453122333451007e-01
6.483200164243246855e-01
3.988737939256388754e-01
6.879420829374899293e-01
8.424524789255831703e-01
6.151920252706468695e-01
3.628036322827802307e-01
7.563620262336142597e-01
9.568727649455426310e-01
3.653181425719874142e-01
5.620716035436766900e-01
3.873242665738502732e-01
9.288758957527420979e-01
4.331073004875851673e-01
8.995678342353500279e-01
5.222991302906473399e-01
6.852763062456478371e-01
3.767918618764041216e-01
7.314003694507892339e-01
4.653785787638188842e-01
3.589148905756752717e-01
3.946531276379365849e-01
3.581403555409087835e-01
7.449503217749640083e-01
4.117880399949003234e-01
8.810693736883098426e-01
9.573401015841992434e-01
6.793924343495418849e-01
1.338179276204662649e-01
2.532004313297030462e-01
8.040824425424883959e-01
7.000593444732123860e-01
1.310874810286028591e+00
9.667859872663091547e-01
7.479875255104813103e-01
6.237861308220989942e-01
6.775568912451669368e-01
7.341617617223482606e-01
6.529558768765008070e-01
7.068235711241355190e-01
7.391761157404894700e-01
4.700580516953180577e-01
6.351928334271738086e-01
4.799014183498903074e-01
8.914667141704950559e-01
6.383231666352768841e-01
7.128785723468261670e-01
7.916073661950197016e-01
4.739714868851322427e-01
9.153379030885261392e-01
4.021459870210454812e-01
5.639695014636354475e-01
5.462835467741870010e-01
7.127392069581474088e-01
7.589704346510821598e-01
6.987444742645982920e-01
8.253319702705390615e-01
9.261310320126229234e-01
6.749884846441875919e-01
8.564427307213806628e-01
9.154287947978030360e-01
1.275419465163548649e+00
4.820650843864159318e-01
7.077680897867326681e-01
5.498774997562081435e-01
5.757802340454521994e-01
6.657997318160917555e-01
6.759056768756597222e-01
7.841412376958375452e-01
5.791551788325179917e-01
6.550690744263099052e-01
5.788836374667583051e-01
8.427491266310004336e-01
6.087153781981370360e-01
6.320219357933467563e-01
7.530699188062502936e-01
7.384884666817311816e-01
7.508622302217206057e-01
8.912729037349165218e-01
6.987577157726815313e-01
6.249400728806741023e-01
3.303478252024332207e-01
3.545367564143573347e-01
5.243009804961750175e-01
7.565120638998560354e-01
8.807226808644289529e-01
4.775798186838944859e-01
6.809539658212102609e-01
3.655048273538041848e-01
6.851178953210335099e-01
8.877842721659220393e-01
7.654823651574625964e-01
4.249838001307693069e-01
5.972075374869320052e-01
8.999323827145815358e-01
6.236266408986733678e-01
5.040285091065583867e-01
5.704592955534384391e-01
6.267411189549260131e-01
7.049393077944827724e-01
7.005380136157938198e-01
7.707275936486269741e-01
8.093049861303067694e-01
1.263131638689254377e+00
5.832612096389034884e-01
8.926183915394939605e-01
5.877400555946303840e-01
3.815095388052209269e-01
6.298126716175831419e-01
6.609756881409014628e-01
8.335134674625003237e-01
8.338931124451841592e-01
6.317196945802469044e-01
8.837728525570447413e-01
5.608772467845315468e-01
8.058601486663313773e-01
7.851390655814181052e-01
6.193349711027950066e-01
8.478879998839365939e-01
3.281532911434769662e-01
5.686501397915333378e-01
3.459792231451532807e-01
7.848739431271306577e-01
7.174244258317744594e-01
1.047201566437353515e+00
8.411377034918977591e-01
4.997660336937724268e-01
8.035250088558991699e-01
6.898238124644503477e-01
3.842712998852564898e-01
8.776926040322560185e-01
8.658242197520296113e-01
8.341359831147917570e-01
8.266222419428098656e-01
8.545959560437424996e-01
5.228542499247756936e-01
5.580974586617082345e-01
6.847570655341226331e-01
7.214391208835160274e-01
5.692035353213772408e-01
9.422917155790274668e-01
5.797045886528311431e-01
8.675269323172414282e-01
6.671387236863108861e-01
3.396318068303220694e-01
6.544599806408400999e-01
2.701786618190728517e-01
2.893042792043055145e-01
2.430877548689558409e-01
8.029624664410379697e-01
4.929708185239792817e-01
6.918494388512085314e-01
2.662165538681044441e-01
4.210788441124588277e-01
5.946781298261381021e-01
4.389358437739985241e-01
5.959941363499449141e-01
2.586271920989484108e-01
5.420733307481970797e-01
7.313650751483619095e-01
7.025399214776361090e-01
6.530073512812185621e-01
5.453889401833605932e-01
3.141133401174824868e-01
5.649034040399575352e-01
4.878237320467357363e-01
5.311416262134895927e-01
7.752150278658813676e-01
7.435947611914998090e-01
5.168181129085800407e-01
8.003766624486127190e-01
7.455963899395093852e-01
4.856692047492202624e-01
7.565564066824368439e-01
3.585575281928232161e-01
6.140018070602932809e-01
3.277038597711718904e-01
6.073639566140763835e-01
7.455208529467322043e-01
4.031192662416382411e-01
7.779486982644747695e-01
1.004088584503534332e+00
1.314996492234355774e+00
7.660377732944757545e-01
4.473325454627986586e-01
6.546205071516648655e-01
4.895959409421161146e-01
9.623756631287281316e-01
3.656180678257536787e-01
4.865663665422604311e-01
3.896736664923307059e-01
3.936479794406121391e-01
6.437047826574686660e-01
6.923508111117339103e-01
4.640771650385884239e-01
8.334484045935592889e-01
5.574646286461842903e-01
5.171079033833098082e-01
8.135097273753573166e-01
6.858571137318576483e-01
4.165992957645900940e-01
5.061699823548708732e-01
8.256861353230028344e-01
9.539722018489611433e-01
7.338181446035473288e-01
2.296910807170174096e-01
5.788479587209652832e-01
5.619638094765598835e-01
6.162655160730794446e-01
7.742950586711884187e-01
4.880692825897867682e-01
7.978870261732065039e-01
1.124669672472222270e+00
9.288766869651841063e-01
8.507259331264948043e-01
5.132963398320350423e-01
6.534504255704968179e-01
4.313885330222342884e-01
4.934300039937370985e-01
6.444710057649876145e-01
7.205538758795287935e-01
6.321334502735342920e-01
9.664515395081093585e-01
7.645095782706999854e-01
9.456432962823990707e-01
6.041202221022815566e-01
1.090787732813251143e+00
5.712710806024434707e-01
4.665535004855783097e-01
6.896899838130838845e-01
6.597680996715239443e-01
6.521417451619512251e-01
8.818028734234399924e-01
4.427318571587993690e-01
5.766586155317320328e-01
8.655365270994639371e-01
6.156379081747108684e-01
4.924938194769434285e-01
5.551256025374945446e-01
1.383205937086384729e+00
5.429857973391304382e-01
1.156594422132297462e+00
7.280799921317931966e-01
6.002765032300311221e-01
5.602877657342484330e-01
1.137694782703514429e+00
7.514035293625320744e-01
3.372758677333898558e-01
5.320627204044481307e-01
8.494948474301988739e-01
8.521582046355204998e-01
5.416060189064644259e-01
1.420523429098439205e+00
5.047000780663508657e-01
9.860516560849684753e-01
1.044210583573730311e+00
5.570080949082496513e-01
8.075770431745586952e-01
1.313913572686113529e+00
8.018088163380410194e-01
5.924001828749392295e-01
9.653333707858891000e-01
1.146800376760631179e+00
6.020156528781879235e-01
4.610828492205639728e-01
6.800990822615617937e-01
6.749397564817776196e-01
4.261365832040218682e-01
6.279254121025258373e-01
4.912677239520875094e-01
4.769639875848074029e-01
1.036996275634332942e+00
3.386019029719904982e-01
4.982121191039525776e-01
7.085473424276692578e-01
4.637573390946843066e-01
6.244955610445884764e-01
7.886072504335042144e-01
1.032379311563805802e+00
1.095976916238278420e+00
5.213263114683965860e-01
5.060599944802888217e-01
6.364176710828958194e-01
6.118189675326614063e-01
3.579486499188991311e-01
8.569576695699225866e-01
6.456314632665056674e-01
4.603054642750621372e-01
5.614718646976792904e-01
3.807756999416076482e-01
4.758155318455937755e-01
9.148867217592783208e-01
5.946666292200140091e-01
4.943311894394770700e-01
6.415033954415566564e-01
4.007205452113987154e-01
1.067662013285343381e+00
6.012499575596192969e-01
6.644146701799369392e-01
7.397238996310155912e-01
3.620146652068430004e-01
5.488430601605746029e-01
6.844957004496897701e-01
7.600918519247494842e-01
7.855922626291341748e-01
4.494659058533073681e-01
5.489913446806006236e-01
4.230947883243716956e-01
5.091922802742234744e-01
3.731302836246329080e-01
4.481801004716637893e-01
7.865184011555897969e-01
6.021558398626820630e-01
5.317749670609157597e-01
6.429399360479763903e-01
1.017527485943259924e+00
5.793705687230714663e-01
8.542487950669747088e-01
8.694314626066620422e-01
7.635739299303695438e-01
4.759604297567773812e-01
4.715681931581754416e-01
8.389104736321552069e-01
4.910113737477405094e-01
3.998370695837263344e-01
3.603854315219875981e-01
3.312509113148811024e-01
3.317544058961042763e-01
3.453838144346240702e-01
2.474211037512790701e-01
4.363008981574169609e-01
2.732468014506641563e-01
6.490021929263944944e-01
5.684758204542036397e-01
5.212229618867593173e-01
4.599975427717730714e-01
7.051164389029451751e-01
