a_1
7.493566606584013412e-01
9.251216374639045226e-01
9.251216374639045226e-01
6.466789668827092052e-01
6.466789668827092052e-01
7.324893611340057564e-01
7.396525978531932610e-01
8.292023938414674333e-01
6.448306314255619620e-01
9.854148152940129801e-01
2.191782474411443082e-01
1.604535198150941200e-01
7.857113972988776229e-01
9.648423658086593413e-01
9.648423658086593413e-01
9.648423658086593413e-01
9.827993467239384273e-01
8.246495790468584275e-01
8.246495790468584275e-01
9.461475914829405864e-01
8.551820738877614625e-01
8.905199102330714211e-01
8.032177583289890066e-01
9.106726641334071948e-01
9.853347759784334414e-01
8.736979155256747731e-01
6.118492307490399629e-01
6.118492307490399629e-01
6.118492307490399629e-01
7.847261175934755473e-01
7.336110564957990521e-01
9.232296891536879713e-01
7.281479248538194060e-01
7.281479248538194060e-01
7.111249459109824089e-01
8.631615410941689825e-01
7.903862565447782318e-01
8.828428297905152045e-01
8.828428297905152045e-01
9.048475290403921178e-01
7.353348900373214425e-01
7.393374276410460411e-01
8.469344360436283914e-01
3.247815585288725271e-01
8.869816936778185390e-01
8.969320458089521386e-01
6.074288453033201973e-01
8.395082586184113849e-01
8.675283537738751605e-01
8.972224058473152741e-01
4.959543042396235557e-01
5.455065243167115385e-01
8.309220479325191491e-03
9.802487694860207990e-01
8.513015250811400980e-01
3.706906794244391734e-01
4.505617875676885542e-01
7.114663732312755950e-01
8.582719225508665950e-01
6.721572835576815619e-01
4.040923091349007401e-01
4.878868288628557814e-01
5.326252221769579576e-01
8.333492760147163114e-01
4.713152086196318313e-01
5.026630424016832466e-01
9.859274049875175194e-01
5.892283888944283010e-01
5.892283888944283010e-01
5.297450677792873153e-01
6.976933233379913890e-01
8.658613423992576053e-01
8.950297755011089595e-01
9.157977557974740224e-01
9.218641963492134606e-01
7.790278533722548859e-01
7.678626694467424185e-01
8.687010013325137114e-01
8.687010013325137114e-01
5.240567694230030549e-01
4.731570530680037634e-01
9.147693097470663837e-01
8.580069416759628087e-01
5.819061945872070485e-01
2.225521670126303642e-01
6.197836062814062741e-01
9.450323413853295440e-01
6.865503735671726337e-01
8.141735011831865432e-01
8.864405606800156434e-01
1.428936474650190358e-01
9.785773755735255319e-01
8.966224766797751267e-01
4.837722334653957179e-01
8.518622922624806693e-01
9.699450378972208631e-01
5.183169902281151709e-01
9.477106703923862119e-01
9.477106703923862119e-01
9.477106703923862119e-01
8.701530589832252582e-01
9.137210226602523466e-01
9.137210226602523466e-01
4.030149423345030235e-01
5.149732023352856514e-01
3.479071446104886611e-01
1.418596792804123763e-01
8.887717044120418963e-01
8.271799387202147802e-01
6.849850213407284727e-01
4.499856738691011548e-01
6.860699044209793707e-01
7.234644362670823448e-01
8.907301651934738107e-01
5.444120270718856291e-01
5.444120270718856291e-01
9.672945739457038394e-01
9.672945739457038394e-01
8.643379173869957244e-01
6.160026381935808093e-01
3.608286500165480137e-01
3.608286500165480137e-01
6.048713633649869248e-01
7.316184259208622365e-01
7.316184259208622365e-01
8.230196198382655481e-01
9.081472919948512246e-01
8.339266298152123724e-01
8.339266298152123724e-01
8.413114551357683268e-01
3.029638904999198412e-01
8.807002890212863866e-01
6.853376589957830278e-01
8.899691982577598859e-01
8.899691982577598859e-01
1.893455366464019407e-01
1.446749453549946163e-01
9.056439960476646567e-01
9.056439960476646567e-01
5.448104990036625184e-01
5.220370706322315785e-02
9.710946267692758260e-01
6.132418991193732127e-01
7.402072214331234523e-01
1.909568237174855132e-01
5.982997266241620871e-01
6.047112582910492140e-01
8.975299678200918674e-01
6.579838904404344824e-01
8.609651194545535624e-01
7.645036036990546791e-01
7.645036036990546791e-01
7.645036036990546791e-01
8.400547731835252829e-01
3.503875578547110403e-01
3.503875578547110403e-01
4.008518325255749359e-01
4.008518325255749359e-01
8.577309626936185927e-01
8.577309626936185927e-01
7.094868461172068042e-01
9.263166719381490388e-01
9.263166719381490388e-01
9.378522603603112184e-01
6.916260472040811624e-01
7.446662996947117641e-01
6.497877922440410403e-01
8.850230115656387841e-01
8.850230115656387841e-01
4.691829944102709482e-01
6.845933269713542213e-01
4.251856081008532073e-01
5.146726607906815243e-01
5.119593012732902571e-01
3.230509359480858711e-01
5.461718845534268008e-01
2.167844450465216677e-01
6.843420694759619893e-01
6.566634078680760878e-01
6.085021486953865466e-01
4.189202347076471655e-01
8.699482463302199431e-01
6.830553861715005226e-01
2.588735368932484349e-01
7.276426696111359949e-01
5.797588450994879405e-01
6.139331892537259749e-01
6.139331892537259749e-01
9.784723767535534744e-01
5.639953367766729897e-03
5.639953367766729897e-03
9.277145130080078905e-01
9.502276624789670612e-01
8.691773053444432628e-01
3.355705333202032015e-01
8.971723705198668686e-01
7.267129708117252562e-01
7.267129708117252562e-01
8.913281253113901625e-01
2.127009370072289185e-01
9.155398499431367521e-01
8.191824670767621219e-01
1.859731111483334809e-01
8.898276511439096037e-02
7.943806964511480606e-01
8.674111033659249737e-01
9.498432509860053052e-01
9.498432509860053052e-01
9.498432509860053052e-01
8.212896283950837928e-01
9.915068194756588849e-01
1.253123824799063646e-01
1.253123824799063646e-01
6.860045649782012811e-01
8.459928196690151836e-01
5.873967996564051219e-01
8.187017100840550121e-01
8.187017100840550121e-01
4.820430352862482559e-01
2.708877165132698300e-02
7.681437327182133457e-01
7.467251513754900039e-01
7.199448568693560535e-01
7.162358266071461310e-01
1.393923941851328285e-01
8.429614193369701358e-02
8.894961480829572942e-01
7.954622871288956620e-01
5.073174619043796518e-01
4.655411794095785649e-01
2.679549602678197862e-01
9.618522367607197365e-01
9.080088132175236915e-01
9.080088132175236915e-01
7.110378712959802838e-01
7.058937978978556682e-01
6.892806634473482852e-01
4.439272686730673656e-01
4.439272686730673656e-01
2.508364095100656388e-01
8.347816422028990768e-01
8.344405218676285152e-01
1.842622169319229619e-01
8.023132629927013371e-01
2.395516791646208898e-01
4.170170985563989019e-01
9.313669899101810756e-01
4.624097332988607034e-01
9.097373069279488522e-01
6.936930678171048248e-01
9.336053929570596877e-01
9.369635078771889614e-01
8.955972536670585571e-01
7.417189780892504691e-01
3.311309646452478272e-01
5.535895082390609456e-01
4.964085624732675339e-01
7.334143589921418016e-01
2.044607798890514250e-01
8.873943006737652905e-02
6.201931647922044322e-01
7.620665515199286366e-01
6.169380955690652035e-01
8.008061789547326059e-01
7.330062298910592355e-01
7.330062298910592355e-01
8.528834233952967692e-01
8.528834233952967692e-01
5.217803192041173821e-01
8.390058262431797642e-01
7.813857774291612657e-01
8.773947402505427595e-01
7.773044956604807654e-01
2.600188191574262508e-01
2.600188191574262508e-01
2.620485716934727316e-01
5.121876858690385115e-01
6.520785587058033350e-01
8.271110980470490481e-02
8.271110980470490481e-02
8.655112357599714645e-01
3.379967392154781258e-01
2.596770431697046355e-01
6.694201901195372395e-01
2.934603371804460070e-01
9.175747659305044657e-01
7.907513381792905527e-01
7.394610933322576241e-01
2.498060836615107611e-02
5.182032515734146250e-01
7.141701357917148441e-01
6.916547649194417779e-01
4.048968014148573991e-01
3.147464763535341992e-01
8.808164736682463358e-01
6.810274077699001172e-01
7.369463763540299306e-01
7.369463763540299306e-01
9.217151891134455211e-01
9.645059627258355528e-01
7.909576453558340159e-01
8.811514694643790557e-01
4.973275984481024398e-02
2.231754851414249619e-01
2.231754851414249619e-01
4.353264670911693446e-01
4.171451530617131809e-01
7.987218330135336108e-01
2.031753566699154023e-01
7.666961804247250933e-01
5.324906783415258582e-01
3.426680799450204096e-01
3.426680799450204096e-01
6.044972983680079182e-01
1.709707355182360222e-01
9.269418018064700115e-01
8.632976326882315643e-01
7.133786515938564943e-01
7.902541051042303311e-01
7.915051261765443380e-01
8.099534892114811369e-01
8.157901110460606953e-01
1.226793454714570492e-01
1.226793454714570492e-01
8.858454594704890939e-01
1.736057963526447256e-01
4.443100888818378724e-01
8.798327473971357948e-01
8.798327473971357948e-01
7.837194272208352075e-01
4.953113363268746294e-01
9.215396795902885962e-01
3.968831863226764817e-02
8.388786307425035726e-01
6.061561288875635389e-01
6.061561288875635389e-01
5.640387941381078685e-01
5.640387941381078685e-01
5.622823502827848374e-01
6.522546739937646887e-01
1.271946671570169662e-01
6.438972095338317825e-01
6.438972095338317825e-01
4.507874588383622427e-01
8.236958306445463229e-01
4.103978616633686127e-01
4.619195908914026649e-01
8.443235663589855333e-01
4.222295336699301016e-01
4.222295336699301016e-01
4.098124974173500412e-01
4.098124974173500412e-01
3.969123913855396313e-01
7.031097351626137693e-01
5.391285392321111258e-01
2.963403325670059263e-01
8.144377765551490400e-01
6.197894759646536134e-01
9.344532541151603366e-01
1.816784947497661340e-01
9.077126935245404260e-01
8.250426965212299679e-01
7.144409794503947531e-01
9.096745427290261476e-01
5.028866706333988690e-01
8.716741127142280110e-01
1.322235233785487296e-01
3.691965378751476123e-01
4.457491109861099754e-01
4.457491109861099754e-01
5.073215167049124341e-01
8.300201085445710891e-01
2.267934325175836319e-01
9.737673543638113438e-01
4.705068655752653317e-01
2.037621336340471601e-01
3.634884020568751595e-01
6.420679564653023474e-01
6.614391350830863825e-01
1.925240781031666293e-01
8.567793560996262991e-01
7.357406419399277198e-01
2.944788173606598392e-01
6.255026319592561501e-01
9.450652246515525712e-02
9.101231261109522519e-01
3.064848243937459693e-01
3.738467312915741414e-01
9.511130802844726118e-01
1.109536668485088251e-01
2.556301532480100280e-01
2.556301532480100280e-01
8.964476707302169167e-01
3.770743201080190565e-01
3.722335656300712614e-02
8.181820826101496857e-01
8.181820826101496857e-01
9.841680156460232143e-03
5.006883959350505453e-01
7.322375698639616015e-01
7.322375698639616015e-01
2.795371237113181140e-01
8.085597376253857993e-01
6.359315310739999116e-02
4.678192409126822326e-01
8.589634735724070991e-01
9.152829535641671121e-01
7.476965693775737831e-01
3.015169931984144069e-01
5.666426113236497919e-01
9.217087158683632264e-01
1.414053943144963077e-01
1.414053943144963077e-01
5.550059734809276168e-01
5.550059734809276168e-01
1.802462298961392539e-01
7.107132678378285107e-01
5.760396684235070675e-01
5.760396684235070675e-01
6.095654483061069273e-01
1.926493507419923257e-01
6.128482985610922418e-01
6.128482985610922418e-01
2.239493644367767100e-01
2.239493644367767100e-01
7.322949175569344327e-01
8.767017128772152113e-01
2.421180536281551110e-01
2.421180536281551110e-01
9.552137444646292552e-01
7.588916322274771309e-01
5.053483551446112942e-01
4.971337691852459884e-01
2.259079980794699849e-01
2.259079980794699849e-01
7.856242554677551615e-01
3.985140002875299237e-01
7.708681005546421661e-01
7.398016876082862403e-01
4.475318632768979232e-02
6.077230336012856560e-01
1.063873833996781121e-01
1.063873833996781121e-01
6.380335325018345882e-01
7.692040189863889044e-01
1.880507846589860588e-01
1.880507846589860588e-01
6.033995810639956048e-01
5.310189340080344600e-01
4.781585783061054751e-01
5.227954603428611874e-02
8.518969257612872825e-01
3.286208964215152628e-01
3.451415126575013703e-01
3.451415126575013703e-01
2.194341381905576607e-02
7.193529986260736031e-01
1.645219679382551314e-01
3.445040952994585237e-01
3.445040952994585237e-01
4.016961243031009210e-01
2.644430382728133952e-02
8.056518494501520022e-01
8.415162903005226624e-01
6.073542778766748418e-01
8.576837172932020303e-01
7.979283681529542038e-01
7.979283681529542038e-01
1.736466885671265892e-01
9.117615852101121909e-01
7.519655927471952106e-01
3.867598994735025886e-01
6.257236417102021164e-01
3.322470174484710159e-01
7.396760757774109574e-02
7.396760757774109574e-02
2.084346283730495741e-01
2.084346283730495741e-01
3.647109717083532043e-01
5.067254102530516224e-01
5.067254102530516224e-01
5.067254102530516224e-01
7.579058730305017200e-01
2.715297967894865216e-01
5.335637773461265887e-01
5.576640917117244856e-01
7.815726621242193861e-01
9.683577455294166692e-01
9.683577455294166692e-01
9.287601547246052691e-01
1.150928550257255406e-01
7.504906282403835949e-01
5.702662112345369128e-01
5.228278772269653180e-02
5.228278772269653180e-02
7.887800772168056529e-01
8.562519776574828434e-01
1.274628140991193592e-02
8.578365402047315458e-01
6.786961433244357300e-01
2.583305478430371060e-01
9.079441456989955084e-01
9.079441456989955084e-01
5.473415376043562208e-01
8.460247888159072582e-01
8.096159369241173742e-01
6.082692561308343793e-01
9.733423645940961766e-01
3.559111251148116550e-01
1.336091379150027569e-01
9.672723730321908242e-01
7.529414968401199060e-01
9.120604160664870230e-01
6.001178016952735117e-01
6.001178016952735117e-01
4.099181404590340194e-01
3.698900144504052023e-01
6.437935958610805365e-01
2.602539794151295105e-01
2.499466071319048910e-01
3.352720863337974033e-01
5.581229941123927452e-01
3.170330955989770216e-01
4.890777000280844833e-01
5.796319350188476605e-02
6.328339521610039098e-01
2.557848605904584627e-01
7.271809594457790960e-01
7.821404033618265528e-01
7.556401095531095624e-01
8.152772224181854543e-01
2.975068935409230231e-01
3.953202839983669392e-01
2.303967964144238156e-01
3.128518124986215398e-02
6.024680974409755141e-01
9.217967547203612666e-01
9.217967547203612666e-01
7.533462789559857153e-01
7.533462789559857153e-01
6.572563252563832226e-01
1.038393741125040043e-01
9.268721161810040687e-01
3.404577924128457944e-01
7.075658395679151891e-01
7.138061752433075835e-01
7.096424482639075437e-01
3.683952996159892135e-01
3.683952996159892135e-01
9.585310374210807005e-01
3.281737237896151793e-01
3.420501058161606323e-01
5.861627184455819872e-01
9.876708977747974405e-01
6.031423581549391622e-02
7.017709793153453779e-01
1.044919949460423048e-01
2.408493365141274878e-01
2.408493365141274878e-01
9.163825788777694159e-01
4.344409529716380391e-01
2.013279559194875168e-01
9.529971189386314823e-01
9.529971189386314823e-01
4.763241801172363871e-02
4.684230507686059503e-02
3.279893358796112657e-01
5.974697216448867643e-01
5.974697216448867643e-01
2.041035298427248124e-01
1.987522601319020310e-01
4.940928584976559401e-01
2.001259627052542622e-01
7.181505086050838926e-01
8.931950484098839516e-01
8.931950484098839516e-01
7.656520917610992738e-01
5.829237438273008332e-01
9.365343343318264235e-01
6.918638674553821977e-01
6.435128529171891820e-01
6.435128529171891820e-01
4.361322445079834353e-01
8.723194636820958969e-01
2.392468501533183689e-01
7.397123635932493224e-01
7.074676483510932146e-01
7.074676483510932146e-01
7.074676483510932146e-01
9.883395239979932967e-01
5.694160305266396938e-01
9.771281867432249357e-02
8.063720260801303663e-01
1.292988952352470966e-01
9.542878257567346534e-01
3.175267505417097014e-01
3.841755892346699341e-01
5.209598248547982896e-02
5.209598248547982896e-02
2.090667289388024597e-01
6.931710106868250731e-01
4.443635158556278331e-01
7.093566075832217210e-01
5.373614767508582135e-01
2.120690633725594298e-01
2.120690633725594298e-01
2.120690633725594298e-01
7.517556277460967218e-01
4.239380702544222057e-01
6.738865235839301970e-01
5.830733126479893391e-01
2.720418994660169232e-01
7.013174655418625836e-01
5.380057560845407094e-01
5.380057560845407094e-01
3.217036323514103624e-01
1.113314046113555444e-01
6.129368463063148420e-01
5.103281461077843195e-01
5.370359610430665009e-01
5.370359610430665009e-01
8.349708091809776578e-01
8.349708091809776578e-01
3.359916748817224352e-01
5.254235806025059352e-01
2.301947483806327313e-02
2.301947483806327313e-02
6.301168409979825968e-01
7.917226186309871128e-02
6.706986647467424456e-01
1.641454177857999408e-01
8.469993535366830972e-01
4.106939484997727541e-01
9.597877320314693872e-01
9.340622289815525559e-01
1.735355187292046131e-01
5.604020213207148299e-02
5.604020213207148299e-02
5.604020213207148299e-02
3.006953448877483503e-01
7.652389884823924959e-02
7.632719062340151961e-01
4.530554553689989383e-01
1.691874030032562704e-01
6.486406763710421686e-01
1.081411573287524713e-01
3.822776954199711419e-01
9.194390772866143369e-01
6.078372997805367994e-01
5.172441920638913837e-01
7.613873547855508628e-01
7.325517990187148387e-02
4.193895538470381879e-01
8.134998699987255888e-01
1.660078754599835227e-01
1.660078754599835227e-01
7.896838859741240890e-01
1.295568708656253190e-02
6.078367818208852968e-01
6.929463417684201820e-01
2.592277554650037064e-01
6.432342417628950093e-01
2.266575288985454850e-01
8.067155328637660716e-01
8.361080090237866802e-01
8.361080090237866802e-01
4.792723904226291465e-01
7.263615729364117923e-01
7.915187097882346867e-01
4.060316213561812604e-01
4.708670311692332300e-01
2.385979767531211104e-01
4.404713343690104810e-01
9.194630329130420998e-01
6.430449396002736462e-01
6.659400099481878055e-01
1.098938896634376605e-01
3.681351942444918146e-01
1.127734692999392552e-01
2.016271246313898757e-01
7.500648074189838477e-01
8.016152658482238458e-01
1.509722710448529459e-01
1.509722710448529459e-01
1.509722710448529459e-01
8.828627676356131104e-01
1.141806339954507671e-01
6.053196154899067594e-01
6.053196154899067594e-01
4.270120672678453522e-01
2.425324539973088001e-01
1.504889692458666883e-01
7.657442987298481718e-01
7.657442987298481718e-01
2.698790766242219474e-01
4.659820132888580768e-01
3.482905381431632419e-01
7.185137746375053203e-01
7.474787716176261032e-01
6.972818693651576805e-01
2.136917563845667500e-01
2.136917563845667500e-01
2.743476939910534651e-01
3.054808829298412687e-01
6.997614519683621470e-01
1.158705525215366350e-01
5.321888713282669769e-01
4.110625369389846462e-01
4.429250301278220836e-01
7.685325023339506512e-01
7.521087842184962513e-01
7.761149971969628636e-01
9.063038931152354039e-01
6.465067668614276064e-01
8.509000975308455006e-01
8.509000975308455006e-01
3.613705622504804205e-01
5.405962659688428040e-01
5.405962659688428040e-01
7.618890696093413295e-01
7.618890696093413295e-01
4.678890156837688108e-02
1.852222142700702401e-01
4.258730970626550816e-01
6.969232818471298163e-01
3.666659391034094440e-01
3.666659391034094440e-01
4.431427589355310670e-01
1.345182593114336300e-01
1.345182593114336300e-01
9.579176277019083585e-01
6.041024067505106343e-01
3.820141251945830541e-01
3.820141251945830541e-01
9.411447682172038309e-01
6.173349314558754797e-01
6.173349314558754797e-01
9.609360789745216014e-01
6.048954105291752814e-01
4.994716624729492183e-02
4.994716624729492183e-02
4.614910849833180895e-01
3.215810328383877925e-01
1.483006210643546541e-01
1.941404187331428055e-01
2.200871338624212081e-01
2.200871338624212081e-01
7.757587702264487906e-01
1.593064834400026719e-01
4.890002812525167664e-01
7.224736153237574232e-01
7.224736153237574232e-01
4.579906190820661610e-02
8.426215045788219005e-01
8.052667862392193232e-01
8.646299238244347096e-01
2.038618965141766048e-01
4.602810215932551796e-01
9.964735852297433860e-01
3.654954356364696344e-01
3.801819550868900111e-01
3.801819550868900111e-01
6.348803622248018197e-01
1.956010120456023460e-01
8.068406727587279503e-01
1.762445865632099665e-02
9.201811860608771765e-01
8.309755521982028492e-01
2.571649911135687194e-01
3.136269687058741429e-01
8.540671647657133159e-01
5.745030130428471077e-02
2.010768902759967613e-01
5.620082785292536132e-01
2.726387473562753572e-01
3.522825746106185707e-01
7.654089019215848388e-01
3.207933391998702977e-01
6.916290050656509480e-01
9.412902488164726078e-01
4.553335961235164819e-01
3.512663483454184776e-01
2.221048858601212539e-01
5.806277613237710300e-01
5.806277613237710300e-01
6.320156528125050466e-01
6.320156528125050466e-01
1.463857556494459894e-02
1.698294818097245695e-01
5.042764304133727782e-01
5.538345813605618367e-02
4.862370314539303240e-01
5.551435466176734002e-01
8.765524407489122538e-01
8.801925391477699590e-01
5.579822557006631767e-01
8.624933505626881936e-02
7.236039925912093329e-01
3.580569318869007978e-01
1.785825091349527438e-01
9.160360402367762056e-01
2.752076464310635462e-01
6.564791869221108245e-01
2.655499208718463677e-01
5.497750012757636195e-01
1.312054651970162855e-01
5.412747503371426738e-01
5.422330165172501992e-01
7.049132159208715276e-01
7.049132159208715276e-01
6.970166678103996150e-01
5.060825290528288001e-01
3.987805804170237445e-01
2.540363049331315071e-01
2.026844348487932823e-01
2.425949896674529094e-01
7.278516548698423794e-01
7.278516548698423794e-01
9.166031262120871714e-02
6.323826170563940918e-01
8.558264759917280085e-01
3.650557050349829691e-01
7.651315547414255791e-01
7.651315547414255791e-01
5.409277317495033710e-01
4.509275444611786643e-01
7.409533744047390735e-01
4.211041888162423419e-01
2.691824540602027471e-01
1.785013952531699644e-01
4.163603458134286228e-01
1.697620240079781295e-01
4.991761854027700340e-01
7.080859092558277057e-01
7.194768780122157148e-01
1.223147544217851324e-01
4.992481801784056650e-01
3.883199200910226745e-01
4.450627395427698696e-01
7.916142074970471398e-01
7.916142074970471398e-01
9.477260226376666985e-01
9.477260226376666985e-01
9.477260226376666985e-01
5.905151193584861069e-01
1.366965788945093685e-01
9.246530844798118987e-02
9.246530844798118987e-02
2.796011846939041590e-01
3.030130556137535791e-01
6.871060790732633761e-01
5.161778565124717222e-01
1.831662668121679105e-01
1.826559075002649746e-01
7.186851627529813324e-01
4.256640704982483925e-01
3.949435678244938575e-01
5.607133604714784059e-02
5.607133604714784059e-02
3.929100405930737727e-01
5.852661083016235111e-01
5.852661083016235111e-01
2.145582611230235914e-01
5.155208473457925100e-01
5.836436137129947799e-01
8.153066099945781575e-01
5.161661806847346323e-01
7.722407356181806293e-01
2.392604354042907888e-01
5.131476512594719264e-01
6.062580518307732202e-02
6.608866636105728554e-02
6.608866636105728554e-02
7.891343378470965231e-01
7.891343378470965231e-01
7.590415694589619511e-01
1.625215811972559043e-01
1.625215811972559043e-01
8.224191275371340870e-01
5.237488790121340720e-01
4.610529566930518519e-01
2.542086208740431119e-01
9.435529794214259081e-01
7.559379843012273836e-01
7.559379843012273836e-01
2.808610202952724899e-01
7.213638226796390551e-01
7.213638226796390551e-01
9.039777723683066757e-01
8.256705267230891598e-01
8.256705267230891598e-01
6.571511851291335360e-02
1.890028371000426061e-02
3.331767599260844204e-01
2.445535823928636776e-01
1.530842903554172907e-01
7.960616134103956631e-02
7.525305725191701045e-01
7.522980045620971667e-01
7.361771444830719213e-01
1.133353831863406214e-01
4.507597251133826921e-01
1.335595792921701608e-01
9.225018895753348547e-01
4.073382121011974166e-01
2.250065842404941063e-01
9.011561654472399763e-01
2.798154155257625564e-01
2.735291329063830879e-01
7.214422151322438803e-02
2.246715440734118330e-01
2.246715440734118330e-01
9.586268132415501908e-01
5.944274346979407930e-01
1.041570197510195417e-01
7.201825236011079046e-01
7.827965982456702720e-02
2.065683374368866287e-01
7.455079522155754201e-01
7.620400332584529313e-01
3.774905808254157003e-01
3.563941740993626373e-01
9.945759764040705830e-01
8.649868155384419222e-01
3.030591582395874561e-01
8.711502594594264792e-01
9.413828258926096870e-01
7.242739832709271797e-01
6.989054090324852142e-01
1.621743144613728427e-01
5.199996552282443174e-02
6.307509331904533889e-01
5.441298755129748699e-01
1.048111097054346547e-01
7.107847953294138543e-01
2.641910803970104471e-01
3.299178441292775765e-02
3.299178441292775765e-02
6.922722561995700019e-01
6.922722561995700019e-01
4.115862536962484053e-01
2.475846894594742886e-01
2.475846894594742886e-01
4.839742377638321935e-01
5.102762348463391051e-01
5.102762348463391051e-01
8.881270462967653101e-01
6.330297224320697858e-01
3.773043087574184939e-01
8.855288351425577575e-02
7.646471382012501872e-01
7.646471382012501872e-01
6.229231176766369948e-01
2.078510075288992481e-02
2.078510075288992481e-02
7.474035071871072411e-01
7.474035071871072411e-01
8.106240635408948902e-01
2.724722995455619023e-01
8.589282162786582298e-01
5.929373467967041789e-02
6.727526634740839118e-01
5.983874271635235276e-02
6.663992427083981207e-01
3.884773227040266286e-01
8.564590394772414461e-01
8.564590394772414461e-01
5.090441149314089975e-01
6.756394666234474267e-01
1.351793295575743625e-01
3.141143125263190505e-01
9.100025011641648121e-01
9.750154771322917524e-01
8.377123162014998847e-01
8.377123162014998847e-01
6.227642720022351641e-01
6.227642720022351641e-01
5.723549418351894236e-01
4.127572935358737594e-01
5.356728361237282909e-01
3.663368863188495861e-01
3.663368863188495861e-01
8.042840539397733135e-02
6.528284243729337577e-01
2.179799784416144581e-01
2.707286839593529004e-01
7.147418791285692352e-02
7.147418791285692352e-02
1.849842496235419853e-01
7.795988970534490914e-01
2.379182038764769136e-01
2.379182038764769136e-01
4.679009687151680641e-01
7.161263554986122548e-01
7.867222459169764814e-01
5.541986575880817334e-01
9.592545513367877197e-01
5.036921021784317443e-01
5.036921021784317443e-01
5.213467988520287255e-01
2.593882072627682889e-01
6.926295154225696749e-01
2.340397138699147617e-01
6.372743084715319917e-01
2.986109653746519821e-01
8.582504623612976502e-01
3.000289642891511011e-01
2.229190851420150693e-02
4.817547716613963527e-01
5.814534716715595618e-04
2.883902289210609760e-01
9.068206364959220389e-01
4.198230289176517194e-01
4.915473249721527549e-01
7.118429821976041127e-01
3.593661086974449526e-01
9.389473321901983249e-01
6.990323681619347029e-01
2.214691829799461387e-01
8.544253957927843146e-01
5.684814865024493402e-01
2.833203886433648955e-01
3.413270735511854670e-01
2.413108865713142065e-02
4.051859128026278900e-01
2.800695036276992789e-01
2.800695036276992789e-01
1.522237320149632256e-01
1.522237320149632256e-01
7.509083816231747477e-01
9.071838021777536287e-01
3.032233378249181710e-01
3.032233378249181710e-01
4.894049110380642165e-01
1.143801685814763297e-01
3.964465476071281080e-01
3.875219169327701052e-01
9.235639698208563120e-01
1.234026197082193077e-01
2.257228531036253871e-01
2.553451764351640230e-01
1.398730786738548448e-01
1.398730786738548448e-01
1.398730786738548448e-01
2.895125973558155263e-01
6.118543283183324188e-01
3.244590576996178033e-01
2.992852030819451170e-01
9.311840133377661255e-01
7.738326143746161456e-01
2.277276690170285112e-01
1.297598863002087100e-01
1.297598863002087100e-01
4.148823579036236553e-01
2.935471727498120686e-01
2.935471727498120686e-01
2.935471727498120686e-01
6.862557643551183695e-01
3.597374337550890422e-02
3.597374337550890422e-02
8.242276359895263083e-01
6.702704657445943473e-03
6.702704657445943473e-03
8.396767949761799188e-02
1.142002926158089682e-01
5.932237335043930582e-01
4.314358001450036006e-02
4.314358001450036006e-02
4.888670354508218296e-01
4.888670354508218296e-01
8.147630730211680161e-01
5.363771097007580951e-02
5.363771097007580951e-02
8.651063727424348482e-01
4.359966321881343920e-01
9.301795147506162209e-01
1.337052674747121195e-01
8.344031543577187238e-01
7.574573256048757752e-01
9.451811963678294903e-01
9.428536637480362526e-01
5.601617343675621141e-01
8.418525885578854728e-01
8.644509457606034397e-01
5.466781617670631865e-01
5.466781617670631865e-01
8.555354462731964427e-01
3.410622644049691177e-01
3.903432175061662818e-02
5.585897008332388891e-01
2.803414826942197124e-01
7.830442383447567822e-01
7.830442383447567822e-01
6.525071719296143824e-01
4.524356173676059023e-01
9.732847305049679987e-01
8.716924795635274670e-01
7.492339531927411089e-01
1.196594757740284953e-01
1.196594757740284953e-01
1.196594757740284953e-01
7.078799238925561621e-01
3.466061666163330335e-01
2.893680912019865881e-01
7.446663043898421597e-01
9.828691399038021193e-02
2.414491919240127071e-01
9.863276853827750434e-01
7.423781346264655967e-02
6.103444302495979468e-01
3.032681704475796991e-01
6.995685410651635017e-02
9.591429578158963132e-01
1.873022678959394283e-01
1.873022678959394283e-01
5.817096920209701150e-01
8.647310582860705530e-01
4.242956086143410133e-01
6.357012300875196642e-01
9.995443615572395801e-01
6.574874616763703994e-01
5.752814976797923641e-02
5.752814976797923641e-02
7.330300251096304454e-01
1.574928962207499950e-01
8.237129524982214068e-01
2.218960587167964973e-02
8.007968384470374179e-01
8.007968384470374179e-01
2.537974151432701997e-01
3.552508974264692032e-01
4.755044534046148907e-01
6.680688738630549128e-01
3.935634970557266854e-03
3.935634970557266854e-03
4.459371664863759910e-01
9.152021042267310946e-01
4.658842399680452884e-01
2.805767173373747633e-02
2.736671811420312017e-01
4.185858715650153661e-01
2.111476419977671715e-01
5.874372752465730763e-01
1.981223238969321565e-01
4.196608960433456104e-01
8.545021129626489964e-01
7.278975389581344713e-01
5.512608170131834406e-02
5.627144226566758167e-01
5.627144226566758167e-01
6.087021082131996996e-01
3.082480785325990014e-01
5.688795461210657267e-01
3.898099195760111324e-01
6.839529619285105166e-01
9.672794636776861354e-01
2.118474092621834004e-01
2.118474092621834004e-01
7.683366836564128333e-01
2.898289804168860395e-01
4.897901558001883926e-02
4.897901558001883926e-02
2.250017890747778582e-01
6.274691315742099151e-01
6.274691315742099151e-01
4.116002070516747158e-01
4.116002070516747158e-01
8.385613645164549101e-01
5.020147574061967211e-01
6.434284898369226902e-01
7.668344038063122925e-01
2.054680861192007268e-01
3.722590162790813673e-01
3.722590162790813673e-01
5.283447546899968650e-01
5.283447546899968650e-01
2.926813920722421414e-01
8.554540380840413016e-01
5.604057810999765188e-01
1.910205133899107177e-01
8.867551038320294898e-01
5.786311640684776991e-01
8.225389114983400196e-01
1.006599181429301826e-02
4.455886393530086309e-01
6.290066353213665806e-01
3.502129331966858938e-01
5.852021499291636120e-02
4.574710785557194459e-01
7.890429275575112644e-01
7.890429275575112644e-01
8.307063990414734547e-03
3.678629817788883205e-01
8.777000290152621176e-01
2.836498064734243596e-01
5.696376641649092409e-01
7.985522174243253613e-01
1.192637179132389619e-01
5.249090302335197578e-01
4.443740033448279614e-01
6.293002561552517582e-01
6.293002561552517582e-01
3.221716546757235622e-01
4.579136997308005941e-01
4.579136997308005941e-01
2.672659182064245909e-01
5.209794342883992263e-02
3.158372976456482739e-01
5.073722074058523157e-02
9.177150856570011062e-01
4.400177307785826941e-01
6.636910510742928260e-01
6.636910510742928260e-01
3.967306207259226891e-01
2.461757945403484360e-01
4.358083105714103400e-01
4.358083105714103400e-01
9.524553088568989967e-01
6.954494245342814907e-01
5.355600440988712574e-01
2.943815403920223631e-02
2.374393144803164934e-01
2.559620921698924079e-01
7.107161386430125294e-01
3.286179526788426952e-01
9.311509057537066258e-01
9.305265538902334210e-01
1.501130954118375382e-01
1.501130954118375382e-01
8.114242742614403703e-01
5.963966644135679784e-01
5.255952021216726833e-02
5.255952021216726833e-02
3.470681995070584724e-01
3.470681995070584724e-01
1.668324625455905041e-01
6.377424099671816782e-01
2.201686815575405742e-01
7.999024681820796623e-01
7.999024681820796623e-01
8.466257333495824655e-01
9.366788287404393953e-01
9.366788287404393953e-01
4.565384922835998838e-01
1.974635107555040847e-01
4.815722325377219115e-01
7.028256257215054204e-01
9.637001880669490150e-01
4.328639701227673942e-01
4.328639701227673942e-01
4.020955414883299328e-01
5.995436195833262483e-01
4.493349187805055767e-01
9.613079178217497356e-01
8.475639385309285956e-01
8.475639385309285956e-01
3.415658452895745795e-02
4.499510713497838488e-01
4.499510713497838488e-01
6.209879901336612384e-01
7.310704067462368005e-01
9.304750141256350471e-01
7.743841664380016754e-01
7.653898206340564725e-01
6.672562274567055141e-02
9.319605332164364597e-01
7.816775895174327138e-01
7.816775895174327138e-01
3.847372841729208570e-01
9.561479732345949945e-01
9.561479732345949945e-01
9.561479732345949945e-01
6.371183946620925242e-01
5.744623325451101437e-01
9.925908808043839571e-01
4.368377152682262898e-01
7.611484492667895951e-01
3.444718015222301283e-02
1.064636240595933925e-01
6.063949587663099994e-01
4.956060804035806733e-01
1.933994285865838214e-01
9.983081269926794565e-01
9.684688390791705848e-01
2.174946605442510672e-01
2.159412586504631804e-01
2.188090662225422312e-01
9.039686336097506603e-01
4.827157526599015203e-01
4.656174508381271879e-03
5.467258141628779100e-01
5.555130824940177625e-01
9.652532825992386767e-02
9.652532825992386767e-02
9.762006532594367236e-01
9.762006532594367236e-01
8.064685039658965604e-02
8.064685039658965604e-02
7.766004577463304637e-01
3.896359133567636190e-01
3.882563492284257789e-01
3.110807444982079950e-01
5.575874876808141201e-01
7.446483084037092137e-01
7.446483084037092137e-01
9.347598677412541357e-02
4.080049342378899158e-01
9.501617341484817070e-01
7.886158828763255579e-01
6.125281696324067493e-01
8.469760884355025388e-01
7.790430780195803928e-01
8.657697032395944570e-02
4.102746056013720777e-01
4.102746056013720777e-01
3.053691507869738756e-03
6.734712899520863827e-01
9.018794364613803571e-01
8.656087101220989455e-01
8.656087101220989455e-01
7.129277834219329701e-01
4.431865172642504014e-01
2.276440338713660860e-01
3.559903428457594221e-01
2.073373825493043943e-01
2.309756087998085516e-02
6.289741105783248631e-01
6.289741105783248631e-01
4.239643006835097649e-01
4.239643006835097649e-01
4.239643006835097649e-01
4.239643006835097649e-01
6.827778547133016573e-01
1.013623038039480340e-01
1.305968840431860345e-01
1.305968840431860345e-01
1.393291330965899973e-02
1.103858045020615769e-01
8.077786797244984607e-01
9.454860175634131059e-01
5.203663905616401353e-01
2.970429389345767279e-01
2.970429389345767279e-01
3.316112754001315222e-01
5.903042474938940964e-01
3.348222364496146741e-01
3.662806919199086686e-02
9.159397890334770587e-01
1.581158765131913391e-01
5.586265427034685649e-01
5.051835766435350816e-01
7.895763468418718345e-01
2.052476380041297621e-01
2.052476380041297621e-01
2.789952869885605757e-01
4.165632066516349874e-01
1.419615765091652160e-01
2.271545280326544014e-01
8.883793284253114209e-01
8.908646508663492503e-01
2.625264057059031181e-02
2.604596186778163625e-01
1.554276958626698568e-01
7.855291235613122147e-01
7.891316583136084306e-01
8.378579619302144454e-01
8.378579619302144454e-01
8.378579619302144454e-01
3.279318458991133944e-01
1.133450529340228469e-01
3.005252687516181131e-01
4.086101601478817069e-01
9.376460966281294773e-01
7.903617402903433398e-01
1.670732722271585924e-01
1.670732722271585924e-01
5.649643234068678632e-01
2.765706207034441810e-01
1.200892562287469434e-01
5.343951666693248503e-01
7.347915655354360087e-01
7.347915655354360087e-01
6.121901193534541319e-01
9.845131107930961134e-01
9.845131107930961134e-01
7.492479342871116721e-01
5.853930695126784434e-01
7.569586265470396036e-01
3.107070403672396730e-01
7.599217179784689691e-01
7.599217179784689691e-01
6.445151561010727947e-01
5.256140177677685044e-01
6.894214123131578442e-02
8.557922731725438048e-01
7.270485224401187496e-01
7.270485224401187496e-01
2.526050984115632003e-01
2.526050984115632003e-01
8.962310602685593652e-01
6.225145773502123170e-01
6.225145773502123170e-01
6.225145773502123170e-01
4.347640447697052601e-01
4.056130308568740017e-01
4.056130308568740017e-01
4.590998709387205667e-01
7.373834410890224289e-01
3.822260321887887558e-01
4.830245430982837984e-02
5.182552753163841563e-01
3.137757614044881516e-01
6.416755806100860049e-01
3.088142862442618819e-01
2.243896781378008354e-01
3.236092901050330317e-01
7.218696008108442530e-02
5.779434224320600944e-01
4.239230984688475146e-01
8.053310809027940387e-01
7.051284877369422555e-01
9.265130975352909859e-01
5.629527896048571733e-01
4.214480844653017422e-01
1.944127270968384058e-01
7.557410646120565900e-02
7.557410646120565900e-02
3.180903956943123001e-01
3.180903956943123001e-01
9.907592275126165804e-01
9.773218257369802736e-04
7.070061277703345581e-01
1.858542040314551114e-01
6.995549793738717326e-03
3.124986125225305278e-01
3.869379522569145191e-01
4.612143249937900591e-01
3.189736692472868174e-01
3.539235737780004332e-01
1.572547254365985747e-01
8.064649084904602638e-01
8.064649084904602638e-01
1.957295929745027641e-01
1.454256248634767656e-01
2.138111497586928783e-02
3.661606147255500043e-01
4.021863255451062491e-01
8.704074513848656380e-01
7.337328752201454085e-01
3.288095056279535244e-01
1.354289227560561380e-02
3.379052453501413256e-01
9.939304229576605421e-01
9.231821242693010188e-01
9.231821242693010188e-01
7.483186313221992236e-01
7.370013098111382055e-01
5.700119132528930210e-01
1.238581055707394935e-01
2.384457782720036390e-01
9.467444599402705663e-01
7.494785663255054686e-01
9.590264919012329026e-01
4.987609630987847598e-01
4.987609630987847598e-01
8.687620423594527574e-01
3.799087957837801732e-01
1.067672380014400707e-01
3.418287730584942952e-01
4.221289519243811572e-01
2.674852735946742222e-01
6.679154095977661854e-01
9.165445689166388243e-01
8.074868038635916179e-01
2.366525998768380379e-01
4.510617477283693222e-01
2.254273615223549854e-01
5.858372622869337243e-02
1.026791919102817974e-01
7.920264717815890532e-02
5.637194762966185602e-01
5.602752092542495621e-01
3.420944070961390304e-01
1.259868046630562011e-01
2.525846420889128474e-01
4.483879720274525083e-01
4.483879720274525083e-01
9.751849840150249582e-01
5.054968593643122121e-01
6.026568767269194771e-01
5.990469624579054519e-01
4.773755773628532428e-01
9.087049964584433814e-01
7.117505341616371384e-01
4.364375607149102443e-01
7.039169894588686027e-01
7.701992897484136735e-01
7.836894662319234817e-01
7.836894662319234817e-01
1.995408105040171465e-01
6.874786729037540844e-01
5.495056542147551681e-01
5.334339918619704912e-01
3.306269350210682550e-02
6.726751838735288702e-01
3.405562882395318236e-01
5.136012022792764142e-01
5.136012022792764142e-01
3.555134025170501588e-01
6.725150361533678289e-01
1.748053549188753608e-01
5.137090431491661002e-01
2.723046741695777165e-02
2.781926666046004026e-01
3.279813759603008028e-01
3.279813759603008028e-01
3.279813759603008028e-01
8.987107621731321716e-01
8.921871972117767502e-01
3.429209780373668193e-01
2.609107636813863262e-01
9.710884500611678682e-02
7.460079469566297528e-01
1.180507345617466952e-01
2.164765405624530237e-01
9.232309533451763528e-01
6.953295144172314535e-01
7.154454761048008038e-01
6.191399298494854042e-01
6.191399298494854042e-01
7.768201583176184144e-01
1.634966507264508928e-01
1.048119625202882377e-01
8.974311714086844471e-01
5.396171653997511308e-01
1.405438133821188679e-02
8.866953164430012579e-01
6.580039006670814761e-01
9.780178918801221352e-03
1.232313777269296862e-01
1.232313777269296862e-01
1.232313777269296862e-01
9.090043854439445736e-01
6.643929890395624538e-01
7.156826482143859858e-01
4.788361010573370380e-01
7.928004821600945773e-01
2.054395396056578615e-01
9.413287008646246123e-01
9.413287008646246123e-01
9.413287008646246123e-01
6.010301054537794396e-01
6.010301054537794396e-01
1.621862056421101150e-01
5.317599703505561104e-01
6.718492911541751322e-01
4.502356600571124634e-01
3.799868579407174041e-01
3.799868579407174041e-01
2.173152143901459776e-01
6.343817201233852288e-01
6.638804663964620323e-01
5.920199375256015584e-01
7.475291684114351298e-01
5.571509307811302047e-01
2.542240262806417239e-01
5.158594386403296816e-01
5.158594386403296816e-01
6.898718551631520812e-01
3.787534416979194685e-01
1.409543540424733066e-01
2.692320705246807888e-01
4.804520188259353564e-01
3.023126798869989473e-01
9.439606370280037573e-02
1.908464152813727222e-01
1.908464152813727222e-01
8.283104618747376691e-01
8.283104618747376691e-01
9.934989843414208932e-02
9.934989843414208932e-02
3.350607944512343783e-01
6.991227059808341471e-01
3.970296686959228216e-01
3.970296686959228216e-01
3.957464909123339369e-01
3.957464909123339369e-01
3.957464909123339369e-01
8.449004660763997920e-01
8.842034627217167930e-01
8.842034627217167930e-01
2.152162147781533641e-01
7.253621559402122498e-01
6.536448349645425093e-01
6.536448349645425093e-01
6.536448349645425093e-01
1.716493614652093713e-01
9.081718804744862150e-02
9.081718804744862150e-02
3.392863483284638132e-02
5.148531363594429644e-01
3.340988006986971293e-01
7.323702655012529483e-01
8.135132971035867466e-02
2.859658757361475123e-01
9.667934188664751849e-01
2.086335859206981946e-01
4.953588427124753779e-01
1.167192472071255094e-01
6.781643772175994789e-01
6.781643772175994789e-01
1.617820600227815320e-01
8.596252091804904572e-01
4.868181323574716779e-01
4.686899499717110951e-01
4.686899499717110951e-01
4.686899499717110951e-01
8.628587271452023977e-01
3.941414078586701342e-01
3.941414078586701342e-01
1.332088474919875809e-01
1.316008457575314483e-01
4.252191505025090801e-01
9.382833083849138889e-02
5.554577366867855526e-01
1.874483985605012726e-01
1.874483985605012726e-01
4.297853543403057364e-01
4.297853543403057364e-01
3.717810085832548017e-01
3.276961066040283699e-01
4.030504525360910084e-01
7.102837251643615568e-01
4.177221817917440849e-01
3.613858035145987024e-01
6.048062264590315928e-01
1.847632631869964293e-01
2.804742664402850028e-01
7.836937159961477883e-01
7.836937159961477883e-01
9.500644966124877078e-01
9.500644966124877078e-01
9.236343859389056776e-01
4.188555542047528446e-01
2.050675872204769379e-01
7.473526814162084753e-01
1.726282169022257673e-01
3.112284539407000894e-01
5.529767015282474052e-01
5.386041483231270854e-01
5.430479732190344189e-01
7.593719568709412782e-01
4.248202145598644064e-01
6.874896516431941995e-01
2.867041282632001864e-01
2.553106395425784880e-01
6.449169456748160556e-02
8.791222335762177709e-01
8.791222335762177709e-01
9.137988993950220129e-01
7.240153682710739891e-02
5.268467209726485079e-02
1.521251362738306467e-01
3.466948709586691324e-01
4.104118850219439785e-01
8.235283751092125071e-01
6.772409540587088772e-01
8.394945848594836946e-01
8.394945848594836946e-01
3.877702596160889081e-01
3.877702596160889081e-01
2.213792156262113786e-01
4.131384258643663876e-01
7.471301737117016506e-01
7.471301737117016506e-01
4.431967966516410784e-01
6.489107487451372114e-01
1.958263098306917138e-01
9.684505224625611364e-02
6.060995586217989839e-01
5.828894991499944389e-01
8.322977906113919744e-01
6.624282544998642830e-02
8.337141712860393072e-01
5.405371690491215242e-01
2.497083472667773960e-02
2.497083472667773960e-02
5.388178249655632968e-01
5.388178249655632968e-01
5.388178249655632968e-01
3.336507728833095210e-01
3.243613012333500939e-02
4.235424768417058172e-01
4.615131790244511589e-02
2.611120775847397546e-01
2.649001021498925135e-01
7.294883860745922100e-01
9.870020772248466745e-01
9.898527827014459435e-01
4.468113025571257557e-01
4.468113025571257557e-01
4.468113025571257557e-01
1.917115630692751704e-01
3.989409828530153246e-01
3.989409828530153246e-01
5.248410617975768355e-01
8.565782315906690370e-01
9.836146113516183176e-01
1.220175389931473509e-01
1.220175389931473509e-01
3.384996613969358248e-01
3.384996613969358248e-01
1.280064539487189013e-01
9.088887327466047550e-01
7.742841457784229720e-01
7.930446316990985567e-01
9.503390263371123137e-01
7.532835834977781309e-01
4.713950193490614726e-01
9.376019723004969109e-02
5.553337967623205307e-01
6.739593243801843547e-01
6.739593243801843547e-01
2.794376745823222707e-01
3.484557286305143275e-01
1.678742732471751598e-01
4.936435808885859533e-01
4.936435808885859533e-01
3.389650383254043664e-01
3.389650383254043664e-01
3.389650383254043664e-01
7.764798072127745421e-01
5.668395094409187651e-01
2.827704857922614390e-01
6.466843747996656733e-01
6.373706912494222498e-01
4.974935849951576117e-01
2.684157366066775574e-01
4.577214337558083157e-01
5.475818006630389645e-01
5.077417067713386745e-01
3.399209316329148134e-01
3.696557541246006107e-01
3.696557541246006107e-01
3.199991487750661334e-01
3.206171378997509369e-01
3.206171378997509369e-01
5.851387665738763122e-01
3.177229887634779315e-01
6.842160658189136435e-02
6.842160658189136435e-02
4.590385923252378597e-01
7.603133348131002611e-01
4.850345460539365328e-01
3.997416892027886859e-01
7.006449023959800959e-01
7.006449023959800959e-01
7.894830553213326718e-01
9.527423710351924993e-03
4.751239640227619132e-01
5.873351822769760089e-01
7.842995279344775472e-01
8.132439582684368728e-01
6.049817256712398672e-01
6.049817256712398672e-01
6.049817256712398672e-01
1.458534006986419163e-01
4.045161353777906865e-01
4.115830841156282727e-01
6.361101004522105862e-02
5.254139572072562547e-01
5.254139572072562547e-01
5.364717161755107044e-01
3.795513283260484177e-02
8.587909896058819603e-01
7.162226069044087540e-01
2.683469187813155021e-01
9.326868210826374517e-01
9.326868210826374517e-01
3.620577902157746109e-01
4.105354316563880612e-01
3.941309850632887524e-01
6.063243467858344671e-01
8.504689835766034989e-01
6.732338585426618227e-01
9.444223696934234136e-01
9.069018249795438580e-01
9.069018249795438580e-01
7.117735826172165436e-02
5.683009720176006585e-01
4.022912117124475828e-01
9.598237357170872341e-01
4.244049631342244333e-01
6.897020373061047982e-01
6.148297832594056267e-01
4.157352853820679983e-01
5.307740557518734192e-01
5.307740557518734192e-01
4.393728097226130003e-01
3.727682530720959342e-01
8.329467633975997654e-01
1.135792168501752047e-01
6.479334616547319792e-01
9.714013280719078214e-01
1.909354777871998532e-01
1.939852612148537103e-01
3.843511372889332200e-01
5.548190701975018735e-01
5.548190701975018735e-01
2.201215195816171033e-02
3.036401848347659582e-01
5.256317715510732125e-01
7.173184062895079371e-01
6.958462097794496648e-01
6.958462097794496648e-01
6.621664756955263423e-03
3.904038618515784376e-01
3.904038618515784376e-01
6.700737238832267517e-02
5.069812944001994559e-01
3.561106459536014235e-01
5.419123044361677799e-01
5.419123044361677799e-01
6.545176152630910460e-01
6.545176152630910460e-01
6.545176152630910460e-01
3.244668197671095600e-01
7.534332613713119464e-01
3.895851344997263710e-01
4.484980781837878405e-01
1.215931959384637245e-01
6.803860034023353487e-01
5.953811986655475064e-01
4.097695539379465068e-01
9.190656094026913303e-01
7.043424607022941153e-01
8.786887129360589910e-01
3.080555972696470968e-01
4.532840994134862966e-01
4.532840994134862966e-01
3.156881409343623851e-02
2.400124760435455029e-01
5.169864034311431045e-01
4.986169169405900714e-01
4.986169169405900714e-01
2.125383790253101979e-01
1.193163515744941477e-01
7.439492977852046884e-01
2.436947360503777527e-01
8.537022523590025169e-02
2.356404821666222560e-01
7.081895898845433912e-01
2.822577546767647272e-01
3.055869848562787205e-01
2.268998291084865226e-01
3.657819888475747350e-01
8.528462814780561896e-01
8.528462814780561896e-01
5.065058070934465306e-02
5.065058070934465306e-02
5.065058070934465306e-02
8.546713210304304198e-01
3.283230984624467275e-01
5.314288866517150600e-01
5.314288866517150600e-01
6.611401965583549867e-01
4.579861525589363769e-01
2.242535594290210876e-01
5.198812517406355971e-01
4.208508759464499316e-01
4.208508759464499316e-01
6.759314638125782926e-01
3.212958589371790463e-01
7.112741947118309538e-01
8.029272048598242728e-01
6.148449434985184953e-02
3.284051036241303345e-01
1.699490616936621956e-02
5.149399465993114572e-02
3.538733065701223368e-01
6.200674206603093985e-01
6.200674206603093985e-01
1.363245844285965735e-01
4.979310676853727080e-01
7.295575741230652111e-01
8.506792433002566822e-01
8.506792433002566822e-01
3.971049306580943239e-01
4.133189398637848733e-01
5.813059625281030707e-01
3.950916769855730148e-01
3.471639011132434671e-01
5.165520556626326254e-01
5.165520556626326254e-01
5.677899983994083577e-01
5.677899983994083577e-01
6.688615115593860190e-03
3.703843892525545134e-01
1.662055878374525120e-01
1.662055878374525120e-01
1.977306535847324076e-01
1.116226246920686699e-01
1.116226246920686699e-01
6.701072840905402117e-01
3.610163067151427874e-01
5.258059766395356549e-01
8.054460347597824921e-01
7.615878302904323383e-02
3.231451434999040306e-01
9.629318443139082140e-01
8.456818013620571728e-01
9.086732854585489738e-01
4.562879868628231805e-01
2.722833267718334782e-01
6.929814489403304245e-01
8.808147757742348372e-01
9.840545861935915406e-01
4.528763396682007336e-01
9.759895348520578051e-02
1.033546521324131551e-01
5.132365048157150333e-01
8.115685955560398845e-01
6.008355482021580096e-01
9.618923000564995052e-01
9.618923000564995052e-01
4.946278483285791450e-01
4.175116553519167550e-03
2.739734291375819364e-01
8.346827033668201556e-01
8.346827033668201556e-01
8.346827033668201556e-01
3.077605258472598249e-01
6.230256341544213594e-01
4.620739685099203298e-01
6.819719141884996727e-01
6.566432215958294127e-02
7.134951731995642366e-02
7.134951731995642366e-02
7.062399172902323885e-01
7.062399172902323885e-01
6.281660515121390009e-01
6.281660515121390009e-01
9.956694281806456326e-01
8.735232416708983427e-01
5.937412833710314919e-01
5.412796816639792175e-01
4.844137905526069710e-01
1.163829273422111871e-01
5.579869267764883123e-01
6.763161923019671562e-01
6.763161923019671562e-01
2.887901786716344787e-01
8.173623119371875578e-01
4.003548682897512534e-01
4.003548682897512534e-01
1.161891401455554806e-01
7.586901213778439734e-01
6.110709445369114645e-01
2.102035167507199098e-01
2.102035167507199098e-01
6.839661619228681877e-01
6.839661619228681877e-01
3.883549237681016009e-01
3.883549237681016009e-01
5.241974844999827132e-01
5.713489283370828398e-01
4.767409147367469568e-01
3.911875489972392317e-01
3.143167098162766848e-01
3.143167098162766848e-01
3.500999364076073928e-01
3.072313592253974046e-01
3.072313592253974046e-01
4.663488173840599771e-01
4.663488173840599771e-01
4.663488173840599771e-01
6.104378141186642820e-02
4.431209162943571811e-01
1.264196075482759696e-01
7.985691692150768961e-02
9.044450984479287525e-01
9.493385850113669200e-01
2.975571812576206787e-02
1.928942829158964423e-01
3.977601818778905840e-01
3.470175360526880914e-01
6.390515591844603271e-01
9.375327473070239892e-02
5.953354241216388676e-01
7.433737254861415567e-01
8.566493779583355117e-01
8.566493779583355117e-01
3.840030251110959636e-01
1.346264974309716311e-01
1.346264974309716311e-01
5.979669631143544883e-01
3.175746024744451335e-01
4.779667915511021659e-01
4.779667915511021659e-01
5.184963720060908887e-01
6.066292011069303047e-01
2.022306889676329100e-01
8.063869075138686560e-01
2.363239612722273508e-01
2.714148031606617995e-01
2.714148031606617995e-01
2.714148031606617995e-01
6.806374170251794364e-01
2.383375474021438567e-01
8.106782773362317673e-01
6.048928565756024334e-01
1.429620147180687417e-01
7.106573182314521731e-01
8.042009232967769483e-01
6.554440256724255454e-01
2.205841418939884224e-01
4.382979613097576221e-01
8.979082642072720999e-01
8.979082642072720999e-01
8.743264524251368464e-01
2.764046970369903738e-02
8.356376313329834105e-01
9.970794932258157939e-01
4.079627097081228171e-01
2.995524544602461425e-01
7.962115881876181966e-02
7.962115881876181966e-02
7.825181776272432943e-02
4.143862869246022623e-02
1.993595168061462475e-01
7.688854546443434357e-01
7.478561015550645452e-01
8.051551287923013056e-02
4.778242860514978485e-01
9.436557194993437925e-01
9.436557194993437925e-01
5.458275575173052729e-01
1.773469045894590090e-01
1.268894221740194117e-01
5.807000128631550906e-01
7.979356824281895744e-01
7.979356824281895744e-01
7.979356824281895744e-01
2.330202086657909288e-01
7.749743416631994786e-02
4.884127641495845662e-01
6.221852061136847745e-01
7.425319108155638004e-01
6.744837652286965468e-02
3.530655685998887461e-01
9.401035037344743772e-01
8.707747565359228448e-01
2.792197534022377095e-02
5.677063036543077423e-01
4.480176530947136415e-01
8.611762236555738914e-01
6.568375933264120059e-02
6.568375933264120059e-02
5.612849634039932534e-01
4.706192520049776729e-01
2.326861582550098506e-01
2.166385046825510252e-01
2.166385046825510252e-01
1.881278532647926924e-02
1.881278532647926924e-02
7.965674490836703869e-01
7.965674490836703869e-01
6.935263780007704382e-01
5.043729072646422340e-01
9.184561211619887144e-01
4.415794086771559490e-01
4.390555515334578218e-01
9.690751137771979051e-01
9.690751137771979051e-01
9.480536115605443515e-01
9.886962981210332124e-01
4.767960532361422699e-01
4.767960532361422699e-01
1.048890748676277324e-01
1.048890748676277324e-01
1.048890748676277324e-01
1.375412316646783817e-01
7.870991974901951904e-01
5.555541453774136551e-01
5.555541453774136551e-01
6.613998444363613505e-01
4.559525449120557100e-02
4.540313452907276393e-01
7.633203197909006477e-01
4.524323330787261566e-01
2.488635260418327055e-01
2.488635260418327055e-01
1.663798197534065715e-01
6.397537785813743882e-01
2.346092147094303720e-02
3.115153013037147076e-02
4.735605772872342745e-01
4.735605772872342745e-01
4.735605772872342745e-01
5.002823984725136564e-01
7.581765607484117764e-01
4.138707481854213555e-01
4.138707481854213555e-01
5.205511829296370907e-01
3.378430918915530379e-01
6.554498597892393086e-01
6.531720968276768513e-01
6.531720968276768513e-01
4.741663676744038991e-01
4.741663676744038991e-01
4.900034338751967367e-01
6.984904256667591183e-01
3.507280597852597825e-01
6.026542205404897823e-01
9.409889782974608652e-01
2.688288439681437714e-01
3.684211565270113092e-02
5.465874548523037557e-01
3.252076891473061893e-01
2.484831656123410171e-01
6.640867432579846685e-01
6.358214475285511869e-01
6.358214475285511869e-01
1.046269070264014833e-01
1.046269070264014833e-01
8.758664949118538656e-01
1.618320163981178672e-01
6.516146865554004464e-01
4.498601856146033362e-01
4.498601856146033362e-01
6.418184494755386771e-01
9.115463446052330942e-01
9.115463446052330942e-01
2.432394842588808948e-01
7.023446661649451750e-01
6.600208901886793766e-01
8.607955217167874151e-01
6.327993905270101749e-01
5.513384950824808950e-01
7.287541757130987508e-01
3.523031744676687338e-01
6.004755299622021036e-01
6.359148228051609841e-01
2.664489022041005017e-01
5.252677261305177536e-01
8.884397434479008870e-01
9.934278328306423989e-01
8.965049092886000492e-01
7.032402574668047412e-01
3.009045652568931861e-01
3.479064899306540948e-01
7.088946793371646571e-01
7.110680359587651100e-02
4.856243674827669943e-01
6.507883689879620515e-02
1.526548734139928365e-01
9.149105779848550890e-01
6.517177429941617417e-01
4.024391498502158382e-01
6.581873170480804225e-01
4.178419791082519374e-01
7.195336976027445486e-01
4.484600616214763358e-01
5.947392010063119461e-01
6.637332321933409052e-01
6.023726333233458963e-01
2.326858007887814550e-01
8.714082458185691271e-01
8.714082458185691271e-01
4.751422801506784421e-01
1.446523323889756241e-01
5.002584607334473743e-01
5.841933091798543476e-01
8.054920262604654546e-01
3.913523657159579533e-02
5.231618323671536480e-02
1.107196859555733270e-01
2.630627496385700148e-01
8.883423890411351609e-01
8.883423890411351609e-01
2.952759592972095670e-01
7.906960110872516267e-01
2.122010052348685671e-01
4.159151185695926234e-01
2.142021761617085573e-01
5.462012745872978081e-02
5.968922552687722094e-01
6.506304430808093064e-01
6.506304430808093064e-01
4.568734367267493490e-01
2.930012641397615192e-01
5.741067584910387600e-01
7.108717871195543436e-01
7.108717871195543436e-01
1.679029899412472215e-01
6.831385131044830361e-01
6.831385131044830361e-01
8.940922220992549019e-02
5.988417416179673269e-01
8.702930998048699074e-01
4.441538078718266225e-01
8.097453596566374090e-01
4.909935893389354156e-02
9.911443322743140882e-01
5.495748143575485134e-01
5.002658677619420402e-01
4.480635412428690123e-01
5.085134630039134240e-01
9.066891517560906610e-01
2.017361230920811654e-01
2.524894611855688642e-01
1.157125387726136712e-01
1.157125387726136712e-01
3.553353047031574952e-01
2.716782876167316285e-01
3.434395100345994378e-01
4.734014282337603019e-01
1.310770896483691439e-01
3.638546269818694889e-01
4.371464707068657418e-01
7.528601565070036639e-01
7.752812303350843370e-01
2.134744181270482599e-01
2.724604923804692103e-01
9.336269257811280475e-01
9.336269257811280475e-01
9.327543344425485161e-01
4.890545479531396289e-01
7.521898503320287865e-01
7.160060665791864176e-01
3.464562266313752636e-01
7.893216777147803453e-01
4.844194131261667646e-01
2.782647369300091933e-01
1.671848709423879586e-01
5.232749713146115367e-01
4.446822883481401090e-01
2.129704585806143496e-02
2.434039884985569613e-01
7.020657461942622080e-01
6.885734276505048879e-01
4.138370828744753482e-01
5.529848636930754235e-01
5.033374407408128803e-01
6.842594758479561001e-01
1.152623305797125138e-02
2.408642373486559463e-01
6.945206604184696042e-01
8.335748535317439867e-01
9.430094954038924504e-01
2.964052453017742006e-01
6.199839784753075067e-01
4.481744133044154865e-02
3.924190548508005860e-01
5.258293875572560561e-01
7.122475494924775941e-01
7.122475494924775941e-01
4.504802651538572511e-01
6.329260814905601773e-01
7.418027689475644726e-01
6.750770216919780298e-01
1.426301593282857383e-01
6.802423418631367014e-01
5.793892731307053179e-01
6.915177782420264263e-01
6.915177782420264263e-01
7.204681449811568550e-01
9.167131838529352095e-01
3.792121771310205235e-03
7.964545392721208983e-02
6.506233394062875819e-01
6.506233394062875819e-01
7.562534086424278490e-01
7.562534086424278490e-01
7.451968957635004553e-01
3.129993342866873585e-01
2.678225709991722825e-01
7.169991799230834850e-01
7.800143971742149462e-01
2.682498229553528790e-01
7.376355930738214273e-01
7.978394929492060861e-01
2.576338474568860559e-01
2.504444245101241640e-01
7.895532423466403715e-01
7.080697863295444539e-02
5.612847077820166952e-02
3.100937922945318226e-01
3.100937922945318226e-01
7.034433755806749344e-01
2.888496604121305600e-01
7.425754178128619598e-01
1.167727106619707578e-01
5.603263378333508404e-01
8.126959447136262726e-01
3.693807725256096908e-01
7.401781116734955646e-01
9.840537106324759309e-01
4.290513074507230906e-02
9.060443752402477235e-01
3.380146617603097536e-01
9.129464950811463364e-01
1.519530221261905789e-01
6.655940179045299887e-01
6.413828200151470149e-01
2.275601531312375914e-01
3.098634802793285292e-01
5.773796066610413780e-01
9.106682455639080187e-01
8.985707493297565573e-01
8.306080623257618978e-01
3.250242117688055821e-01
2.795782224555531936e-01
5.436560647434420801e-01
5.559895027901154974e-01
9.659535581823465167e-01
2.378925972319237137e-01
7.198156972183256119e-01
8.355554420416287931e-01
2.744746617992729898e-01
1.884015406720086216e-01
3.017336255004985923e-01
2.208723235166597243e-01
6.162237055860357859e-01
9.730896287851552584e-01
2.137464774687297953e-01
8.307518389893056021e-01
6.666690459370718802e-01
9.412951732197658572e-01
6.143931159894088223e-01
5.528910013024487258e-01
5.929383534621877061e-01
8.504538089922396571e-01
5.045355983878696549e-01
5.045355983878696549e-01
4.123740973797867526e-01
4.123740973797867526e-01
9.661819031650007439e-01
9.438751395399762600e-01
9.379380149209558537e-01
2.271119217652577682e-01
8.705264331097162245e-01
8.594795193546200807e-01
6.363524887940262831e-01
3.441758986741791926e-01
7.907159892543654811e-01
6.457867071457047414e-01
9.216154593553001206e-02
7.977576817837143119e-01
6.353380724402971635e-01
4.645638218166247002e-01
7.181003126130535152e-01
1.045785997897718672e-01
1.045785997897718672e-01
4.441320807947389884e-03
3.861098798695421497e-01
4.296664443884668505e-01
6.932051006627136802e-01
2.113221718560752971e-01
6.277692666115597397e-01
6.277692666115597397e-01
5.334095179017974697e-01
1.629658029019213639e-01
4.221613084062086907e-01
6.199429409876691111e-01
3.148099830224426743e-01
3.148099830224426743e-01
8.389420810933309047e-01
3.301050039162184424e-01
9.216681521043701419e-01
3.732988101156608507e-01
5.252795168922423930e-01
9.515131854965365177e-01
5.943167930173711699e-01
9.293190972810334571e-01
4.751567750337892249e-01
8.662226674231883194e-01
6.300543199011304774e-01
8.861029517819036805e-01
8.861029517819036805e-01
1.275197161197414164e-01
7.730536297429501102e-01
8.887936004990472094e-01
3.881679088970270697e-01
3.881679088970270697e-01
6.619710410706344250e-01
6.105511378521456534e-01
3.284499656633572684e-01
4.611516124010945905e-01
9.454252093694467396e-01
5.795620594650601198e-01
7.606168570603154544e-01
6.979461500898870296e-01
3.674099864339290256e-01
8.193607413354025981e-01
1.931423145665292218e-01
9.873102499785045838e-01
9.058343567559431486e-01
8.013512952569921965e-02
6.296530341287035482e-01
9.522850240476299355e-01
8.691609882865747316e-01
9.606807124473698556e-01
4.789042944229232601e-01
4.789042944229232601e-01
6.543038213925495006e-01
9.744788368959746150e-02
1.876870820730587586e-01
7.024035016798627629e-01
7.024035016798627629e-01
7.024035016798627629e-01
1.007615042750109602e-01
1.007615042750109602e-01
1.007615042750109602e-01
7.239976988790881585e-01
2.436769792659324030e-01
8.864525312465668661e-01
7.439470270842346578e-01
7.439470270842346578e-01
7.439470270842346578e-01
8.027775922529598596e-01
8.533078333457067011e-03
2.927347501369033655e-01
5.641401216118433481e-01
6.896194981553094294e-01
1.662579272353383875e-01
8.984275379877829648e-01
9.608962059797296895e-01
3.259304002031696568e-01
3.259304002031696568e-01
5.892867935243281119e-01
9.700196776295135770e-01
6.865585707276475325e-02
1.180182588174471907e-02
6.494432188487386792e-01
8.823667341307207534e-01
1.398545436584435753e-01
7.132795741520098209e-01
1.456899991475024692e-01
1.456899991475024692e-01
1.456899991475024692e-01
6.855938913700251325e-01
8.039273555570876084e-01
2.292817613557430745e-01
2.292817613557430745e-01
5.232492996494222393e-01
7.613024786659023935e-01
8.746535741779293271e-01
7.429524157452707112e-01
5.137933251347374108e-01
5.137933251347374108e-01
5.984295270406873035e-01
5.984295270406873035e-01
7.269208176694545998e-01
7.068641586028255874e-01
3.722014549323723887e-01
6.448619249707585599e-01
9.051422718220444308e-01
8.780611691850190859e-01
8.855170903021247764e-01
6.802089584742014861e-01
7.813548865189143822e-01
2.881605815673272120e-01
3.120906221485010290e-01
3.120906221485010290e-01
5.159804033157594505e-01
9.450588980492482527e-01
3.767951195319777513e-01
8.180624453832282539e-01
8.628582289420424489e-01
7.882620051790550919e-01
7.882620051790550919e-01
9.532900204529172195e-01
7.423652729924277160e-01
9.960326109182664478e-01
9.256916611618202229e-01
9.940491824583111979e-01
7.115840655210019516e-01
9.806074807893658818e-01
9.086616710525911023e-01
9.086616710525911023e-01
9.901836459336159635e-01
8.823480386935792508e-01
8.951493241283795532e-01
8.951493241283795532e-01
