dec
-8.166206599999999982e-01
7.010527100000000233e-01
-9.790035999999999738e-01
1.068378499999999981e-01
-1.057687000000000044e+00
2.640850200000000210e-03
-9.152406199999999492e-01
9.672680900000000248e-01
7.163213400000000286e-01
1.102566900000000016e+00
5.576179100000000499e-01
1.022976300000000061e+00
-6.416996000000000366e-01
4.262236999999999831e-01
-5.414685399999999982e-01
-4.048725799999999819e-01
-8.543131800000000053e-01
8.393568000000002360e-01
-8.389860300000000493e-01
-8.981356700000000526e-01
2.463322900000000093e-01
-8.565583199999998731e-02
-3.971903199999999856e-01
-9.664233199999999746e-01
3.267045399999999877e-01
-1.061653699999999950e-01
1.860697799999999902e-01
-1.043351199999999812e+00
-8.520652399999998350e-01
-8.865398399999997459e-01
2.761381199999999869e-01
-6.048800300000000130e-01
6.893915999999999933e-01
7.085013399999999795e-01
4.711713900000000232e-01
3.726964799999999967e-01
7.299245599999998335e-01
-9.475008099999999711e-01
-5.744208899999999618e-01
9.672643600000000452e-01
-9.349132399999999787e-01
8.726507599999997478e-01
-9.419324799999999609e-01
-8.443187800000000465e-01
3.973994699999999769e-01
3.430471899999999741e-02
-9.187320500000000223e-01
-4.215173600000000076e-01
1.144761399999999929e+00
4.994364499999999762e-01
-8.446885499999999825e-01
3.906908599999999732e-01
1.273982699999999912e+00
6.745945700000000045e-01
-1.637983500000000092e-01
-6.676228600000000402e-01
8.239130300000000462e-01
6.602752400000000410e-01
8.507238299999998477e-01
7.404581399999999869e-01
3.263228100000000187e-01
8.740384799999998400e-01
-2.011882000000000115e-01
-4.677645799999999854e-01
3.545438699999999832e-01
-5.539702100000000184e-01
-7.225601200000000279e-01
1.114395999999999942e+00
4.631835699999999889e-01
5.310534300000000485e-01
1.144089300000000309e+00
8.611013899999997445e-01
-7.055732399999999904e-01
4.333089999999999997e-01
-7.254718300000000397e-01
1.089347599999999971e+00
-1.918856800000000029e-01
-7.409418500000000130e-01
-5.754126099999999910e-01
-7.078001999999999905e-02
2.062263699999999922e-01
-9.386705500000002145e-01
-7.412342100000000045e-01
-7.915251599999998389e-01
1.032017299999999915e+00
-7.748098599999998504e-01
8.467215200000000053e-01
4.464420800000000189e-01
-5.280321500000000334e-01
6.647869199999999479e-01
1.064565800000000229e+00
3.861748500000000139e-01
-9.823362900000000009e-01
9.027840700000000496e-01
1.137229699999999788e+00
-9.840486499999999692e-01
4.311211999999999822e-01
1.151662199999999858e+00
9.693694699999999553e-01
8.982004199999999994e-01
-5.056867900000000526e-01
-9.160882399999999981e-01
-4.858249099999999987e-01
-8.383478699999999950e-01
-3.676200099999999971e-01
8.505625100000000494e-01
9.928235800000000388e-01
-9.301292399999999683e-01
8.938874700000000173e-01
6.480862499999999748e-01
1.008088099999999931e+00
-8.075687700000000468e-01
-8.485364699999999871e-01
3.982700000000000129e-01
1.153418300000000007e+00
-5.266206100000000445e-01
5.993982500000000213e-01
6.951466299999999876e-01
-4.923258799999999935e-01
-1.002557399999999932e+00
-9.222782000000000480e-01
-9.121630699999999647e-01
-3.570583099999999899e-01
1.146786700000000048e+00
-6.534478799999999810e-01
-6.384424600000000449e-01
9.218313999999999675e-01
7.436487400000000303e-01
4.637476599999999782e-02
5.072381099999999643e-01
9.860756999999999994e-01
-8.739161399999998414e-01
4.118314900000000223e-01
1.013336699999999979e+00
1.078253100000000186e+00
8.621682899999998373e-01
5.151552200000000248e-01
6.334083600000000036e-01
5.797866699999999485e-01
6.452261500000000538e-01
3.703229299999999946e-01
-9.226789399999999475e-01
3.165144799999999869e-01
9.229483400000000337e-01
9.358091600000000287e-01
-7.308364299999999814e-01
-6.939795600000000508e-01
-8.900131399999999804e-01
9.289753400000000383e-01
6.156131599999999926e-01
2.337668599999999930e-01
-1.327206800000000075e-01
4.848629999999999884e-01
1.128419000000000061e+00
1.177349999999999897e+00
-3.173936099999999927e-01
-8.617410199999997467e-01
-5.701650499999999511e-01
7.560807699999998466e-01
7.862123100000000253e-01
6.804463299999999881e-01
1.058202400000000099e+00
4.842754699999999857e-01
5.594604999999999162e-01
6.087338799999999495e-01
4.699606499999999798e-01
7.785846499999999892e-01
-8.790561500000000361e-01
-6.745038399999999656e-01
1.013290000000000024e+00
7.527567699999998529e-01
8.041089799999997512e-01
9.871241099999999991e-01
-4.421537199999999723e-01
9.993610699999999625e-01
6.046081500000000108e-01
8.051323599999999914e-01
9.953008500000000147e-01
4.657438999999999885e-01
9.480605699999999914e-02
1.093391999999999920e+00
9.816916200000002091e-01
1.172990399999999545e+00
-8.724106299999998537e-01
8.775714900000000096e-01
7.513781000000000487e-01
6.033732200000000434e-01
-1.001765599999999923e+00
9.637598899999999524e-01
9.904843800000000531e-01
-8.396022300000000049e-01
-3.674117400000000144e-02
6.588408900000000123e-01
1.078106500000000079e+00
1.197372399999999892e+00
-7.883531200000000183e-01
1.034402800000000067e+00
8.225607200000000230e-01
-9.506720500000002128e-01
1.072607300000000041e+00
-2.521168699999999929e-01
9.226794299999999671e-01
-4.993575900000000178e-01
6.744348599999999694e-01
-8.021254899999999965e-01
5.684051500000000257e-01
-7.843471199999998422e-01
-4.600387000000000226e-01
-1.182526099999999941e-01
6.143134300000000492e-01
-8.696222399999999908e-01
3.993192199999999747e-01
-9.549998300000002160e-01
-9.473833499999999574e-01
5.993346999999999980e-01
6.652378000000001013e-01
7.205733300000000119e-01
2.790245199999999981e-01
8.919765200000000505e-01
1.043416399999999911e+00
7.203136399999999773e-01
9.220105800000000240e-01
-8.048838000000000381e-01
-1.039306999999999981e+00
3.188041999999999820e-01
9.350326599999999599e-01
7.243435900000000371e-01
4.308621100000000204e-01
8.128487500000000088e-01
8.376986800000000288e-01
-7.702266199999997509e-01
-7.000759500000000024e-01
1.227170200000000211e+00
9.640528499999999612e-01
1.107894899999999794e+00
9.907090499999999800e-01
6.840966200000000441e-01
3.304666600000000232e-01
-3.819766599999999818e-02
1.007030799999999893e+00
-6.796965200000000262e-01
7.616865800000000020e-01
8.612049200000000404e-01
1.208960400000000046e+00
8.854128500000000290e-01
-1.235319200000000034e-01
3.680268300000000270e-01
6.010204300000000499e-01
3.502500199999999952e-02
3.000722399999999901e-01
-9.855912200000002121e-01
7.751068300000000244e-01
-8.461249199999998361e-01
-9.423212600000000494e-01
-1.486922999999999440e-01
7.826649500000000259e-01
6.720845699999999923e-01
-9.905709900000000401e-01
9.035024600000000072e-01
-5.022954100000000255e-02
-5.074845199999999945e-01
7.409907799999998490e-01
5.048846999999999641e-01
-8.655033099999999424e-02
7.843177799999998534e-01
7.362138700000000480e-01
1.028061200000000008e+00
7.264754500000000226e-01
1.163636499999999963e+00
1.203142199999999828e+00
7.317211200000000026e-01
1.060615899999999945e+00
1.151844099999999926e+00
1.559060700000000077e-01
-1.868632600000000032e-01
-9.303234200000000120e-01
7.307747300000000390e-01
5.573632099999999978e-01
5.263020099999999868e-01
-2.015697800000000039e-01
5.306743699999999508e-01
8.114658700000000335e-01
1.134829099999999924e+00
-4.574335800000000063e-01
1.028354099999999827e+00
5.122651599999999972e-01
-1.141872599999999904e+00
1.100807599999999997e-01
8.809763499999998526e-01
-4.565368499999999941e-01
-6.677177600000000490e-01
9.135847900000000354e-01
9.736035100000000053e-01
9.538124500000000339e-02
1.060481899999999866e+00
9.943518999999999552e-01
7.012511500000000453e-01
1.905463099999999965e-01
1.071281899999999981e-01
1.067143100000000011e+00
1.144722100000000076e+00
6.407415800000000328e-01
5.697176900000000543e-01
-8.273001199999997501e-01
-5.446909500000000071e-01
8.881789100000000436e-01
-3.073063000000000322e-01
9.644250599999999451e-01
9.201321199999999978e-01
7.373282899999999973e-01
-7.221666199999999813e-01
5.797442099999999821e-01
4.789330700000000163e-01
9.502066999999999597e-01
9.308215300000000081e-01
3.335753100000000138e-01
9.937435500000000310e-01
1.256596000000000102e-01
8.183443700000000431e-01
8.565397900000000231e-01
-7.002272200000000391e-01
6.227175700000000536e-01
5.703760799999999520e-01
-1.033226800000000001e+00
9.614303400000000499e-01
9.606324699999999606e-01
3.448359100000000094e-02
9.575354200000000260e-01
7.714027399999999757e-01
-5.814816600000000113e-01
2.784554399999999985e-01
4.628169799999999889e-01
-1.414198200000000016e-01
7.987823200000000456e-01
1.170722599999999947e+00
7.795092599999999816e-01
5.331872800000000412e-01
2.013847900000000080e-01
4.965718399999999866e-01
3.427302899999999930e-01
2.550581100000000045e-01
9.595945999999999643e-01
-9.702175100000000052e-01
3.153741500000000197e-01
4.190227400000000046e-01
1.172253400000000001e+00
7.439588999999999785e-01
5.733147499999999841e-01
9.070062100000000349e-01
6.168911700000000442e-01
1.013898299999999919e+00
-3.874353400000000169e-01
-8.661254299999997519e-01
8.724542199999998360e-01
-4.993000000000000216e-01
-7.279174599999999051e-02
4.908028999999999864e-01
8.242637699999998402e-01
7.117251700000000181e-01
8.761910600000000215e-01
5.112683500000000381e-01
5.592265699999999784e-01
-7.041162100000000201e-01
1.186451199999999817e+00
2.489180099999999951e-01
6.617445800000000267e-01
7.903761400000000048e-01
1.155913199999999863e+00
6.857083299999999770e-01
-6.349801099999999865e-01
9.101410699999999965e-01
1.013512399999999980e+00
-6.654939000000000826e-01
-3.740908099999999958e-01
8.869377299999999797e-01
9.530191099999999471e-01
-8.167844600000000455e-01
1.040149599999999896e+00
3.818461599999999900e-01
5.071389299999999878e-01
1.783585599999999993e-01
5.337692699999999624e-01
7.594776600000000544e-01
1.068367199999999961e+00
4.272621500000000072e-01
1.063181300000000107e+00
3.157989999999999964e-01
5.940815999999999875e-01
6.127389800000000442e-01
5.641149500000000039e-01
-2.743304799999999877e-01
4.630205400000000221e-02
2.535648500000000083e-01
5.350054199999999538e-01
9.506251300000000404e-01
4.233448699999999842e-01
3.698767800000000161e-01
6.340868800000000194e-01
1.072262300000000002e+00
5.682173000000000362e-01
-1.088825300000000107e+00
1.062007700000000110e+00
-4.648743699999999812e-01
7.003777799999999498e-01
-7.691984800000000178e-01
-6.334431700000000554e-01
4.723339200000000182e-01
7.724434300000000420e-01
9.341706300000000018e-01
1.018940399999999968e+00
-9.365316299999999483e-01
4.056208600000000275e-01
1.304826099999999989e-01
1.110457999999999945e+00
-9.669239600000000268e-01
-1.949068999999999940e-01
1.006031899999999979e+00
3.241407099999999986e-01
-9.107803500000000163e-01
-2.317191299999999954e-01
9.177072800000000141e-01
-2.327869300000000030e-01
4.792090399999999750e-01
-9.498753500000000072e-01
-9.291547999999999474e-01
-6.982630600000000465e-01
1.296477500000000060e-01
7.939676300000000353e-01
6.633017799999999520e-01
-1.037279300000000015e+00
6.609702100000000025e-01
-1.022850100000000095e+00
-5.326400700000000210e-01
1.120510099999999953e+00
-8.109678000000002385e-01
1.129774499999999904e+00
-4.890623700000000240e-01
-5.567767799999999712e-01
7.341447899999999915e-01
1.042856500000000075e+00
7.602269900000000469e-01
8.219225199999999898e-01
7.752967100000000000e-01
-3.939207399999999915e-01
-4.864076800000000089e-01
4.515524300000000046e-01
4.573666699999999752e-01
-1.852762199999999915e-01
5.457032499999999731e-01
-6.525724499999999706e-01
-4.677880600000000055e-01
-1.038102899999999940e+00
1.111326100000000094e+00
8.973295000000000021e-01
4.095792400000000111e-01
9.366119100000002140e-01
8.529369100000000481e-01
9.577732000000002133e-01
-2.273787400000000167e-02
1.209505000000000302e-01
-3.103834200000000210e-01
7.684031500000000348e-01
-8.741334699999997460e-01
6.145968899999999513e-01
1.098240099999999941e+00
7.522560600000000042e-01
9.526208400000000243e-01
-4.550205900000000026e-01
-1.913299800000000106e-01
-9.950510000000000188e-01
9.655731199999999514e-01
1.018339899999999965e+00
4.001036000000000037e-01
-9.055977300000002117e-01
6.432958699999999919e-01
-9.841826099999999578e-01
7.542839700000000258e-01
5.112973299999999943e-01
-1.108522000000000007e+00
8.520058099999997525e-01
7.766952599999999984e-01
6.429573899999999620e-01
3.631296999999999997e-01
-9.717675199999999958e-01
8.566601400000000144e-01
-4.043933800000000245e-01
9.242034799999999661e-01
8.099142900000000367e-01
-9.087690499999999671e-01
1.154270399999999919e+00
1.796299999999999841e-01
-8.049486000000000141e-01
-3.903397299999999959e-01
8.737177200000000310e-01
-2.582337100000000052e-01
7.641042999999999585e-01
4.995300100000000243e-01
-8.280780800000000497e-01
-2.460859699999999872e-01
8.397523799999998539e-01
4.546669400000000194e-01
-5.565070800000000428e-01
-3.323855800000000138e-01
1.045602700000000107e+00
6.649670399999999537e-01
6.032494999999999941e-01
6.591088200000000397e-01
-1.308911899999999906e-01
9.840885099999999719e-01
6.013167099999999765e-01
5.376866399999999935e-01
8.826931700000000269e-01
2.790195799999999893e-01
3.679412599999999922e-01
4.644548000000000010e-01
-6.370824600000000171e-01
-7.000366199999999983e-01
-4.653677299999999795e-01
-1.021695799999999960e-01
6.137348000000002468e-01
4.186609199999999920e-01
-7.643317899999998444e-01
7.598340399999999883e-01
9.089206800000000641e-02
3.450227799999999734e-01
1.150037299999999929e+00
-5.498104900000000406e-01
-1.063973300000000011e+00
9.333304000000000045e-01
8.095469400000000482e-01
7.084191800000000372e-01
6.163449800000000423e-01
-7.372376699999998451e-01
1.067555699999999996e+00
-7.273865600000000153e-01
7.111941800000000091e-01
6.667188499999999740e-01
6.867447800000000546e-01
1.084955499999999962e+00
8.669181799999999827e-01
-2.995196500000000261e-01
6.572164000000000339e-01
2.849812199999999796e-01
-9.771691099999999519e-01
-9.116619299999999537e-01
2.599940600000000268e-01
2.524324600000000043e-02
1.041579999999999950e+00
1.058083499999999955e+00
7.952642800000000456e-01
-5.987220599999999449e-01
7.112687199999999654e-01
1.001909099999999997e+00
5.299475900000000239e-01
9.784687499999999982e-01
1.158244700000000016e+00
1.164013199999999859e+00
1.126930699999999952e+00
-9.127132100000000525e-01
5.972446300000000541e-01
1.073834699999999920e+00
8.759945399999999882e-01
8.825099299999999980e-01
-2.657114199999999760e-01
-1.081908700000000056e+00
7.440020999999999995e-01
-2.483423599999999912e-02
1.018640000000000212e+00
-4.797151199999999949e-01
-8.158118600000000553e-01
3.496261900000000034e-01
-8.465064900000000003e-01
2.045164899999999952e-01
-9.847220000000002083e-01
9.185760499999999773e-01
3.108913899999999828e-02
-1.116651000000000060e+00
8.206449999999999578e-01
6.764753300000000413e-01
-9.316337700000000277e-01
9.963226400000000371e-01
4.570747900000000086e-01
1.096345999999999987e-01
8.099216999999997446e-01
9.472637699999999494e-01
4.876571900000000181e-01
1.107560600000000228e+00
8.359634999999997484e-01
-4.941052899999999748e-01
3.277962699999999955e-04
-7.174442899999999845e-01
7.294698599999999145e-02
-1.001932999999999963e+00
-8.286511199999998523e-01
6.437055400000000205e-01
-3.162794600000000123e-01
1.016774599999999973e+00
2.713059700000000074e-01
-7.503838699999998418e-01
-8.816895099999998431e-01
7.930279199999999973e-01
4.486708999999999836e-01
7.140173699999999846e-01
3.772833700000000068e-01
9.988550899999999455e-01
5.828857100000000013e-01
-8.706139699999998482e-01
1.119964900000000041e+00
6.303373300000000290e-01
2.284827000000000108e-01
9.655432600000000143e-01
-7.126146599999999554e-01
4.535252499999999909e-01
1.489832700000000010e-01
-8.765661000000000147e-01
9.635571200000000447e-01
1.135318199999999944e+00
-6.832483900000000387e-01
9.609199600000000174e-01
1.051061900000000104e+00
4.578553399999999995e-01
1.250463399999999892e+00
5.637216999999999922e-01
-8.173706800000000161e-01
-8.507658200000000059e-01
8.219894300000000209e-01
6.037932400000000088e-01
5.371341499999999769e-01
1.843512700000000115e-01
3.598395899999999870e-01
7.179329599999999534e-01
7.301064000000000442e-01
7.072360199999999653e-01
9.686181200000000269e-01
3.974802399999999847e-01
5.810608699999999516e-01
5.555585299999999949e-01
2.915672899999999790e-01
-8.991242499999998472e-01
-8.304722900000000019e-01
1.021317100000000311e+00
4.884194600000000275e-01
3.928778700000000179e-01
9.993844899999999587e-01
5.516156399999999627e-01
-5.225804800000000139e-01
7.854358099999998455e-01
-4.328848399999999930e-01
-2.959014399999999878e-02
7.048460699999999912e-01
-7.892947500000000449e-01
-4.849156099999999969e-01
-1.071234599999999926e+00
9.874493100000000245e-01
6.378834199999999788e-01
5.798750499999999475e-01
1.011767000000000083e+00
-4.454444599999999865e-01
5.953322100000000283e-01
3.572935500000000153e-01
-4.869211099999999903e-01
-3.418041399999999785e-01
7.132361200000000290e-01
-5.049359800000000065e-02
1.005480100000000210e+00
-1.282450099999999926e-01
-6.189867500000000300e-01
-5.723461699999999874e-01
2.515339899999999851e-01
5.971072699999999678e-01
8.196203399999998362e-01
1.215436799999999984e+00
8.747828500000000007e-01
8.450289600000000512e-01
-1.049298499999999912e+00
5.580784199999999640e-01
-6.494846199999999570e-01
1.022129800000000310e+00
4.538946999999999843e-01
-2.265573300000000012e-01
2.729124299999999836e-01
-1.094975100000000090e+00
1.075836100000000073e+00
3.720871599999999724e-01
1.738215100000000124e-01
-5.796668299999999663e-01
4.688451699999999778e-01
7.610050400000000215e-01
6.207363399999999976e-01
9.746740099999999796e-01
1.158678300000000050e+00
8.832430700000000190e-01
7.400931800000000171e-01
5.529547799999999791e-01
-7.458174400000000537e-01
-9.372889599999999488e-01
-6.214557099999999945e-01
-5.009435800000000549e-01
-1.084740500000000024e-01
8.257254699999998504e-01
9.997754500000000100e-01
8.388217000000000034e-01
1.145412499999999945e+00
-1.788081700000000024e-02
-5.691338500000000522e-01
6.997151400000000132e-01
-9.692489399999999478e-01
6.705380999999999148e-01
-9.428606299999999774e-01
7.619359900000000074e-01
1.197710800000000075e+00
-2.852711099999999996e-03
3.007435500000000261e-01
-2.146781600000000068e-01
5.193363500000000021e-01
6.620583500000000177e-01
8.880471800000000471e-01
8.945490699999998352e-01
8.863428899999999944e-01
-8.574086400000000552e-01
-8.762489100000000475e-01
5.833105699999999727e-01
-4.276747900000000269e-01
8.646053299999998387e-01
-8.448609599999999942e-01
1.150580799999999959e+00
4.989763999999999866e-01
3.706197600000000203e-01
6.583714299999999797e-01
5.013755500000000032e-01
5.390044099999999894e-01
2.502100700000000066e-01
7.209942299999998472e-01
1.556734300000000015e-01
-9.874363800000000024e-01
4.655191300000000032e-01
2.963289900000000143e-01
8.963015100000000235e-01
7.496059200000000367e-01
1.097333499999999962e+00
7.207312000000000163e-01
3.462604100000000185e-01
7.216502999999999668e-01
-6.382916099999999537e-02
1.003387299999999982e+00
9.986554899999999790e-01
3.856723200000000129e-01
-9.202637099999999570e-01
-6.321745500000000018e-01
5.407010300000000269e-01
2.858484099999999972e-01
8.412502199999999722e-03
5.741874500000000436e-01
-3.310351000000000266e-01
7.160084700000000080e-01
-3.050085100000000105e-01
8.132651800000000319e-01
2.644545099999999760e-01
1.035914400000000013e+00
8.827299199999998347e-01
6.621082099999999748e-01
4.301444700000000010e-01
-4.080600200000000233e-01
4.082314100000000168e-01
8.225910499999999903e-01
7.673398700000000350e-01
-5.689579099999999556e-01
-6.217301099999998637e-02
-7.172422099999999912e-01
9.571999900000000006e-01
1.861025299999999882e-01
5.741672899999999968e-01
3.356274399999999991e-01
-3.001972800000000108e-01
-2.697280400000000022e-01
-6.617506600000000461e-01
2.235400200000000059e-01
4.257180199999999748e-01
6.774192399999999781e-01
5.329786600000000485e-01
9.359977499999999617e-01
5.141814200000000001e-01
4.725901399999999919e-01
9.018254900000000074e-01
3.948787899999999795e-01
-7.058006700000000189e-01
-8.378877099999998412e-01
5.577846800000000327e-01
-8.945359200000000399e-01
-2.096079700000000046e-01
-9.483874399999999705e-01
-6.774185700000000532e-01
8.224810299999998353e-01
-4.225638899999999976e-01
8.537804399999997518e-01
3.636354600000000215e-01
-3.471487200000000217e-01
9.885927100000000411e-01
-7.420071299999998482e-01
1.019135199999999797e+00
-8.936940799999998353e-01
-5.461740800000000062e-01
8.776083999999999552e-01
-4.843882800000000044e-01
-1.473134000000000110e-01
-9.864904100000000398e-01
7.558098599999998335e-01
8.795556799999998399e-01
1.991390700000000152e-02
-3.653855500000000034e-01
-9.778285300000000291e-01
8.255326800000000187e-01
-2.471037100000000042e-01
-9.953939899999999508e-01
-5.536988699999999541e-01
5.679664700000000011e-01
9.312292300000000189e-01
5.521358600000000338e-01
-9.571079799999999693e-01
8.531269599999999897e-01
-9.793854699999999802e-01
-2.757103499999999929e-01
1.115512800000000082e+00
-1.016829500000000053e+00
7.757511999999997521e-01
2.527138199999999779e-01
4.644019200000000236e-01
-6.360103000000000284e-02
1.004247099999999948e+00
-4.776629800000000148e-01
-1.048148300000000033e+00
1.192142999999999953e+00
-4.555395199999999756e-01
4.515689000000001063e-01
-5.336727200000000032e-02
9.654426600000000358e-02
-4.396966500000000222e-01
1.092666399999999927e+00
7.070016300000000475e-01
4.823656599999999739e-01
4.284057900000000085e-01
8.793111099999998403e-01
7.480789799999998380e-01
4.117077599999999782e-01
-9.540565000000001961e-01
5.736198099999999522e-01
2.362796299999999836e-02
-2.419009199999999915e-01
-6.210373200000000038e-01
-8.562343199999999932e-01
-5.069756600000000502e-01
1.196022100000000199e+00
1.318088499999999996e+00
-2.731799200000000205e-01
-9.234429499999999846e-01
1.339142299999999952e-01
-2.392357800000000090e-01
-1.843643899999999891e-01
-1.696290900000000101e-01
1.089304800000000073e+00
1.058813599999999910e+00
7.669658900000000390e-01
7.648096500000000075e-01
-8.082690099999998434e-01
-2.112232900000000080e-01
3.009327600000000213e-01
1.115048999999999957e+00
9.219903900000000485e-01
3.427765799999999974e-01
9.363350299999999571e-01
-1.099600700000000097e+00
9.893735999999998532e-01
3.300115900000000213e-01
6.476267500000000288e-01
-2.709600899999999868e-01
9.332575800000000310e-01
4.892748100000000044e-01
-7.943016800000000099e-01
-8.670242700000000413e-01
1.161373399999999556e+00
9.986907200000000318e-01
1.091089999999999893e+00
-7.766983800000000215e-01
3.558033899999999972e-01
-1.091072700000000062e-01
-8.626844000000002399e-01
9.189189700000000016e-01
5.028558699999999826e-01
7.527531200000000533e-01
1.116139500000000062e+00
1.101166300000000042e+00
4.648736099999999927e-01
-8.066739000000000548e-01
1.037008100000000210e+00
5.625316599999999889e-01
8.086103100000000543e-01
4.122998399999999730e-01
-5.169363399999999942e-01
1.548826799999999948e-01
5.819725199999999793e-02
5.806991099999999628e-01
8.950602800000000414e-01
-4.138267099999999865e-01
-7.878261300000000134e-01
7.129242599999999763e-01
1.128962599999999927e+00
-1.029063599999999967e+00
7.845231599999999972e-01
2.504291799999999735e-01
5.849482499999999474e-01
-7.475265300000000224e-01
-7.461006199999999922e-01
8.981840199999997498e-01
8.718060199999998483e-01
-7.407952100000000373e-01
-3.166111500000000079e-01
-7.548629199999999650e-02
4.489122099999999782e-01
4.497473399999999955e-01
4.807350499999999971e-01
-8.502395600000000053e-01
4.829567199999999783e-02
5.303944199999999914e-02
1.240109300000000081e+00
1.134610899999999534e+00
8.183083899999999966e-01
5.964652000000000148e-02
9.456198400000002113e-01
2.260050799999999971e-01
-3.819017399999999895e-01
9.032159500000000452e-02
7.577707799999999772e-01
-6.423453399999999869e-01
5.755102500000000010e-01
1.892338399999999865e-01
-4.931177600000000161e-01
3.262133099999999786e-01
-9.773276500000002143e-01
1.062157699999999982e+00
-7.506053000000000308e-01
-3.774278500000000092e-01
7.303309599999997515e-01
1.248842200000000041e-01
6.136481999999999770e-01
7.261296099999999809e-01
1.684678300000000128e-01
-7.839582699999998461e-01
6.467230099999999871e-01
7.558968200000000248e-01
-8.408859899999997500e-01
-9.070873099999999800e-01
-8.256890399999999852e-01
-9.388537099999999525e-01
4.387881900000000224e-01
9.855213499999999627e-01
1.127294199999999913e+00
-4.716519299999999970e-01
-4.461794700000001196e-02
8.075325300000000261e-01
5.169468000000000396e-01
5.785533299999999768e-01
-8.309692499999999926e-01
-6.874560600000000354e-01
8.625316899999998510e-01
-5.505857600000000351e-01
7.887801399999998520e-01
-8.680207199999997458e-01
6.319784600000000196e-01
3.332612400000000141e-01
5.190761799999999981e-01
-8.968393099999998341e-01
-1.093879000000000046e+00
4.347165700000000244e-01
5.181048000000000320e-01
3.004691099999999837e-01
8.469351899999998379e-01
3.638132000000000033e-01
7.068431800000000154e-01
-8.236033900000000463e-01
-6.330291500000000404e-01
-9.372865500000000516e-01
-7.134505500000000167e-01
9.130105499999999763e-01
7.389097999999999500e-01
1.936070900000000095e-01
8.440177700000000005e-01
7.724292699999998346e-01
-8.996904000000000012e-02
-6.927837100000000525e-01
-3.285799300000000200e-01
8.067368499999998388e-01
6.826262699999999795e-01
4.565774000000000221e-01
5.886231299999999944e-01
6.101351600000000097e-01
8.802049299999999965e-01
9.858633700000000166e-01
1.133653800000000045e+00
-7.476478699999999922e-01
-9.736578700000000364e-01
6.825955200000000112e-01
-8.899612500000000370e-01
5.901589000000000418e-01
-1.033428300000000188e+00
6.660939399999999955e-01
5.147176900000000055e-01
1.061612799999999968e-01
9.581278399999999529e-01
9.065754499999999494e-01
8.651401699999999861e-01
-5.067674399999999579e-01
-7.561315600000000359e-01
8.333764999999998535e-01
-8.579673799999998351e-01
9.128315399999999968e-01
-1.082732800000000051e+00
8.639822400000000124e-01
-1.039030300000000073e+00
-2.079803400000000135e-01
4.807831200000000083e-01
1.132147699999999979e+00
-7.080795899999999810e-01
7.623071200000000047e-01
8.707943599999999895e-01
5.543488800000000438e-01
-7.802203500000000347e-02
-2.143813699999999878e-01
1.048942300000000216e+00
8.256694900000000059e-01
-9.882308100000000151e-01
1.986727799999999933e-01
6.152982299999999460e-01
-2.358736800000000092e-02
-4.945721100000000092e-01
9.079110500000000528e-01
-1.003765000000000018e+00
-8.201304299999998548e-01
1.820568499999999923e-01
5.526372099999999898e-01
5.360236800000000024e-01
-5.708528800000000070e-01
1.146415100000000242e+00
-9.607324900000000500e-01
-1.826824499999999893e-02
6.950257600000000480e-01
-2.546526199999999962e-01
1.035116799999999948e+00
2.424925500000000012e-01
3.298169300000000081e-01
8.303905099999997486e-01
8.735593799999999964e-01
2.133935100000000085e-01
-1.173233600000000099e+00
5.957399399999999678e-01
1.006219299999999928e+00
2.547714600000000051e-01
3.815622200000000075e-01
-5.409704800000000313e-01
8.883429900000000545e-01
-8.947059299999999826e-01
7.418894000000000322e-01
3.410309899999999783e-01
1.074257500000000309e+00
-1.068396499999999971e+00
-5.575386399999999743e-01
-5.231558099999999989e-01
1.094558300000000095e+00
8.037056200000000095e-01
1.001422099999999871e+00
5.499540800000000257e-02
3.955312200000000167e-01
7.205508699999999545e-01
4.186987600000000032e-01
9.292338999999999460e-01
9.070650300000000499e-01
-5.760252700000000337e-01
8.959025200000000355e-01
-3.767089800000000266e-01
8.939076900000000325e-01
9.876324699999999845e-01
1.089983700000000111e+00
5.992938899999999958e-01
8.832462800000000502e-01
-1.139608200000000071e+00
1.008954999999999824e+00
5.512349300000000119e-01
-1.084609399999999946e+00
-4.625639400000000068e-01
7.199591899999999711e-01
5.026819599999999832e-01
5.335168700000000319e-01
-6.887967600000000079e-01
-4.390992699999999860e-01
-3.101332800000000112e-01
8.002833599999999992e-01
1.100203700000000007e+00
7.961904800000000337e-01
9.906674800000000447e-01
1.181966899999999931e+00
1.051148200000000310e+00
-8.388793700000000131e-01
4.658110899999999832e-01
-6.330918800000000513e-01
6.880776499999999851e-01
5.469277599999999850e-01
3.362583800000000234e-01
6.158186900000000019e-01
7.299783199999998473e-01
1.191396499999999969e+00
-9.039968699999999524e-01
-9.895106399999999969e-01
-1.556673700000000063e-02
6.444455199999999939e-01
7.391896700000000209e-01
-7.315181699999997456e-01
1.213463899999999818e+00
-1.004544700000000068e+00
1.163891599999999915e+00
2.823182499999999928e-01
5.666001099999999902e-01
-9.841647399999999823e-01
6.840257699999999774e-01
2.037777799999999917e-01
8.830383499999997499e-01
1.099326299999999978e+00
6.881328500000000181e-01
-5.376858100000000418e-01
1.172987299999999955e+00
-8.146508599999999767e-01
5.794915800000000061e-01
-9.748609200000000197e-01
-7.176835599999999982e-01
9.384443199999999985e-01
-5.647518099999999652e-01
-2.816909499999999955e-01
-1.027722000000000024e+00
-4.634430099999999886e-01
8.789610999999998286e-01
1.628167999999999976e-02
1.972005699999999917e-01
4.607330900000000118e-01
-4.471716600000000263e-01
2.006368299999999882e-01
7.657936300000000029e-01
-2.799793500000000157e-01
-2.366792299999999905e-01
3.075875000000000137e-01
-9.458174700000000490e-01
9.559017799999999787e-02
-4.386495899999999781e-01
6.050041099999999838e-01
9.238682700000000469e-01
9.299078899999999592e-01
3.975214400000000037e-01
5.473168099999999869e-01
8.946631600000000129e-01
4.636452899999999877e-01
3.100542399999999810e-01
-9.517808399999999613e-01
-4.275112300000000198e-01
7.268323599999998441e-01
5.510913000000000617e-01
5.102692399999999573e-01
4.547992100000000093e-01
5.178748399999999474e-01
6.931984799999999503e-01
5.260674400000000528e-01
2.124194799999999939e-01
3.217976699999999801e-01
2.366194799999999931e-01
-3.416160399999999819e-02
-2.225252600000000025e-01
-1.003757000000000010e+00
-5.039333400000000074e-01
4.813054500000000235e-01
-8.035736700000000177e-01
1.166324500000000208e+00
7.043890400000000218e-01
-3.405557399999999957e-01
-6.321617600000000170e-01
-7.075063299999999333e-02
6.920811300000000443e-01
-1.457705099999999920e-01
8.440235699999999730e-02
1.382550700000000077e-01
-7.759764399999999895e-01
9.915166100000000204e-01
-9.106776499999999497e-02
8.048540400000000483e-01
8.685457699999999948e-01
1.976922200000000018e-01
1.270598300000000125e-01
-8.097872900000000485e-01
8.535039399999998500e-01
-7.614686999999999983e-01
6.888227300000000497e-01
9.727278400000000103e-01
9.090838399999999764e-01
-1.029101299999999997e+00
-3.793126499999999734e-01
9.433730600000002076e-01
-9.763102099999999561e-01
6.201604600000000245e-01
6.680714700000000006e-01
3.960811100000000140e-01
3.329512800000000161e-01
1.144722100000000076e+00
-4.723444600000000215e-01
6.128569499999999559e-01
9.424258500000000094e-01
1.050264400000000098e+00
1.031882299999999919e+00
4.267803499999999750e-01
-8.864440099999998379e-01
2.802953599999999934e-01
1.071305299999999905e+00
-9.423038700000000434e-01
4.256709599999999871e-01
1.076457399999999787e+00
-4.209172199999999808e-01
1.087087899999999996e+00
-6.050194000000000960e-01
6.695863000000000786e-01
-2.315588000000000021e-02
1.130391300000000099e+00
4.994906499999999805e-01
6.153307599999999766e-01
1.243979600000000074e+00
-8.482002800000000287e-01
-9.621774899999999686e-01
2.067182100000000133e-01
7.301996099999999990e-01
2.252399800000000063e-01
-4.972590499999999802e-01
-2.920929199999999781e-01
3.888992499999999741e-01
4.607939899999999867e-01
-9.440673800000000115e-01
7.596749799999999997e-01
5.647830799999999929e-01
-6.726396799999999343e-02
6.366358500000000031e-01
5.129288600000000420e-01
-8.058256700000000494e-01
-5.320473000000001118e-01
2.885308100000000264e-01
-8.112172100000000219e-01
9.730842300000002165e-01
4.621687300000000276e-01
-1.019016900000000003e+00
-5.051299099999999598e-01
-9.511292300000000477e-01
7.297580700000000364e-01
1.249563999999999897e+00
-4.493940499999999894e-01
-2.211460799999999949e-01
8.493094500000000213e-01
9.259980199999999773e-01
-5.393141500000000477e-01
7.670257299999998502e-01
1.443409099999999889e-01
8.019925900000000052e-01
2.643237099999999895e-01
-7.144129599999999858e-01
4.127478299999999822e-01
9.660215500000000066e-01
-7.595885500000000290e-01
-4.188661900000000271e-01
8.396878599999998416e-01
9.524104599999999587e-01
5.996594299999999933e-01
-7.190986900000000404e-01
-8.512057100000000043e-01
6.189625600000000505e-01
6.429803400000000391e-01
-9.668004399999999832e-01
-6.105888999999999900e-01
4.983563699999999930e-01
-7.482768600000000436e-01
-3.889654599999999851e-01
4.916516599999999904e-01
1.136689800000000083e+00
-6.103427399999999947e-01
1.183396399999999904e+00
8.919922900000000210e-01
8.592670100000000533e-01
4.395369700000000268e-01
4.214712899999999984e-01
7.142379699999999998e-01
-4.630668600000000246e-01
-6.028823500000000113e-01
-7.976721300000000348e-01
7.045782200000000328e-01
4.693744200000000144e-01
1.073453699999999955e+00
-5.169745199999999929e-01
6.662635300000000482e-01
5.030337799999999859e-01
1.168597099999999944e+00
9.430990299999999493e-01
1.246566899999999922e+00
3.966238999999999737e-01
9.173606399999999494e-01
7.537714800000000492e-01
7.799778299999999831e-01
7.117094999999999949e-01
1.175040099999999921e+00
8.332221100000000158e-01
3.787042400000000253e-01
6.752503600000000494e-01
-6.661307100000000148e-01
5.012912000000000479e-01
1.071533300000000022e+00
1.059734799999999977e+00
-4.981189200000000206e-01
-3.824611099999999930e-01
1.213235999999999981e+00
1.096845499999999918e+00
1.244843600000000050e+00
9.775471200000002137e-01
5.094009999999999927e-01
6.486258499999999483e-01
-7.778161700000000289e-01
-9.565674400000000466e-01
2.286534299999999909e-01
4.524368300000000120e-01
8.886595299999999753e-01
2.889333700000000227e-01
9.396680400000000377e-01
7.134326300000000121e-01
4.063759299999999963e-01
2.835350899999999896e-01
9.809924199999999761e-01
-7.666761100000000217e-01
1.032997200000000060e+00
3.779798799999999903e-01
7.692612100000000286e-01
6.618371299999999957e-01
7.927531999999998247e-01
6.121885000000000243e-01
9.440087099999999731e-01
9.310815099999999456e-01
3.605586599999999753e-01
4.399615700000000240e-01
-8.753079299999998453e-01
1.139528600000000003e+00
4.450481800000000154e-01
1.061669299999999927e+00
3.096395900000000201e-01
-2.663054400000000044e-01
8.955335300000000220e-01
-9.000094999999997958e-01
7.289890700000000168e-01
-3.896541399999999822e-01
-1.064945500000000100e+00
5.211806599999999623e-01
6.653721700000000405e-01
-6.516865400000000363e-01
5.260968299999999598e-01
5.445100999999999969e-01
6.907863300000000040e-01
-7.234891300000000358e-01
-5.141467899999999647e-01
1.152795400000000026e+00
1.898954599999999882e-01
8.469150100000000236e-01
2.906082999999999861e-01
-5.728735099999999747e-01
2.450990399999999902e-02
2.171458899999999942e-02
5.503754199999999486e-01
6.305822500000000108e-01
-9.128025199999999506e-01
6.688431799999999816e-01
9.312816600000000111e-01
3.801863899999999852e-01
-3.445347200000000165e-01
9.364857899999999846e-01
-8.806635900000000516e-01
9.616187100000002097e-01
6.368821500000000357e-01
-4.597378200000000192e-01
7.676158499999999885e-01
-7.821274400000000071e-01
-5.238428000000000528e-01
-4.571967100000000062e-01
2.240439700000000089e-01
9.288957100000000411e-01
7.527217200000000386e-01
6.662926300000000523e-01
1.247238099999999940e-02
3.581580599999999864e-02
6.901445600000000180e-01
1.095357600000000042e+00
-9.504383500000002094e-01
1.021127600000000024e+00
8.954927799999999882e-01
-6.990450700000000461e-01
-3.533463800000000155e-01
5.742720000000000047e-01
1.047253900000000071e+00
7.392634500000000441e-01
-9.780439899999999742e-01
2.403884599999999983e-01
1.050419500000000061e+00
2.354371100000000050e-01
8.448543600000000264e-01
5.283379099999999662e-01
1.828650400000000065e-01
8.553137100000000048e-01
4.227247800000000222e-01
5.787421900000000452e-01
-1.017699300000000084e+00
4.740167299999999972e-01
8.614195100000000549e-01
5.657003999999999921e-01
1.071090000000000098e+00
-1.261079499999999964e-01
1.134853200000000006e+00
-7.746281600000000100e-01
6.075360499999999941e-01
9.169677200000000417e-01
8.119447500000000206e-02
-6.334317600000000104e-01
-6.456126300000000207e-01
5.511490599999999684e-01
5.779776999999999276e-01
9.052922100000000416e-01
7.572992699999997468e-01
-2.760533700000000201e-01
8.870179099999998540e-01
6.151499799999999851e-01
9.036959200000002079e-01
2.351738999999999913e-01
1.011453199999999830e+00
1.104417100000000040e+00
-7.059883399999999920e-01
-5.009758600000000506e-01
7.377134499999999928e-01
-8.166850999999999972e-02
3.067349999999999799e-01
2.008212000000000608e-01
1.087877100000000041e+00
-6.498220399999999897e-01
1.787632899999999914e-01
6.234997899999999982e-01
6.292619000000000407e-01
4.546440500000000218e-01
7.795377000000000001e-01
-4.851482999999999768e-01
5.332525099999999574e-01
9.391403900000000471e-01
-9.840494400000000530e-01
-5.464361199999999696e-01
-2.276505799999999913e-01
3.815802400000000150e-01
-6.735027300000000494e-01
-3.342913200000000029e-01
1.194340100000000238e+00
-7.921905599999999881e-01
4.813953300000000102e-01
5.286169400000000351e-01
7.619926099999998481e-01
1.076908299999999929e+00
-1.085145900000000108e+00
6.494919099999999501e-01
4.767803899999999984e-01
-8.686060599999998466e-01
-9.394818400000000125e-01
7.223951899999998538e-01
-1.313357500000000011e-01
9.303221099999999799e-01
3.235732000000000053e-01
5.651045900000000177e-01
8.628301600000000127e-01
8.605090600000000478e-01
-7.903191999999999995e-01
-2.444603999999999944e-01
-8.389671499999999948e-01
-6.119683099999999598e-01
-1.908504899999999976e-02
9.803533000000002051e-01
6.506434899999999910e-01
8.286575299999999755e-01
7.528180999999998235e-01
1.144606699999999977e+00
-1.006736000000000075e+00
1.090538699999999972e+00
-2.706220899999999818e-01
8.366856400000000082e-01
3.748246599999999762e-01
4.645812200000000169e-01
1.061353899999999850e+00
7.653059300000000231e-01
8.072263600000000316e-01
-4.631852399999999981e-01
3.695556199999999736e-01
5.182295799999999675e-01
-9.320334500000000411e-01
7.653115799999999913e-01
5.792978600000000533e-01
-5.620125900000000341e-01
4.072871800000000264e-01
-9.205606100000000014e-01
8.254896800000000034e-01
8.495421499999999959e-01
1.052721000000000018e+00
4.944145899999999871e-01
1.121981699999999860e+00
-4.107366000000000072e-01
1.003676300000000188e+00
1.202444800000000091e+00
8.030410900000000129e-01
5.979356700000000302e-01
4.718136499999999733e-01
3.070837900000000231e-01
-1.070199799999999923e+00
-7.746215499999999921e-01
-1.614144399999999924e-01
-5.455158199999999846e-01
-2.796223299999999745e-01
7.089728499999999878e-01
3.565679500000000224e-01
5.615678299999999901e-01
6.233864799999999651e-01
3.890338999999999881e-01
-4.955923500000000148e-01
-9.406982099999999791e-01
7.157257500000000494e-01
4.473653899999999739e-01
7.230971699999998448e-01
-4.287665800000000083e-01
7.647486900000000087e-01
-3.138397700000000179e-01
2.021397299999999966e-02
-3.062415499999999735e-01
-8.608569200000000254e-01
1.583652500000000060e-02
4.564824499999999841e-01
-1.198475100000000043e-01
-7.503683399999997450e-01
-9.372595500000000523e-01
-7.539759599999999728e-02
-3.143857999999999930e-01
8.243600199999997491e-01
4.199786099999999744e-01
9.922737900000000444e-01
8.132494799999997470e-01
4.034052799999999772e-01
3.948489700000000213e-01
-1.083239300000000016e+00
8.342540000000000511e-01
5.537532299999999852e-01
1.251121499999999997e+00
7.528975700000000160e-01
5.631264100000000009e-03
7.934439500000000089e-01
4.272443300000000055e-01
2.758894500000000014e-02
-1.073014700000000099e+00
-2.083568199999999981e-01
7.699809699999999868e-01
-1.098122200000000021e-01
6.053527899999999740e-01
-8.292612400000000106e-01
-4.111675900000000272e-01
9.948755500000000529e-01
-2.220896099999999929e-01
1.192353100000000055e+00
4.231931500000000179e-01
-6.758171800000000173e-01
7.739170800000000350e-01
4.752162500000000067e-01
-5.487173699999999821e-01
1.063761899999999816e+00
8.031349399999998528e-01
5.135750700000000224e-01
-1.253446599999999966e-01
-5.576566400000000367e-01
7.666371400000000502e-01
5.813996799999999743e-01
-9.797112999999999516e-01
-8.009859599999999968e-01
9.289725500000000080e-01
5.817546700000000293e-01
1.242778500000000008e+00
7.284406300000000334e-01
2.007346100000000078e-01
-6.509218100000000451e-01
9.951647799999999711e-01
4.850884899999999833e-01
6.878635600000000405e-01
1.159937800000000019e+00
1.216933000000000042e+00
6.593545299999999942e-01
4.828915999999999764e-01
1.007863999999999871e+00
5.505644499999999830e-01
5.269971100000000463e-01
3.655704399999999965e-01
3.050243899999999786e-01
-1.563254900000000114e-01
6.615168900000000241e-01
6.807220600000000177e-01
-1.296680600000000017e-01
-2.972319700000000120e-01
5.568559800000000282e-01
-2.604671599999999754e-01
-9.724760599999999755e-01
4.244842099999999729e-01
-3.673970999999999765e-01
-7.293659399999999904e-01
7.024001800000000406e-01
1.414651799999999959e-01
1.152076300000000053e+00
9.573517499999999458e-01
9.569354500000000208e-01
-6.196786999999999157e-01
4.587534200000000228e-01
-1.035953899999999983e+00
5.330314900000000522e-01
1.125185799999999903e+00
-1.784502900000000114e-01
1.231461600000000045e-01
-8.320188299999999870e-01
9.314057399999999820e-01
9.136914900000000506e-01
-6.203511999999999915e-01
1.869461299999999881e-01
4.759236499999999759e-03
1.025844800000000001e+00
-9.212300399999999723e-01
7.087305000000000410e-01
-7.935606499999999786e-01
3.824267499999999820e-01
-9.016340800000000044e-01
9.360038299999999811e-01
3.911726099999999762e-01
-9.099425799999999454e-01
-1.009534399999999943e+00
-5.956677099999999614e-01
-4.302065299999999759e-01
-5.342948299999999984e-01
-1.031134800000000018e+00
4.883723999999999843e-01
-8.993709800000000421e-01
8.148714599999999919e-01
1.060434300000000052e+00
-3.910123600000000033e-01
-8.993839599999999823e-01
-1.024009799999999970e+00
-7.269642299999999890e-01
4.403025500000000148e-01
1.217665399999999787e+00
1.447721800000000003e-01
9.082963400000000354e-01
4.625123999999999902e-01
-6.913105000000000500e-01
-1.426746600000000087e-01
1.131058899999999978e+00
1.116729199999999977e+00
5.993850000000000566e-01
-4.010666800000000087e-01
8.862592400000000037e-01
-1.102333800000000030e+00
-9.782701900000000117e-02
6.100650100000000187e-01
9.599886899999999779e-01
-6.057568800000000531e-01
-5.855312700000000481e-01
-5.442150500000000335e-01
5.146324000000001009e-01
4.341038500000000133e-01
2.919342000000000326e-01
-3.219880399999999754e-01
-3.906893900000000253e-01
1.199584399999999995e+00
8.377063000000000148e-01
-4.537137700000000162e-01
-8.946764600000000067e-01
1.039958900000000019e+00
-9.383294300000000199e-02
8.469697699999998441e-01
-8.155191999999999997e-01
7.485256300000000529e-01
9.858516499999999683e-01
9.145149700000000381e-01
1.111823100000000064e+00
-1.898682600000000109e-01
-9.208924600000000238e-01
9.200174399999999642e-01
-4.198016500000000262e-01
-6.212864700000000351e-01
7.462945100000000220e-01
3.154908200000000051e-01
-1.080327100000000096e+00
-5.340281900000000137e-01
8.509435400000000538e-01
5.997956199999999738e-01
1.181203999999999921e+00
-5.401573499999999806e-01
-2.476221799999999973e-01
6.162434300000000365e-01
-5.738746000000000125e-01
4.872630900000000237e-02
5.950475699999999701e-01
1.036756000000000011e+00
8.765797800000000306e-01
8.539738599999997515e-01
6.775214200000000409e-01
3.492099599999999859e-01
-8.155803799999999937e-01
6.010377900000000162e-01
1.987475200000000108e-01
6.214395299999999622e-01
7.289916499999999910e-01
1.239784999999999915e+00
-3.846267299999999723e-01
-8.097548399999999758e-01
1.033515299999999915e+00
-5.379131900000000410e-01
-6.601310700000000420e-01
-4.091867800000000277e-01
-2.269037000000000137e-01
-8.642931200000000258e-01
-8.799318000000001527e-01
5.485166200000000103e-01
1.600108500000000100e-01
1.024705800000000000e+00
8.693500699999997527e-01
2.495316599999999885e-01
-8.473389599999997523e-01
-8.071858800000000222e-01
-8.285538599999999754e-01
-3.652923800000000276e-01
-5.579506800000000322e-01
9.282795400000000141e-01
-8.120390199999998337e-01
-8.145227900000000520e-01
-8.238001700000000538e-01
-9.407436300000000529e-01
6.786358900000000194e-01
5.662294100000000441e-01
-6.618198000000000691e-01
1.003511199999999937e+00
1.120265300000000019e+00
4.230744799999999750e-01
-9.559109400000002088e-01
1.134869700000000092e+00
7.256018499999999927e-01
7.022641699999999654e-01
8.345984800000000314e-01
1.020875699999999942e+00
7.835345400000000293e-02
7.763120599999997484e-01
7.618832100000000329e-01
-6.624344100000000291e-01
8.757971700000000137e-01
-1.396206799999999970e-01
2.946717400000000153e-01
7.015853499999999965e-01
1.081442000000000014e+00
-1.806396799999999969e-01
1.201035000000000075e+00
7.299569700000000383e-01
-2.539542499999999925e-02
1.034281000000000006e+00
6.349008699999999505e-01
6.022783000000000442e-01
3.100342099999999768e-01
5.827303499999999525e-01
5.708167600000000341e-01
-2.336490999999999985e-01
6.633127499999999510e-02
7.042319999999999691e-01
6.685774399999999673e-01
7.576152200000000336e-01
-9.772553299999999776e-01
-5.532463800000000376e-01
5.125106699999999460e-01
-4.053166200000000302e-02
-5.638745700000000194e-02
-8.926884899999998346e-01
6.148739600000000527e-01
-6.569361700000000415e-01
-9.895160200000000517e-01
2.959452900000000275e-01
-3.452454099999999748e-01
3.842033699999999885e-01
1.095090300000000072e+00
5.617755599999999655e-02
6.247530000000000028e-01
-6.529108799999999713e-01
-6.450172299999999970e-01
2.862279500000000088e-01
9.626207100000000461e-01
2.110552800000000118e-01
-8.339223199999999947e-01
8.350619999999999710e-01
1.485818799999999995e-01
7.632498800000000472e-01
9.649250800000002126e-01
-2.303330399999999889e-01
1.115196199999999971e+00
-9.853603499999999404e-02
1.122053100000000025e+00
5.329088000000000713e-01
7.823816099999998386e-01
4.627049799999999879e-01
-6.276845300000000183e-01
-1.381705900000000098e-01
-8.827059499999998504e-01
8.137353400000000292e-01
1.139108299999999963e+00
5.290549100000000449e-01
6.017043399999999487e-01
4.319520000000001136e-01
-6.919203400000000226e-01
-9.960802899999999793e-01
-6.669530700000000367e-01
-8.222397799999999757e-01
-1.042054699999999556e+00
-9.218735400000002134e-01
8.266770599999998526e-01
5.874605600000000205e-01
4.624413800000000130e-01
1.634458299999999864e-01
-7.743443399999998533e-01
1.001706999999999903e+00
-9.711096000000000172e-01
8.251291899999998458e-01
-1.049962000000000062e+00
9.802166199999999829e-01
-6.326183600000000462e-01
1.079219199999999823e+00
5.432993799999999984e-01
1.081587700000000041e+00
2.498076200000000080e-01
2.726049500000000125e-01
-3.536573599999999762e-01
1.133724299999999907e+00
-7.180807700000000349e-01
-9.999646800000000502e-01
7.474619099999998406e-01
2.029461300000000024e-01
9.999915999999999805e-01
8.659682899999997518e-01
1.111424900000000049e+00
8.898282199999998365e-01
8.888171299999998443e-01
4.007275200000000037e-01
-3.208783399999999841e-01
2.339266399999999912e-01
5.908108699999999880e-01
-6.179036100000000475e-01
-3.586951199999999784e-01
9.285290400000000277e-01
-1.083302100000000046e+00
8.061404899999999873e-01
7.089878000000000569e-01
3.852659399999999734e-01
-1.002863999999999978e+00
9.379147300000000298e-01
8.123480400000000490e-01
6.562910699999999764e-01
1.077685899999999863e+00
-9.702498899999999482e-01
7.876461700000000343e-01
5.521039899999999889e-01
8.309534400000000431e-01
-1.355906699999999965e-01
5.775822400000000245e-01
9.898882799999999538e-01
1.233407900000000001e+00
7.053441900000000375e-01
1.737079300000000104e-01
4.589972500000000233e-01
9.730703699999999623e-01
3.469233099999999848e-01
9.766373400000000204e-01
7.941967599999998351e-01
6.277791299999999630e-01
8.088771399999999945e-01
1.006791900000000073e+00
2.739880499999999830e-01
8.028106200000000303e-01
-7.239069299999998375e-01
1.202311100000000188e+00
1.168121299999999918e+00
-1.135645000000000016e+00
-8.403908900000000015e-01
1.456361399999999973e-01
5.234870799999999935e-01
2.500451399999999991e-01
9.414765400000000284e-01
-1.493403100000000039e-01
-7.131951499999999999e-01
1.685826400000000058e-01
6.710089099999999585e-01
-6.786374600000000257e-01
1.198350999999999944e+00
9.891400000000000192e-01
9.715383100000000161e-01
-1.135168700000000058e-01
6.520994700000000144e-01
9.046257900000002072e-01
7.696485400000000476e-01
-7.399376500000000023e-01
3.784611099999999895e-01
9.498228300000000068e-01
-9.398121600000000075e-01
-3.679543200000000291e-02
5.803954000000001168e-01
5.286499199999999954e-01
-5.742791999999999897e-01
-3.792193099999999761e-01
8.278986799999999979e-01
-6.888663699999999501e-01
8.498296300000000025e-01
-6.073065800000000403e-01
8.919234200000000223e-01
-8.992577099999999879e-01
-1.097275599999999907e+00
1.098893799999999921e+00
-2.940221800000000218e-01
-3.578181899999999804e-01
9.720996400000000426e-01
1.185567299999999991e-01
4.979359700000000055e-01
2.958571199999999735e-01
3.036007800000000145e-01
9.532135499999999650e-01
6.641749999999999599e-01
8.960135200000000077e-01
-7.898576899999998346e-01
1.246265200000000073e+00
3.534434000000000187e-01
-9.138780499999999973e-01
1.196025899999999531e+00
4.464668600000000209e-01
-6.410297200000000251e-01
-5.023831399999999503e-01
8.314593999999999596e-01
-7.855995700000000248e-01
1.877837199999999873e-01
-3.715490799999999760e-01
1.206514499999999934e+00
1.286840700000000115e-01
4.822973300000000241e-01
8.319400599999999812e-01
8.301966400000000412e-01
2.712053999999999854e-01
-4.881568199999999913e-01
1.098852600000000068e+00
3.295640899999999762e-01
-9.635711200000000032e-01
3.432799799999999846e-01
-5.804924099999999587e-01
5.541118400000000221e-01
3.425991099999999845e-01
5.558225199999999866e-01
-1.420725100000000130e-01
1.210677899999999863e+00
8.112515300000000540e-01
8.761403500000000122e-01
7.404897499999998356e-01
-2.397243099999999960e-01
-5.000666599999999962e-01
8.093248199999998338e-01
-1.503371099999999960e-01
6.789844000000000435e-01
8.234042799999999884e-01
3.598692600000000241e-01
3.873909999999999854e-01
3.189824499999999730e-01
-4.905367400000000266e-01
-8.390170300000000803e-02
1.137791199999999892e+00
-7.178712299999999713e-01
9.215074399999999555e-01
-4.736338099999999884e-01
-1.064083100000000059e-01
8.510357800000000195e-01
2.544497299999999920e-02
-1.624362000000000028e-01
6.915674099999999935e-01
3.772028399999999837e-01
6.615945399999999532e-01
6.159307800000000110e-01
-2.362510499999999902e-01
1.137826800000000027e+00
-3.843635100000000193e-01
4.949737100000000112e-01
1.172204599999999930e+00
-9.170494999999999342e-02
-1.717572999999999461e-01
1.005395800000000062e+00
1.036273000000000000e+00
9.354490600000000544e-01
-7.301496800000000231e-01
1.192783200000000043e+00
1.111709499999999906e+00
9.064702999999999511e-01
-6.642206800000000078e-01
1.060473699999999964e+00
7.529775399999998342e-01
5.188979099999999622e-01
2.587640399999999730e-01
2.992861800000000128e-01
-5.820857799999999971e-01
9.274216800000000260e-01
7.401193299999998532e-01
1.009360999999999953e+00
6.550473799999999569e-01
3.621405799999999897e-01
5.786628799999999906e-01
8.106213799999998360e-01
4.194299200000000116e-01
3.299603500000000134e-01
1.829839600000000011e-01
-6.245307700000000128e-01
9.231481799999999849e-01
-7.741095700000000246e-01
-1.041760699999999984e+00
1.052758899999999942e+00
2.665028700000000028e-01
-4.849603499999999845e-01
6.424728999999999857e-02
-9.890486200000000450e-01
6.691462900000000324e-01
-5.179818099999999870e-01
1.198786399999999919e+00
1.208812699999999962e+00
5.141744799999999893e-01
-1.003547699999999931e+00
-4.408443599999999907e-01
5.221038399999999857e-01
-7.430431100000000066e-01
9.793118499999999838e-01
5.635643600000000281e-02
4.445763999999999827e-01
3.166332800000000169e-01
-5.885394099999998602e-02
9.152932200000000185e-01
5.403416199999999670e-01
9.805569100000000038e-01
2.325493899999999947e-01
7.853730999999998241e-01
3.498907900000000071e-01
-4.116568800000000028e-01
8.201377699999999882e-01
-1.172424799999999961e-01
8.375242499999997481e-01
4.219055299999999731e-01
1.033874500000000030e+00
-5.610164699999999893e-01
1.275066500000000103e+00
-8.097862200000000010e-01
-8.579058099999999909e-01
-9.652863299999999702e-01
7.321469900000000530e-01
6.259922100000000489e-01
-7.825674500000000533e-01
-4.626682899999999821e-01
2.142176799999999937e-01
-1.018533499999999981e+00
-1.869252600000000097e-01
9.254137500000000349e-01
6.969418099999999949e-01
8.284482399999998359e-01
-6.680989599999999362e-02
4.337199700000000102e-01
-4.030914899999999967e-01
-4.549861199999999939e-01
-1.027663400000000005e+00
1.201481399999999811e+00
-6.196425999999999323e-01
-4.406214500000000256e-01
-2.615588799999999936e-01
-4.701794599999999905e-04
-3.387953200000000109e-01
-8.313686700000000318e-01
5.017055999999999738e-01
8.101586200000000515e-01
6.288491000000000497e-01
6.079630999999999785e-01
9.715564500000000159e-01
5.271190700000000229e-01
7.039431200000000333e-01
1.146560700000000210e+00
2.708239900000000006e-02
-2.600079900000000221e-01
1.217557900000000082e+00
-5.413812399999999858e-01
7.380920100000000206e-01
-6.113271500000000414e-01
3.478444900000000062e-01
-1.011099900000000051e+00
-6.318283500000000386e-01
1.081747399999999804e+00
7.641415599999999975e-01
1.024940399999999974e+00
-8.809053000000000022e-01
-9.263134600000000329e-01
-8.175045699999999860e-01
-5.830479800000000212e-01
8.486140500000000086e-01
2.815530500000000269e-01
9.015750500000000445e-01
-1.540538399999999974e-01
-6.824976299999999663e-01
-9.199519099999999838e-01
1.212698199999999948e+00
5.695566300000000082e-01
-6.494486699999999502e-01
8.290082099999999954e-02
1.298225500000000088e-01
1.060982200000000208e+00
-4.552550699999999839e-01
6.717165499999999678e-01
6.493971400000000394e-01
8.784717600000000459e-01
7.136811699999999759e-01
7.277945200000000003e-01
3.141463700000000081e-01
-4.306530199999999975e-01
5.404878900000001374e-02
-6.912169400000000019e-01
4.980800699999999859e-01
5.766096800000000133e-01
-8.468013899999999872e-01
7.998900100000000402e-01
2.754557999999999729e-01
1.057257099999999950e+00
7.407808700000000357e-01
-7.933770100000000491e-01
5.440924099999999708e-01
9.341303399999999479e-01
-6.282088500000000408e-01
-3.735245899999999897e-01
7.145243799999999590e-01
1.124303199999999947e+00
5.893725499999999951e-01
6.717520900000000239e-01
-7.817967300000000508e-01
-6.351090600000000030e-01
1.094835799999999970e-01
6.939950900000000367e-01
-1.002825300000000031e+00
-2.266012500000000041e-01
1.224304300000000012e+00
6.841745999999999661e-01
4.023866500000000124e-01
5.713707799999999670e-01
1.697535799999999873e-01
-1.065752500000000103e+00
6.817274599999999518e-01
-7.877378900000000517e-01
8.442672300000000352e-01
9.227177300000000137e-01
-1.759480900000000014e-01
-9.750012799999999702e-01
1.173645899999999909e+00
6.860916999999999710e-01
9.814411499999999844e-01
-8.803858199999999024e-02
1.171166100000000210e+00
7.021034200000000336e-01
-6.077512600000000154e-01
3.412772000000000028e-01
-7.896925399999999984e-01
5.096739599999999815e-01
-8.183653699999999809e-01
-2.277119200000000121e-01
-8.792680099999999888e-01
-1.059376499999999943e-01
1.075519799999999915e+00
6.890051999999999843e-01
4.517828099999999791e-01
-6.108873299999999507e-01
-6.611562500000000009e-01
-5.379911800000000133e-01
5.174030899999999544e-01
4.240557300000000196e-01
-1.010356800000000055e+00
5.032691200000000142e-01
-5.557261799999999585e-01
5.518806299999999831e-01
-7.282252799999997528e-01
9.072101299999999480e-01
-8.648471399999998477e-01
4.980533600000000005e-01
-6.732289599999999874e-01
-7.063422200000000206e-01
1.069319700000000095e+00
7.506774600000000186e-01
5.132803799999999805e-01
8.256138400000000432e-01
6.749567499999999942e-01
7.578286699999999820e-01
1.255699999999999872e-01
1.049135100000000209e+00
1.050438899999999842e+00
-9.338546599999999476e-01
8.563338299999998515e-01
2.246654200000000046e-01
8.029415800000000436e-01
-9.381654200000000277e-01
4.185839599999999772e-01
5.988648800000000438e-01
-1.848642699999999972e-01
6.717938900000000046e-01
5.859103599999999634e-01
1.064594199999999935e+00
4.975810399999999745e-01
-8.975910299999998454e-01
-6.817353499999999622e-01
8.751665800000000273e-01
5.525041099999999927e-01
-8.797506800000000071e-01
5.337484200000000012e-01
6.282844600000000446e-01
6.509961100000000167e-02
1.008540400000000004e+00
1.215357800000000044e+00
1.006793899999999908e+00
-3.732079099999999761e-01
8.517258100000000276e-01
4.397735199999999733e-01
9.466863800000000495e-01
-8.702227300000000554e-01
-5.516464300000000209e-01
6.303935999999999984e-01
-8.778703000000002143e-01
7.263736600000000321e-01
1.127533699999999861e+00
-8.198727900000000179e-01
-1.034770899999999938e-01
8.298155799999999971e-01
-6.278756399999999571e-01
-4.341148000000000229e-01
-9.815365200000000234e-01
-2.007648100000000019e-02
-4.009212500000000068e-01
1.100546299999999977e+00
-1.016507899999999909e+00
1.921095399999999953e-01
9.940568300000000024e-01
-5.076244699999999943e-01
1.200653700000000046e-01
6.423969999999999958e-01
5.922003200000000023e-01
-2.182473400000000119e-01
5.641828199999999738e-01
7.781944100000000031e-01
7.500239600000000451e-01
7.315306600000000270e-02
5.526435100000000045e-01
4.083504900000000104e-01
-6.623000399999999788e-01
4.334274000000000182e-01
9.539585099999999818e-01
1.003573199999999943e+00
1.245329399999999920e+00
9.921437500000002130e-01
-8.145919099999997526e-01
-4.860839399999999921e-01
5.155167000000000430e-03
-7.066678100000000316e-03
9.621120800000000362e-01
-7.632609999999997452e-01
-4.137734699999999766e-01
8.327637100000000459e-01
5.098785000000000123e-01
1.082598800000000194e+00
1.241830899999999849e+00
1.049806699999999982e+00
8.656196800000000025e-01
7.072001900000000063e-01
-1.002573500000000006e+00
7.379020699999998545e-01
6.153771200000000136e-02
1.191790200000000022e+00
6.978217500000000184e-01
1.210499699999999956e+00
-9.464879499999999668e-01
3.059889700000000268e-01
9.784792100000000437e-01
-9.983962600000000354e-01
4.730985600000000013e-01
-9.797371400000000063e-01
1.050428899999999555e+00
6.339989900000000400e-01
1.231336499999999973e-01
1.557344200000000123e-01
-1.123500899999999803e+00
2.577904300000000148e-01
4.741508400000000178e-01
1.089687099999999909e+00
-8.945763899999999991e-01
1.261454899999999935e+00
2.353498199999999874e-01
-1.006467000000000001e+00
-1.311659800000000015e-02
7.148693900000000490e-01
1.003507300000000102e+00
-7.025650799999999530e-01
-5.554501899999999548e-01
1.138204699999999958e+00
-1.455930100000000019e-02
-7.221808800000000250e-01
-2.169601600000000130e-01
-1.082613800000000071e+00
7.904950299999999874e-01
-9.397255199999999808e-01
-7.364935599999999916e-01
8.809836999999998142e-01
6.401051999999999298e-01
-5.656395499999999910e-01
6.507542800000000183e-01
-1.068700599999999890e+00
-3.952791900000000025e-01
-8.487426300000000534e-01
4.452954000000001189e-01
2.504203199999999740e-01
-4.781415700000000157e-01
9.749283199999999594e-01
-5.203559099999999910e-02
7.500073699999998400e-01
-9.370761399999999464e-01
-9.375804100000000307e-01
-2.772347499999999743e-01
-9.273962999999999512e-01
1.097718800000000217e+00
-7.757217299999999982e-01
-6.588985299999999823e-01
2.016834499999999863e-01
2.047881000000000007e-01
-7.393099899999997504e-01
-1.130203599999999975e+00
-3.756934499999999844e-01
7.587089700000000381e-01
3.852759599999999729e-01
-1.356274100000000038e-01
-8.932280299999998396e-01
6.938899899999999565e-01
-8.164065400000000139e-01
1.272927699999999995e-01
9.919082999999999650e-01
8.836937000000000264e-01
8.429246500000000530e-01
6.406154800000000149e-01
1.125646699999999889e+00
3.970226200000000205e-02
-5.237439200000000294e-01
-8.430086300000000366e-01
1.083453199999999894e+00
1.380172799999999922e-01
-3.819696699999999834e-01
1.224751700000000110e+00
-9.356825500000000018e-01
5.873568500000000414e-01
5.218756599999999635e-01
2.958451000000000275e-01
1.081926399999999955e+00
9.283321199999999829e-01
6.273362799999999684e-01
-9.626457699999999562e-01
7.628910799999999437e-02
1.061257600000000023e+00
3.511671800000000232e-01
-2.056436600000000059e-01
9.978640399999999522e-01
9.512360700000002112e-01
4.629257900000000037e-01
-2.644462699999999833e-01
7.821649899999998379e-01
-4.691437700000000016e-02
5.306599300000000019e-01
-8.525110299999998364e-01
5.084100099999999678e-01
6.750442300000000229e-01
1.052062300000000006e+00
8.022094499999999906e-01
-1.002349200000000051e-01
-8.973961799999999878e-01
2.827283999999999908e-01
-4.151792300000000102e-01
-7.952209900000000165e-01
8.775423999999999447e-01
-7.566517099999999774e-01
-7.235952599999998514e-01
4.011387799999999726e-01
-1.762764400000000065e-01
2.097494299999999867e-01
6.608123599999999875e-01
4.305972399999999922e-01
1.544463100000000033e-01
-3.537862500000000243e-01
-1.485084700000000035e-01
5.478420299999999799e-01
4.938456199999999852e-01
-4.799163900000000260e-02
1.026502999999999943e+00
1.069853299999999896e+00
1.042151100000000108e+00
-9.901191200000000192e-01
7.493458699999997474e-01
9.628966700000000101e-01
3.631176999999999877e-01
3.649006300000000036e-01
7.265353100000000452e-01
-4.781042899999999873e-01
-8.907890499999997491e-01
1.115223399999999865e+00
9.271340900000000218e-01
5.188575399999999505e-01
-6.863083599999999507e-01
-5.029470400000000119e-01
-4.864993300000000076e-01
-8.378529500000000407e-01
1.113369399999999843e+00
6.482702299999999473e-01
-4.447764700000000210e-02
-9.961189700000000480e-01
-5.936493299999999751e-01
-5.450437000000000198e-01
1.146878099999999900e+00
-4.084651100000000201e-01
-6.144162300000000076e-01
9.650272600000000534e-01
5.538753800000000282e-01
4.926075100000000262e-01
-1.809941100000000136e-01
1.065441399999999872e+00
6.828360300000000382e-01
3.398264300000000127e-01
-6.403755999999999338e-01
6.251736900000000041e-01
3.463912999999999714e-02
-9.664341699999999813e-01
5.164130799999999688e-01
8.307182400000000522e-01
8.448632200000000259e-01
9.859626500000000515e-01
-8.518084599999999895e-01
9.347335799999999528e-01
-6.542619200000000523e-01
-4.657578800000000130e-01
8.760172099999999906e-01
4.146099599999999996e-01
8.621790999999999761e-01
-2.807426499999999825e-01
-2.458243499999999970e-01
2.280423400000000100e-01
5.357327699999999693e-01
-8.058190600000000314e-01
2.359219800000000034e-01
9.279804499999999567e-01
-1.109990300000000207e+00
8.580518000000000312e-01
-6.186388299999999729e-01
7.009531599999999085e-02
1.064451399999999825e+00
7.593970500000000179e-01
1.762958099999999972e-01
8.655321400000000054e-01
5.371209900000000204e-01
1.050372499999999931e+00
3.658414300000000230e-01
3.033101899999999795e-01
2.398038700000000023e-01
3.451681600000000016e-01
-7.561326800000000015e-01
9.593744400000000505e-01
7.748279799999997497e-01
-1.255136799999999886e-01
6.742277500000000146e-01
3.210982199999999898e-01
-9.874671600000000105e-01
-1.030726100000000089e+00
3.393759499999999818e-01
6.787987699999999958e-01
7.027964399999999667e-01
1.068293399999999949e+00
