a_2
6.699354272688351486e-01
5.590976524982013141e-01
5.590976524982013141e-01
2.039657570559321176e-01
2.039657570559321176e-01
9.538071163406827147e-01
9.591154502554470884e-01
5.348369218085928800e-01
3.524934790062970169e-01
8.435359889397761046e-01
9.242864127216092740e-01
9.492746346687617187e-01
3.482475646154964410e-01
8.635707366611397040e-01
8.635707366611397040e-01
8.635707366611397040e-01
5.588160997422674248e-01
1.317738804081957371e-01
1.317738804081957371e-01
4.951944495303702287e-01
8.999738498764356942e-01
4.661285278238468388e-01
7.813609870714800509e-01
6.499547661355405959e-01
5.965865677512007803e-01
3.964389199058872548e-01
6.081666300232523303e-01
6.081666300232523303e-01
6.081666300232523303e-01
4.597640810302328074e-01
2.502342651470068069e-01
4.440268220964446177e-01
8.704237305415316595e-01
8.704237305415316595e-01
1.112213045060556765e-01
3.642150585518467154e-01
2.178925192276589401e-02
9.348615467559050485e-01
9.348615467559050485e-01
4.650220924542178280e-01
9.402553786648319700e-02
4.767757332107064872e-01
8.509777644169462807e-01
3.492779091462228647e-01
3.521437670928590502e-01
2.071920504552149100e-01
1.981381823864630798e-02
9.540494192991659794e-01
4.271403733169094052e-01
6.054769541292445156e-01
2.125167167627786402e-01
6.832301816934784888e-01
9.576029560257235396e-01
4.490698254038116288e-01
9.832788044208393696e-01
4.591059023688349172e-01
8.179606193711481676e-01
9.938703041622589662e-01
5.336115241863077091e-02
6.763246244550409625e-02
8.807865147971265518e-01
9.892126507060308160e-01
8.526087499759551491e-01
8.691038853281702892e-01
1.100158024396256373e-01
5.051610347402132883e-02
3.212820369245157348e-01
9.051177055061614407e-01
9.051177055061614407e-01
7.743653909914033351e-01
6.641224493568927967e-01
8.636141772913568104e-01
5.471602039724788868e-01
1.150040146521047885e-01
3.180499109413578718e-01
8.441446764568556471e-01
7.508964761897530815e-01
9.404918682366245619e-01
9.404918682366245619e-01
9.517311175287422598e-02
7.520973530237340388e-01
7.296316879983288928e-01
2.124345849978280867e-02
2.499804745453280963e-01
3.137586454149679516e-01
9.125927889633458356e-01
5.629429856275800503e-01
3.039951328538014752e-01
6.420488948099466464e-01
2.093058132827866069e-01
2.528415544822858463e-01
7.941345230496630325e-01
3.412037375230747571e-01
7.354029118586946634e-01
4.929257306537195293e-01
6.281903532957864300e-01
6.468968902543509314e-01
1.686238209854372949e-01
1.686238209854372949e-01
1.686238209854372949e-01
4.163912125008474296e-01
7.471929500869718688e-02
7.471929500869718688e-02
5.119029746179347695e-01
2.265902469319215073e-01
1.298485970953934809e-01
3.724225585314900333e-01
9.943163485065786844e-01
4.246820272500242410e-01
4.602371398229687660e-01
1.278800045786748496e-01
1.586313894169443239e-01
8.210276525872701736e-01
1.873870093984188467e-01
9.385409333979500834e-01
9.385409333979500834e-01
4.525239393030675017e-01
4.525239393030675017e-01
5.145016546795599943e-01
1.505857123162826494e-01
1.631584949460544443e-01
1.631584949460544443e-01
2.570637009332932821e-01
1.576767156217366850e-01
1.576767156217366850e-01
2.305113384552351097e-01
6.962895818795718228e-02
3.492818399291398590e-01
3.492818399291398590e-01
1.196263211577466984e-01
5.743682746872261768e-01
9.149073390408313244e-01
4.438320937135518118e-01
2.967124625814741012e-01
2.967124625814741012e-01
3.808716703551979776e-01
6.950574524049093483e-01
1.431489269937288589e-01
1.431489269937288589e-01
7.995496544047432375e-01
9.214090546878088706e-01
4.605965458000051138e-02
8.424646349993278882e-01
5.177247021937330107e-01
1.173859352112430476e-01
3.461111015385078260e-01
5.609087683985384265e-01
3.645963834646598345e-01
8.288683779754175696e-01
7.036903016772739772e-01
1.815924977148899722e-01
1.815924977148899722e-01
1.815924977148899722e-01
5.847028776903216984e-01
8.002258639664078244e-01
8.002258639664078244e-01
5.774659677025100191e-01
5.774659677025100191e-01
6.385654222175017880e-01
6.385654222175017880e-01
8.078160628318610259e-01
8.473221469323982680e-01
8.473221469323982680e-01
3.430902449450307784e-02
3.974019682550708477e-01
5.239497438877088742e-02
9.209649820170798806e-01
3.855445189300255593e-01
3.855445189300255593e-01
8.359231373291571288e-01
9.556340740254524180e-01
5.262891431193562619e-01
7.336253733992519344e-01
7.597104736737474440e-01
2.654810286702388167e-01
4.831440996678646460e-01
6.535470601118147371e-01
3.628220610863229223e-01
9.792044593140903919e-01
7.003372628313684345e-01
2.795338370343108392e-01
4.048041936363965254e-01
2.459478738865430725e-01
7.269511506140784174e-02
1.702058198451835980e-01
3.004328161102002293e-01
2.211194458161415410e-01
2.211194458161415410e-01
5.068001376651830592e-01
3.060627318274256742e-02
3.060627318274256742e-02
3.727987293047341777e-01
4.067213495716619498e-01
2.097247184754016947e-01
9.216307016246247374e-02
3.888879621191199121e-02
5.219476708857264668e-01
5.219476708857264668e-01
7.887207803071859535e-01
6.388028454519510957e-01
3.570258285880957283e-01
4.156295113266478269e-01
3.933662487714632006e-01
3.626224937424918360e-01
7.300245365337906245e-01
9.592451410522043198e-02
5.952496161799367691e-01
5.952496161799367691e-01
5.952496161799367691e-01
8.450670672058112620e-01
2.207285754296002545e-01
7.095583074195929152e-01
7.095583074195929152e-01
2.165321578611587375e-02
7.118633514881701485e-01
9.169984819293973688e-01
6.086576427632454100e-01
6.086576427632454100e-01
5.261203641168712419e-01
4.675431674119270853e-01
6.259587407536503223e-01
7.279881785445531384e-02
1.193113508351403562e-01
3.133689249607525817e-01
9.143091417370531326e-01
7.788350976140896442e-01
2.733934225604012780e-01
2.516628380195513048e-01
4.313334253557517539e-01
4.692654169772134121e-01
5.289614183188806606e-01
2.345809899756493011e-01
9.080755852905084136e-02
9.080755852905084136e-02
5.329630031821491754e-01
3.914799740190340605e-01
6.433537203374832814e-01
8.978118416872323815e-01
8.978118416872323815e-01
5.406398690776403892e-01
5.959215034244852438e-01
8.603983092288508550e-01
7.991761751376694756e-01
6.264009807184810208e-02
7.160085927316981458e-01
2.353334201121297931e-01
7.537467508673186822e-01
5.495725701750366898e-01
6.575483160184298903e-01
1.705294135420039880e-01
1.637719168711751216e-01
6.434185917472238225e-01
7.018454916829299783e-01
3.095082873007478086e-01
2.010747025617844186e-01
1.512837074909304802e-01
6.800704375362202070e-01
1.919052198847349261e-02
3.843618470912394947e-01
4.326537307467505089e-01
9.605316471433348324e-01
5.012418871345296623e-01
5.127674885804314187e-01
9.423528943834166283e-01
6.543131618136386329e-01
6.543131618136386329e-01
7.792394912526805495e-01
7.792394912526805495e-01
8.659997175343299158e-01
2.809689765422243024e-01
6.918690300774990032e-01
4.178836788705254102e-01
2.164553305690561369e-01
2.806510826651665291e-01
2.806510826651665291e-01
4.889761999180364249e-01
8.159603642907936605e-01
6.794036897050053092e-01
8.192435708167467023e-02
8.192435708167467023e-02
6.796168557263961851e-01
1.506995407001188447e-01
6.816328997823767333e-01
7.461925392943261626e-01
5.067393342630315267e-01
7.612681606897873099e-01
9.485086575130565745e-01
8.905189396775050614e-01
8.711213321103508100e-01
8.639393963713514202e-01
7.891695253173591773e-01
8.939381717659902193e-01
6.368571223806089865e-01
6.886466527515405778e-01
3.690152826634183758e-01
5.398256207048545141e-01
4.132768606507878917e-01
4.132768606507878917e-01
1.493194322721823342e-01
6.918706221728092576e-01
4.682664383197130409e-01
1.766856345813239415e-01
1.090011405732857624e-01
3.187123737955371849e-01
3.187123737955371849e-01
8.320187301688907189e-01
8.764143133788860895e-01
7.327637056078060152e-01
6.841797948974851495e-01
6.696060059537080056e-01
2.200451861201129511e-01
2.455871171925786134e-01
2.455871171925786134e-01
7.328622713326429228e-01
7.640936805770053297e-01
1.108027211924555999e-01
7.456107457909501995e-03
2.154080868825601347e-01
3.535049486114519302e-01
9.437935066324151245e-01
5.714405275680206620e-01
7.734615649340443877e-01
9.604736643106152050e-01
9.604736643106152050e-01
4.427819182012805999e-01
3.860712415252647856e-01
8.311512329775311292e-01
6.502412755674005229e-01
6.502412755674005229e-01
3.185574839176544271e-02
1.750816299290101352e-01
4.273701392054187753e-01
2.451402200461141045e-01
6.273285661558382076e-01
3.631133690055006746e-01
3.631133690055006746e-01
8.290620698760265972e-01
8.290620698760265972e-01
7.330221544727067995e-01
2.884669709280704084e-02
2.644612563301483310e-01
8.059739024775794958e-01
8.059739024775794958e-01
4.825140337762423015e-01
4.743715612831369000e-01
7.210196084827350527e-01
3.689362747846413604e-01
9.559282184298280027e-01
1.825732042033698654e-01
1.825732042033698654e-01
3.880636775384695425e-01
3.880636775384695425e-01
5.537738302516882483e-01
8.363069408395221727e-01
4.124878153558735883e-01
7.443027917557595297e-01
1.156398456578607847e-01
2.460440786389239964e-01
1.829344178048058350e-02
9.600320968273068356e-01
3.483642902595509433e-02
4.207141098825738501e-01
6.362890701535894866e-01
3.370030263651559999e-01
8.281769088092688635e-01
8.000866358506792952e-01
6.426044711812970434e-01
2.112238924659664008e-01
7.615052831685660273e-01
7.615052831685660273e-01
9.378683260443266834e-01
6.741643757097580680e-01
7.083706521004851098e-02
7.297802297837695518e-01
6.269948912981726519e-02
5.175587110637627219e-01
3.344302151215531871e-01
2.369524551518590108e-02
2.577110291856775093e-01
6.073375984919329174e-01
3.600703925246385717e-01
4.656837617281712749e-01
8.716014384509102042e-01
4.804972911761086207e-01
6.687297869616480872e-01
8.310895037150286546e-01
5.746513037699542137e-01
7.819712636256852534e-01
5.230521362687901021e-01
2.100094432094783969e-01
7.185987164320255249e-02
7.185987164320255249e-02
2.791303514268360098e-01
1.160380705660494088e-01
7.169785320941224338e-01
7.888649828643152784e-01
7.888649828643152784e-01
5.980032137736641662e-01
5.564849144424387495e-01
3.155595262971863657e-01
3.155595262971863657e-01
1.295571325708455568e-01
2.727338342274294170e-01
1.935810604815305924e-01
7.930479130942145183e-01
9.513626585508079270e-01
5.410243991112274609e-01
2.637287134806419187e-01
9.853616901155678454e-01
3.836168042388305999e-01
4.059264373979142859e-01
5.137040516973562926e-02
5.137040516973562926e-02
7.047362970014011685e-01
7.047362970014011685e-01
5.589797491344107305e-01
6.049622388744305690e-01
9.552912624733461699e-01
9.552912624733461699e-01
3.653540135066289385e-01
5.239664115687900914e-01
6.442758632049473411e-01
6.442758632049473411e-01
9.730531769447753332e-02
9.730531769447753332e-02
9.881997992261692954e-01
9.608508256890534449e-01
8.237177588567643483e-01
8.237177588567643483e-01
9.847458139278282285e-01
3.044164202006894304e-01
1.828824626292174516e-01
5.563233032493222208e-01
9.092066784384688072e-01
9.092066784384688072e-01
5.342590132733351371e-01
4.023574605416970207e-01
6.519677234157450485e-01
5.914001138441657979e-01
6.179902680714804974e-01
4.407977295313421084e-01
3.963932873273215418e-01
3.963932873273215418e-01
7.221124473474365146e-01
8.737513430707574136e-01
6.240596079952609801e-03
6.240596079952609801e-03
7.041777144599150606e-01
1.292412720158934436e-01
8.102386751841139656e-01
3.313933313414101078e-02
8.260900771027411826e-01
6.102984702704490338e-01
6.419621240536332873e-01
6.419621240536332873e-01
8.295654222118890031e-01
5.924710524326854966e-01
8.368385559456541500e-01
8.456398655331079928e-01
8.456398655331079928e-01
3.692862281103537203e-01
2.619578498753494800e-01
6.639426206824411425e-01
7.509794990155096439e-01
9.665972939459229751e-01
7.533421651120237872e-01
6.507395128193252942e-01
6.507395128193252942e-01
7.019654493706714016e-01
1.596554203944749173e-01
6.591656887152710365e-01
5.133818551821697218e-01
5.739703797647838224e-01
5.224377017103469800e-01
2.958532116410307333e-01
2.958532116410307333e-01
2.820332948800277628e-01
2.820332948800277628e-01
1.751876378868252315e-01
5.842897992116331540e-01
5.842897992116331540e-01
5.842897992116331540e-01
7.018802003226588815e-02
8.137194801775013975e-01
5.634515589226866128e-01
8.930763728118489286e-01
9.925340493445038437e-01
3.663674647682889640e-01
3.663674647682889640e-01
3.259634143757050295e-01
5.325878477934024025e-01
8.416096191222469658e-01
7.486740323878812164e-01
9.745252358774391110e-01
9.745252358774391110e-01
1.377702189171954028e-01
9.407998571065463445e-01
3.168503811480709031e-01
7.796149099650163672e-01
6.469684179006479630e-01
7.605669822955242187e-01
3.566974313719773471e-01
3.566974313719773471e-01
7.271817666088529197e-01
5.249168004549333022e-02
4.355343644752885379e-01
2.944310217856642153e-01
1.902659849718554563e-01
8.858020296341690969e-01
5.142415946094842649e-01
2.113299478033806300e-01
3.912132550804592324e-01
6.771188241023875509e-01
2.721537202868147542e-02
2.721537202868147542e-02
6.839778330412855656e-01
8.445917557540711940e-01
4.797948608565896222e-01
3.974453123052310022e-01
5.181178372723739267e-01
7.768740674707417249e-01
7.969004923778129079e-01
6.870347727608434596e-01
8.506845227114370189e-01
9.220714301820439607e-01
4.831669543584475868e-01
6.525924098978006516e-01
2.108707311495712222e-01
3.305962516084945402e-01
6.163714856555577715e-01
5.660412423820916361e-01
7.818208043508183547e-01
3.524361012857292197e-01
5.465378367793717329e-01
6.689695949028107158e-01
7.397201322003186252e-01
2.393521205755225895e-02
2.393521205755225895e-02
8.420501453425067728e-01
8.420501453425067728e-01
8.781992409561716340e-01
4.082141495678485721e-01
3.030593908535481051e-01
2.399270190370272893e-01
3.869600308993794147e-01
5.026264485774238899e-01
8.386545706018183610e-01
4.660916439329791938e-01
4.660916439329791938e-01
3.868843168338690908e-01
5.774411678266089254e-01
3.986861079101114980e-01
6.539401314879647042e-01
3.859491877118639835e-01
7.582726482619077668e-01
4.002555570890128922e-01
8.234661878449378580e-01
1.055017768814285745e-01
1.055017768814285745e-01
4.974542780237490858e-01
9.336334622211723833e-01
4.112918492278701543e-01
9.042257397543674857e-01
9.042257397543674857e-01
8.032984256094567455e-01
4.614542746388476391e-01
6.906592601617141947e-01
5.715050854789709422e-01
5.715050854789709422e-01
3.343817411432132292e-01
3.620149930897332280e-01
2.682743393462381776e-01
6.793358050794481295e-01
1.437746256684906965e-01
8.062812106873326057e-01
8.062812106873326057e-01
8.600100836680257821e-01
1.241003494730909817e-01
1.504807773484849731e-01
1.477768963334977481e-01
4.158087898490042678e-01
4.158087898490042678e-01
1.125619280620221299e-03
1.411039254871213622e-01
4.727369676477722327e-01
6.630564683809243576e-01
8.361793039106029113e-01
8.361793039106029113e-01
8.361793039106029113e-01
2.324802135312898643e-01
9.474869509584404881e-01
1.177608151397907532e-02
4.935218570989599596e-01
9.774116057132234969e-01
2.910632795723213095e-01
7.515600877327788254e-01
8.214773799807006949e-01
5.612626733876405760e-01
5.612626733876405760e-01
4.496242151008426613e-01
9.111714264329344726e-01
4.387045573346827210e-01
8.015888150705933191e-01
4.205419475165942944e-01
2.475800284018868369e-01
2.475800284018868369e-01
2.475800284018868369e-01
6.921545912113760135e-01
4.849432657261439072e-02
9.812112148245577536e-01
4.281386390957360732e-01
3.590443106301691722e-01
8.764825034906886803e-01
1.669994153080457330e-02
1.669994153080457330e-02
3.744945711947248457e-01
7.481698784791068757e-01
3.347585408628622750e-01
8.731654374933656149e-01
1.600542070800577490e-02
1.600542070800577490e-02
5.632132237924906137e-01
5.632132237924906137e-01
5.460167967980787962e-01
4.375781730862444707e-01
8.440143664379430311e-01
8.440143664379430311e-01
9.608791485673912058e-02
4.666091169237168157e-01
1.169827437668072428e-01
3.465013907206757060e-01
9.791866331426215542e-01
5.125184599137557750e-01
6.618177540786990276e-01
8.385115563459534516e-02
2.417910329690027560e-01
7.899552042320101553e-01
7.899552042320101553e-01
7.899552042320101553e-01
7.627265334725115142e-01
4.621433707632680021e-01
3.091493100770109637e-01
4.733206894242029117e-01
6.046249275494126607e-01
8.686643464681112481e-02
5.354958163722998155e-01
9.584061636668591566e-01
4.769607314136064535e-01
4.084860087110489535e-01
1.928434241914139535e-01
8.881548290439470472e-01
4.367959979868847875e-01
3.260727989136840144e-01
3.628952632813318702e-01
1.027634901462842476e-01
1.027634901462842476e-01
2.492026972398996010e-02
9.641774601297528058e-01
5.864023100627534235e-02
2.764307066846587446e-01
5.153304876573689963e-01
6.962052471368341822e-01
5.344323239106020251e-01
1.757388130727456990e-02
7.849966403845428653e-01
7.849966403845428653e-01
1.006650236895059169e-01
2.244726131624922016e-01
6.716965909459493567e-01
1.222349121746347037e-02
8.144052241264624348e-01
7.051943172584727026e-01
5.353172491814904843e-01
7.390670529049012671e-01
1.274948264820155788e-02
1.792301687495091167e-01
5.850250401450671767e-01
7.724696469743538296e-01
4.895249790712828952e-01
2.472755534310310255e-01
7.554560400836346501e-01
2.424990207678270338e-01
1.387658421625359052e-02
1.387658421625359052e-02
1.387658421625359052e-02
3.421873870117257410e-01
3.984676923635516177e-02
4.148603370153070569e-01
4.148603370153070569e-01
8.745072301037472018e-01
6.120811463523432305e-01
3.042413686675158879e-01
5.557724233325059826e-01
5.557724233325059826e-01
3.986794484147564432e-01
8.956171245423272254e-01
3.734839128125092556e-01
4.226054653946304529e-01
2.488841373593678463e-01
2.274188874036456309e-01
5.569948931474782983e-01
5.569948931474782983e-01
1.118838238557953030e-01
8.810058999115445433e-01
9.607177405467339781e-01
4.244235293459972524e-01
4.644356722774246604e-01
9.844854612340225852e-01
1.513466513755432341e-01
3.464387714095899518e-01
6.106867925286805221e-01
9.919077877891121497e-01
7.762286583896753356e-02
9.630373137204093492e-01
4.372826290264047455e-01
4.372826290264047455e-01
4.248638824606754683e-01
3.860720242286461712e-01
3.860720242286461712e-01
4.330678433609648770e-01
4.330678433609648770e-01
4.904716192677013864e-01
4.374049718420358612e-01
1.486329931885738698e-01
8.748192505715460809e-01
8.726123660086442246e-01
8.726123660086442246e-01
9.782022763362383522e-01
7.973640957054169975e-01
7.973640957054169975e-01
1.651044940763233271e-01
2.169943982872464538e-01
3.098927809611386475e-01
3.098927809611386475e-01
6.078546185677334845e-01
4.158102228454650662e-02
4.158102228454650662e-02
9.339626759467758443e-01
8.126285978706765389e-01
9.939829241048983022e-01
9.939829241048983022e-01
2.333296291814368206e-01
2.074783200087748081e-01
3.856044592493351741e-01
4.030216209656908299e-01
1.766370557902407212e-01
1.766370557902407212e-01
3.483650319305297560e-01
2.589954059320188628e-01
7.646674898039036716e-02
1.555212032224996821e-01
1.555212032224996821e-01
8.953624875987266085e-01
1.250815425956292859e-01
8.284651827293837423e-01
2.175830752275575153e-01
5.539344848393072951e-01
1.561587005462119759e-01
7.557826123651436578e-01
3.508559009617476243e-01
2.728020235980580521e-01
2.728020235980580521e-01
5.143442034586717670e-02
2.734650426363995357e-01
2.456377039693121572e-02
5.422470938254169218e-03
5.086380098042231346e-01
9.530461440459863098e-01
5.611164345131014475e-01
4.261051780069367023e-01
4.047596692373016669e-01
8.182474954750432738e-01
9.927209760808355377e-01
4.414566849244582758e-01
1.560647045409562506e-01
6.187036957765457146e-01
4.732587928653414489e-01
8.695592326626118140e-01
6.467651384556008520e-02
2.355985588331899194e-01
9.162915346945250672e-01
3.253126862735502556e-01
2.302669462311741355e-01
2.967747853436303318e-02
2.967747853436303318e-02
6.030561882475574675e-01
6.030561882475574675e-01
3.351009147281016065e-01
1.731346231163029548e-01
1.983876160940724054e-01
8.463265585880135056e-02
9.348826717929211716e-01
5.004968457146761335e-02
3.805757564717922592e-01
2.273277833232386913e-01
9.672526796405116478e-01
2.494092983984071976e-01
8.216517213976172185e-01
4.133297705150122403e-01
6.680433923973717603e-01
2.950048947193056881e-01
5.664419824542683557e-01
2.550615504947948420e-01
6.810565448247479781e-01
4.298148121068016692e-01
8.598644676620139163e-03
9.556047503353788386e-01
5.098166101753605073e-01
5.521966141707261855e-01
5.521966141707261855e-01
1.396907835887201133e-01
7.970287106506899200e-01
7.091341879291835903e-01
2.800529821061206182e-01
8.293173924232128957e-01
4.347797121756052374e-01
2.722408006610282372e-01
2.722408006610282372e-01
5.755896695537345842e-01
3.431772441040465416e-01
7.945289837733418570e-02
5.041345988242833531e-01
8.452429486346655363e-01
8.452429486346655363e-01
6.132345788425356270e-01
7.929733762486803617e-01
7.005551852002032120e-01
1.019296159357500481e-01
6.448043600821246057e-01
7.645036617619818120e-01
1.302713978148204443e-01
4.968820293260939325e-01
9.897408053706625852e-02
9.772178403089292198e-01
9.042556198748221211e-03
1.432464792188176683e-01
4.618393597522195138e-01
2.161454287142935971e-01
6.921293812582510752e-01
4.126810984174786312e-01
4.126810984174786312e-01
1.918753687037852151e-01
1.918753687037852151e-01
1.918753687037852151e-01
4.834202142651197187e-01
2.575319363899211678e-01
1.223844185817381247e-01
1.223844185817381247e-01
5.054889352610824060e-01
4.381957824232696197e-02
2.672255918784346429e-01
1.038534979161428867e-01
5.659645109769830202e-04
6.525219355233257135e-01
4.292268775492357191e-01
7.672999715234146700e-02
2.152985509157573918e-01
3.960749273742015242e-01
3.960749273742015242e-01
7.632416968730380002e-01
6.343886105330777125e-01
6.343886105330777125e-01
6.328459603849766468e-01
4.521014620667150874e-01
3.716423472538610273e-01
4.134219808100680904e-01
6.875266019380731342e-01
3.573923175925787232e-01
5.435116692152957008e-01
3.286482328188119473e-01
4.062549197088861641e-01
1.102329361820111181e-01
1.102329361820111181e-01
6.049668787297789452e-01
6.049668787297789452e-01
9.965680447407319065e-01
7.925765712805343810e-01
7.925765712805343810e-01
3.977826200626147779e-01
4.245945441723789765e-02
7.280793669648116806e-01
2.536732443637363874e-02
4.296693655604045259e-01
3.295741829888857582e-02
3.295741829888857582e-02
2.915839152821529390e-01
9.686846977340690668e-01
9.686846977340690668e-01
1.650191359556840709e-01
9.226582682705792848e-01
9.226582682705792848e-01
5.054724253283215951e-01
9.883158729562067923e-02
7.663353411145312766e-01
2.334165252129977164e-01
9.714844763350559687e-01
8.373042510262702631e-01
9.409985832593689148e-01
5.463012378377626321e-01
1.410948119137230561e-01
7.846667797915845011e-01
5.722042504511394290e-01
7.769698017236454923e-01
8.443267985714467683e-01
8.374199863757806339e-01
1.569616233346579903e-01
2.081802479533511885e-01
3.203643933019251766e-01
1.218537959597744830e-01
8.202903456177343955e-01
5.976003828594542155e-02
5.976003828594542155e-02
3.943198736735415988e-01
3.604423476815346028e-01
2.414225187559844166e-01
2.971587718851967375e-01
2.267387062143565724e-01
9.179362396869772400e-01
2.936197634580252624e-01
3.913750191473203827e-02
8.148643789917738856e-01
1.051286273830707996e-01
6.483310537297328757e-01
6.562583805870959575e-01
2.156996165692921519e-01
1.909622852162084702e-02
1.898736420143934123e-01
5.472767932963963355e-01
7.551750756723303315e-01
5.410914529911112769e-01
5.075361716546873403e-01
1.789106490196222532e-01
3.772911154452061044e-01
8.401634921824994162e-01
5.551482590226783920e-01
2.166631922422203038e-01
6.134358646150238625e-01
6.134358646150238625e-01
3.581100019587384747e-02
3.581100019587384747e-02
2.105927936275790724e-02
2.278442791396714240e-01
2.278442791396714240e-01
7.369314080485767082e-01
7.077464431477461515e-01
7.077464431477461515e-01
8.049337193738457241e-01
1.635609944272465588e-01
6.461311740311038720e-01
1.779935400847444948e-01
6.426311333269666415e-01
6.426311333269666415e-01
1.819215330224154270e-01
8.949460828610698027e-01
8.949460828610698027e-01
4.542086750659090066e-01
4.542086750659090066e-01
6.152592988440039878e-01
8.257951368139095916e-01
8.564298054442772701e-01
3.095703299571522238e-01
5.920102534921383164e-01
3.099451301702669803e-01
7.726566448845263446e-01
1.657589126845042116e-01
4.215321992577222843e-02
4.215321992577222843e-02
1.759678931387450851e-01
8.281460697337784671e-01
6.421369869461189817e-01
6.429269863466481605e-02
6.264812557079488808e-01
2.378193883289332067e-01
5.487197415699195391e-01
5.487197415699195391e-01
6.890652834085090328e-01
6.890652834085090328e-01
6.265995781948004995e-01
8.745014401571437057e-01
4.807838284971754361e-01
8.886052109142689170e-01
8.886052109142689170e-01
7.918041299603340022e-01
1.243565950466106046e-01
4.659797482422323167e-01
9.258076709045696129e-01
2.707523826726348504e-01
2.707523826726348504e-01
3.495761920530309763e-01
9.020756562570755310e-01
5.938027105217028589e-01
5.938027105217028589e-01
5.278481353882394922e-01
7.178789835085661597e-01
9.458675022461625614e-01
6.843945940260656169e-01
9.214167233303639792e-02
8.427229491444028220e-01
8.427229491444028220e-01
6.641734011959617989e-01
9.865723667849455314e-01
7.224934139666920885e-01
7.683458740064849080e-01
8.802126950601407707e-01
1.831281537190712350e-01
5.279023553692415716e-01
8.318142086006250491e-01
1.275336982666792907e-01
9.655572204918012602e-01
2.355905894624945873e-01
8.987667531047066963e-03
3.775805219749463482e-01
2.859534345757412943e-01
9.435343374420067653e-01
7.548081004543923944e-01
5.161334171365742490e-02
6.856850377295043986e-01
4.973771454462628805e-01
8.158889339781726369e-01
6.489460673824175574e-01
7.909403247513420165e-01
8.730873231461563355e-01
3.951857655222863475e-01
8.280095680356540644e-01
7.175457934015200268e-01
5.433654439685458026e-01
5.433654439685458026e-01
9.825283621589946392e-01
9.825283621589946392e-01
5.745868822345480131e-01
6.899519576031080126e-01
8.739604359625960939e-01
8.739604359625960939e-01
3.147679291039521821e-01
6.495425950095978784e-01
1.346942707422321139e-01
4.990320871881850362e-01
7.711727623168996848e-01
8.379941119847150732e-01
6.340765687557740060e-01
4.563637561751994476e-02
1.715110607991527092e-01
1.715110607991527092e-01
1.715110607991527092e-01
3.420548421306907616e-01
3.098642475120355066e-01
6.071552649430544957e-01
5.610726201120810330e-01
8.566273205637181531e-02
7.787251929676735074e-01
9.558488222645347143e-01
3.713653978164567770e-01
3.713653978164567770e-01
6.298482133303334729e-01
2.232407778260869502e-01
2.232407778260869502e-01
2.232407778260869502e-01
4.854401108498334616e-01
1.647832090193710741e-01
1.647832090193710741e-01
7.603345005634134512e-01
5.391094012954313897e-01
5.391094012954313897e-01
8.195999620962144405e-01
3.574027718569451895e-01
1.008612362054591566e-01
7.859183053632308458e-02
7.859183053632308458e-02
2.302198509614082067e-01
2.302198509614082067e-01
3.242234096684895039e-01
1.708543336235375520e-01
1.708543336235375520e-01
5.877641841032341663e-01
2.922688204277846258e-01
5.690617253515874996e-01
9.502494798430364265e-01
7.385524245244741159e-01
4.910914900538067562e-01
8.868321195600848972e-01
3.131441276889172509e-01
4.776144502377863144e-01
1.687149814264329861e-01
7.768267816915387369e-01
2.487833165468393559e-02
2.487833165468393559e-02
5.590866329297298210e-01
3.222941086490062612e-01
9.945626184640052880e-01
2.886316405540013674e-01
8.763978806481685924e-01
4.026803951213585031e-01
4.026803951213585031e-01
7.394261105984926141e-01
3.579513935168484595e-01
1.020612209631354406e-01
8.939102522526267691e-01
9.225843945507101740e-01
8.765300409509720891e-01
8.765300409509720891e-01
8.765300409509720891e-01
3.071182884775651711e-01
3.239473328772474181e-01
3.186960434989020707e-01
5.775267587063405150e-01
6.410809230037969320e-01
2.157569705144903593e-01
3.790023506268918041e-01
6.148774129944905020e-01
9.566270034886499296e-01
1.198621544245311032e-01
2.177569597196237772e-01
6.266630005503699419e-01
3.750668269763707818e-01
3.750668269763707818e-01
3.839244565182696745e-01
8.808994967286353228e-01
2.106166344685313219e-01
1.640199879758282853e-01
7.761150724460451622e-01
2.916564243712736482e-01
2.378220957994371665e-01
2.378220957994371665e-01
3.998555805300745281e-01
8.038245465738486084e-02
3.992440927995898337e-01
1.572144292143478617e-01
5.690831698365909075e-01
5.690831698365909075e-01
4.004510428543786582e-01
4.647752871199024582e-01
5.796025343185555734e-01
5.926036617429363274e-01
3.783915952110713521e-01
3.783915952110713521e-01
2.012858819006300704e-01
8.856171484730412935e-01
1.717028471519328470e-01
6.713681118288274963e-01
7.103894311118796878e-01
4.670331098817885884e-01
4.647877712835532527e-01
7.783890250558909152e-01
1.461853428347484607e-01
7.937800738701117353e-01
7.247044088780989490e-01
3.963831285411272831e-01
7.697406528013559512e-01
8.962712297950341245e-02
8.962712297950341245e-02
8.145914560892139056e-01
6.048244872291207441e-01
4.599330740796873096e-01
4.566689892773722059e-01
3.974319454299797272e-01
5.556326419333827010e-02
5.013351550417395330e-01
5.013351550417395330e-01
2.453215457929740495e-01
2.265789415004895724e-01
4.201188885572941234e-01
4.201188885572941234e-01
5.322774818212693271e-01
3.032676582653095476e-01
3.032676582653095476e-01
7.783983950836508292e-01
7.783983950836508292e-01
1.574912419309067446e-01
8.014756380290438686e-01
4.730847264923137563e-01
3.388053131465254553e-01
1.406321614010629106e-01
4.159357318911056089e-01
4.159357318911056089e-01
3.034963042419232537e-01
3.034963042419232537e-01
4.159081115300025666e-01
5.525379666529637301e-01
2.532585167205023136e-01
6.707287003549814441e-01
6.456990936196218556e-01
4.758534073631425221e-01
5.499022357690791507e-01
8.193296410371171679e-02
9.609631440948493974e-01
1.779441097256175552e-01
6.940791999244746435e-01
3.918851242331739537e-01
7.129353426346426437e-01
7.256333502224023846e-01
7.256333502224023846e-01
6.546164430020502412e-01
5.475025035804430562e-01
9.941945918976737850e-01
4.602588016399610238e-01
1.812766424912755914e-01
1.364679031735538395e-01
3.675952005093707231e-01
6.011164440634663153e-01
8.395100783017198642e-01
4.980447777388207209e-01
4.980447777388207209e-01
4.370091663666704207e-01
2.824208025769586183e-01
2.824208025769586183e-01
6.678319707098200331e-01
5.155061691407856334e-02
1.750094152424546690e-01
3.481622536738295803e-01
3.806222624633851526e-01
4.629636272434289879e-03
3.456582620275078788e-01
3.456582620275078788e-01
5.629776407582521847e-01
8.013033664584073845e-02
8.208563353795153006e-01
8.208563353795153006e-01
7.029828886391947806e-01
2.821963844170499169e-01
3.053796271353055869e-01
6.535690544337228181e-01
1.144979384015379215e-01
4.773743916582744440e-01
5.721680232353505424e-01
6.119113753272946710e-01
2.448819687627725172e-01
6.026644040227528698e-02
6.956562688034355624e-01
6.956562688034355624e-01
8.204535082129329471e-01
1.404974107542698303e-01
5.336743095247134527e-02
5.336743095247134527e-02
1.805464157959718596e-01
1.805464157959718596e-01
7.730328609407829399e-01
1.400427409166288828e-01
1.253819244488988682e-01
2.559699456511582011e-02
2.559699456511582011e-02
5.751412412316960765e-01
8.296337244402456346e-01
8.296337244402456346e-01
1.129605196677979928e-01
2.264953245519842062e-02
7.410484916925178522e-01
3.807397992538554821e-01
6.974693976452813748e-01
2.803531538552092583e-01
2.803531538552092583e-01
7.432093940384304487e-01
5.551867316892787896e-01
5.901332905882966662e-01
5.924908381709887983e-01
6.792771434969717692e-01
6.792771434969717692e-01
5.873943792160598587e-01
1.525149253992156284e-01
1.525149253992156284e-01
6.225569492078186773e-01
4.098405259250212929e-01
7.860570207213731786e-01
1.120074687976157224e-01
3.324713179156463250e-01
7.827192624939278698e-01
5.080757994397024913e-01
2.691602583342994626e-01
2.691602583342994626e-01
7.121524187833058184e-01
1.837389370682740719e-01
1.837389370682740719e-01
1.837389370682740719e-01
6.257318654378503098e-01
1.036406669870532649e-01
4.844046859559095891e-02
6.701659841120444217e-01
1.673850492052840477e-01
4.727466869672980465e-01
4.563785698619582942e-01
2.020943992584807170e-01
9.036019909986705567e-01
9.416304270371436691e-02
9.361511614877964238e-01
9.447429723142459768e-01
9.529926385062708061e-01
9.817980036591654747e-01
8.110976457292232711e-01
7.458699364360616979e-01
6.921808035459947606e-01
7.370407022747450521e-01
2.943320852691717615e-01
4.739908473042782622e-01
1.514258509595220736e-01
1.514258509595220736e-01
3.541093096869495915e-01
3.541093096869495915e-01
2.717786012858866562e-02
2.717786012858866562e-02
5.103772165867873634e-01
6.717594076068670317e-01
4.437773453623410427e-03
1.429467961930823705e-01
1.204092717734830259e-01
2.113651733047266223e-01
2.113651733047266223e-01
9.685245712224912484e-01
4.184057989751274742e-01
2.567857973399998994e-01
5.768456621371077508e-01
6.112578071000446256e-01
9.000811679727992454e-01
2.718882372937256320e-01
9.951618539806978969e-01
2.856401679333736010e-01
2.856401679333736010e-01
9.242054112662992926e-01
2.397041378022659978e-03
9.563897201169935247e-01
2.694392239771360442e-01
2.694392239771360442e-01
7.593946631301428107e-01
3.252195008648346430e-01
3.347196766478916646e-02
7.732836564205443075e-01
7.871088229139194814e-01
9.589774553611247754e-01
6.046339782956093867e-01
6.046339782956093867e-01
3.769426858523490798e-01
3.769426858523490798e-01
3.769426858523490798e-01
3.769426858523490798e-01
5.065325946439370730e-01
9.875901898361746367e-01
1.513288834618091716e-01
1.513288834618091716e-01
8.532364847728926560e-02
5.994340472223725902e-01
5.766255568313317648e-01
4.239102966503170422e-01
1.961155816071218638e-01
6.053990219751772539e-01
6.053990219751772539e-01
8.749355989935259093e-01
2.209030515230168967e-01
8.118138844562288181e-01
1.012038623790520453e-02
7.701352327428221400e-01
5.887481731081412040e-01
6.007823993770323306e-02
4.628578432855794400e-01
6.343247361023447439e-01
3.871455771521162270e-01
3.871455771521162270e-01
8.980020779684649845e-01
7.018861968554721553e-01
6.576937871907190258e-01
8.793010124910956016e-01
5.057127955591304014e-01
4.933369815243155987e-01
2.789908315927545623e-01
4.400854771780919883e-01
5.668754053913895863e-01
6.637427773393665964e-01
7.021335442950901173e-01
7.737122459860674706e-01
7.737122459860674706e-01
7.737122459860674706e-01
7.527942448418024624e-01
7.885568410659000715e-01
8.326339928246112576e-01
6.355876089443812660e-01
4.450876611683215328e-02
1.816932359018591792e-01
3.112381524572961911e-01
3.112381524572961911e-01
4.483098564129585628e-01
2.491307380766877300e-01
7.151408798652293397e-01
9.836590449869915265e-01
5.733726149394314797e-01
5.733726149394314797e-01
4.741610902988164233e-01
4.147247026606464271e-01
4.147247026606464271e-01
8.090957354898625775e-01
6.861686281030547896e-01
4.506052164141931791e-03
2.767952778185729934e-01
3.759893446165617492e-01
3.759893446165617492e-01
5.256759794975974787e-01
2.496999784117030219e-01
8.336892212879671860e-01
1.757495448768524871e-01
1.842129261153271358e-01
1.842129261153271358e-01
5.284667695076120664e-01
5.284667695076120664e-01
3.537435618225127643e-01
6.553787714347891757e-01
6.553787714347891757e-01
6.553787714347891757e-01
3.225448448780247057e-01
2.243777175973530325e-01
2.243777175973530325e-01
4.636724459104134555e-01
2.850586820936543697e-01
9.071812181999588942e-01
3.782075266796034452e-01
5.882058120993638450e-01
2.032792765759161846e-01
3.940886360661990384e-01
7.305571641183181697e-01
4.939669546203228068e-01
4.354367668802943125e-01
4.583636147700613228e-01
8.112100638470602920e-01
5.209393201488843328e-01
6.234955147813035781e-02
2.094065324259440641e-01
8.230894494420338825e-01
6.500166842843420334e-02
6.273699659250788763e-01
7.537236923729315752e-01
6.485131206050788188e-01
6.485131206050788188e-01
1.126243202354612477e-01
1.126243202354612477e-01
2.892949693595873173e-01
3.293258367300537781e-01
2.734543967860244007e-01
8.978990699392793706e-01
7.998388389345956195e-01
6.628038676047177669e-01
8.852336526942419792e-02
9.014290880675347450e-01
1.774333470782480104e-01
7.641872285933700715e-01
8.954880605712149944e-01
6.437437974709232791e-02
6.437437974709232791e-02
6.328193759439199040e-01
1.404646486184719101e-01
7.009881876775971854e-01
5.615944565757482465e-01
3.100930512957893459e-01
2.617292157043043521e-01
6.766057609492172331e-02
4.157515945134748758e-01
6.912062733932451408e-01
5.412332469284216740e-01
4.225850233076249296e-01
1.848378177522564392e-01
1.848378177522564392e-01
5.692007136561388903e-01
2.140822790301451228e-01
5.982969472347604567e-01
5.788969016164731418e-02
7.472974012312386671e-01
1.815500823441376366e-01
9.361932460669343259e-01
4.594586897262982195e-01
1.001452128388215790e-01
1.001452128388215790e-01
9.986756748724202604e-01
9.387422761576076358e-01
8.075454702277339303e-01
6.218592896397899805e-01
4.349697564136364991e-01
8.508206771466035601e-02
4.349821460475667978e-01
7.532908648681879704e-01
3.626928752311914250e-01
9.466385856457880665e-01
7.877438791953306207e-01
7.807921876468818523e-01
9.405203196378469910e-01
5.410842564232278828e-01
8.812983307568824642e-01
9.900419641815752514e-02
1.112831108183413020e-01
9.964717058451880716e-01
1.971235840022904362e-01
6.100519099840566450e-02
6.623011177856120701e-01
6.623011177856120701e-01
9.602729656531865388e-01
8.275824769429733774e-01
7.528439425468271828e-01
6.941563801401980927e-01
5.234695116798819825e-01
8.496138860038973117e-01
1.451783106048187832e-01
9.309967232982969965e-02
4.225182789012951745e-01
6.787292645716920259e-01
1.775123974718859354e-01
1.775123974718859354e-01
2.548995345895066489e-01
6.886239560607210208e-01
9.139345932079470103e-01
6.445186955748498647e-01
4.473346470332856817e-01
2.853267352011435443e-01
4.003038759854417039e-01
1.246604457095377427e-01
1.246604457095377427e-01
2.407909124433429693e-01
7.433332055114084680e-01
4.388477673964205072e-01
1.765588386508989416e-01
1.639118255475784103e-01
8.574149994049546919e-01
8.848837030725240638e-01
8.848837030725240638e-01
8.848837030725240638e-01
3.181547930838583005e-01
8.507721848291205369e-01
5.216750292444413128e-01
1.527227672656259749e-01
2.209819704837573118e-01
3.477448425745093830e-01
9.414448890125793890e-01
7.057889074978326294e-01
6.640931934157211503e-01
4.052800836594566136e-01
1.085259637930013066e-01
7.461638657731385349e-01
7.461638657731385349e-01
3.898305546544136302e-01
1.826193033002133093e-01
4.609671448319418441e-01
4.323457926157239228e-01
3.145311163734147014e-02
5.100427863988647031e-02
3.013505861273562125e-01
3.106201281822913995e-01
2.744397059515791271e-01
1.751556550853598793e-01
1.751556550853598793e-01
1.751556550853598793e-01
9.184957466419234606e-01
1.585597250027949434e-01
1.233008529370240997e-01
5.796883470894101942e-01
7.053499487101076992e-01
8.402147019409538231e-01
7.451165829056512202e-02
7.451165829056512202e-02
7.451165829056512202e-02
3.871764248473005265e-01
3.871764248473005265e-01
5.615523483758579903e-01
1.018846968724492902e-01
5.736833592083805389e-01
9.604491390406724172e-01
5.207897680995393630e-01
5.207897680995393630e-01
9.333801962920469375e-01
7.508639938911605416e-01
4.200586788497384649e-01
4.455063188144812725e-01
9.142035632983728233e-01
4.132540615602340317e-01
7.839560554664120051e-01
3.884370601588863631e-02
3.884370601588863631e-02
1.937118119591309598e-02
1.577669721608088993e-01
3.147405422416463816e-01
8.749240800948002716e-01
3.992624717096936449e-01
6.302349478789022186e-01
5.631595077033572094e-01
4.708118884411857663e-01
4.708118884411857663e-01
1.663833956857960483e-01
1.663833956857960483e-01
8.876623996121689730e-01
8.876623996121689730e-01
4.990843585596608789e-01
9.653027589887127613e-01
8.659611994761253762e-01
8.659611994761253762e-01
9.735916986060711986e-01
9.735916986060711986e-01
9.735916986060711986e-01
8.244620535544856799e-02
4.611287085288777732e-01
4.611287085288777732e-01
8.731908117798876656e-01
4.671839571009508973e-01
4.989040530799162543e-01
4.989040530799162543e-01
4.989040530799162543e-01
5.856855255777492220e-01
7.188095727227943044e-02
7.188095727227943044e-02
5.571441572608746284e-01
3.418571839011782521e-01
1.336233838688898057e-01
4.983973571017751847e-01
8.001552144797497990e-01
4.457677725537174673e-01
9.439432887072797262e-01
8.934813452781332765e-01
4.811288181278073894e-01
7.912172282233584930e-01
2.452293879767421525e-01
2.452293879767421525e-01
6.013718057215802215e-01
9.560974700135479454e-01
4.128724964907234951e-01
1.921292649577041323e-01
1.921292649577041323e-01
1.921292649577041323e-01
9.122396185712957628e-01
4.763685854610161807e-01
4.763685854610161807e-01
9.974536722313485093e-01
1.308485912340980606e-01
7.256920118164107425e-01
8.504835710371712043e-01
3.156533049423367737e-02
1.720369920945498676e-01
1.720369920945498676e-01
8.743648855986041468e-01
8.743648855986041468e-01
1.309305012553662606e-01
9.815980484247920357e-01
4.400197306731120639e-01
3.466772960504605483e-01
6.320615980358557096e-01
1.259807574710382350e-01
4.616324465716726277e-01
3.859368435290116972e-01
5.078247190464088012e-01
3.504356126935208593e-01
3.504356126935208593e-01
7.005453515375372753e-01
7.005453515375372753e-01
8.221096869142644481e-01
3.466240269888410941e-01
5.963917201896139220e-02
9.637385759596993617e-01
6.839189583813342077e-01
1.624535905279833256e-02
7.878043864329059565e-01
5.571484379072966925e-02
2.182324749181375756e-01
5.225906506678352770e-01
8.512835959392117680e-01
8.863022505498170389e-01
4.444006987604407488e-01
1.879351741699895884e-02
4.164860775835808049e-01
9.443951108958358320e-01
9.443951108958358320e-01
1.666475020860645473e-01
8.500985252194813713e-01
5.357678261756428917e-01
2.778495564856534039e-02
7.683326519793262088e-01
4.453758161196236798e-01
8.370441509772287292e-01
6.588109441355974871e-01
1.082817740579554849e-01
1.082817740579554849e-01
9.198413949803335710e-01
9.198413949803335710e-01
4.711155927972382473e-01
1.527797182940666687e-01
8.665867163463558676e-01
8.665867163463558676e-01
5.499497793073639951e-01
8.048742438625455797e-01
1.842984011283440027e-01
4.186395387685891700e-01
1.579466340928342427e-01
1.164965090295049521e-01
3.710808681847684309e-01
4.116356577750158174e-01
2.611983362692913424e-01
1.871554173510515395e-01
4.182045284315578648e-01
4.182045284315578648e-01
7.181505898705303759e-01
7.181505898705303759e-01
7.181505898705303759e-01
3.130395307069982480e-01
9.830894643733540939e-01
2.656319161730945344e-02
9.641995665816786854e-02
7.607990941729705359e-01
4.131484258396033171e-01
2.016908052344921487e-01
4.294704169934193683e-01
7.689352136115015085e-03
1.553188460986250630e-01
1.553188460986250630e-01
1.553188460986250630e-01
5.200493604862524988e-01
5.168005362307289685e-01
5.168005362307289685e-01
2.862959350629495914e-01
8.481487423063472919e-01
8.708422732053202608e-01
4.404088088770830578e-01
4.404088088770830578e-01
8.249191395441297925e-02
8.249191395441297925e-02
1.431820058475007096e-01
8.595561416135351074e-01
9.790418929384465674e-01
1.628191133669105450e-01
4.475615653939195582e-01
2.940046713464244260e-02
1.195891739728723729e-01
2.365805151307931176e-01
6.649319346500623396e-02
9.557876373395806091e-01
9.557876373395806091e-01
6.751454934089514553e-03
4.492488540108439676e-01
7.705341312214400995e-01
5.606724804714315891e-01
5.606724804714315891e-01
4.144911445032288810e-01
4.144911445032288810e-01
4.144911445032288810e-01
2.801539475733321738e-01
2.769329986431240398e-01
2.855537246249253980e-01
2.961066828115526128e-01
9.428346660360985565e-01
2.169823279620900769e-01
5.708138477841679520e-02
8.753057373767196836e-01
6.550700267522304721e-01
8.524700324251388572e-01
4.097007336290002799e-01
8.948932896390821012e-01
8.948932896390821012e-01
3.998759967468936138e-01
8.807431000594069248e-01
8.807431000594069248e-01
9.914460912851587315e-02
4.699482386351848118e-01
3.186922702738136381e-01
3.186922702738136381e-01
4.709293240617024590e-01
5.401005079474772291e-02
3.817581163961270008e-01
4.310716295873040504e-01
9.570253837097887351e-01
9.570253837097887351e-01
7.517251828814651704e-01
6.185277639477079203e-01
1.978096143877617133e-02
1.938526964799785479e-01
3.599051678305039692e-01
3.374897056760849390e-01
3.133511097269385259e-01
3.133511097269385259e-01
3.133511097269385259e-01
1.817375136024874105e-01
2.408320243673000571e-01
3.418706991258795291e-01
5.670327000527658479e-02
1.528518652214575467e-02
1.528518652214575467e-02
5.640231747684608665e-01
3.643364676191380158e-01
2.935516807380997295e-02
1.499521454841389783e-03
7.529443391667456353e-01
1.505349572280343939e-01
1.505349572280343939e-01
4.781125767693063522e-01
7.819931777951312224e-01
7.518532080453519395e-01
4.303348313531861202e-01
2.068379057560359724e-01
2.814386236751517667e-01
9.965453912608106535e-01
2.820999621354347564e-01
2.820999621354347564e-01
4.332681929515623809e-01
9.597034456870254804e-01
3.741115686378150285e-01
8.689323687561530118e-02
5.624886699665827550e-01
6.652474605464991919e-02
9.861281333508197244e-01
8.591051060705369169e-01
5.846839027168556635e-01
5.846839027168556635e-01
9.160366350677148217e-01
7.734597188602910789e-01
4.992627503014350765e-01
1.665430035928853192e-01
2.444007438182975445e-01
1.549242894871785403e-01
6.151466802927478827e-01
5.572867497436848616e-01
2.655299848276035379e-01
1.247361647236081977e-01
1.247361647236081977e-01
3.287853695739214460e-02
9.952500316625313703e-02
2.577716379313768624e-01
5.464496176215071221e-01
8.139782745492569749e-01
8.139782745492569749e-01
1.150951025134412387e-01
3.243188583517252893e-02
3.243188583517252893e-02
2.693802977860688119e-01
6.967961289390812718e-01
5.504882664357638733e-01
7.110274508869246501e-01
7.110274508869246501e-01
3.707945212981222233e-02
3.707945212981222233e-02
3.707945212981222233e-02
3.736008202199633810e-02
2.274676474875468243e-02
8.989801615239546573e-01
8.842955394047340434e-01
5.750165534753826774e-02
7.585176061947819237e-01
5.238238424984253960e-01
6.880162966783247569e-01
8.175445667058967025e-01
3.080254649410919116e-02
9.326207692020764828e-01
2.695497278872572844e-01
6.309348098628054791e-01
6.309348098628054791e-01
2.837260478185259505e-01
6.997552698534490467e-01
7.235700220461981358e-01
3.793843099865217283e-01
3.793843099865217283e-01
8.501594592845522769e-01
5.392269292595257557e-01
7.323957205680802218e-01
6.273474849958550204e-01
8.082748794182786911e-01
5.950194124181418243e-01
4.704257085458097287e-01
6.748793571155975446e-01
7.922126894221700466e-01
8.203085067005069231e-01
1.190915614563283764e-01
6.471003053241605185e-01
6.471003053241605185e-01
5.508185542467012794e-03
5.508185542467012794e-03
5.508185542467012794e-03
1.896048649201513003e-01
1.300242980015816341e-01
9.089070738457447618e-01
9.089070738457447618e-01
5.782295383075892747e-01
8.420000547607074948e-01
5.356751321387578368e-01
7.714138973953701406e-01
9.588674323832945268e-01
9.588674323832945268e-01
8.615221676102077231e-01
9.066961181313366591e-01
9.992258086831565800e-01
3.176402547181171321e-01
5.566121643430586019e-01
6.921471793542693929e-01
5.842968394835709178e-01
7.457606831944972869e-01
4.975829219261100889e-01
6.178421037244616887e-01
6.178421037244616887e-01
9.241646728071953865e-01
9.485730913441429157e-01
7.386763638319141512e-01
3.400142178341161170e-01
3.400142178341161170e-01
5.310381330392466293e-02
4.731142525704857826e-01
8.708560424631065500e-01
1.166629667947618604e-01
6.111300834699151530e-01
7.937393779759682744e-01
7.937393779759682744e-01
3.142609386222182111e-01
3.142609386222182111e-01
6.195849819445351514e-01
9.016492016622457140e-01
8.721329034531503932e-02
8.721329034531503932e-02
4.308407555183114690e-01
8.692687065724203910e-01
8.692687065724203910e-01
8.138680311475470219e-01
2.700488782433589918e-01
9.002233757519785273e-01
9.945823008627806550e-01
1.854336768572592553e-01
2.451435070030706376e-01
6.421696282023631186e-01
4.133885860664553991e-01
3.775228820310118361e-02
5.041489351916252082e-02
6.284517418757126217e-01
7.233021030558625108e-01
4.447535202400427767e-01
6.763574536289786998e-01
6.703496329032423429e-01
6.846373402329586355e-02
5.660909636210397222e-01
4.335256002881627824e-01
1.657793418610366831e-01
1.546259419621706099e-01
5.510074784068165477e-02
5.510074784068165477e-02
9.599525069629873952e-01
4.140117219012703353e-01
4.637219945438365021e-01
8.185255879407825619e-01
8.185255879407825619e-01
8.185255879407825619e-01
5.156592367921045694e-01
8.210807875616889240e-02
7.026588130918356434e-01
8.382714748361316248e-01
7.634838051975010309e-01
2.888426438652541006e-01
2.888426438652541006e-01
6.571453736334369466e-01
6.571453736334369466e-01
6.143283173264747488e-01
6.143283173264747488e-01
3.879008313205494773e-01
5.652983714785455582e-01
4.485339668138791924e-01
2.895496381375330386e-01
4.423664824669468754e-01
1.577303900242134904e-01
3.104239386541075563e-01
5.822107182318518870e-01
5.822107182318518870e-01
5.412690865734925277e-02
7.855931483834772688e-01
6.143673798852100632e-01
6.143673798852100632e-01
9.428948121726719866e-02
3.415257162495710097e-01
4.311693242475120313e-01
4.340556618695719238e-02
4.340556618695719238e-02
6.236546375366706085e-01
6.236546375366706085e-01
2.020927755921218538e-01
2.020927755921218538e-01
9.268768203454675891e-01
7.375899454744270223e-01
9.916305325915231172e-01
6.369330824069208141e-01
7.081069082925901537e-01
7.081069082925901537e-01
2.932108935595498789e-01
1.612161379653149484e-01
1.612161379653149484e-01
4.493650079646623885e-01
4.493650079646623885e-01
4.493650079646623885e-01
7.409393041232896771e-01
8.020391804964426274e-01
4.386245474172553727e-01
1.684013813085776246e-01
3.306939841512295253e-01
9.405257336454571071e-01
4.778229577306367104e-01
8.245191965006322121e-01
7.537168624477365020e-01
7.629379038767195587e-01
1.718897555155016466e-01
3.696113912623427700e-01
4.601441417266091682e-01
6.688942543810545704e-02
7.317584844246054487e-01
7.317584844246054487e-01
6.465902497246096559e-01
2.803182010654822753e-01
2.803182010654822753e-01
5.410599691993627225e-01
1.234733098680302829e-02
1.151237257128906316e-01
1.151237257128906316e-01
7.718364095151322157e-01
1.095200577271549097e-01
2.854772780559962017e-02
1.662180297720420447e-03
1.532521592789553855e-01
5.727430992141787636e-01
5.727430992141787636e-01
5.727430992141787636e-01
9.561328289873890496e-01
3.743503479603503270e-01
8.573182565023533541e-02
9.850814282934347021e-01
8.046449865992094663e-01
3.308606034285255793e-01
1.634139632892760985e-01
2.324799852638811670e-01
9.979806179446570891e-01
8.954959351439265580e-01
9.610277763067052170e-01
9.610277763067052170e-01
5.666333109520298172e-02
1.143368137343823837e-01
8.652127831822960247e-02
1.253378555041969045e-01
2.371298709267867511e-01
1.568627387394078698e-01
6.837253735074070304e-01
6.837253735074070304e-01
7.866973513000272145e-02
9.352334962890230807e-01
9.521278719719433736e-01
5.782172113933846669e-01
6.958748550731482796e-01
8.934675802046068149e-01
9.112544245922155062e-01
2.877269744969823129e-01
2.877269744969823129e-01
2.114498452558871422e-01
1.952748026048784780e-01
4.949041888838511261e-01
1.695449890239587587e-01
8.018823086292732327e-01
8.018823086292732327e-01
8.018823086292732327e-01
8.225740233004532609e-01
9.568495992006811335e-01
6.208538138520467431e-01
7.353313935846474969e-01
1.775763776574533215e-01
5.253309382463708932e-01
8.799013842331400159e-01
7.563210510312686763e-01
1.772222492433591368e-01
4.404779555181050910e-01
9.275210925192191036e-01
3.372720301004760723e-01
4.563070874329709370e-01
1.186476380054804630e-01
1.186476380054804630e-01
1.136428950314256753e-01
6.976497712260146256e-02
4.537109787498402325e-01
4.260785400422029134e-01
4.260785400422029134e-01
1.752224801353040873e-01
1.752224801353040873e-01
3.161431943137823497e-01
3.161431943137823497e-01
5.409059246446423774e-01
4.100519927356099381e-01
6.571177831146935988e-01
5.956214830039580077e-02
3.442113522543586712e-01
9.529418712349370102e-01
9.529418712349370102e-01
3.069836330102676536e-01
9.649447005332527638e-01
1.656670017374034520e-01
1.656670017374034520e-01
3.424465190128907904e-02
3.424465190128907904e-02
3.424465190128907904e-02
8.366448879682043538e-01
7.539932326947276220e-01
2.911259562721033589e-01
2.911259562721033589e-01
4.338811052743671848e-01
7.403940343413664693e-02
7.155122002152976002e-01
7.757498152811516390e-02
3.316300329959739890e-01
4.972050518570539368e-03
4.972050518570539368e-03
8.269452906965637506e-01
9.287740008480044329e-01
6.255281035215411178e-02
9.262462059961489302e-01
1.210389825892612820e-01
1.210389825892612820e-01
1.210389825892612820e-01
2.136611342944832181e-01
1.210172571954939297e-01
3.485613235732406556e-01
3.485613235732406556e-01
8.453135688102013379e-02
7.338455209746215235e-01
9.974627536469245215e-02
7.053006497329425972e-01
7.053006497329425972e-01
4.387541716917380819e-01
4.387541716917380819e-01
3.618904065770960354e-01
6.489813753532378549e-01
9.463772912861430353e-02
9.897721835890641584e-01
1.143731163964277903e-01
6.711341486114150712e-01
9.745766864862495660e-02
6.643100203903949674e-02
8.410338335854916853e-04
1.645310921066801477e-03
2.509784707362561207e-01
3.941957637915319279e-01
3.941957637915319279e-01
5.441277547491749859e-04
5.441277547491749859e-04
4.190087748424802805e-01
4.233364051630914004e-01
1.285074813787398518e-01
4.350221868955869153e-01
4.350221868955869153e-01
7.003214145735563445e-01
7.840544036885456203e-01
7.840544036885456203e-01
2.164942945638049510e-01
7.806084875062159201e-01
6.037794725708179877e-01
8.522197294774692677e-01
4.099637756736921462e-02
6.922838318608521835e-01
4.894919160971961114e-01
5.174990808048698376e-01
5.611150288743690373e-01
3.883647626793517715e-01
7.271767630577947727e-01
3.158017680296019702e-01
7.541231608734996206e-01
8.365231700228241418e-02
4.800916725928393580e-01
9.652210312910320944e-01
7.190790580909119933e-01
3.526979059986433684e-01
7.549697710831447806e-01
9.961559153405763478e-01
1.622543198571155254e-01
8.711972961462748355e-01
4.193175117618138104e-01
6.447737810208903353e-01
1.597680143322691149e-01
6.109930675897652375e-01
8.125557685572853961e-01
5.469057778370012279e-01
7.962499960597376868e-04
2.478185636801575886e-01
8.995476312809507213e-01
3.390485310071243985e-01
5.208271707292473351e-01
7.947907428735148661e-02
2.392817986237199268e-01
2.392817986237199268e-01
7.833732036846440261e-01
9.765751626169201227e-01
6.176532706908286485e-01
3.266965053146595466e-01
8.020198560876704574e-01
6.362435804415631502e-01
2.826755024636546949e-03
2.798696776646711695e-02
2.656961450132673819e-01
2.126158439006378409e-01
2.126158439006378409e-01
3.894345601013957103e-01
7.367948285393347563e-01
8.390316282527696679e-01
1.477349896919364081e-01
3.875050975086551941e-01
4.285348985306894898e-01
9.446665450502018668e-01
5.917069850804862474e-01
5.917069850804862474e-01
8.951990677022806375e-01
7.520965952498056550e-01
4.009342714595569290e-03
7.260944335091805424e-02
7.260944335091805424e-02
6.294180032314202755e-01
5.369250539031711345e-01
5.369250539031711345e-01
7.447286126044279086e-01
8.222682562398608841e-01
7.553605773537720447e-01
3.726852052780328939e-01
7.848185381988070919e-01
8.334592354763411537e-01
2.602082167398755419e-01
3.379450890732768609e-01
5.377585625625171117e-02
4.446968307315074531e-01
2.761084440840637089e-01
4.737851069148365513e-01
6.509098366363282873e-01
6.648918592152478491e-01
7.179226374735885319e-01
7.179226374735885319e-01
5.620181688711509693e-01
6.339113565494614022e-01
4.981674822795260638e-01
4.923908205596933853e-03
6.493186453516285317e-01
6.508408965978663696e-01
8.201808056276195247e-01
7.266874829619425213e-01
4.860011539584790374e-01
2.891262787352605890e-01
3.013291268896118869e-01
3.775235126501956251e-01
3.775235126501956251e-01
4.621557929721008609e-03
2.400016924469925567e-02
3.537818958043180678e-03
3.336928572882002508e-01
1.225870943023080473e-01
3.278669854140910944e-01
6.235680780511987029e-03
7.889425073325190274e-01
9.522325682923252765e-01
6.397567276054632046e-01
6.663905533077100207e-01
7.542218484589595651e-01
6.907161272320978540e-01
3.679858117273033802e-01
1.464966683911087253e-01
5.368849822220187473e-01
1.121821676839726972e-01
3.361019021137871543e-01
5.516836838366696583e-01
5.425059535015722689e-01
4.297191719899210588e-02
4.998247879835995833e-01
7.556836288759483100e-01
5.632757573287281438e-01
3.974082578050052161e-01
2.826472509556023430e-02
1.621695217271791611e-01
8.059115994793328852e-01
7.493927058997805757e-01
5.696182001843685949e-01
5.696182001843685949e-01
5.461082129886113412e-01
6.385010040637377760e-01
9.101321387550896924e-01
7.545518866948455194e-01
7.608738264959157283e-01
1.445959512174988248e-01
4.719474495821461835e-01
9.311430134141550630e-01
9.311430134141550630e-01
5.064970451266401774e-01
2.417932120922558770e-01
3.197761345429143698e-01
2.666668393043113428e-01
6.212462100045956781e-02
6.212462100045956781e-02
2.170300319129867539e-01
2.170300319129867539e-01
6.509394506174440709e-01
6.035292170801612732e-01
2.191515018035620210e-01
7.063329526837469619e-01
7.135510842733535641e-01
5.683114086318551417e-01
4.005474963250063580e-01
8.263004541467197095e-01
1.019623100529915699e-01
2.510643818261861226e-01
8.087666436894955790e-01
5.362651609171145139e-01
2.579657916672821183e-01
1.567525725017745730e-01
1.567525725017745730e-01
5.329232926490790057e-01
3.165295824131640623e-02
9.131525793871650976e-01
6.170542567609466067e-01
6.141879174412830933e-01
3.635075627959635236e-01
6.770449698594541710e-01
6.134773960979232887e-01
4.987873198683892562e-01
2.021826958912119332e-01
4.283763967489016555e-01
5.159613301248275885e-01
3.780805416859915336e-01
5.106239910762927492e-01
2.664890405248103167e-01
9.161321472303736446e-02
4.521529821607493393e-01
8.643800981960457763e-01
3.658071397081741893e-01
9.761051393165296464e-01
4.546889495066146480e-01
4.993258648872149208e-01
2.139029093633358081e-01
3.672256319894888488e-02
8.658798692707424527e-01
4.734946500102835687e-01
7.048236893552475291e-01
6.902646323637775527e-01
7.059340747347689904e-01
8.725255595523693231e-01
2.890199201901400561e-01
9.579892952740232115e-01
7.603811339915749201e-01
2.622158347922715071e-01
8.597230776524146245e-01
1.991448615637448072e-01
3.770407172125959244e-02
5.847801540327129954e-01
5.130193301505914932e-02
7.607999829736837860e-01
1.604744625448960849e-01
1.300259483992726173e-01
5.599105127430965556e-01
6.656028360207069117e-01
2.833801223737320574e-01
2.833801223737320574e-01
4.283096269511258991e-01
4.283096269511258991e-01
8.081987536240693437e-01
8.404519564121968322e-01
9.695044043349667628e-01
7.608046025848348715e-02
3.090628647537573825e-01
1.972067500514664840e-01
8.113078867380119075e-01
4.365263682615574403e-01
4.782569763648513161e-01
7.880761366248508759e-01
5.551867769396733321e-01
5.568070313356980883e-01
9.392247596971369239e-01
1.776341505067222104e-01
3.420007219942687859e-01
8.927150958651818291e-01
8.927150958651818291e-01
3.967822913650820849e-01
2.761012280330588098e-01
8.765644788357445094e-01
2.956260070257942310e-03
5.564066368691348297e-01
5.500399047154587162e-01
5.500399047154587162e-01
7.406544736714802957e-01
3.108949110510050851e-01
8.690782962485632535e-01
8.661192495832167881e-02
5.682414939213069616e-01
5.682414939213069616e-01
6.801324709538137947e-01
1.869101131694230200e-01
2.067444833785022085e-01
7.753942846005197342e-01
5.892542219086833316e-02
3.702796497464445058e-01
3.924541369549560121e-01
4.048554620140837335e-01
9.599568754212866040e-01
7.004460069696227809e-02
3.948477282240213382e-02
8.956068390010785141e-01
8.956068390010785141e-01
1.361132162530133763e-02
5.308093831901412596e-01
4.430447963306055059e-01
4.464904140991697856e-01
4.464904140991697856e-01
2.732299372403518833e-01
2.426470191720305480e-01
2.533511972764675990e-01
3.292082159492825122e-01
3.387792748723272296e-01
1.469446111868381588e-01
5.255376095919861434e-02
8.061920672798103538e-02
4.761679272339722768e-01
2.419887621683541601e-01
5.969617861871222564e-01
2.305852597039486918e-01
7.650582667011276428e-01
8.000921272194874145e-01
2.692697931726196203e-01
9.429763938927872013e-01
9.694020448791003108e-01
8.087522714200976459e-01
1.363565720175503870e-01
1.363565720175503870e-01
6.647716397117882370e-02
1.364806871565463209e-01
6.438993630038722937e-01
7.844446036700898350e-01
7.844446036700898350e-01
7.844446036700898350e-01
8.871303143545945513e-01
8.871303143545945513e-01
8.871303143545945513e-01
5.153939928158931538e-01
5.078990426383820367e-01
2.563047118899344778e-01
8.526048519652815183e-02
8.526048519652815183e-02
8.526048519652815183e-02
4.870642350365775863e-01
9.917822532699345217e-01
8.911305950390070452e-01
7.236607888492137264e-02
1.632991105916752894e-01
7.494942744509167643e-01
4.472595676642840412e-01
4.962787998512965815e-01
5.232018196365560980e-01
5.232018196365560980e-01
6.457497504365173890e-01
9.950161200321023802e-01
4.335145316873768029e-01
9.533717848836632536e-01
4.917077542528165424e-01
9.425781742731398349e-01
9.002649007419978311e-01
5.487157236669761851e-01
7.444877140911954072e-01
7.444877140911954072e-01
7.444877140911954072e-01
9.644449265365703239e-01
3.960345842769240621e-01
7.815298872087450555e-01
7.815298872087450555e-01
5.873337688160269465e-01
4.047754867019779379e-01
1.509890886231759488e-01
2.176413083620238054e-01
8.194044183518214286e-01
8.194044183518214286e-01
3.061283261111029108e-01
3.061283261111029108e-01
6.012564259394465038e-01
6.042210754802277428e-01
9.569740748221589044e-01
7.829584893030744341e-01
6.589343700059306919e-01
7.335064126923503958e-01
1.415702898608859617e-01
5.978221959511359485e-01
3.414941773090022226e-01
7.738410124950056979e-01
5.949400859032756284e-01
5.949400859032756284e-01
4.500413557330422143e-01
4.080984971718236709e-01
8.280903706947099208e-01
4.130957711252242204e-01
5.932763966453501459e-01
2.175094747522648697e-01
2.175094747522648697e-01
6.955399609505522607e-01
2.537312505384646810e-01
2.609510629899192136e-01
6.221963130506475981e-01
9.035210143792922199e-01
4.924558964897059465e-01
3.757545433290602754e-01
2.382490200718562767e-01
2.382490200718562767e-01
8.824429176811053877e-01
1.102680485062387944e-01
6.782213680157792579e-01
6.782213680157792579e-01
