phi_1
1.332341882599116900e+00
1.205358821751685738e+00
1.205358821751685738e+00
3.361154716714884749e+00
3.361154716714884749e+00
4.914080438805670248e+00
3.289915399608990931e+00
3.598380794184812270e+00
5.581489052880366231e+00
3.460344729780234552e+00
5.532875389930959287e+00
3.633956349806305219e+00
4.265300482430034457e+00
4.589944411370178834e+00
4.589944411370178834e+00
4.589944411370178834e+00
2.080113774608575383e+00
1.219731071715379755e-01
1.219731071715379755e-01
5.478014475048320620e-01
3.130550551110546920e-01
3.985627901393580252e+00
1.311667700171922135e+00
2.374407844073132878e+00
5.781167047029853734e+00
2.738706353560601769e+00
5.476920583921424779e+00
5.476920583921424779e+00
5.476920583921424779e+00
5.978531691116675262e+00
4.436240591477909945e+00
4.520038601029541248e+00
2.085741217544555326e+00
2.085741217544555326e+00
3.379420086643484478e+00
3.614256431296028360e+00
4.592698974984470439e+00
4.702911895937064379e+00
4.702911895937064379e+00
3.755338589708505648e+00
4.049205810024648855e+00
3.361247378990880108e+00
3.661989328175749847e-01
2.552800309166968873e+00
1.887170515954839090e+00
4.026914242339473482e+00
1.415377071526527253e+00
5.311931734419750306e+00
6.337208335770583290e-01
3.904364774065625987e+00
3.908741546330794403e+00
5.298983170582666880e+00
4.488896394106602905e+00
4.409038964024626139e+00
3.646293315139891522e+00
2.258789687670164525e+00
3.209322304188956476e+00
3.044624037008029305e+00
2.506665683175089754e+00
3.550080201105116906e+00
5.587451531320225762e+00
3.561923349843221676e+00
4.844523336698349780e-01
6.087070190191587571e+00
5.355292943312667475e+00
2.801653882219950376e+00
3.800429042205274666e+00
6.220585295646298363e+00
6.220585295646298363e+00
2.739883333705734003e+00
5.609765447748508826e+00
6.042945874862707178e+00
6.100242879503327664e+00
4.750423391201109347e+00
4.968631630437194246e+00
2.351289936316909746e+00
4.778289168454498359e+00
2.037405992937326715e+00
2.037405992937326715e+00
3.272184523430900605e+00
2.334043963094316609e+00
8.704104940419572500e-01
2.636100520890767740e+00
5.968352783406864148e+00
5.426662190264647911e+00
2.879936738004904129e+00
5.252764683020874514e+00
3.428758649742255749e+00
1.817330196843768064e+00
1.821128383245342874e+00
1.551659490925032969e+00
3.012889180158202507e-01
5.772832506065104674e+00
5.979883358237006341e+00
2.184889927823842726e+00
5.246891704464498929e+00
1.540030574252496898e+00
5.458322119617737833e+00
5.458322119617737833e+00
5.458322119617737833e+00
2.154926400859134006e+00
3.240600760423690385e+00
3.240600760423690385e+00
6.165287814525354015e+00
1.779443850381056791e+00
3.682361980370921994e+00
1.703836619085199011e+00
2.913729792250705941e+00
2.371955934582871350e+00
2.069710450260608070e+00
3.306836034596616347e+00
5.424091348170588134e+00
3.721298285678769524e+00
1.707771754872410064e+00
2.658117227075939226e+00
2.658117227075939226e+00
2.211988930650971241e+00
2.211988930650971241e+00
1.535724481613818249e+00
4.682529665266461194e+00
2.713810465640385416e+00
2.713810465640385416e+00
2.228997992803201100e-01
1.863188553116035706e+00
1.863188553116035706e+00
2.239956569677502785e+00
5.179299012804317925e+00
8.821738619260077741e-02
8.821738619260077741e-02
1.549919679172456100e+00
3.365127097234235087e+00
5.971282691912302987e+00
4.377758000610280753e+00
1.915395579846769891e+00
1.915395579846769891e+00
1.300602727338686648e-01
2.359457872379428167e+00
5.343648414140468539e+00
5.343648414140468539e+00
1.463792614335829967e+00
3.183368265076939263e+00
4.325278570348527474e+00
1.830037646109067495e+00
4.327474152211992831e+00
6.105096512436137601e+00
1.852082894700753712e+00
6.171602771952112931e+00
2.998009453035324512e+00
5.819898793959394467e+00
1.623124334441352623e+00
4.332705974509201141e+00
4.332705974509201141e+00
4.332705974509201141e+00
6.276758771039772533e+00
2.578532095420149162e+00
2.578532095420149162e+00
3.558976753774507173e+00
3.558976753774507173e+00
2.893451845825103064e+00
2.893451845825103064e+00
5.378578756843652720e+00
1.767271858247958960e+00
1.767271858247958960e+00
5.845306137019512960e+00
2.960251115239461939e+00
4.192040936243923710e-02
4.743398180538754616e+00
5.110621182660988637e+00
5.110621182660988637e+00
1.345355325555768644e+00
6.160880211866874845e+00
5.280832468049062811e+00
5.452456400622981647e+00
3.430170413862609902e+00
5.295377607125987041e+00
5.427271893776768330e+00
5.961164448227638246e-01
4.965490541365814359e+00
4.149858476763697013e-01
3.436334839864220392e+00
2.533113620671214150e+00
1.360077313885433625e+00
2.334957976059939710e+00
5.517957850605707648e+00
5.646950942342821023e+00
3.839325136545851169e+00
2.943116822555579049e+00
2.943116822555579049e+00
4.183037021059677230e+00
2.152980746516849564e+00
2.152980746516849564e+00
4.278659918233179482e+00
1.646776397822296900e+00
2.830608222868168156e+00
2.835896588873094259e+00
1.540267655666918145e+00
5.762791555384108477e+00
5.762791555384108477e+00
4.767356483996583627e+00
2.390278502339601374e+00
1.951243981254833670e+00
3.511161056914327894e+00
5.617498355340495131e+00
3.668187303863039261e+00
4.241941174267379822e+00
6.623713294687370023e-01
2.045774465866308844e+00
2.045774465866308844e+00
2.045774465866308844e+00
6.202405805250236881e+00
4.654080777516515610e+00
1.309845868121787049e+00
1.309845868121787049e+00
3.335561683147008960e+00
6.042930731899352814e+00
9.270913709011718851e-02
1.189452442294622436e+00
1.189452442294622436e+00
5.214931905726048811e+00
4.828148702853042984e+00
3.817266689319616102e+00
1.945781452494752983e+00
2.941053079959655037e+00
3.079079619726746486e+00
1.651078197251839796e+00
3.131378246158563528e+00
2.700618551619628604e+00
6.188828156017409654e+00
1.700097552647363841e-01
6.283134474667890323e+00
1.938434644584337008e+00
4.527679624187073593e+00
2.320844761943050116e+00
2.320844761943050116e+00
2.548930470775253809e+00
2.670250155962369476e+00
1.955356334289337639e-01
6.042885310390860631e+00
6.042885310390860631e+00
3.844646404368658565e+00
5.933397591449607766e+00
4.636939221041886938e-01
4.796526004758682404e+00
6.216712219382379168e+00
3.888735125870153908e+00
5.704361790766698803e-01
3.282996737532176912e+00
4.836270838662022342e+00
2.997989872676447121e+00
1.729449389530101300e+00
9.970777755237651974e-01
5.804506582422439109e+00
3.444828130640862351e+00
5.664847847777026324e+00
4.367172933717275995e-01
4.834741529843955554e+00
1.215381404041462332e+00
3.479052225850789437e+00
7.478465754364833629e-01
2.941351976764511988e+00
2.616319147151289215e+00
1.462080721942644601e+00
8.757581227798461043e-01
2.902749130598095917e+00
2.973436714651633395e+00
2.973436714651633395e+00
1.862486043011243098e+00
1.862486043011243098e+00
4.576787025473993076e+00
4.073723977840058019e+00
6.907752493937060478e-01
1.333538568026135351e+00
2.819294499618306915e+00
6.106513884844781970e-01
6.106513884844781970e-01
3.581237505829973244e+00
3.788459627819124265e+00
1.084742625083213952e+00
5.440360797521155867e+00
5.440360797521155867e+00
5.246748276524915156e-02
4.765283977651362690e+00
3.345562351797078726e+00
5.351421113617206515e+00
5.943875614075340152e-01
1.569059798178078502e+00
2.830185635637079145e+00
8.151528839708017671e-01
7.784668214502730166e-01
3.715036479026734284e-01
2.808820616213033361e+00
1.600635994514914451e+00
4.043842659687570062e+00
7.213008121205506384e-01
4.725092615615567482e+00
5.031501056843161734e-01
3.136927484759684859e+00
3.136927484759684859e+00
5.873919493198754616e+00
3.589799115568785837e-01
5.170216363945408844e+00
5.007793409613361391e-01
5.705452352378710401e-01
5.851300762111769416e+00
5.851300762111769416e+00
4.084416933606024536e+00
9.766246324909797494e-01
5.822940938812965150e+00
4.436493307527952012e+00
2.727999865739800356e+00
5.953873466798022207e+00
1.410760758283306160e+00
1.410760758283306160e+00
5.667222326842025204e+00
4.545447118702950817e+00
5.492417613705693036e+00
2.708329217347952067e+00
2.228091813844999436e+00
4.680238771198295566e+00
8.038521905707636250e-01
5.680429711225212230e-01
1.817923367851763672e+00
4.343682139761542160e+00
4.343682139761542160e+00
2.823184093909114623e+00
3.848600358471829797e+00
6.234889805686957942e+00
3.794447563520258804e+00
3.794447563520258804e+00
1.188773166670760162e+00
1.971029225668058160e+00
3.582210606937351383e+00
3.141103981411131230e+00
3.697992856499375147e+00
1.962659175569946512e+00
1.962659175569946512e+00
9.721517158547525739e-01
9.721517158547525739e-01
4.462882609344605456e+00
2.489771895048917827e-01
5.658875956537052332e+00
7.309525904698714882e-01
7.309525904698714882e-01
3.940301211769276613e+00
1.420984236134566814e+00
3.943833787969022175e+00
5.359671522709755109e+00
1.139001941600739087e-01
4.763949952762501994e+00
4.763949952762501994e+00
5.319714343417520475e+00
5.319714343417520475e+00
1.686422847328952201e+00
3.709874007441648747e+00
4.278986514166874144e+00
6.245018814446014588e+00
5.139574513564504343e+00
1.363589802662039219e+00
2.799317326660665017e+00
1.993960133773873267e+00
2.799899727191871079e+00
4.381039910106865776e+00
1.527403488490581829e+00
5.480045028833647969e+00
2.528453056158781465e-01
4.905293205369543941e+00
3.229494804833016985e+00
5.055001196652355588e-01
2.114054204270555459e+00
2.114054204270555459e+00
6.027606064869108771e+00
4.060038863315483582e+00
3.632399813761058027e-01
2.492307444609227929e+00
8.434271569139024649e-01
2.652574838325573836e+00
8.846590061296755181e-02
8.381056280709984208e-01
5.935671297485569653e-01
5.729474498630863444e+00
3.908259664316536597e+00
4.927886272618821728e+00
6.774925866798406915e-01
1.326809523338512875e+00
2.868097144721737379e+00
4.797134760756796901e+00
7.347933617050328436e-01
5.090759699718386599e+00
1.111691973423912572e+00
3.959181784429512518e+00
5.628239735327586146e+00
5.628239735327586146e+00
1.332395588818260812e+00
2.300780348044042967e+00
5.411195598342555257e-01
4.688557206715416648e+00
4.688557206715416648e+00
4.213069195986085091e+00
1.158996135736116706e+00
2.452305784150674128e+00
2.452305784150674128e+00
4.998571772479632358e+00
5.062111177020106823e+00
3.709903390604151863e+00
4.031956780286600761e+00
5.720258682173428255e+00
2.172895876300652063e+00
3.698461940869144815e+00
2.310046543064306235e+00
3.883428104973473349e+00
2.428546494518611709e+00
1.711579175618469506e-01
1.711579175618469506e-01
2.302473740651585388e+00
2.302473740651585388e+00
3.195432334591785661e+00
4.909187838707252283e+00
8.869801923264661880e-01
8.869801923264661880e-01
3.308505230812443632e+00
5.556420314130782856e+00
3.237164652100628093e+00
3.237164652100628093e+00
5.431585812743397135e+00
5.431585812743397135e+00
3.498062627241109723e+00
5.197521057954493706e+00
5.282607781685856096e+00
5.282607781685856096e+00
4.893727837928998348e+00
1.844126775832018339e+00
2.315363998819726987e+00
4.007152627537766243e+00
1.571592649591043056e+00
1.571592649591043056e+00
9.298994745332915812e-01
2.341948552798543304e+00
5.919580266891839138e+00
3.799494410662642707e-01
5.785944360378186602e+00
3.777112590178629770e+00
1.780402674741850433e+00
1.780402674741850433e+00
2.152795697471621139e-02
4.111618028478128295e+00
2.632932366048738260e+00
2.632932366048738260e+00
5.655803715845243218e+00
4.342368706436628756e+00
2.451218419639914714e+00
4.045115171002969134e+00
3.549711752753345717e+00
3.622336162771944146e-01
5.100678350978616216e+00
5.100678350978616216e+00
1.069738665277533585e+00
5.090128606220980956e+00
1.770750325907691547e+00
5.416322555397331762e+00
5.416322555397331762e+00
5.988674060628146556e+00
2.847271298088198677e-01
4.126595463188230895e+00
2.793350694929324973e+00
5.006668125350621779e+00
3.491690018570531073e+00
3.925570216184661732e-01
3.925570216184661732e-01
1.461561920776843770e+00
1.483882690444984220e+00
5.699321877747696163e+00
1.607297768171008556e+00
1.524477822665435411e+00
4.136156409050844474e+00
1.373810900979863803e+00
1.373810900979863803e+00
2.073660831108123048e+00
2.073660831108123048e+00
2.885937153998941795e+00
6.680421437524843853e-01
6.680421437524843853e-01
6.680421437524843853e-01
1.376262332942348010e+00
3.249528477430156492e+00
4.635054501751550760e+00
4.706212787599767466e+00
5.677483117539320112e+00
5.155536872374021584e+00
5.155536872374021584e+00
5.454788675389856678e-01
1.225172045304017132e-01
5.474619380321124495e+00
4.180932148903559131e+00
4.141068550645478297e+00
4.141068550645478297e+00
3.600182965564639126e+00
3.823380240543478692e+00
4.729708341968563268e+00
2.438812106554248516e+00
9.961366775584306055e-01
4.054641024382149794e+00
6.082865720589239800e+00
6.082865720589239800e+00
4.985059830231538314e+00
1.291205330822112529e+00
5.533435383452124157e+00
2.973703449791173625e+00
2.591198405275180860e+00
3.400711110105893997e+00
5.646108079992854911e+00
3.203423905087339207e-01
3.443726390577105168e+00
2.573155118690912957e+00
1.266859394414806772e+00
1.266859394414806772e+00
8.544957326142217369e-01
1.176542410833416596e+00
2.847952994729176623e+00
3.546039293311591845e+00
3.463120173396585066e+00
1.662622977327066209e+00
4.101661415310731584e+00
3.317721768311282737e+00
4.326068916663627029e+00
7.736861589501158321e-01
1.970986171226414285e+00
5.960538247195111161e+00
1.997671497594005530e+00
3.450273821011525577e+00
3.040674929860440301e+00
2.839564273624837654e+00
2.981626872856764976e+00
5.847703822808103524e-01
2.709574576084836650e-01
6.479605565359047858e-01
3.321569160866986170e+00
4.825944193171522123e+00
4.825944193171522123e+00
5.140406006631172531e+00
5.140406006631172531e+00
4.138411801626231679e-01
3.683336756707812576e+00
5.373267426681323400e+00
9.377586560319040032e-01
6.180723292769899402e+00
5.803657909052543751e+00
7.074641377286869925e-01
2.535627653649630275e+00
2.535627653649630275e+00
4.148781900376622644e+00
2.501877259663460862e+00
5.644627246282533761e+00
5.693011223806925258e-01
5.422588984586751870e+00
1.333708323452603040e+00
5.442735005947417548e+00
5.131434443904243636e-01
5.788556155587184726e+00
5.788556155587184726e+00
2.244745841853706736e+00
1.009127525921247326e+00
3.118901454757086356e+00
6.154425034125325489e+00
6.154425034125325489e+00
4.490634580485531657e+00
5.033703352458614333e+00
6.175585118488014835e+00
2.366901776454461981e-01
2.366901776454461981e-01
5.239706425426675196e+00
1.756717493031136001e+00
4.667185136220197705e-01
2.380333090081819591e+00
1.079089318882113346e+00
5.233486954642217803e+00
5.233486954642217803e+00
5.240423618880277523e+00
1.661389851027337272e+00
3.879381053308547767e+00
4.684867479477866858e+00
4.222171309389114668e+00
4.222171309389114668e+00
2.634428779420176170e+00
1.344597770865584963e+00
5.645739203729859490e+00
5.607253286228026212e+00
3.123797838808012983e+00
3.123797838808012983e+00
3.123797838808012983e+00
4.796020907113313747e+00
2.457990080754607121e+00
5.788940213670451307e+00
1.623857276281794881e-01
8.863673273795260599e-01
6.566614047498422480e-01
5.810065331056496696e+00
6.011894417163956561e-01
3.474061259592461148e+00
3.474061259592461148e+00
4.627060618419527316e-01
4.088659658762177074e+00
5.829843345670566279e+00
1.298233341456844769e-01
2.880790823830615466e+00
5.031765655522885794e+00
5.031765655522885794e+00
5.031765655522885794e+00
3.753303065561707008e+00
5.217046055092313672e+00
2.109363243928926934e+00
4.462377301567310717e+00
2.880619636705535669e+00
5.041310088781533416e+00
5.307635881102200415e+00
5.307635881102200415e+00
6.034203090337692643e+00
5.209076563784106995e+00
2.639638455704966802e+00
2.087349037017755649e+00
5.427782849320797354e+00
5.427782849320797354e+00
3.877743410695792203e+00
3.877743410695792203e+00
4.197983645144223175e-01
7.720272613532586092e-03
9.622866976173272135e-01
9.622866976173272135e-01
2.865940749818905786e+00
3.455869142872534105e+00
3.907669502746376367e+00
5.228348457754838030e+00
1.880472731099565920e+00
8.259625518079287687e-01
1.570013575219110891e+00
4.329100273964638035e+00
2.586394737799277976e-01
1.134005785076442230e+00
1.134005785076442230e+00
1.134005785076442230e+00
4.783874577662587058e+00
3.572161645616485082e+00
2.249216404707430783e+00
5.709028095229834676e+00
2.858540377150324829e-01
4.542510873031922358e+00
2.165554942709453812e+00
4.749753434257131701e+00
1.261374203601496546e+00
3.829068049843168620e+00
1.498669485041212113e+00
1.701825149010360860e+00
3.880204834325452268e+00
5.755875634618779380e+00
4.858970773136578103e+00
4.295264444121281500e+00
4.295264444121281500e+00
3.121611877777795030e+00
1.537728628851048995e+00
3.368480575089487505e+00
5.192763820691760124e+00
3.401015370345593869e+00
6.105138385504897514e+00
4.744676087367211359e+00
3.571061724081322719e+00
2.164766692097597200e-01
2.164766692097597200e-01
3.536847638853973130e+00
4.216873009464050526e+00
5.409911032383156737e-01
5.712824356742412846e+00
6.167976678936281765e+00
6.203283065144002961e+00
2.836365743928961791e+00
1.877270475173247632e+00
5.849548572018409054e+00
5.932654537257645799e+00
3.817196790136485163e+00
6.156129401454257355e+00
2.329849351000229163e+00
5.612420532813234608e+00
5.027604994165186802e+00
2.478762746676803630e+00
6.076737622145299333e+00
6.076737622145299333e+00
6.076737622145299333e+00
1.641408222332120914e+00
4.095731973195075426e+00
2.226061824223695140e+00
2.226061824223695140e+00
3.480912511380761298e+00
3.047596539516650438e-02
4.840598329253332111e+00
4.408847249704265003e+00
4.408847249704265003e+00
2.502647351993365632e-01
3.562971086474420179e+00
5.173413839550756066e+00
2.766515378351764198e+00
1.275494130844663232e-01
3.699974702617841338e+00
1.361593740798531904e+00
1.361593740798531904e+00
4.972870201166765369e+00
1.128356542583602184e+00
3.603549007266681592e+00
3.465222490407653400e+00
3.972454434587416205e+00
5.054668480028439603e+00
4.426869371579197576e+00
1.628791856892782164e+00
9.632414243673794729e-01
4.964584433214284331e+00
6.121497815266791598e+00
2.507765138602310984e+00
2.195824564920130229e+00
2.195824564920130229e+00
5.174515089158315817e-01
2.378430711443119350e+00
2.378430711443119350e+00
5.416697312698772748e+00
5.416697312698772748e+00
1.384934512248721106e+00
3.442994059507438198e+00
1.954415439426337997e+00
4.210568326408976603e+00
4.520007148952908338e+00
4.520007148952908338e+00
3.040965956599951170e+00
4.500316387725646905e-01
4.500316387725646905e-01
1.043319817619786427e+00
6.057346806103923065e+00
1.179605118033260069e+00
1.179605118033260069e+00
3.057113911990064992e+00
3.315335945265921236e+00
3.315335945265921236e+00
1.595270216862003210e+00
3.147165531738576494e+00
2.727800769305266826e+00
2.727800769305266826e+00
2.196540745995140043e+00
4.376219515378911851e+00
6.138319045654738737e+00
3.070766434966271774e+00
5.670024343312960013e+00
5.670024343312960013e+00
2.383813224251571938e+00
1.128628448962385455e+00
1.353632965371517116e+00
3.504962255721528752e+00
3.504962255721528752e+00
5.197178814448911055e+00
1.159196399125034027e+00
4.717103756795140157e+00
5.982117920248728460e+00
1.339462132620043988e+00
6.055033271773393899e+00
4.929305014629042248e+00
3.763093637008882109e+00
2.760238077908622856e+00
2.760238077908622856e+00
1.880439146930788397e+00
5.190550048882753842e+00
5.632124852097615708e+00
3.019327061676351676e+00
2.860930758384309769e+00
5.584081315293910386e+00
3.251422152261065790e+00
5.056664452390114306e+00
1.110542878923470589e+00
6.019863074101922784e+00
6.789835596540640950e-01
6.967580988020305455e-01
2.699269345241098961e+00
1.344151662623918497e+00
5.098343957293748119e+00
1.634214358365062125e+00
3.571241804632771633e+00
4.018880427005659506e+00
3.475119141499805053e-01
4.289326059640485411e+00
2.946446330160771510e+00
8.290593040976155237e-01
8.290593040976155237e-01
2.776050147484014019e+00
2.776050147484014019e+00
5.405597909876716400e+00
5.843387763719992911e+00
2.544275211928155755e+00
4.496402446137270914e+00
9.264788298867161487e-01
2.663293472912194204e+00
5.953657417175642230e+00
2.945081943348224485e+00
3.514625286086468847e+00
5.466763062468438683e+00
3.693755884943391354e+00
4.682333662882048664e+00
1.395509681439356164e+00
2.607590990338074732e+00
5.831299976292540599e+00
4.241969960169995169e+00
1.639893279766316603e+00
3.058194965128711473e+00
2.714227736586485307e-01
2.016126552952144380e-01
1.200561491499818167e+00
2.347587026238633356e-01
2.347587026238633356e-01
1.740365015118019443e-01
5.241510204042210574e+00
1.559474267861901353e+00
1.251345279711417291e+00
1.053998803631832182e+00
5.525242209601003651e+00
3.642424231683865088e-01
3.642424231683865088e-01
3.535523384127419178e-01
2.669516624723655696e+00
3.821648679944835703e+00
3.692313323344337483e+00
2.745183177024641097e+00
2.745183177024641097e+00
6.244447528466772646e+00
2.722568513322203287e+00
1.652787457339262467e+00
3.280150667630805650e+00
2.030782197243523157e+00
1.743208467632106462e+00
2.767814847829129121e+00
7.694002418506666885e-01
3.100867856616680740e+00
5.982457857628310727e+00
5.092651041482095131e+00
4.559164495176867504e+00
6.058293694882498137e+00
3.343689794248513980e+00
4.122711684770202112e+00
6.574374714102706463e-01
6.574374714102706463e-01
6.149245998595368690e+00
6.149245998595368690e+00
6.149245998595368690e+00
2.001192452894187568e+00
6.064294673665366453e+00
4.163370985199499330e-01
4.163370985199499330e-01
2.478492279339999271e+00
4.935520695627360510e+00
2.213927055926045995e+00
2.255753296373011807e+00
4.067759385228306712e+00
3.202482076671463673e+00
3.706168205804206917e+00
2.864901173358074260e+00
4.030430832056135060e+00
3.102195018947874416e+00
3.102195018947874416e+00
2.022512213153504490e+00
2.011505602187932951e+00
2.011505602187932951e+00
6.007653882083384467e+00
2.373511116778615815e+00
1.789443143593144825e+00
2.337190402957922686e-02
4.118802413897222792e+00
1.622475063825945973e+00
1.470247085997788972e-01
5.119002759863139573e+00
1.242995163967624883e+00
2.980068423173733549e+00
2.980068423173733549e+00
4.716335106019118761e+00
4.716335106019118761e+00
6.154796060806365432e+00
2.531902725352953354e+00
2.531902725352953354e+00
1.687347478058673467e+00
2.050456722054669001e+00
4.024996767201952430e+00
3.736264741802555189e+00
5.562241854638235061e+00
2.359237216374108215e-01
2.359237216374108215e-01
2.138308332251801502e+00
4.379077955008037648e+00
4.379077955008037648e+00
4.631028111998061192e+00
7.970397453935689214e-01
7.970397453935689214e-01
5.353485223801722981e+00
2.981912662944965930e+00
4.389319473637896429e+00
4.492866129214639237e+00
2.268577834805368454e+00
4.531767975904347878e+00
3.111775357965722577e-01
1.649682358876383148e-01
4.495644894867453445e+00
2.016988919818142989e+00
1.252354664484880864e+00
1.413456496050658373e+00
1.991201207133437734e+00
4.590180267984464990e+00
4.028955685419516541e+00
2.077742326728383659e+00
4.443608796212634715e-01
4.567151437198584851e+00
5.569305545222324128e+00
3.699230463677010139e+00
3.699230463677010139e+00
1.674600368358393432e+00
1.206520762356052323e+00
3.844750334607459852e+00
4.965566781663005358e+00
3.044503115881088462e+00
3.566144129551402475e+00
4.559788187069982790e+00
2.640396909213359677e+00
2.481410280165981419e+00
6.182774216414935076e+00
1.928988699912910221e-01
2.077721391789042471e-01
4.778322102093144785e+00
3.551627754147868021e+00
3.082963282981250330e+00
1.991835384103385564e+00
3.348680847921740700e+00
3.897378721564515036e+00
5.903588589667672082e-01
2.513248553803901331e+00
3.234953961690048008e+00
1.514786122125910239e+00
4.105081493171441664e+00
2.254921488206884206e+00
2.807736799454247034e+00
2.807736799454247034e+00
2.980395433297623242e+00
2.980395433297623242e+00
4.561012618859144219e+00
1.179513469024205286e+00
1.179513469024205286e+00
3.988621452488183117e+00
6.203723359543001692e+00
6.203723359543001692e+00
4.983655393323748406e+00
5.399016059255208333e-01
6.777472465068967722e-01
4.845422231076025099e+00
3.926554899600892767e+00
3.926554899600892767e+00
5.923496536482562469e+00
2.114640698790317686e+00
2.114640698790317686e+00
2.782619340436635724e+00
2.782619340436635724e+00
3.049608984272953904e+00
5.128294951378722821e+00
3.845871399918339151e-01
1.368610648174684030e+00
2.439084327853162648e+00
3.406257260344671689e+00
1.010041204259585434e+00
4.554970667649113736e+00
3.561779929517141063e+00
3.561779929517141063e+00
3.414113381408395043e+00
5.070602954263319972e+00
1.295628936725171876e+00
2.253438423331290963e+00
5.381928325629914411e-01
6.253682413708141041e+00
3.156499171279195437e+00
3.156499171279195437e+00
9.074746152154888890e-01
9.074746152154888890e-01
1.451048950370153356e+00
6.089589514373619394e+00
5.633214903103100468e+00
2.538392056690712550e+00
2.538392056690712550e+00
6.210658257993340925e+00
3.063346075389539180e+00
3.631942924348672719e+00
2.620675713042839305e+00
6.170906777995794457e+00
6.170906777995794457e+00
5.409839520362526244e+00
5.286990024510567210e+00
3.405320310638505710e+00
3.405320310638505710e+00
1.495695936303625295e+00
6.126679729835130317e+00
1.640572825181551231e+00
1.774098607677103701e+00
5.890847122015436810e-01
3.913090401068616941e+00
3.913090401068616941e+00
2.835470927861925006e+00
2.508930968216397162e+00
7.968950301786614787e-01
4.683484638870443639e+00
3.987353527263408637e-01
4.029501162960539062e+00
6.005843463951151762e+00
4.919743051084277674e+00
5.332957836282635533e+00
2.620887714874132968e+00
3.861329027223757038e+00
3.633509101914170536e+00
3.986041978690846754e+00
3.474182442683797056e+00
2.738880631483727512e+00
2.595269778618215284e+00
9.846328898566625298e-01
2.148665852815202726e+00
2.301691233976770334e-01
3.068982341470555042e+00
4.931302823451085615e+00
1.229690968826327335e+00
3.315527369820344905e+00
1.726960248108863283e+00
5.774426587624660989e+00
5.630578067089439642e+00
3.255693232389813119e+00
3.255693232389813119e+00
6.965285493279047557e-01
6.965285493279047557e-01
1.367900982137525645e+00
3.509459325127382900e+00
1.029715964594835498e+00
1.029715964594835498e+00
5.410780648263023629e+00
4.168053889915979582e+00
2.864331842094427927e+00
5.771652638685464076e+00
1.653469936907931093e+00
3.650969022597799984e+00
3.681177845177865393e-01
4.297975140770688540e+00
2.530567349845144420e+00
2.530567349845144420e+00
2.530567349845144420e+00
4.650125762857266309e+00
1.624666292388955213e+00
1.611745344545823855e+00
1.462994384369219247e+00
3.787019256891224650e+00
5.302705895393435398e+00
3.167213596097639527e+00
3.287241621014353576e+00
3.287241621014353576e+00
2.735492243590588402e+00
1.006162179727047246e+00
1.006162179727047246e+00
1.006162179727047246e+00
3.946255590077949016e+00
1.621622763647121879e+00
1.621622763647121879e+00
5.822617491757027253e+00
9.187299536521047472e-01
9.187299536521047472e-01
9.854379589177186816e-01
1.222512181477819482e-01
5.973951564567290262e+00
5.416793256120225664e+00
5.416793256120225664e+00
6.278649007128654702e+00
6.278649007128654702e+00
3.251808408960497498e+00
1.936574348378414356e+00
1.936574348378414356e+00
1.891409864343476244e-01
6.261943230428840934e+00
2.558238075316140225e+00
4.378874484889901275e+00
2.312131821390046582e+00
5.642496693849983203e+00
1.197162677314631551e-01
2.274180095401368007e+00
3.281923797790099684e+00
4.829463349110683090e+00
5.666624891418986287e+00
3.022602536436352239e+00
3.022602536436352239e+00
1.243532185223070741e-01
4.796814917308786619e+00
8.001222974401542842e-01
2.121474656138859771e+00
5.268110224030563060e+00
1.426987739827229262e+00
1.426987739827229262e+00
3.192470131906762543e+00
6.105093149442341272e+00
4.360878938304556307e+00
5.998552294685738140e+00
4.612070161655308809e+00
2.124668861123037544e+00
2.124668861123037544e+00
2.124668861123037544e+00
1.521396808465664385e+00
5.557206487131638006e+00
3.105357773100251961e+00
3.389218314936708776e+00
5.877112673818837507e+00
2.051457239490190432e+00
2.858496647261802082e+00
5.434354360107436221e+00
3.925349639749503350e+00
2.243242314055976294e+00
1.744356958821683179e+00
4.321634877287271692e+00
4.966099784500851655e+00
4.966099784500851655e+00
7.130677345601430517e-01
4.363180199674997262e+00
4.428169155558299153e+00
5.425195952406579813e+00
4.621844794698214187e+00
5.543884175271427850e+00
4.682322866983310128e+00
4.682322866983310128e+00
5.361330552924279402e-01
1.956460563164771571e+00
5.981291227556992496e+00
1.680189302069165613e+00
4.317220531916818871e+00
4.317220531916818871e+00
1.452305424215009744e+00
1.294636960615677346e+00
4.098675541288310242e-01
2.783817602738929864e+00
5.667750997439608973e+00
5.667750997439608973e+00
2.861798580008587223e+00
2.577225620835982056e+00
1.849936390756907301e+00
3.960795468624702664e-01
2.620144219574875422e+00
5.520338424597958316e+00
3.382640912213073836e+00
2.455140898241747749e+00
5.400555945821854387e+00
4.454026586777254160e+00
1.322071950313135957e+00
1.832324333462032939e+00
5.617006799639899128e+00
6.007525537726104758e+00
6.007525537726104758e+00
1.152323975753392737e+00
3.177949373876122863e+00
5.396401107131685748e+00
1.088206053458363520e+00
5.895969301961525133e+00
2.498870446667401879e+00
3.071973712506798293e+00
3.071973712506798293e+00
1.599337383238522037e+00
1.845370011553074008e+00
3.399045342448312024e+00
3.399045342448312024e+00
5.170243875761486585e+00
5.097607932706448075e+00
5.097607932706448075e+00
1.856366664854547821e+00
1.856366664854547821e+00
2.088050267700783280e+00
5.574653879990414396e-01
7.922149017446873387e-01
1.785479864957814300e+00
1.395209619583570593e+00
5.541394729939399966e+00
5.541394729939399966e+00
6.104784079808942110e+00
6.104784079808942110e+00
1.727288294342208985e+00
6.039883849461180176e+00
3.924549795859764600e+00
4.641934710835675659e-01
1.627349769224375464e-01
5.007974225129287582e+00
4.960331647906510710e+00
4.185381155832851974e+00
3.483374144315285026e+00
1.700327698573884661e+00
2.470790251865512488e+00
3.445575857114689278e+00
2.051579206502697872e+00
6.102986865664816740e+00
6.102986865664816740e+00
5.520122072218072162e+00
5.277973019440810987e+00
5.765144034528972838e+00
2.099077258472199503e-01
2.535385687477864636e+00
1.354398166437711382e+00
2.078559906078352171e-01
4.502636481888259823e+00
2.513817084195849816e+00
2.079261235909264371e+00
2.079261235909264371e+00
1.551142126184123171e+00
1.171149308303625070e+00
1.171149308303625070e+00
2.260446958290845743e+00
5.570756656471262502e+00
1.130244571040111445e+00
4.266785436487708694e+00
4.786912023815975914e+00
1.847700551155357473e+00
5.185844750922674606e-01
5.185844750922674606e-01
5.386552421183150585e-01
4.811095246876385900e+00
1.005530935755105659e+00
1.005530935755105659e+00
3.912734499247405573e+00
2.753513578033992104e+00
4.127683489146209084e+00
4.983091868711277073e+00
4.867213293616973857e+00
4.367814371441843591e+00
3.378190759639197793e+00
1.119371879334924991e+00
4.334903375191295538e+00
3.212853617659483518e-02
1.428464266593418408e+00
1.428464266593418408e+00
3.547163644249471837e+00
5.127510573664191718e+00
1.341716137354161731e+00
1.341716137354161731e+00
4.171588163626554824e+00
4.171588163626554824e+00
2.566563452779982768e+00
1.627864101502796146e+00
3.534732312598227733e+00
5.670752675610646776e+00
5.670752675610646776e+00
2.643962033305644610e+00
3.857454807388585927e+00
3.857454807388585927e+00
3.687229179171755078e+00
2.931686509141204766e+00
4.910016186548634920e+00
5.464134040447135909e+00
5.450812646672588357e+00
3.816083036039593868e+00
3.816083036039593868e+00
1.830338213944667558e+00
6.093298035104124821e+00
1.544178863803578494e+00
5.473836844904038657e-01
2.912123351369771740e+00
2.912123351369771740e+00
5.651196103479120048e+00
4.141521417591430776e+00
4.141521417591430776e+00
4.944662855923594336e+00
3.424904170577693030e+00
6.017061202602583592e+00
1.705537821319910385e+00
6.106028237276924564e+00
1.820913857577588502e-01
5.778278111122242322e+00
5.709209795766642337e+00
5.709209795766642337e+00
1.410112671670550100e+00
2.942949019536325039e-01
2.942949019536325039e-01
2.942949019536325039e-01
1.976608710897316712e+00
3.205605457448088558e-01
2.429273131200444524e-01
2.696685018013006641e+00
1.932239389218359804e-02
5.399390539638257991e-01
3.269765065588545738e-01
5.465171421715959710e+00
7.167318216602369674e-01
3.324607043208448687e+00
3.733869137122217907e+00
1.295905042731469337e+00
3.338751690537785866e+00
1.688497814486826343e+00
5.415211432494043464e+00
5.097441416519530755e+00
8.987484245833439189e-01
1.589019246356242476e-01
5.435471778199490345e+00
6.181933249652599827e+00
6.196013582709924528e+00
6.196013582709924528e+00
4.601808356378748854e+00
4.601808356378748854e+00
4.395080559304975765e+00
4.395080559304975765e+00
6.252290414692481590e+00
3.835039540687378956e+00
2.172636065703814623e+00
5.118564331158975911e+00
1.976020533743898966e+00
7.522477684696315947e-02
7.522477684696315947e-02
3.145074939445677398e+00
2.676098052339465738e+00
8.828518511577740924e-01
3.066722928207079590e-01
2.540150267955432639e+00
2.141841845704977487e+00
1.173841022151863811e+00
4.693003652677022686e+00
5.696465635381011694e-01
5.696465635381011694e-01
3.968575003839085902e+00
5.627867233671943303e+00
4.252927683474530873e+00
1.754936715692567262e+00
1.754936715692567262e+00
2.565020574546364784e+00
4.702544865054854029e-01
3.349880364340618755e+00
5.271269237049743595e+00
5.692870948397064090e+00
1.549546683540953040e+00
4.760180094877117796e-01
4.760180094877117796e-01
3.494269693912189112e+00
3.494269693912189112e+00
3.494269693912189112e+00
3.494269693912189112e+00
4.896311695457472801e+00
5.687593265443431356e+00
2.567008100359686296e+00
2.567008100359686296e+00
3.344058332619320062e+00
2.475640289716920961e+00
2.674302014266489280e+00
1.791237949756386172e+00
5.860667362606669428e+00
2.479912702321364293e+00
2.479912702321364293e+00
1.918795711353624256e+00
1.893303789392485115e+00
3.636158932964021151e+00
2.813280184808837348e+00
5.056849202887506500e+00
5.010468398902158782e+00
4.796731847783917146e+00
4.665760641099527817e-01
4.775923172724679588e+00
3.253547488689858103e+00
3.253547488689858103e+00
2.140423636191822965e+00
4.016133111782066223e+00
4.026265290465017799e+00
1.638513774556755287e+00
9.071550839730040394e-01
5.673264142101039909e+00
4.244738373270658727e+00
2.189647372708261486e+00
5.107415426231312949e+00
2.545781834568581203e-01
3.697213194892486232e+00
1.476166012362915225e+00
1.476166012362915225e+00
1.476166012362915225e+00
2.668170118820018644e+00
3.262664807435224912e+00
6.537030025583980830e-01
6.043705995577778545e+00
2.712986607893867586e+00
3.119708624796739826e-01
4.590705517082832365e+00
4.590705517082832365e+00
3.681913746817012889e+00
2.954271649463388272e+00
5.984911321805143736e+00
1.302013138038774720e+00
2.833067759802689878e-01
2.833067759802689878e-01
1.489207241985782915e+00
2.154516682533680338e-01
2.154516682533680338e-01
5.704790015090432931e+00
2.517351664698194824e+00
1.504802585004163085e+00
5.478513537314146475e+00
6.024062928803393113e+00
6.024062928803393113e+00
4.951169440293542223e+00
1.726764122052351524e+00
4.119482670896262633e+00
2.231409830884960144e+00
2.702164348625673895e+00
2.702164348625673895e+00
1.880501880317678953e+00
1.880501880317678953e+00
2.652523678845550847e-01
5.168889595614607479e+00
5.168889595614607479e+00
5.168889595614607479e+00
5.774911751003725335e+00
5.970940159840298023e+00
5.970940159840298023e+00
5.154342969837525601e+00
3.340837949553980835e-01
5.524206841797978385e-01
3.691215656635469244e+00
4.264702486808626958e-01
3.388376848597318247e+00
9.448411064436985640e-01
5.862545469449429447e+00
3.321115927912628329e+00
5.988453257824030374e+00
1.141268306359792817e-01
5.701176767534913203e+00
5.124525335590213615e+00
7.598215737672626702e-01
1.886432150831828025e+00
7.999836760628600274e-01
2.131972765596986008e+00
3.662490917771266563e+00
5.789457278040881505e+00
4.930492430063968534e+00
4.930492430063968534e+00
1.706269225402506251e+00
1.706269225402506251e+00
4.154261621070463484e+00
2.249285964993674725e-01
3.902720065117661896e+00
2.494758760909359552e+00
5.153042289133659359e+00
1.353904607637304913e+00
3.513285553396436001e+00
5.731002762098550640e+00
5.832903062656003002e-01
1.754667457733518177e+00
3.641901976311673561e+00
5.764428927301267436e+00
5.764428927301267436e+00
2.130239918058672188e+00
4.275414886517160618e+00
4.513360848500824751e+00
4.799540915783069295e-01
6.941629710982084589e-01
3.647032303638116257e+00
1.093239332204854364e+00
4.515988809672256465e+00
3.750604795216060161e+00
5.242719621155345067e+00
4.638715016636353994e+00
4.037862083395273416e+00
4.037862083395273416e+00
3.570835005576279642e+00
5.433781478096192608e+00
3.979756083181596793e+00
6.127299327363481041e+00
2.511132911773360732e+00
1.086935102560123489e+00
4.437335610331480495e+00
2.788899090342042086e+00
5.554019152948797000e+00
5.554019152948797000e+00
1.850660676282259942e+00
6.184517039052821907e+00
5.617730060798926672e-01
5.762636341778462068e+00
4.444011412291813734e+00
1.984919245139700195e+00
2.433213865877842608e+00
1.110662813055043330e-01
2.596558317265589722e+00
5.772813537980962195e+00
1.125519649640033037e+00
2.463568161280072388e+00
2.890999529529274525e+00
1.960608928058883649e+00
5.277780337791501353e+00
4.428505730483181857e+00
2.144235067973996323e-01
2.079263526659961059e+00
1.289394193444159065e+00
2.772228423259306851e+00
4.865129780308191876e+00
4.865129780308191876e+00
2.693589729883658634e-01
4.884611042894468902e+00
3.329804243493508675e+00
1.871560091029175865e+00
5.365961019703497925e-01
3.506813000561681548e+00
3.878037573269402571e+00
4.656028340006280075e+00
4.185539515346197170e+00
3.963928760615965441e+00
5.319243507112795477e+00
5.319243507112795477e+00
3.998752730313086978e+00
1.691313106151074663e+00
2.388048443966980017e+00
5.867095780330503274e+00
4.337101139280315820e+00
2.724428325397525441e+00
1.482303544586045518e-01
7.644296185725147907e-01
7.644296185725147907e-01
2.924662723199626058e+00
4.978821632589088608e+00
9.894302026423700269e-01
4.046832942644531528e+00
5.302290610717098396e+00
5.267928460196697138e+00
3.658910410522089318e+00
3.658910410522089318e+00
3.658910410522089318e+00
3.464210402084266782e+00
8.693658296466288959e-03
5.451813674834404821e-02
5.321244643419031028e+00
5.370843900108574154e+00
6.164698674064657880e+00
3.602732915375010947e-01
3.518764364696977509e+00
6.261868184341816246e+00
6.138199557195149758e+00
4.430054099936135970e+00
1.329010307269209434e+00
1.329010307269209434e+00
3.359418436920171835e+00
2.415576947742071212e+00
2.453760844681754705e+00
3.222855440998059873e+00
5.577592995312354418e+00
1.607314013723078361e+00
1.371399783090262225e+00
3.992705011930901993e+00
3.483600005564395197e+00
9.158681948462934486e-01
9.158681948462934486e-01
9.158681948462934486e-01
5.873582789536077264e+00
3.231379354041735930e+00
5.758125267315493900e+00
1.296512868303610233e+00
3.743221198456039733e+00
3.386536655262883944e+00
5.926310989506466953e-01
5.926310989506466953e-01
5.926310989506466953e-01
3.590430790952642948e+00
3.590430790952642948e+00
2.840794808684307782e+00
1.023585544921814083e+00
4.673285248601418473e+00
4.583704973064728350e-01
3.586851440232913024e+00
3.586851440232913024e+00
3.906259240955071821e+00
1.644955235282687056e+00
3.419943204529096281e+00
9.534593894435090533e-01
3.550409836149601261e+00
1.668108388806190945e-01
6.200057390289377857e+00
1.384396697841244084e+00
1.384396697841244084e+00
1.322566096635126698e+00
6.340947077766925233e-01
7.242166715100060159e-01
2.794025406147214952e+00
3.423042758663793261e+00
5.192512737482085861e+00
5.205634476573646197e+00
3.072885893432658833e+00
3.072885893432658833e+00
5.607495724899884237e+00
5.607495724899884237e+00
2.350348959729883447e+00
2.350348959729883447e+00
4.351551503646050811e+00
5.075755022429859764e-01
1.123974373885826772e+00
1.123974373885826772e+00
5.071478423746109243e+00
5.071478423746109243e+00
5.071478423746109243e+00
1.388859324438476150e+00
5.663096969479976650e+00
5.663096969479976650e+00
2.301056418975814921e+00
1.213641443979028622e+00
1.677858479346992837e+00
1.677858479346992837e+00
1.677858479346992837e+00
5.523886182964830027e+00
5.745770059412000919e+00
5.745770059412000919e+00
1.297307697811127092e+00
3.698957557476932667e+00
1.416384321762969023e-01
6.245929587488576296e+00
1.059851488930032559e-01
3.200283295143936613e+00
3.584138388007918508e+00
5.899029678872965476e+00
6.020138891865067343e+00
5.636853806347970064e-01
1.064308454201079890e+00
1.064308454201079890e+00
1.322498804135381789e+00
3.525428119591094145e-01
3.636344288271736946e+00
3.897503702916781165e+00
3.897503702916781165e+00
3.897503702916781165e+00
8.182248343733533602e-02
2.499129412663609884e+00
2.499129412663609884e+00
3.750530348220385335e+00
4.693284006484521598e-01
9.108697619422345682e-01
1.950940330030944025e+00
1.685191584430604017e+00
4.190670045928905907e+00
4.190670045928905907e+00
3.792881118038544663e+00
3.792881118038544663e+00
1.409465426635136964e+00
2.759489868598228313e+00
4.538390278583426252e-01
5.549486122892745676e+00
2.377782873661640650e+00
5.852767943560017727e-01
4.994133792966645835e+00
8.543486138515987705e-02
5.677639672865013587e+00
2.284729186116864597e+00
2.284729186116864597e+00
2.921299437929897991e+00
2.921299437929897991e+00
3.991661794313842382e+00
2.898139310912176470e+00
5.632823914677799415e+00
1.074631681957994189e+00
4.797093071397583230e+00
2.531764292914937542e-01
3.299108639199847204e+00
3.426897168479705602e+00
5.027784794500613330e+00
5.122190603776477502e-01
1.311846449914719770e+00
2.863104686881126071e-01
2.859322579526370589e+00
3.938641525034237034e+00
4.327740409097970087e+00
1.150899322561844684e-01
1.150899322561844684e-01
2.670837582335920501e+00
4.904453022337895263e+00
1.160942233695944736e+00
2.147084731848671879e+00
3.182757247903289510e-01
1.699848561696049920e+00
5.292849916858152426e+00
5.525967454919463506e+00
5.378619193378449737e+00
5.378619193378449737e+00
3.844363906875253978e+00
3.844363906875253978e+00
4.570400563150377238e+00
2.584161015282266050e+00
4.479097576299135852e+00
4.479097576299135852e+00
5.701711861415613036e+00
4.541955601311331137e+00
3.299975193202274504e+00
1.161889822481564138e+00
5.134832249160553808e+00
1.440332077025203716e-01
6.140070710649930597e+00
5.431745947234075444e+00
5.595586998282904290e+00
1.642842246068399348e+00
2.111029957748337793e+00
2.111029957748337793e+00
5.734962236745007047e+00
5.734962236745007047e+00
5.734962236745007047e+00
7.465073740268008962e-01
5.465315016038116980e-01
5.609471611787792966e+00
7.789314921007433057e-01
2.975506051186886936e+00
2.885006732154662856e+00
3.388402409063412168e+00
4.084304935345184795e+00
2.664878053686646098e+00
4.374786524157437739e+00
4.374786524157437739e+00
4.374786524157437739e+00
4.490171561181923288e+00
4.891481079841700108e+00
4.891481079841700108e+00
1.150962252880205483e-02
3.675217513966357874e+00
3.366287295099468224e-03
2.014708889636951383e+00
2.014708889636951383e+00
4.779120277200096467e+00
4.779120277200096467e+00
3.923777226256857986e+00
5.847803675320963457e+00
5.725164665614787651e+00
3.599210216326046208e+00
1.651725267005602404e+00
2.493201134688096232e+00
2.922463849769435740e+00
1.385271911403160416e+00
1.458858578669866013e+00
4.848681276550571795e+00
4.848681276550571795e+00
1.576762511963834434e+00
4.560211358736361298e+00
3.884640094064436777e+00
1.821012526441188939e+00
1.821012526441188939e+00
3.971465179960115943e+00
3.971465179960115943e+00
3.971465179960115943e+00
3.628944893206467626e+00
1.982903093210454770e+00
6.247847040027250110e+00
4.013338954546318504e+00
2.454567182794427538e+00
4.141071595186000209e+00
5.979421119579679811e-01
2.039534346070155379e+00
1.708415360279028405e+00
2.699800224102242296e+00
5.265876152559989087e+00
5.893755878271587534e+00
5.893755878271587534e+00
1.309216882564347095e+00
1.712813162494207120e+00
1.712813162494207120e+00
5.966854638400354460e+00
1.975564276090842952e+00
2.648857540241239761e+00
2.648857540241239761e+00
4.484102483059702493e+00
1.977566250380188961e+00
1.606259450304656333e+00
9.726665020980886922e-01
4.512461231164012432e+00
4.512461231164012432e+00
2.188003307760904903e+00
1.320592098013024795e+00
5.655955528994837778e+00
3.512989217271046183e+00
2.077901080094751052e+00
2.842718948230304576e+00
3.015770580520113597e+00
3.015770580520113597e+00
3.015770580520113597e+00
4.631930590909741241e+00
2.407539471811606546e+00
3.005010369589900421e+00
5.620485309312126532e-01
6.113054083507254433e+00
6.113054083507254433e+00
1.646708454455819037e+00
6.098901312258833585e+00
5.949634713422262244e+00
3.062136877777618338e+00
5.854155772775472499e+00
5.302278096290381271e+00
5.302278096290381271e+00
5.683968384607544166e+00
4.367726151024982073e-01
3.276508267731307988e+00
2.551653061007023382e+00
2.257826564211923071e+00
5.319210897252254711e+00
8.969374004175403314e-01
9.654437244499805004e-01
9.654437244499805004e-01
1.519507024926600280e+00
2.925493689281308818e+00
4.774599152088670806e+00
5.899190936609008951e+00
2.736171756336055694e+00
4.099358523337995663e+00
1.456069952307359472e-01
3.445183552641392755e+00
5.455929011307040000e+00
5.455929011307040000e+00
3.115721847551224499e+00
3.831360668426889937e+00
2.676998334285054071e+00
9.990798444394002331e-01
3.334662370934388775e+00
6.390871587223143635e-01
1.214675367270396933e+00
9.494118559904496379e-01
3.775544333009861475e-02
3.194899091386753653e+00
3.194899091386753653e+00
4.342839669191540963e+00
1.127094117643776983e+00
5.136212987248434558e+00
3.692027151616924741e+00
3.132597163292041742e+00
3.132597163292041742e+00
6.019089213579704278e+00
4.535500807503273890e+00
4.535500807503273890e+00
6.074666837266499364e+00
3.292894285633485296e-01
1.778794471735565708e+00
2.646979467165852640e+00
2.646979467165852640e+00
2.752670977643056460e+00
2.752670977643056460e+00
2.752670977643056460e+00
2.657760722378522900e+00
1.650844554642016959e-02
4.487037489573038940e+00
1.269741479443407428e+00
2.956054315054126747e+00
3.470983060622715222e+00
2.730796654410902136e+00
4.558073362828249486e+00
4.332731391601263304e+00
1.887744631777273696e+00
6.245474902857703015e+00
2.644721401789741577e+00
9.825416363290120358e-01
9.825416363290120358e-01
7.969540573307405396e-01
3.178830094512508975e+00
2.067292718684937469e+00
2.905423820388890022e+00
2.905423820388890022e+00
3.569105490783209600e+00
4.106169987617788841e+00
3.183604146363116172e+00
3.733620895514165205e+00
3.494532019939324385e+00
2.677157060210436867e+00
2.909174967237234455e+00
4.368129240444847738e+00
5.539508740370149731e+00
1.405984065344878964e+00
5.221839746543508909e+00
4.793955433345482575e+00
4.793955433345482575e+00
2.105997234446391531e+00
2.105997234446391531e+00
2.105997234446391531e+00
5.998352002912445080e+00
3.813550656101377001e+00
5.343377401569614271e+00
5.343377401569614271e+00
1.581663248960468060e+00
4.349877271336808349e-01
3.422001078122036244e+00
1.640566924891739831e-01
5.079967304945428808e+00
5.079967304945428808e+00
6.182099322838638500e+00
3.609693570429813647e+00
3.809984233825175259e+00
4.369924633274905545e+00
3.660392652185530338e+00
5.201196110200379863e+00
2.176218835676301921e+00
5.420644567316871942e+00
6.081218098303059705e+00
1.840338311953775730e+00
1.840338311953775730e+00
5.829549577129634841e+00
2.230713737597337598e+00
2.188241900720711897e+00
2.237522275261262905e+00
2.237522275261262905e+00
7.064042109086106080e-01
3.374672848906590250e+00
4.182922111613944338e+00
4.652588065820006946e+00
1.841701966461972262e+00
5.003372563339644863e+00
5.003372563339644863e+00
3.669637388851813675e+00
3.669637388851813675e+00
4.899447178045726936e+00
3.310950969648096986e+00
1.067327550542876757e+00
1.067327550542876757e+00
1.136506306840217917e+00
5.117953348107108447e+00
5.117953348107108447e+00
4.406111965116707552e+00
2.236633744038067917e-01
2.892799113417481749e+00
9.064367277743299312e-01
6.178852477483012251e-01
2.580546089530857401e+00
4.905459511200219502e+00
1.051240498398900769e+00
3.141159142768479740e+00
5.377082555721077739e+00
4.329996263751906049e+00
3.267166195517429816e+00
3.480460903795111527e+00
1.510144611651266899e+00
4.831075746179422481e+00
4.749376856163975091e+00
3.560261801031524787e+00
6.102349729307714021e+00
4.353809529616473384e+00
4.346544321382399545e-01
5.958302837768130189e-01
5.958302837768130189e-01
4.715664361410778938e+00
3.052339578714109436e+00
2.933735115520091696e+00
1.511278818539798507e+00
1.511278818539798507e+00
1.511278818539798507e+00
4.034257553931698048e+00
3.653197829368000527e+00
4.137872133216932369e+00
8.247740119653332869e-01
5.931759420683056838e+00
3.215057550690323840e+00
3.215057550690323840e+00
3.160467705994565168e+00
3.160467705994565168e+00
2.385964268379247244e+00
2.385964268379247244e+00
5.609906475179857743e+00
5.246194193117174720e+00
6.458764506766483393e-01
3.354068028833906201e+00
3.152694599055282598e+00
4.551669883697382346e+00
3.899839334681232561e+00
6.145745596330591809e-01
6.145745596330591809e-01
2.518980739164181415e+00
2.148216766746314121e+00
5.036047182716432147e+00
5.036047182716432147e+00
1.864895983473799035e+00
6.209824151569534934e+00
1.102589497600845014e+00
9.904374118955523443e-01
9.904374118955523443e-01
6.173695360374782837e+00
6.173695360374782837e+00
4.023017519182422674e+00
4.023017519182422674e+00
3.318513970629767496e+00
2.020224852653919712e+00
5.159837947354303900e+00
4.240572536678360649e+00
5.393571070257804578e+00
5.393571070257804578e+00
4.362426384996602735e-01
1.622668746980417964e-01
1.622668746980417964e-01
2.546849389026174748e+00
2.546849389026174748e+00
2.546849389026174748e+00
8.522365574317625203e-01
1.858496660690441615e+00
3.547274123731886331e+00
1.603598269360948514e+00
2.824118481630996769e+00
3.980946493274606368e-01
2.085560854952696275e+00
5.307999000925581079e+00
3.481438693452638233e+00
3.632881362879995191e+00
4.695033253109375693e+00
2.552202654425306250e-01
1.928749649798273680e-01
2.259486051916564264e+00
1.530605600092788343e+00
1.530605600092788343e+00
3.526567486870737511e-01
1.833329601667172071e+00
1.833329601667172071e+00
3.604889451196264805e+00
4.618702386486400968e+00
2.529144662949168065e+00
2.529144662949168065e+00
2.242183796125852169e+00
2.755671804735783326e+00
4.484886329275363792e+00
4.780484215109710888e+00
5.837886004228696635e+00
3.209870052604161028e+00
3.209870052604161028e+00
3.209870052604161028e+00
3.693511773986151603e+00
3.464020752219036492e+00
1.414669607427168962e+00
4.825360621234448644e+00
4.588748446550305005e+00
6.136520352854349269e+00
8.874179453768471504e-01
1.845799886252372346e+00
2.407011189783503369e+00
5.704039319444226486e+00
4.672697672992018880e+00
4.672697672992018880e+00
1.067958885617807496e+00
3.094339335963688598e+00
5.505246788288999937e-01
4.476764838713984673e+00
3.408835636025667082e+00
2.768830168471875908e+00
9.542291472950976683e-01
9.542291472950976683e-01
5.130203429681435168e+00
1.590008104676980061e+00
8.669241582850251149e-02
5.814195602954023379e+00
5.144121457351944038e+00
2.121565921308757652e+00
1.061332425074301256e+00
3.730889222967525676e+00
3.730889222967525676e+00
3.785016925981141700e+00
4.493620567817427691e+00
1.196454361044068548e+00
2.519133978119430850e+00
1.582159942754283399e+00
1.582159942754283399e+00
1.582159942754283399e+00
1.148358860097449252e-01
2.374541777611270277e+00
1.574777139722245423e+00
2.476692906037539998e+00
5.398811244250632413e+00
4.908336546114938415e+00
2.008006187019967470e+00
2.214755002250264226e+00
5.089481513280990299e+00
8.917516833448191349e-01
4.573566773028247212e+00
5.171526344797570118e+00
3.308781427396854546e+00
2.426661144591570007e+00
2.426661144591570007e+00
6.117568635256740883e+00
2.247993813085454207e+00
3.090465758181565548e+00
2.002128924479599448e+00
2.002128924479599448e+00
3.544060393262205899e+00
3.544060393262205899e+00
4.395787773832007694e+00
4.395787773832007694e+00
7.779185368876557760e-01
4.204383635398124319e+00
1.088065344448095217e+00
2.313217348871921430e+00
3.158196465000159048e+00
5.540248241505859816e+00
5.540248241505859816e+00
3.702608238619500725e+00
5.390191656205715276e+00
2.164878993589569589e-01
2.164878993589569589e-01
2.366032044637163878e+00
2.366032044637163878e+00
2.366032044637163878e+00
5.814173792243386707e+00
3.272791022853782206e+00
2.089992864353332536e+00
2.089992864353332536e+00
3.920235715319160263e-01
2.988571513095996224e+00
3.915917807050413479e+00
4.086409300838420577e+00
4.544789119895579432e+00
8.800892068707781846e-01
8.800892068707781846e-01
5.446392448438697187e-01
5.685240282232958187e+00
3.840626439694898142e+00
6.105271368969162893e-01
1.968267482296148785e+00
1.968267482296148785e+00
1.968267482296148785e+00
3.827017464091079013e+00
3.669592017026090947e+00
4.753897029231774596e+00
4.753897029231774596e+00
1.512262201875585355e+00
5.394534118458618188e+00
1.188735886349108206e+00
4.240310102110925072e+00
4.240310102110925072e+00
3.639877354503256335e+00
3.639877354503256335e+00
2.620092641434036196e+00
9.527260802867729694e-01
4.915838099370339442e+00
9.040424725935816141e-01
2.103214665658356353e+00
5.988505855281660573e+00
1.969600575161305045e+00
4.398782619278918560e+00
1.016739384752220587e+00
1.346867025459517642e+00
4.492538896448012409e+00
4.883409025158831795e+00
4.883409025158831795e+00
4.186820930380770633e+00
4.186820930380770633e+00
3.268863260433836349e+00
2.823507209548171915e+00
4.703025544211126174e+00
6.252125778664111344e+00
6.252125778664111344e+00
1.786430166481078885e+00
1.036346276104740838e+00
1.036346276104740838e+00
3.714361417124173226e+00
1.262754207568674403e+00
4.786754188518725250e+00
2.413199658179566498e+00
5.586156848902400718e+00
7.298921849538775319e-01
2.456823033814394819e+00
4.837219816700043751e+00
2.995215835484913214e+00
5.825497448613609741e+00
5.411345213259684428e+00
5.850485537120503565e+00
1.861263728169339160e+00
9.639036910631864075e-01
2.016447659555081984e+00
2.712563579671751768e+00
5.993230212396402301e+00
2.245046818779224296e+00
3.383228805452896282e+00
5.908808466226673772e+00
4.949259306514479206e+00
4.755142883471627613e+00
4.706639279326612524e+00
4.487784454590462602e+00
2.687069772357046915e+00
3.707963525364091684e+00
1.391969036066428522e+00
5.900901700235126057e+00
3.882315997918937445e+00
7.603377686467727159e-01
2.169911908615134166e+00
1.859119655667923254e+00
2.301450942909779585e+00
4.846881897079138746e+00
3.802302710030041055e-01
3.802302710030041055e-01
5.252409511029930478e+00
6.688529763463080258e-01
1.820426798401751256e+00
6.962758314569503781e-01
2.822169840049602030e-01
5.277832302835250289e-02
5.501567989882765630e+00
1.466339689358364673e+00
5.085566915662946386e+00
7.836805753912763350e-01
7.836805753912763350e-01
1.566545776056580408e+00
3.645975738284005008e+00
4.084731896165366472e+00
2.185556507535824977e+00
4.959829933858538098e+00
3.961778238184841427e+00
3.276889147522002776e+00
1.273750852548097612e+00
1.273750852548097612e+00
1.461335702863482133e+00
3.291091083449724675e+00
5.788220807559529391e+00
5.028817041642460239e+00
5.028817041642460239e+00
2.906190370336682705e+00
7.011294539581056640e-01
7.011294539581056640e-01
1.288679176643142021e+00
4.762781033254926299e+00
3.598339412493546163e+00
5.800909257558449106e+00
2.747157041099914210e+00
5.868717055928061477e+00
3.662656011017768165e+00
5.966051055255974234e+00
1.605488301730121137e+00
5.548373344121989348e+00
6.336525345161048151e-01
2.071454694558010345e+00
3.037461591084992918e+00
5.658888379511427758e+00
5.869216004424977484e-01
5.869216004424977484e-01
4.362189304080988705e+00
4.193122751430795603e-01
2.927062303048220571e+00
5.175089058284337185e+00
3.587932658662079000e+00
5.435137418099222018e+00
3.353313772024795636e+00
1.011598229504213187e+00
1.987258332246502945e+00
3.058707319583264805e+00
3.663227493185147399e+00
2.947555501099191844e+00
2.947555501099191844e+00
1.220252983331631569e+00
1.081749060382875882e+00
1.513362372257125443e+00
1.101516109508633434e+00
3.022807865505251712e+00
2.017579972095012053e+00
2.684303923762215049e+00
4.649700343826118853e+00
2.443008806730448512e+00
1.332775906768842944e+00
5.265799165562536466e+00
1.937054756263735911e+00
6.238510088827564637e+00
1.414808780983125125e+00
4.813435571297025817e+00
2.382356023723001925e+00
3.877406763298260284e+00
1.354881182918752813e+00
2.647787375409166089e+00
5.690678679902596571e+00
4.700494675213287898e+00
3.469861063222281050e+00
2.458214281868816187e+00
5.895247605348242992e+00
5.740492963327398002e+00
3.929443265781008332e+00
2.796406804191519768e+00
3.768104452925115311e+00
1.990787580657396916e+00
1.225392235394544116e+00
1.225392235394544116e+00
3.534745954624828101e+00
1.502631949849604354e+00
3.186695320411419896e+00
1.182930946033851960e+00
3.408108382824910798e+00
6.064580543370447607e+00
4.049210118167105854e+00
4.753402669725739216e+00
4.753402669725739216e+00
9.939753723769495508e-02
1.529102247501477052e+00
2.667610196515026288e+00
1.979170082797327979e+00
5.485702368823099917e+00
5.485702368823099917e+00
5.255386591966509258e+00
5.255386591966509258e+00
2.732760122244162204e+00
9.730446176463996011e-01
5.723175795776772823e+00
3.918001737285469854e+00
4.605352679541607763e+00
3.916316057911114257e+00
4.858668512942097450e+00
2.859495326203388643e+00
4.155443230703097512e+00
4.595671954010115634e+00
1.231704840808604651e+00
5.787850925009561109e+00
2.134796642620617746e-02
4.707794577386133383e+00
4.707794577386133383e+00
3.079917029823612040e+00
5.151678770126382645e+00
6.101007612159360605e+00
4.183362718586671747e+00
5.276378467195363520e+00
3.743439175841550615e+00
5.850768339487695258e+00
5.221836048008395181e+00
4.644067977395794244e+00
5.609739500050387129e+00
3.380996016311621499e+00
1.859751763318799433e+00
2.070008432725645164e-01
1.492624248008262100e+00
7.017351921701004969e-01
2.492498913752578815e+00
3.032249605574158124e+00
1.923916910107854150e+00
2.460412623389299114e+00
3.580258052319658102e+00
4.249079052422425562e+00
5.368575470142955552e+00
3.822904134512746133e+00
7.007600438077066229e-02
5.356349417684875824e+00
3.767148845245292588e+00
1.807723591625203241e+00
2.349651704767959259e+00
2.103461049548194239e-01
1.127594295216960418e-01
2.970371800465191114e+00
5.309600167007704208e+00
1.000999244293049983e+00
3.627033300029578022e+00
8.902395394813513718e-01
2.250965904949261187e+00
1.408444282586299501e+00
1.546311734711929731e+00
1.366433706999091058e+00
1.759164088497819023e+00
1.767300376027126418e+00
4.307908849968703713e+00
4.545542536783578669e+00
1.844481498887327930e+00
1.085971438372208553e-01
1.085971438372208553e-01
4.541601756595123440e+00
4.541601756595123440e+00
1.630797554317862108e+00
1.392605103254476617e+00
5.390939467411449471e+00
3.087501992357005065e+00
3.725293933206814678e+00
4.900733640731406382e+00
4.880699751212381976e+00
4.216755334810144973e+00
1.984716036266537031e+00
1.526627574571737256e+00
1.225670707449238783e+00
1.834680607178210465e+00
3.919459826937320646e+00
4.956568190170086652e+00
1.163750256192357391e+00
1.466278482264657512e+00
1.466278482264657512e+00
2.398053029145188475e-01
3.280438643577456848e+00
4.375516157533662742e+00
1.749982003912776918e+00
4.295604747383366728e+00
2.617285293563988091e+00
2.617285293563988091e+00
2.745045862002987391e+00
5.702003615051443930e+00
3.637970460223737490e+00
4.703886995008372374e+00
2.478253701778777796e+00
2.478253701778777796e+00
5.750339749456664151e+00
2.582080269726967359e-01
1.320229967764630530e+00
3.467133836144355996e-01
2.822244944427518831e+00
2.254794437553677255e+00
2.112475378133046533e+00
4.905130999770332068e+00
5.178746027431365917e+00
5.391062817419656206e+00
7.011186448711059782e-01
9.333294527340374458e-01
9.333294527340374458e-01
4.804165938051249363e+00
5.863733850901970968e+00
4.670235397010338296e+00
4.532153852761705792e+00
4.532153852761705792e+00
4.437093102028476288e+00
1.892943067383473732e+00
1.590307322042844973e+00
4.287169209858658903e-01
2.535772007556300167e+00
5.542875575359378360e-01
5.577581597280500958e+00
1.442415489374743842e+00
5.857331419338139611e+00
5.084485670111861033e+00
2.086647508329225076e+00
1.202293986118902147e+00
5.587711381616786710e-01
1.553750150268883523e+00
2.074396716116313044e+00
2.965898872472971348e+00
1.572884825770271888e+00
4.849696792350676411e+00
4.924092465058460988e+00
4.924092465058460988e+00
6.083807954158721998e+00
1.589124292604909172e+00
2.354684176507475968e+00
6.164403973425657490e+00
6.164403973425657490e+00
6.164403973425657490e+00
2.064061715596773539e+00
2.064061715596773539e+00
2.064061715596773539e+00
1.683033095021615466e+00
1.308386918884588468e+00
1.720166516954702018e-02
3.695392181438430956e+00
3.695392181438430956e+00
3.695392181438430956e+00
5.332756333596879728e-01
4.249631727813580895e-01
3.953892786004681081e+00
5.661386604596550853e+00
3.532214247335207169e+00
7.770254836957066757e-01
7.535163054002067540e-01
4.855543891866022754e+00
1.358777523665164466e+00
1.358777523665164466e+00
5.120093910959855776e+00
5.616086917172324888e-01
5.523573930839379642e+00
4.515169408553565411e+00
1.792884864725406757e+00
5.975085033077409236e+00
1.653583814651444328e+00
1.380990490852244790e+00
9.864288022616802820e-01
9.864288022616802820e-01
9.864288022616802820e-01
5.320911131680491124e+00
5.002806455450311773e+00
4.106876953393197027e+00
4.106876953393197027e+00
2.513977034365234786e+00
4.990642968065039931e+00
5.769788149651700948e+00
6.060865041248552743e+00
5.411941496342400626e-01
5.411941496342400626e-01
1.656058518125771428e+00
1.656058518125771428e+00
8.200831148347846877e-01
2.425390692967601680e-01
1.386883940533317983e+00
1.215424513732496159e+00
3.763863481158067348e+00
5.045421241272896928e+00
9.121358962676531235e-01
4.839436338175518770e+00
6.661063390183734612e-01
1.302391538073388588e+00
3.840597706689364177e+00
3.840597706689364177e+00
1.040860516861624951e+00
2.169430725166009211e+00
4.220326468142475917e+00
4.553839469058479139e+00
4.558200191202974594e+00
6.140577558484201504e+00
6.140577558484201504e+00
5.149851085742484180e+00
6.080299196891735036e+00
3.183684230100514601e+00
5.878318402158672740e+00
3.706136897712223099e+00
2.161244086600284220e+00
1.710672399706493430e+00
5.943480082464149383e+00
5.943480082464149383e+00
3.331001683808898051e+00
4.121062634136951175e+00
5.974266527162195750e+00
5.974266527162195750e+00
