dec
9.968083265851883645e-01
-1.227752093495936503e+00
9.093940670117095504e-01
-5.697319322628433547e-01
7.414714636698782613e-01
6.860220318077400181e-01
9.745449068062124187e-01
5.554776130790144428e-01
2.458733168687312620e-01
5.090365818487208038e-01
1.048954276028605470e+00
-2.870562310015041252e-01
3.349768685047969097e-01
-1.910570507985742683e-01
-1.140946679842326894e+00
-9.007114255451518225e-01
1.520349180894562391e-01
-6.767794890985383560e-01
1.008102883695305430e-01
-8.890729737025249158e-01
-8.986759043596630470e-01
3.777585543235635335e-01
-2.973204606782036130e-01
6.857372611973026055e-01
3.978060278286466023e-01
-3.771695346979746510e-01
1.410309362524713173e-01
-9.235567920829650390e-01
7.047531861616840310e-02
3.807157511482908152e-01
-6.846536760323838067e-01
-3.205546102344600801e-01
-4.151375915190964605e-01
7.924175616272268741e-01
-4.911051778570176829e-01
-4.919135358543020864e-01
-1.361757301828800948e-01
-1.295432218220086362e+00
-9.140381768665739592e-01
4.187986859735672862e-01
-1.098141936221336490e+00
-6.801571931986649666e-01
-5.010422511518193289e-01
-3.020373741789252886e-01
-3.324736559874572617e-01
5.010290042073992645e-01
-8.154673889308172718e-01
4.387910828596985890e-01
5.381003413261309376e-02
6.409606406223584685e-01
1.401198370824952022e-02
1.238279104714566037e+00
-4.338634454557506182e-01
-6.560420429684934440e-01
-1.170496579207076060e+00
1.049193960666357395e+00
-1.332911951184600152e+00
-1.498312869059484687e+00
-4.541628174327900780e-01
1.691968741688680833e-01
-2.580496434510000103e-01
9.063851761773417115e-01
-7.406146216495739232e-01
-6.279414155690909993e-02
5.620591469555606956e-01
8.745167967365670147e-01
-9.262725898731125618e-01
-8.620610339311793879e-01
-1.780504976993873001e-01
-7.041615734125077353e-01
4.609204771063151185e-01
1.592791494539411712e-01
-1.057583890592611819e+00
1.125910855539609123e-01
-3.251147500240119115e-01
-1.356098833674355131e-01
5.707430496215788462e-01
9.827123747406699694e-01
1.187496109153572288e+00
-1.223544092166191533e+00
9.165798140293788254e-01
9.379305486956565074e-01
4.001860618943808845e-01
-9.089436806089628007e-01
5.603996787505602928e-01
1.531158311278166817e-01
2.457708700189384921e-01
8.539439429351572963e-01
8.372045104264405069e-01
-2.475072559890529877e-01
8.449037035404272089e-02
4.273002064253441645e-01
-8.593237606281860508e-01
2.261259681150171730e-01
2.697978107361107547e-01
-8.085594906761843781e-01
-9.597430286072961003e-01
-6.869415191016736699e-02
-5.031535970652489809e-01
-2.328968400096154134e-02
1.143456133220736248e+00
2.329544409846506792e-01
-2.951880906772086366e-01
9.214737801847102672e-01
9.207017595902367013e-02
-7.778933134300998198e-01
-2.318052718186867089e-01
7.263888878428417240e-01
3.677182480584928470e-02
6.121668348411812843e-02
3.590067433049473067e-01
-1.314452890475085844e+00
9.152696938787643344e-01
5.126775359725184167e-01
-1.212347295729409691e+00
6.410572274866663811e-01
-1.071012159941236774e+00
4.213662837858436205e-01
-6.057597169669737269e-01
4.174941718367548571e-01
3.082679782322190754e-01
-1.239612144363386292e+00
-5.050121181997235809e-02
8.746939425527742173e-01
-1.034429486843229551e+00
2.532148625678627418e-01
1.171035944277503127e+00
1.962659892785123539e-02
-8.683858715895977909e-01
3.201963663902136492e-01
1.217325019598470170e+00
3.727723961828899313e-01
1.434300619580768377e-01
-2.632652598048366155e-01
6.863150939059359246e-01
-8.100919281181733211e-01
3.009447043455431015e-01
-7.927023711411194107e-01
-1.090200099906814213e+00
9.806061849036179501e-01
2.339560890661458448e-01
-6.919381345146193851e-01
-1.082025435163923799e+00
-4.063001631157914240e-01
-1.065288205930987608e+00
1.276430954428473541e-01
-5.781437229349868367e-01
-5.023632407930769261e-01
4.205120657946135321e-01
5.667776350304463140e-01
-1.097100486727478508e+00
-7.865341549043858294e-01
1.800903081832510022e-01
-1.210262482021721375e+00
-3.057572822997554063e-01
3.278184276919502427e-01
1.799890846042597747e-01
8.247937310962040192e-01
-1.352667709904813886e+00
-5.071730892807573277e-01
-7.820133231875954216e-01
-7.430518263282914759e-01
4.512928128762936364e-01
5.626265314442471244e-01
-4.797691958556118408e-01
2.424301327288369556e-01
5.905528801337746048e-01
9.856573116861655492e-02
-3.746482856972692677e-01
2.700282411759236112e-02
1.164343516850650184e+00
-1.243533526053417937e+00
-6.451151733819449063e-01
5.295921961567873204e-02
-2.477203016138278535e-01
8.851759320622366589e-01
-3.232231928878579463e-01
-2.677046191141045917e-01
9.348821856080433701e-01
-8.538422187998988555e-01
-3.835427339630264054e-01
-1.180429908565073127e+00
7.123900149897532952e-01
-1.032420582254747643e+00
8.755697754040567826e-01
6.059436167700326115e-01
-3.641969239716889017e-01
6.491891245555968526e-01
-1.480956377345810093e+00
-1.264761795841696568e+00
6.434049651348739962e-01
4.235066407009862033e-01
1.489953638288656901e-01
4.682862730596879519e-01
1.417258804511385417e-01
8.111591640808388792e-01
-2.969650073856198169e-01
6.771005982091142794e-01
4.617055749450393876e-01
1.073801915238408400e+00
7.237140532146498773e-01
3.778788070949401501e-01
5.802919379512627707e-02
-1.071675360529304566e+00
2.598668622632227532e-02
2.040256331213645691e-01
-1.232475929013786775e+00
-3.733694741495718894e-01
-3.535556864910045505e-01
8.817248155667118947e-01
9.703122601742085740e-01
1.065040131329381357e+00
6.479911975951883063e-01
7.205253874686817772e-01
6.522341919775646035e-01
1.284030631109695175e+00
7.009935362351825683e-01
7.470801995981668497e-02
1.010244042950582566e+00
-5.871995182753355635e-01
1.425926030568658298e-02
4.637360209718635051e-01
6.754670792867678575e-01
7.048281298687258944e-01
-4.954248056939314360e-01
-6.146432311652731961e-01
-6.031848217537332246e-01
-3.345235372628350135e-01
1.134468255650930457e+00
-7.075809951540774634e-01
-2.308255533896104161e-01
9.014194068476172328e-01
-7.796282062081134612e-01
7.128181650742093645e-01
6.333655702681603161e-01
-7.987542420575528546e-01
-4.516094060619879613e-02
8.518660234934227748e-01
-9.695957834606430126e-01
-3.456370689672305652e-02
-9.107108702216484275e-01
5.120077570197754113e-01
-4.691868745500888949e-01
-3.696787986211267363e-01
3.278565272592675051e-01
2.504872085713727436e-01
-1.218024315721066397e+00
-5.008407456165211435e-01
2.368796232577443650e-01
-3.214578321376713177e-01
8.033481407966149845e-01
-2.825060351526800240e-01
8.937386682455752407e-01
-3.178312467681116971e-01
-9.395145905085917626e-01
3.799584853590383116e-01
8.678278080248399418e-01
6.383941642104692393e-01
-1.212053839538188349e+00
-2.312653810955580536e-01
1.804462548096810171e-01
3.460567964497736071e-01
-9.208406365076462485e-01
2.592983584629844351e-01
-1.938618788289212524e-01
5.247971503113453284e-01
1.075048762584484674e+00
-1.169256657258173515e+00
9.471166597258129372e-02
-1.035815121082804158e+00
-1.190960899857057775e+00
4.263851841447046098e-01
-3.406016122052963890e-01
9.785968405216719512e-01
1.010952133744850823e+00
-1.645393226409677112e-01
-1.233480261232320352e+00
-7.594808552415028835e-01
3.460731265705230264e-02
-1.828651871437736443e-01
4.521827845109382960e-01
-1.115057216571827325e+00
-8.003756493665705740e-01
3.782421443818728690e-01
-1.703990308703473566e-01
-9.159974912979484962e-01
3.153040885118580938e-01
-6.068913806195039840e-01
-1.039544282481496662e+00
-4.689762912018800023e-01
-2.990288356325356833e-01
-8.290484600109095936e-01
-9.796691741874394843e-01
7.934320382045454423e-01
3.367371475695057903e-02
-8.024993853327098137e-01
5.762187397033008418e-01
-2.719674383337244983e-01
-5.995428473554964555e-01
3.770877699959986895e-01
5.342166153960963282e-01
-2.500547185580257459e-01
5.071337975561962530e-02
-1.259313882030598464e+00
-1.246945511213315427e-02
-4.614192193500326056e-01
-9.674135224619488937e-01
1.478326174955437722e-01
1.266496717983470965e+00
-8.323733957841406017e-02
-1.247106971168328915e+00
1.336782040584554299e-01
6.296163331845413547e-01
7.677390332264950601e-01
-9.762022515469599426e-01
-1.000026368880510663e+00
-1.208471413399362593e+00
-1.142530647073822792e-01
-9.397630777589220941e-01
-8.902289954429591923e-01
9.612666204208368814e-01
-3.362566495491559060e-02
-6.101734311800637300e-01
7.035889727003454830e-01
-4.195702162430918758e-01
5.377242591612017009e-01
-9.795345045862760003e-01
7.693827947256481892e-01
-8.377379923123102756e-01
3.083351453631384409e-01
2.790472115655839858e-01
-1.038974415125187178e+00
-3.546319670381066214e-01
8.736084327878016476e-01
7.989469937104856090e-01
7.295963007119913302e-01
-1.053789818085049568e+00
2.486595764669556896e-01
-6.587499389805584471e-01
-9.567510812370461082e-01
6.176897581405750293e-01
1.273384345611565660e-01
5.060356896544477845e-01
-1.773964043599498552e-01
-1.074521519665567748e+00
-3.193441319391290278e-01
1.029782236279325192e+00
-4.148895242365322478e-01
-4.573395315007555695e-03
-4.826308018734071226e-03
-1.072416912394668298e+00
8.317484293062463729e-01
-4.250346174419943335e-01
1.037660089410407993e+00
-4.747666989253134240e-01
-9.250570406501688048e-01
-1.338931034372792261e-02
-2.680820989481664807e-01
-9.000778374656541736e-01
5.404826325308742518e-01
2.949564157155821764e-01
1.585146595548656556e-01
9.461080915453979889e-01
1.976106321638266827e-01
-7.111280950024445602e-01
1.994460604334420406e-01
7.264186972869836056e-01
-1.015937557058030016e+00
3.397836959886715302e-01
-1.247114767133053359e+00
3.820542611248378684e-02
6.972246031239812680e-01
-2.696669608108406280e-01
-1.986849043663119208e-01
-7.915922246506812421e-02
-7.010127336936027298e-01
-7.468989700600143777e-01
1.012653542304203347e+00
-1.118508817417458445e+00
6.079230778499875587e-01
4.474425951172076310e-01
-6.801869689854926904e-01
5.247971503113453284e-01
2.140482121840376895e-01
4.575068201396510492e-01
-1.228311408358613743e+00
-8.870778384065425293e-01
5.075246763276857198e-01
-1.160310911939394174e+00
-7.001033305813391117e-01
-4.658586108018805128e-01
9.157071940111740638e-01
3.077072686596047379e-01
2.529674516578950261e-02
-7.946160427805053494e-01
4.710046770638396385e-01
-7.268994450902193094e-01
6.852310535251791013e-01
-1.026180986727196043e+00
-1.223280528896200092e+00
5.922653761979053133e-01
-5.597514759556565522e-01
1.205524767594325919e-01
-1.080565092020874918e+00
5.060066575637167663e-01
-7.426929748486199578e-01
-1.505240570134915856e-01
4.637405519944994836e-01
-1.067124953340179871e+00
-6.662333482900031356e-01
-1.075798251754069401e+00
-1.180762273315849153e+00
-1.007503253851735003e+00
-1.352719014549763177e+00
1.912987947025059920e-01
5.126547396088203534e-01
-1.956425920607740565e-01
-9.782503172792140766e-01
7.757209214599225522e-01
-4.528065482259142627e-01
5.655818448882743432e-02
9.161545937040197485e-01
-1.435603156106701306e+00
-5.669937058503315974e-01
9.125071472757586566e-01
4.640491548541059164e-01
-6.701278876075629221e-01
-1.350695721504771019e+00
-2.522730535312309730e-01
-8.858608434205845761e-01
-2.130323291557409959e-01
1.061739738911778641e+00
-4.382036758539347154e-01
5.485242877012967977e-01
6.124322686193596210e-01
-5.322017899651236839e-01
-1.211420410392091362e+00
1.414323088549489515e-01
-3.043161014810886744e-01
-5.938598826038403722e-01
6.841785803249055276e-01
-8.405343104831075607e-02
-2.773826843193674119e-01
3.994740632132263158e-01
-2.335616670424460750e-01
5.121083620602129294e-02
-9.350249327383584053e-01
-9.036211366588258187e-01
5.912225903037749974e-01
9.706770615920649048e-01
3.932117510673409644e-01
2.221902890234528360e-01
-5.418545013018976064e-01
-8.773093099008004714e-01
4.631935343997011234e-01
1.035902216829601263e+00
-2.875812264535282381e-01
-2.006635151631195324e-01
-2.462182641933132743e-01
-9.623028546567002905e-01
-2.012740926130818231e-01
-6.799959425079937780e-01
-9.399712887512126080e-01
-1.107642824779711432e+00
3.972680997390511948e-01
-5.033930770044721115e-01
-7.674410181458357627e-01
6.601321314281208830e-01
-1.057604217666724633e+00
1.290130618134053941e+00
-1.005382645964576493e+00
-3.489033688041720538e-01
7.300671532565291555e-01
-4.860763310790980896e-01
3.725634702757321115e-01
-2.844708641141875383e-01
5.601031367366640090e-01
-4.297832791511351225e-01
-2.160775109233517011e-01
8.169810678809257265e-01
-1.171400302345403155e+00
2.259165696690843550e-01
-1.221962386008930590e+00
8.149939599244127031e-02
9.146237769484556468e-01
9.262825158215890475e-01
7.260838393140026659e-01
-9.940325962202329890e-01
6.389670733552205162e-01
-1.525788180547416051e-01
-1.032370287288990607e+00
5.079724921945494298e-01
9.051863323973419195e-01
-1.321452826998470442e-02
2.872242039385628498e-01
4.344956373037571762e-01
3.923926050353141459e-01
-5.664062073501314742e-01
7.486751675162931496e-01
3.971742033452432263e-01
-1.031631719780071510e+00
-8.839079620535605919e-01
-2.667540154483885040e-01
-1.227270293817853464e+00
-4.450455932732384490e-01
7.109321040296338046e-01
-3.854660017676470041e-01
-1.149483829917335775e+00
-2.293667277781172853e-01
-9.451736869364992799e-01
6.980521591218458166e-01
1.155115238167248037e-03
-1.279841356006814035e+00
1.168456039670933144e+00
-1.158781749605164002e+00
-3.286982749456301978e-01
5.226090082724244024e-01
-5.734742567402499880e-01
-6.901747079032127807e-01
2.201350470901157763e-01
-1.084646519204779835e+00
9.062986085208025733e-01
-1.126567716371897898e+00
-7.380453414020449188e-02
-1.091379383214808207e+00
8.344532084068313482e-01
9.247229600162373275e-01
4.837418428136970316e-01
9.628381673608892299e-01
-7.244072656815809808e-01
7.068704273804079508e-01
1.244840703393023551e+00
-3.077577459845122210e-01
-1.001999110879076227e+00
7.970750507571124910e-01
-9.699537305823913158e-01
9.392852464896970233e-01
6.169576371211613619e-01
5.409418642533461163e-01
1.000208284426166827e+00
-2.215148206049186719e-01
-1.112139441567603360e+00
-3.028206973245706202e-02
4.849013192354145740e-01
2.242007583146854444e-01
6.353674716974233583e-02
-7.402948786015617344e-01
-1.434899161809426449e-01
1.517258915359549487e-01
-1.261578179564422975e+00
-7.878627028326494752e-01
-3.935670613180399791e-01
1.031795699999999982e+00
9.464804900000000076e-01
6.372908000000000461e-01
2.117293399999999881e-01
4.762977999999999934e-01
8.190521299999999894e-01
1.000426300000000213e+00
1.914893699999999921e-01
-6.642089599999999316e-02
4.511162699999999859e-01
4.561297200000000163e-01
-2.030404100000000045e-01
-3.692763300000000137e-02
7.802588099999997473e-01
-5.810446900000000303e-01
5.868694899999999937e-01
-5.300786699999999740e-01
-7.492630500000000415e-01
-1.137891900000000067e+00
8.694977900000000481e-02
-8.123071299999999606e-02
-1.370665199999999972e-01
3.557287700000000275e-01
-7.274641400000000369e-01
-1.065617199999999931e+00
1.037942300000000095e+00
-7.909604300000000476e-01
-1.197608299999999959e+00
-3.093869000000000202e-01
-8.015229600000000065e-01
7.371567999999999454e-01
-5.355183300000000424e-01
7.376093000000000233e-01
-9.107900100000000665e-02
-1.305542399999999881e-01
8.727040799999999932e-01
4.089205499999999660e-02
-8.447093399999999752e-01
3.268556100000000186e-01
5.096326500000000204e-01
-5.986572300000000402e-01
9.094963200000000247e-01
-2.149002399999999820e-03
5.671535199999999666e-01
4.463200399999999735e-01
-1.191368400000000216e+00
-8.330264200000000452e-01
1.439360899999999888e-01
1.037512599999999896e+00
-1.073434100000000058e+00
8.926102599999999332e-03
-6.719670500000000102e-01
-8.712545500000000442e-02
-7.710927699999999829e-01
-3.082637200000000188e-01
5.179791500000000548e-01
-1.684834100000000001e-01
-7.366335899999998382e-01
4.946660399999999735e-01
1.063004300000000013e+00
2.227955199999999969e-01
5.881253600000000414e-01
-1.144140500000000005e+00
4.613549299999999964e-01
6.258669100000000540e-01
4.170350400000000235e-01
6.348750899999999753e-01
-1.067766500000000063e+00
-9.118367499999999737e-01
2.699346200000000140e-01
6.614894500000000344e-01
-3.417172299999999829e-01
1.254776099999999950e+00
6.965190999999999466e-01
-1.023161999999999905e+00
6.363823400000000463e-01
8.714838599999999991e-01
-1.115263699999999858e+00
-4.732632199999999845e-01
-2.880425099999999738e-01
6.011477600000000310e-01
-9.738302300000000189e-01
-6.942018300000000197e-01
4.799513799999999830e-01
9.655728400000002098e-01
1.275910100000000047e-01
-6.602493700000000576e-02
5.308165599999999928e-01
5.491706100000000035e-01
8.659849899999998435e-01
8.133381699999997494e-01
4.860810099999999800e-01
-2.110634100000000068e-01
-1.293735099999999916e+00
-1.746388899999999911e-01
-7.098358000000000168e-01
-9.420100500000000432e-01
-3.218949200000000010e-02
1.011603599999999936e+00
-9.997142100000000475e-01
-1.018142799999999903e+00
1.999912299999999921e-01
7.692059999999999453e-01
9.874291600000000280e-01
2.603872500000000145e-01
-6.079369500000000315e-01
-2.469960700000000120e-01
3.235066300000000172e-01
1.143534799999999935e-01
-1.757579599999999909e-01
1.037243899999999996e+00
1.127842699999999976e+00
6.382893899999999565e-01
1.067862199999999984e+00
7.814328699999998351e-01
2.799364599999999981e-01
-7.578430600000000128e-01
6.398574300000000291e-03
7.375576999999999828e-01
6.391895100000000163e-01
6.543017299999999425e-02
-6.766244999999999621e-01
-9.636822499999999625e-01
8.604744600000000521e-01
8.922024499999999803e-01
8.402249600000000207e-01
1.108031000000000210e+00
3.065016400000000196e-01
-1.077621299999999893e+00
-7.606128599999998352e-01
-7.430650899999999837e-01
-7.210688299999999940e-01
9.791194100000000233e-01
-4.001591400000000243e-01
-4.188597600000000254e-01
-7.179136799999999985e-01
7.720390799999999887e-01
-6.184365899999999527e-01
3.703940199999999905e-01
3.042337800000000092e-01
-2.298905900000000058e-01
1.094692100000000057e+00
-1.732957400000000037e-01
-1.160160000000000080e+00
8.159454400000000218e-01
6.530362699999999743e-01
-7.155651699999999726e-01
6.262833000000000983e-01
5.718525700000000322e-02
-9.659578300000000173e-01
1.397805500000000034e+00
7.163686700000000407e-01
-1.017541700000000215e+00
4.596133399999999813e-01
-3.154831499999999900e-01
1.920346099999999945e-01
1.262196500000000061e-02
8.724669299999997518e-01
-6.830414500000000499e-01
9.356109900000000312e-01
-2.284958199999999884e-01
5.371781599999999601e-01
-4.154941899999999855e-01
-9.293744900000000531e-01
-1.049027199999999826e+00
2.220955400000000080e-01
-4.376985600000000143e-01
-3.047045899999999974e-01
-8.454370199999999835e-01
-7.656017499999997478e-01
-8.004106399999998400e-01
9.481855200000000039e-01
8.919627700000000159e-01
3.528089699999999995e-01
-7.541975400000000551e-01
2.011532699999999951e-01
-1.011653099999999972e+00
-5.132237600000000288e-01
-3.826674600000000166e-03
2.102895800000000037e-01
1.037342599999999893e+00
-3.117179099999999869e-01
1.045210500000000042e+00
-8.879272799999999854e-01
8.707872500000000127e-01
5.523731800000000192e-01
1.010532999999999904e+00
-1.087812400000000013e+00
-1.377166300000000065e-01
-2.241440799999999955e-01
-4.414474299999999740e-01
4.625514199999999909e-01
-4.325199599999999811e-01
9.155404200000000214e-01
6.166475999999999902e-02
-4.829935699999999832e-01
-1.734305499999999889e-01
-1.076708800000000021e+00
-9.642702000000000218e-02
2.288776200000000038e-01
-1.876980099999999985e-01
-7.084735399999999572e-01
1.073120099999999910e+00
8.774120699999999884e-01
4.941613400000000045e-02
6.673713700000000193e-01
6.828125299999999731e-01
4.985232900000000078e-01
1.120698399999999539e+00
-9.058780699999999797e-01
-4.280490699999999760e-01
-1.116212500000000052e+00
3.781099800000000122e-01
-9.795466299999999737e-01
-9.827812800000000626e-02
4.495223199999999752e-01
1.121742199999999912e+00
-1.176250699999999982e+00
5.636124999999999607e-01
-2.410976200000000125e-01
-1.097198200000000012e+00
2.348368000000000122e-01
-7.274952700000000272e-01
1.465990799999999927e-01
7.095293200000000189e-01
-1.038560799999999951e+00
-3.721224599999999882e-01
-6.257327599999999990e-01
9.598960399999999504e-01
-6.545489399999999680e-01
-2.488578800000000035e-01
-2.019141299999999972e-01
4.457030699999999790e-01
1.074728799999999929e+00
-8.336150199999999844e-01
-2.310965799999999959e-01
-9.805502299999999671e-01
8.662715199999998505e-01
5.993362399999999784e-02
3.416577700000000273e-01
-4.564082500000000153e-01
-6.856679199999999863e-01
-6.782078099999999665e-01
4.252908000000000244e-01
-1.212343100000000007e+00
1.029708400000000079e+00
-2.991794099999999998e-02
-3.981439500000000242e-01
-9.210452199999999978e-01
1.235337999999999825e+00
-7.502524400000000204e-01
-7.286191400000000540e-01
1.897809699999999933e-01
9.620947100000000196e-01
-9.298579700000000198e-03
1.284131900000000104e-01
-5.777926500000000187e-01
6.815355699999999795e-01
9.929855400000000554e-01
-3.066284499999999968e-01
-6.143430199999999619e-01
1.162981299999999996e+00
-1.211197699999999822e+00
-1.568152200000000052e-01
-4.159865099999999760e-01
8.541759700000000066e-01
7.510561799999998511e-01
-1.498541599999999863e-01
9.422832299999999578e-03
-4.535903399999999808e-01
7.373809300000000455e-01
1.018111800000000011e-01
1.044250300000000020e-01
2.228900699999999957e-01
1.028471499999999983e+00
6.007223699999999500e-01
-6.725110399999999489e-01
4.388225500000000195e-02
2.573634599999999883e-01
-2.220613600000000132e-02
8.145977699999999988e-01
-4.286775099999999838e-01
1.518068700000000104e-01
1.687749900000000136e-01
7.819399200000000105e-01
1.047237099999999976e-01
8.333800099999998379e-01
2.927779000000000353e-01
-9.349033399999999716e-01
4.591291800000000256e-01
8.505313500000000193e-01
6.602640999999999094e-01
-6.182837700000000103e-01
9.285729099999999736e-01
6.159266300000000305e-01
4.560216200000000164e-01
-1.084304300000000110e+00
-3.825274399999999964e-01
-5.562892999999999866e-01
-6.094916099999999615e-01
-4.548179700000000159e-01
7.819676700000000036e-01
-2.517091900000000271e-01
8.980438800000000166e-01
-2.453065500000000121e-01
-1.013148200000000054e+00
2.702978000000000325e-01
-4.265071699999999910e-01
1.345393199999999956e+00
9.199182999999999666e-03
1.918163700000000138e-01
-4.284783999999999815e-01
1.190798799999999991e-01
-7.902999800000000408e-02
-1.604168800000000117e-01
-4.514846499999999874e-01
1.014040700000000017e+00
-2.047327900000000048e-02
2.211826000000000070e-01
-1.231255000000000210e+00
1.068941200000000036e+00
4.826495299999999933e-01
-6.668513099999999749e-01
5.248473399999999955e-01
-4.729246899999999809e-01
5.893136500000000222e-01
-9.191828499999999957e-01
7.027368899999999474e-01
7.390165400000000551e-01
-5.881257800000000424e-01
9.196132399999999985e-01
1.156021100000000024e+00
-4.679724100000000053e-01
-7.203717499999999774e-01
5.163387699999999469e-01
7.356241599999997494e-01
7.365326300000000215e-01
9.074732100000000301e-01
9.642776600000000364e-01
5.794244299999999903e-01
-6.616701799999999967e-01
-6.927329000000000958e-01
-2.804655899999999868e-01
4.907851899999999823e-01
-6.462959600000000027e-01
-7.231282799999999567e-02
3.747137400000000174e-01
-1.188949699999999998e+00
-3.439616599999999885e-02
5.303814100000000531e-01
-5.028938200000000469e-01
-1.237901199999999813e+00
-9.116601399999999522e-01
-7.514943899999998456e-01
3.634422400000000275e-01
-3.059679799999999728e-01
-1.065425300000000020e+00
-1.361013199999999923e+00
-8.923943399999998416e-01
7.469392000000000253e-01
-8.274493200000000437e-01
-8.504471099999999506e-02
-3.308905000000000318e-01
6.204992099999999677e-01
-8.012793400000000066e-01
-4.409545799999999849e-01
-5.892735799999999635e-01
3.595543500000000225e-01
4.560800300000000251e-01
-2.783614500000000103e-01
3.645557300000000223e-01
8.188079099999997501e-01
-3.633219500000000046e-01
7.801448500000000008e-01
-8.821395499999999945e-01
8.521013200000000509e-01
-4.181667099999999970e-01
-4.951377400000000345e-02
-8.231209099999999834e-01
6.764504599999999757e-01
8.210971299999998418e-01
5.692641699999999583e-01
-5.017073599999998662e-02
-1.103745299999999929e+00
-9.509455699999999623e-02
-4.282217199999999724e-01
-4.641884000000000010e-01
7.448892099999997463e-01
-2.601482199999999856e-01
-8.903427900000000506e-01
8.621709400000000523e-01
-1.040926699999999983e+00
8.473274600000000323e-01
-4.517863799999999874e-01
5.613043399999999572e-01
-4.842904800000000232e-02
-7.968236699999999839e-01
6.057887699999999764e-01
-8.633414299999998542e-01
-9.882623600000000064e-01
-1.257681599999999955e+00
-6.840335500000000075e-03
4.676686099999999846e-01
-3.694246600000000019e-02
5.677035900000000357e-01
-1.125139099999999948e+00
9.075166999999999540e-01
-4.915627699999999822e-01
8.261994099999997454e-01
3.454241100000000064e-01
5.360216100000000372e-01
-8.405094300000000018e-01
5.709673400000000454e-01
-5.452108800000000227e-02
7.458494799999999814e-02
6.271866900000000467e-01
-1.002467199999999892e+00
1.049461299999999930e+00
-5.437691999999999526e-01
-1.344556600000000213e+00
4.443049600000000265e-01
-1.892984600000000017e-01
1.152613699999999852e+00
9.760422600000000504e-01
3.884271000000000251e-01
7.308336999999998085e-01
9.685731800000000336e-01
-6.487444199999999883e-01
9.645217400000000163e-01
1.021245600000000309e+00
1.144908500000000107e+00
-5.496118599999999521e-01
2.717406199999999883e-01
6.742292100000000232e-01
-3.072909200000000229e-01
-4.942988300000000224e-01
-1.514365699999999926e-01
8.967913299999999976e-01
9.588414600000000343e-01
9.452431799999999606e-01
5.559860699999999989e-01
2.109314899999999993e-01
-3.221361500000000100e-01
-6.243886400000000503e-01
-4.034092400000000023e-01
8.419940200000000097e-01
5.987660599999999889e-01
2.222056599999999993e-01
3.768863000000000074e-01
1.082973800000000208e+00
-5.676164799999999788e-01
1.016989600000000049e-01
5.699857000000000395e-01
-3.607337400000000249e-01
-1.085322499999999968e+00
-1.340615200000000007e+00
1.272259500000000099e+00
5.167703900000000239e-01
5.332086299999999612e-01
-1.193265999999999938e+00
9.574379300000002146e-01
-1.168760800000000044e+00
2.781416000000000097e-02
4.177742199999999739e-01
5.865835600000000039e-01
-3.106984700000000044e-01
-4.434904299999999910e-01
7.154921899999999724e-01
4.982356299999999849e-01
2.178920000000000023e-01
9.386700500000000336e-01
4.240788899999999861e-01
-1.206871900000000108e+00
-7.382307900000000256e-01
6.110760899999999607e-01
-2.100866899999999926e-01
-1.041854800000000081e+00
-2.683100099999999877e-01
-5.814187700000000153e-02
-1.011031000000000013e+00
3.734876400000000096e-01
2.127447600000000050e-01
-1.074945199999999934e+00
-1.300941099999999961e+00
-6.368280800000000186e-01
6.246642400000001344e-02
4.982228200000000246e-02
8.205874800000000358e-01
6.958133899999999761e-01
4.898256699999999908e-01
1.459757000000000138e-01
6.063130100000000411e-01
-2.606113199999999797e-01
-5.637995700000000276e-01
3.574523700000000193e-01
-1.040362299999999962e+00
-6.395920800000000073e-01
-7.531828499999998483e-01
7.973753799999997449e-01
-5.559250500000000317e-01
-1.911753300000000044e-01
8.895205499999998544e-01
9.757454800000000539e-01
9.327466699999999999e-01
-7.674794499999998409e-01
1.614013099999999923e-01
9.191196000000000088e-02
7.094746699999999739e-01
3.339454499999999770e-01
1.111110599999999948e+00
1.076650899999999522e+00
-1.994137900000000074e-01
1.455181899999999917e-01
1.177141599999999899e+00
5.834016199999999541e-01
7.562753100000000339e-01
-1.094274900000000050e+00
-7.493249400000000504e-01
-1.001327300000000031e+00
-8.755712799999998408e-01
-3.877954900000000205e-01
