mass_2
2.611297362397646538e+01
3.548898085328777796e+01
3.545028001719721544e+01
1.302372488238045207e+02
4.470898975822443333e+01
1.361206687137471363e+02
2.177295047087430646e+01
2.181205805570415635e+01
5.594071947314591853e+01
4.355988330906738781e+01
2.055092547243486578e+01
1.244592691178936406e+02
4.260174207655542489e+01
1.734934120142604570e+02
1.308779217859195683e+02
2.133191340948083692e+01
2.997958316793827649e+01
5.523738939380785240e+01
2.014804700207954014e+01
5.611595441432430675e+01
1.010017516206668233e+02
2.066650964465694429e+01
2.349605425601366093e+01
4.006589986803165715e+01
4.350096634875225021e+01
6.472952308028959578e+01
1.184485178094158186e+02
2.063044454609040557e+01
3.187964245680321795e+01
1.266827888083783336e+02
8.999780046906248288e+01
1.773050525868132965e+01
6.166993925589905956e+01
4.826415433325774984e+01
1.187684837624655643e+02
3.635370188139045666e+01
3.242803343005326866e+01
8.238455130171146834e+01
3.897053273514340788e+01
4.030412428631721866e+01
3.243782879174698053e+01
7.118804307862346548e+01
7.747422397801094007e+01
1.698056087233056815e+02
1.372246402436136066e+02
7.979828412862119080e+01
1.276354581799875803e+02
2.565738736722109437e+01
6.953383817628980523e+01
2.734820557916126660e+01
1.151096716153831352e+02
9.969625116109880025e+01
1.504150365788190769e+01
2.351276725703694837e+01
2.685191566018815124e+01
4.817616088304798438e+01
3.102110631075121461e+01
1.006541554165162751e+02
9.488338755495554722e+01
8.217378612942142979e+01
8.412953550554060200e+01
1.361696167869206988e+02
8.387712467462654331e+01
5.371547467925769581e+01
9.484284185098768205e+01
1.820316034742965527e+01
4.075336204931238626e+01
6.094148308148522375e+01
1.145846680021787733e+02
1.008669823387361930e+02
7.583193602775801878e+01
2.191387284627397491e+01
5.655004693830631624e+01
2.370333477240334830e+01
2.482291049749110101e+01
1.161765014302736887e+02
7.184172031448554208e+01
4.526310576213295178e+01
7.593408741632913461e+01
9.109327878878661977e+01
2.578709141861523690e+01
2.635054493579991330e+01
1.166760128571978470e+02
1.916139807488262292e+01
2.335234626574181860e+01
6.555379245370187391e+01
1.032477423208448073e+02
9.667829581367887215e+01
1.716491371404542221e+01
2.522843121546534917e+01
1.720159883524809175e+01
1.971143856583145393e+01
4.455796347333756557e+01
5.228103402274449252e+01
2.066996747737787743e+01
3.394946051626371997e+01
1.775581975309208360e+01
1.671343806244592045e+01
7.712766109172299878e+01
1.540275464434043045e+02
1.207815813199090940e+02
4.966645628566964632e+01
4.157930993352488969e+01
9.414333754797857523e+01
2.024151462657649603e+01
2.783699015081626271e+01
2.018122131510274642e+01
3.115998992189582140e+01
1.350923893230681188e+02
1.025388593406344597e+02
7.581957383098460923e+01
9.833057193872025437e+01
2.489372191747072094e+01
2.076225901871695356e+01
2.696097910884776283e+01
2.676755109115748610e+01
1.089839714942091575e+02
8.553463620632497566e+01
2.259401955282589469e+01
1.071420456258128127e+02
3.494438131019162341e+01
1.247952613271922218e+02
8.281758149679161818e+01
2.450564680765242542e+01
1.080781032061213836e+02
5.805951511727447212e+01
4.183529745194548610e+01
5.115576400104356480e+01
5.446405087030085213e+01
8.213967358165335497e+01
7.309206152277805302e+01
4.136088399249951664e+01
7.793354192939263214e+01
7.396946836624685773e+01
6.288013840716181591e+01
4.684910799730786835e+01
1.308373967980650221e+01
1.211695519927648590e+01
2.732410027782716000e+01
4.916794691534715156e+01
6.016147403014456074e+01
1.990904595758310336e+01
1.298750940246801804e+02
3.271216121992419801e+01
9.534641632213578077e+01
2.700611426576666219e+01
5.281648885036479157e+01
3.601084566252099251e+01
5.564701851380480946e+01
4.453580812014417489e+01
4.929971338908383416e+01
2.420635382229133015e+01
8.803699257658041688e+01
8.559728507519409391e+01
1.139464044088982604e+02
7.255308089644202596e+01
1.242782388327846803e+02
8.043456393033635266e+01
1.190154923024640965e+02
2.138649979619077968e+01
7.717368399222199571e+01
2.262099261159385435e+02
9.530324137383838945e+01
2.170863806413737507e+01
3.942504229758367984e+01
2.175780458854584865e+01
8.972646989290817032e+01
9.039528277474866869e+00
4.360742608381929841e+01
7.757797339958503358e+01
8.436094376599747591e+01
2.362805352433393224e+01
5.551114323124718908e+01
7.117709715593439057e+01
4.607327397875042863e+01
1.995645756002380367e+01
5.048030719602461858e+01
1.974747183798202244e+01
2.501556434326412415e+01
3.576573436366349767e+01
1.158459210195911169e+02
3.602763430157304470e+01
1.030312257224376253e+02
2.596238227668417409e+01
5.864153098701614653e+01
3.438998326400668049e+01
6.838896211290058602e+01
1.076982632119624697e+02
1.520682106087434136e+02
1.013254778019033893e+02
3.312909208937987415e+01
6.442333108165558997e+01
1.277405873576252304e+02
2.219426003967348748e+01
1.478066403935172559e+02
1.959028615618387619e+02
5.194504605886590554e+01
1.857863217986712812e+01
3.446780285220112461e+01
7.374266506550056022e+01
1.932512327481907732e+01
3.929393619841012253e+01
8.455190040044764999e+01
4.088091696589518165e+01
2.550369909503893595e+01
5.234494897159696336e+01
2.617267541525345820e+01
9.582520438961684306e+01
2.425682113672108642e+01
4.096376463831867198e+01
2.531644634682625039e+01
1.410713490521548579e+02
2.062010211751740130e+01
1.062669508178489366e+02
1.154451489931910544e+02
3.852394452340740116e+01
2.097169705259878825e+01
3.777836014736885062e+01
4.428196333024477838e+01
1.789160620441154492e+01
1.467670729336666113e+02
9.270531406809146802e+01
3.519021685906212582e+01
2.915397402538802751e+01
2.220225362238422662e+01
2.623658768471378266e+01
8.990172700199525480e+01
8.578562294296162349e+01
1.227984155568783109e+02
3.087204693149814716e+01
3.823797609404306996e+01
1.646205050032244799e+02
1.143910325045693384e+02
4.371393589771567179e+01
2.971185490352675629e+01
5.173497305747260810e+01
5.029337293691656896e+01
7.439851239013856343e+01
2.265671960396769435e+01
8.525300353173363987e+01
2.429924281223018312e+01
2.527517554216402473e+01
7.647300645977044553e+01
1.952686096152798427e+02
1.479516240508326348e+02
2.534994646097943161e+01
1.223412541952549191e+02
3.614541141345812036e+01
7.772503506613978175e+01
1.545119593043580721e+02
1.513497211044049209e+02
5.892306082877819762e+01
2.231005994437142803e+01
7.485494250497735891e+01
2.611521786145099000e+01
6.863726472518257538e+01
3.996511961684760905e+01
1.126762585435780863e+02
2.472171758604012837e+01
2.078865535707672052e+01
9.184079161110182099e+01
7.248292629077633364e+01
1.042045774526995245e+02
5.081300165274620895e+01
6.299280699527214722e+01
1.363790460478278455e+01
3.076027952028821844e+01
2.424534815227442408e+01
6.400785690055566590e+01
6.367826586129223188e+01
3.022050946816924011e+01
1.983293676625850992e+02
4.072165084154951131e+01
2.674692230537674575e+01
2.462191006498160561e+01
8.490572948996488378e+01
2.015068174202921369e+01
9.774020868025753828e+01
4.309623629247521137e+01
3.639501049533610200e+01
8.057129217692036605e+01
5.123331630806490722e+01
7.948013219954530939e+01
9.342656657909927276e+01
1.071591726910771172e+02
2.697680043645667425e+01
2.298650088760335208e+01
8.832413723772896219e+01
2.487952004767046787e+01
2.511595854464688671e+01
5.132958053273628707e+01
1.199200466888217065e+01
2.842371193836143917e+01
3.622556980959210904e+01
3.271452034446684110e+01
1.255607587264599658e+02
1.189007870222421417e+02
5.928677676077746383e+01
6.459602817165632871e+01
7.131327477757946554e+01
2.795912098692711112e+01
1.351305777029674289e+02
4.079186471745292408e+01
2.796316480391104164e+01
4.216318675521112169e+01
9.865422220063447867e+01
7.768955455299543189e+01
6.299741806847100634e+01
5.702522328071218283e+01
5.209699400856155194e+01
8.181017171740897709e+01
9.316446598019356884e+01
7.199059845125172785e+01
2.219562000999112783e+01
2.060738548247462276e+01
2.264208926108600650e+01
3.004794293716970444e+01
2.551811485198501828e+01
3.223013734425209975e+01
4.384116998805095733e+01
1.374566861018921600e+02
5.399733842647876969e+01
7.553785273554203172e+01
3.157194644264064110e+01
7.108021646916377279e+01
2.326077448373129997e+01
2.382032706290035406e+01
1.252943273054701478e+02
3.075597240306551683e+01
1.848155009463325626e+01
2.951055927194342487e+01
2.575515075413234101e+01
7.396162821938423804e+01
7.422306590364826206e+01
2.295277758078296770e+01
2.710019823971533981e+01
2.617415714507082214e+01
1.996753084888514351e+01
3.464844734139192184e+01
3.382996658537778956e+01
3.214825103436854903e+01
1.333582469021475561e+02
2.001125809973601122e+01
1.004021169921228989e+02
7.220878658221160151e+01
7.077101406994442812e+01
3.195279177009509652e+01
2.142382589314037844e+01
6.147574891543369802e+01
3.539112816944599160e+01
4.542017394873511194e+01
9.814136591430226986e+01
9.489128052937986979e+01
1.034019595544239145e+01
2.575969796666941036e+01
4.443181416212017609e+01
1.026195958264098920e+02
2.659026408819895337e+01
1.996360699738184152e+01
5.526869516048066089e+01
2.300258522019211398e+02
5.395603089032404398e+01
3.018501510292788836e+01
1.326873384839419856e+01
8.195934644594996143e+01
2.275445486755770119e+01
5.894683105245044175e+01
3.003189984509139165e+01
1.325352767033406565e+02
2.895071256024656492e+01
2.306804495690232315e+01
7.470752600960399548e+01
5.703285999442482535e+01
6.461976685607500315e+01
9.990672893906121033e+01
9.059427205382534964e+01
1.052856853620141919e+02
2.338360037951449897e+02
1.277454468774614611e+02
3.138193150536672604e+01
2.596609674989312566e+01
4.903370083598180429e+01
1.363790460478278455e+01
8.868058944159739099e+01
3.736957252516837258e+01
4.892296494961040310e+01
1.129154245526231222e+02
2.751307137734778863e+01
8.428657552614485127e+00
7.005915900785159067e+01
1.267367719097788665e+02
1.019207019232893003e+02
6.176211863486698661e+01
3.738248515305952679e+01
1.946969365583669997e+01
7.825381515151609335e+01
6.825456915023087845e+01
1.043374835245983405e+02
2.932279385010020789e+01
3.277761235764369019e+01
2.035772989670585886e+01
1.415405364813829259e+01
9.732935830668681376e+01
3.347260394727786803e+01
7.277513282914964066e+01
4.167041172012088879e+01
1.384510780241811005e+02
2.080134116913295017e+01
3.397769574914664759e+01
2.086556050009922672e+02
1.001528072838226677e+02
5.282230106716809814e+01
6.603653769016547415e+01
1.293629980269037958e+02
4.818120201919111878e+01
2.109825196483343746e+02
1.303936485404791767e+02
3.290609776199983827e+01
2.330858008207284371e+01
1.267023103504663908e+02
1.206497822255360433e+02
2.634746475398289434e+01
8.927819677994818903e+01
7.091568605711185569e+01
4.873342032475263608e+01
6.128182263056002199e+01
2.215063004334471231e+01
4.783061585168376695e+01
8.117178225284065718e+01
5.190531797606236353e+01
1.943128481883651091e+02
2.475536599781292679e+01
1.436426322788798871e+02
3.204449464592673991e+01
2.081302256947197549e+01
8.402486622765042057e+01
2.494893741298958290e+01
1.001500278503629602e+02
5.144814052121712677e+01
3.000755760316155474e+01
3.994944650712076850e+01
6.888934036839766861e+01
4.205353905328080089e+01
6.201494641482594261e+01
4.496181512719790874e+01
2.950178278989085356e+01
1.047479527558490133e+02
4.461796507226047481e+01
2.727211685735524327e+01
6.817015477097075404e+01
1.963301495117012863e+01
4.064881226345668352e+01
2.497334452170118979e+01
2.556542770382890239e+01
1.260544388531071718e+02
2.942405705366012825e+01
1.146600336225598937e+02
6.196503910935626891e+01
4.487494313152074454e+01
3.716500738410842786e+01
5.068564233870664992e+01
9.309604335843908984e+01
1.038612290155603688e+02
1.424837393912003449e+02
8.730014013582363930e+01
1.361750566478629878e+02
1.826993293128027318e+01
6.574343593697274457e+01
1.389619212538598276e+02
1.891122594482503416e+02
9.959397652859718164e+01
2.173821164972032349e+01
6.314964215963474459e+01
1.045835046997248980e+02
3.920926273986967914e+01
3.108660358074092045e+01
9.556403437610232743e+01
1.030671942297001635e+02
4.069932045689100164e+01
7.848904022596155983e+01
2.422233279206042411e+01
2.092260222927431457e+01
3.000863306952104281e+01
9.408848567352974612e+01
8.345871976338483478e+01
5.029799314937357479e+01
7.118604189719431474e+01
2.148588480841572590e+01
1.158453132165066961e+02
5.994795616217029277e+01
8.086548982299383681e+01
4.101231155782504345e+01
8.072502065383429226e+01
8.755220839031800040e+01
3.076817394837818753e+01
3.117158959624509151e+01
1.552998737650236727e+01
1.130897460319911119e+02
6.210844380370826201e+01
2.291444747408521465e+01
2.675318252587933543e+01
9.244674960426219457e+01
1.185444525467088397e+02
9.350823333521873337e+01
3.268386825067329227e+01
9.071984893809325001e+01
2.450831495484980849e+01
3.088410143762780891e+01
5.252573121707642656e+01
4.057822656292549368e+01
7.609390911659102130e+01
2.342321125347914901e+01
6.328811446570460930e+01
2.749845063082420893e+01
9.284359813942047879e+01
6.906506836661603188e+01
2.079227262739652105e+01
2.710708663832869902e+01
8.415983794944726526e+01
6.663379265538110019e+01
3.685603520185404847e+01
1.994884041120850426e+01
1.774770526816667982e+01
8.162001228826365207e+01
8.282227373761659805e+01
2.461451770619358470e+01
2.371176637960184053e+01
1.084973332830182180e+01
7.375689782212427303e+01
1.404496485196612809e+02
3.244304206696396875e+01
1.028581926859401108e+02
1.267128924897715052e+02
4.972891754693925037e+01
6.990386638010254217e+01
7.598237136935787817e+01
1.525399070886578841e+02
4.819440348137246133e+01
9.064921459313819696e+01
3.712951262260543928e+01
3.241519967462701146e+01
7.995767688813295138e+01
1.177308678841940548e+02
1.319538997356831374e+02
6.612995785922339564e+01
2.342684164218761964e+02
1.310289768401709409e+02
1.346628502371179650e+02
1.913722963184659420e+02
1.949753359171378406e+02
8.464386265626235684e+01
1.586557993891922251e+02
6.306062699999999666e+01
2.133340300000000056e+01
7.051720400000000666e+01
8.657856800000000419e+01
5.187474799999999675e+01
2.306624400000000108e+01
1.307022599999999954e+02
7.230889899999998249e+01
1.831356600000000157e+01
1.323493300000000374e+02
2.315627699999999933e+01
1.411778699999999844e+02
5.652921700000000271e+01
3.564795699999999812e+01
7.856890899999999078e+01
4.831001299999999787e+01
2.165138400000000019e+01
2.759044600000000713e+01
5.624191999999998615e+01
7.205900600000001077e+01
8.946923800000000426e+01
1.984407399999999910e+01
2.521301800000000171e+01
1.069733800000000059e+02
3.311366999999999905e+01
2.503043900000000122e+01
2.165138400000000019e+01
8.746992500000000348e+01
6.590044399999999314e+01
7.418312799999998219e+01
2.186098900000000000e+01
1.992704799999999921e+01
1.036260699999999986e+02
2.283639000000000152e+01
1.152950000000000017e+02
5.997615100000000155e+01
5.753671600000001263e+01
8.388799999999999102e+01
3.365977900000000034e+01
1.292973199999999849e+02
2.521729699999999852e+01
6.402258299999999736e+01
5.817484699999999975e+01
2.440164899999999903e+01
2.622131900000000115e+01
1.834656499999999824e+01
1.270807800000000043e+02
1.227241200000000276e+02
7.815030699999998376e+01
2.518993199999999888e+01
7.289895600000001252e+01
7.509802999999999429e+01
2.270432699999999926e+01
6.704983500000000163e+01
9.328122700000000123e+01
9.203695700000000102e+01
8.534876300000000526e+01
9.715945399999999665e+01
1.078644199999999955e+02
5.301801300000000339e+01
1.232977400000000046e+02
1.859591700000000003e+01
3.005901300000000020e+01
2.327395599999999831e+01
1.849697099999999850e+01
1.328735800000000040e+02
2.544494200000000106e+01
7.989520999999999162e+01
2.812408400000000697e+01
2.860355800000000670e+01
2.356580500000000100e+01
2.932002999999999915e+01
7.526489999999998304e+01
1.238137600000000020e+02
2.316662000000000177e+01
5.747631800000001334e+01
5.424048199999998587e+01
3.286805300000000329e+01
2.551307100000000005e+01
7.486727900000001057e+01
6.592651399999999740e+01
1.276605600000000038e+02
2.163858600000000010e+01
4.321819700000000353e+01
4.390914200000000278e+01
2.079797699999999949e+01
6.091089199999999693e+01
4.792818499999999915e+01
1.038911800000000056e+02
4.204836300000000193e+01
8.479677599999999416e+01
1.782076600000000042e+02
8.687189499999998077e+01
3.248665199999999942e+01
9.957503500000002816e+01
2.014871799999999880e+01
2.376813100000000034e+01
6.653581199999999285e+01
3.631859200000000243e+01
1.139719199999999972e+02
9.734659600000000523e+01
8.516355099999999823e+01
6.359758800000000178e+01
5.842256500000001296e+01
1.076786699999999968e+02
1.066032500000000027e+02
9.823313100000000020e+01
6.377003899999999703e+01
7.354383100000001150e+01
1.290536299999999983e+02
1.320641300000000058e+02
7.044165799999998967e+01
2.319136200000000159e+01
6.023755599999999788e+01
7.060042599999999879e+01
1.020703699999999969e+02
8.291764799999999980e+01
1.300980099999999879e+02
1.446370799999999974e+02
2.363045699999999982e+01
2.266943900000000056e+01
3.293104600000000204e+01
2.595696600000000132e+01
2.098273100000000113e+01
1.033164600000000064e+02
4.958953499999999792e+01
7.313600900000000138e+01
6.477036300000000324e+01
7.050756099999999549e+01
2.703775999999999868e+01
2.306624400000000108e+01
4.062557199999999824e+01
7.572446399999998334e+01
7.738289600000000235e+01
5.997615100000000155e+01
1.026730600000000067e+02
6.613844300000000942e+01
2.812408400000000697e+01
3.062655399999999872e+01
5.498438600000000065e+01
8.863328599999999824e+01
2.791243899999999911e+01
1.880353699999999861e+01
8.516355099999999823e+01
6.021543100000000237e+01
3.398608000000000118e+01
4.900883499999999771e+01
5.018774799999999914e+01
2.315627699999999933e+01
2.343232700000000079e+01
4.792818499999999915e+01
2.213327400000000011e+01
6.825489799999999718e+01
3.242287800000000431e+01
7.319934800000000052e+01
1.121797399999999953e+02
8.474898500000000467e+01
1.411778699999999844e+02
1.121797399999999953e+02
7.418312799999998219e+01
2.907303400000000693e+01
2.620989000000000146e+01
7.532597400000000221e+01
7.534968600000000549e+01
1.963083800000000068e+01
8.853312699999999325e+01
2.937916799999999995e+01
5.548163600000000173e+01
7.337319899999999961e+01
1.150728000000000009e+02
1.489716300000000047e+02
1.498832600000000070e+02
3.376104699999999781e+01
5.149101600000000190e+01
5.788426999999998657e+01
1.978687999999999931e+02
3.474573900000000037e+01
9.278416400000000408e+01
1.175218500000000006e+02
1.247156099999999981e+02
6.758199300000001131e+01
1.231171700000000016e+02
2.315627699999999933e+01
2.570207200000000114e+01
2.726364500000000035e+01
4.404338800000000020e+01
2.808428400000000735e+01
1.251948399999999708e+02
8.708205399999999941e+01
9.490422100000000682e+01
2.659387999999999863e+01
2.606921600000000083e+01
1.693871899999999542e+01
2.935921899999999951e+01
1.025899399999999986e+02
2.473245199999999855e+01
6.529948399999999253e+01
5.331513600000000253e+01
6.492139399999999227e+01
2.111962099999999865e+01
4.384306300000000078e+01
6.569329799999999864e+01
1.133730099999999936e+02
7.429389199999999960e+01
2.123666800000000165e+01
2.289964300000000108e+01
5.158500300000000038e+01
4.843888100000000208e+01
3.966311300000000273e+01
9.327098800000000267e+01
9.424643700000000024e+01
7.024856599999999673e+01
5.934314299999999776e+01
4.234566499999999678e+01
6.851937900000000070e+01
5.075422999999999973e+01
1.298188600000000008e+02
3.281518900000000372e+01
2.186098900000000000e+01
2.061526000000000067e+02
3.972688699999999784e+01
7.673531300000000499e+01
2.808428400000000735e+01
2.229942499999999939e+01
2.808428400000000735e+01
2.836068699999999865e+01
9.868615699999999435e+01
7.408770799999999213e+01
2.126817899999999995e+01
1.490678599999999960e+02
1.216683699999999959e+02
3.463374699999999962e+01
2.357856400000000008e+01
5.594591900000000351e+01
2.032502200000000059e+01
5.184022099999999966e+01
1.963607000000000014e+01
7.185906199999999444e+01
1.073209599999999995e+02
4.785711700000000235e+01
9.139742300000000341e+01
1.334822199999999839e+02
4.810147899999999765e+01
2.266943900000000056e+01
9.091698600000000852e+00
5.186413600000000201e+01
6.942445399999999722e+01
1.153391600000000068e+02
2.186347599999999858e+01
5.756529599999999647e+01
2.085157200000000088e+01
8.168084699999999998e+01
9.019393900000000031e+01
8.746992500000000348e+01
8.362963100000000338e+01
7.318321999999999150e+01
3.353431299999999737e+01
5.704560899999999890e+01
2.689606699999999861e+01
6.707101400000001945e+01
2.266943900000000056e+01
1.103564499999999953e+02
2.689606699999999861e+01
1.252944499999999977e+02
2.642314000000000718e+01
7.121407299999999907e+01
1.080930000000000035e+02
1.215703399999999732e+02
7.106349200000001076e+01
3.328551900000000074e+01
5.451250499999999732e+01
1.234061200000000014e+02
5.208334399999999675e+01
8.037712900000001071e+01
7.101109300000000246e+01
1.732289899999999960e+01
2.907303400000000693e+01
9.862168100000002369e+01
6.497961399999999799e+01
4.193903699999999901e+01
2.809135399999999905e+01
1.528098399999999799e+02
2.098273100000000113e+01
2.266943900000000056e+01
3.420982700000000420e+01
6.603280600000000788e+01
2.734436399999999878e+01
9.233922599999999647e+01
1.094916500000000070e+02
6.656195799999998997e+01
7.576367199999999968e+01
5.279818300000000164e+01
4.537125000000000341e+01
2.850497999999999976e+01
2.503043900000000122e+01
1.059806499999999971e+02
2.563586199999999948e+01
5.805724699999999672e+01
1.370036900000000024e+01
5.186413600000000201e+01
5.664813199999999682e+01
2.098273100000000113e+01
1.234061200000000014e+02
8.687189499999998077e+01
9.110272200000001419e+01
3.664302099999999740e+01
2.289964300000000108e+01
3.208114600000000394e+01
3.920102299999999929e+01
3.242287800000000431e+01
2.748789599999999922e+01
8.828907800000000350e+01
1.200912699999999944e+02
1.314678000000000111e+02
4.823966200000000271e+01
2.808428400000000735e+01
2.064536999999999978e+02
3.785797900000000027e+01
1.277927899999999966e+02
2.289964300000000108e+01
6.381001299999999787e+01
1.085115299999999934e+02
9.541310900000000572e+01
2.622131900000000115e+01
1.034026400000000052e+02
5.217136800000000108e+01
7.923575600000000918e+01
1.013739900000000063e+02
3.636491399999999885e+01
2.243802499999999966e+01
4.727674499999999824e+01
8.622911100000000317e+01
5.217136800000000108e+01
1.551867799999999988e+02
2.570207200000000114e+01
1.228923700000000352e+01
1.594031700000000384e+01
1.579105899999999707e+01
2.694397199999999870e+01
4.866431800000000152e+01
6.631314100000000167e+01
3.742830699999999666e+01
8.878530899999999804e+01
5.491420400000001223e+01
3.335958499999999560e+01
1.008169900000000041e+02
3.104837600000000108e+01
3.005901300000000020e+01
2.676354399999999956e+01
5.399764600000000314e+01
2.102557600000000093e+01
1.545261999999999958e+01
7.046991700000000947e+01
3.836147299999999660e+01
2.027662300000000073e+01
1.342502299999999877e+02
2.986686900000000122e+01
4.384553900000000226e+01
7.215883599999999376e+01
1.047280499999999961e+02
8.673235300000000336e+01
3.203040299999999974e+01
3.364155200000000434e+01
2.678390500000000074e+01
4.575566899999999748e+01
2.342387199999999936e+01
5.719203600000000165e+01
2.013447999999999922e+02
2.446800599999999903e+01
7.298255199999999832e+01
7.052320100000000025e+01
2.604741500000000087e+01
9.323343699999999501e+01
3.682342100000000329e+01
1.391298400000000015e+02
1.167902700000000067e+02
1.300238200000000006e+02
1.258733399999999705e+02
1.204926799999999929e+02
7.024856599999999673e+01
7.354621899999999357e+01
3.027187299999999937e+01
5.934418500000000307e+01
7.437782299999999225e+01
8.206903100000000961e+01
1.882794000000000167e+01
3.242287800000000431e+01
1.312162199999999928e+02
8.603714800000000196e+01
2.904934499999999886e+01
1.201880000000000059e+01
4.643409700000000129e+01
7.110777299999999457e+01
8.240232799999998292e+01
3.420396399999999915e+01
9.533452599999999677e+01
1.766348299999999938e+01
9.753913099999999758e+01
4.813042800000000199e+01
1.823588000000000164e+01
3.234271999999999991e+01
1.371508300000000133e+02
1.178459699999999941e+02
1.495651600000000201e+02
4.866718699999999842e+01
3.235995900000000347e+01
1.000250599999999963e+02
7.905568700000000604e+01
1.254246500000000282e+02
3.062655399999999872e+01
3.005901300000000020e+01
2.269603899999999896e+01
9.480203199999999697e+01
2.165138400000000019e+01
3.577780500000000075e+01
2.014189700000000016e+01
3.336030999999999835e+01
7.451981399999998246e+01
7.177052299999999718e+01
7.261527300000000196e+01
4.515737500000000182e+01
1.341776700000000062e+02
5.794819600000000293e+01
2.027662300000000073e+01
3.166290300000000713e+01
8.090016899999999112e+01
9.029548599999998260e+00
7.307464600000000132e+01
5.924293100000001289e+01
8.528041100000000085e+01
1.127056400000000025e+02
2.904934499999999886e+01
2.875016799999999861e+01
3.040324199999999877e+01
3.420982700000000420e+01
3.293104600000000204e+01
5.333224899999999735e+01
2.319136200000000159e+01
2.370960600000000085e+01
1.069397399999999720e+02
2.689606699999999861e+01
1.149393900000000031e+02
6.972756200000000604e+01
1.782551600000000036e+01
3.920193900000000298e+01
2.604741500000000087e+01
6.220085900000000123e+01
2.366575800000000029e+01
1.193815599999999932e+02
3.267432000000000158e+01
5.491420400000001223e+01
4.108986300000000114e+01
2.438571200000000161e+01
9.804336499999999432e+01
7.101109300000000246e+01
3.996467200000000020e+01
1.421256300000000010e+02
2.726364500000000035e+01
1.125477599999999967e+02
1.766348299999999938e+01
6.054914100000001298e+01
1.960150300000000101e+01
8.133821899999998095e+01
1.147289099999999991e+02
1.045587000000000018e+02
1.163201200000000028e+02
6.262225699999999762e+01
2.904934499999999886e+01
2.651843099999999964e+01
3.053786300000000153e+01
5.985479699999999781e+01
2.836068699999999865e+01
2.441686100000000081e+01
5.424048199999998587e+01
2.826136400000000037e+01
2.720466000000000051e+01
1.271337400000000031e+02
1.129753600000000091e+01
8.101555600000000368e+01
2.820640600000000120e+01
9.042025800000000402e+01
4.460350400000000093e+01
2.391557699999999897e+01
1.543067300000000053e+01
3.398608000000000118e+01
1.402818800000000010e+02
1.834656499999999824e+01
6.825524099999999805e+01
2.307117099999999965e+01
1.216334399999999931e+02
2.513876000000000133e+01
4.686125599999999736e+01
8.775608800000000542e+01
5.174778400000000289e+01
7.177901500000000112e+01
2.352515999999999963e+01
2.307117099999999965e+01
4.001530799999999743e+01
2.576068700000000078e+01
3.410239800000000088e+01
2.309744299999999839e+01
9.288748900000000219e+01
2.846266400000000019e+01
3.166290300000000713e+01
2.818462200000000095e+01
5.036037100000000066e+01
5.985479699999999781e+01
8.268138899999998159e+01
1.306982000000000141e+02
1.303725399999999865e+02
1.140056000000000012e+02
5.911262099999999720e+01
4.296523299999999779e+01
1.543067300000000053e+01
7.200748399999999094e+01
2.486195599999999928e+01
2.366575800000000029e+01
1.132582699999999960e+02
3.162597500000000039e+01
1.443691600000000221e+02
1.370036900000000024e+01
