total_mass_source
5.970708165883503682e+01
4.950536663958197181e+01
4.991290085446526348e+01
2.255840616745422551e+02
8.221171569647698618e+01
1.620641323934313789e+02
4.490132284491429004e+01
4.259909670900501766e+01
3.340063799872021377e+02
1.025187242616688650e+02
5.025637952420691335e+01
3.086283994250914589e+02
1.994864064837113062e+02
2.779528460690364113e+02
7.259896534322975015e+01
2.984990337637140669e+02
1.808577608312759537e+02
3.248505956603623872e+02
5.325437417112411964e+01
2.225456474970691829e+02
1.309210757736015580e+02
5.896558332349361109e+01
4.363452634155452614e+01
5.266124173536433517e+01
1.009958814185323064e+02
1.558117169769914767e+02
1.284913950025588179e+02
4.608701900576654253e+01
1.843517963629476242e+02
1.581907222884630073e+02
1.520490970799100694e+02
1.924482618792275161e+02
6.589055187284211001e+01
6.575400200773772497e+01
4.638731942807818314e+02
6.968506025428028750e+01
2.808979367758788612e+02
9.156077937544675649e+01
5.249464176108691760e+01
3.450691037233192446e+02
8.323848092742478855e+01
1.641787688336818292e+02
8.707857616886347785e+01
1.213511677992306517e+02
1.771658181368197518e+02
1.650057223002999081e+02
1.083587103707868948e+02
3.795954184814799248e+01
6.467847728275884833e+01
1.855362815563703407e+02
1.216958996134484039e+02
3.701331190891235110e+02
8.841833615963811610e+01
5.024512847944210847e+01
5.691407893005813889e+01
1.075406677033541456e+02
1.270624663791750351e+02
9.475694002297372265e+01
1.404175250580188958e+02
2.122339569031014150e+02
1.002955912397510048e+02
1.308275207971665850e+02
6.590837325340592656e+01
2.636542825057587720e+02
1.527691311217914460e+02
4.972603005578800861e+01
9.024131288677672558e+01
8.095219748763847178e+01
2.187027747767854180e+02
7.488670980387379927e+01
6.983793242420607328e+01
5.047668233635632618e+01
1.014391448096183552e+02
5.236138089619743141e+01
8.270478436596812344e+01
8.428937577762694389e+01
7.197520489136094568e+01
8.763723968846844059e+01
2.993245839732429090e+02
8.338234312618064337e+01
4.811515714088032070e+01
4.668591651422666189e+01
7.040377719176989046e+01
3.509351936409735373e+01
4.441341873749554736e+01
1.304646871440351106e+02
2.373296459743013713e+02
2.221726082424526396e+02
1.206544119666335035e+02
1.176801459770841234e+02
1.070916075850704487e+02
4.915039372423669306e+01
9.292438111492502628e+01
1.708883282017611691e+02
9.325375018272055172e+01
4.930014712078935446e+01
5.875675589915691432e+01
5.721182380046059279e+01
4.848736076303177356e+02
1.731656790970341149e+02
8.509295359224194044e+01
3.056893221730239816e+02
1.641788329099961459e+02
1.101397493550571056e+02
5.374974301804231658e+01
5.614335185790685756e+01
5.392863051805483821e+01
9.601838406180226571e+01
9.299270375739806127e+01
3.418524022358569709e+02
1.128889878958816269e+02
2.577233645184676902e+02
5.654353611396646784e+01
3.832119826757782022e+01
5.901280245405421709e+01
4.967257929745259304e+01
2.207882985742502910e+02
4.356498983703069143e+02
2.651421145537556185e+02
1.076403969517099597e+02
6.745909828957628918e+01
9.695210420258372608e+01
7.968064190893957743e+01
5.413544981150231195e+01
1.407943470241868624e+02
1.622693295253532710e+02
1.117310761428040422e+02
3.489988353296821515e+02
7.041418006561779919e+01
8.131843957248248955e+01
2.455480071540704330e+02
3.925202132652050580e+01
9.725577477185468922e+01
7.509041895807742151e+01
7.914770082252888983e+01
1.061220299709995203e+02
1.695754530578521440e+02
4.198669729091670888e+01
1.080429737872624258e+02
9.568347141986873794e+01
6.974741281216496702e+01
5.099114129961211006e+01
2.421907604498487956e+02
4.542064286663431005e+01
1.404537290051511036e+02
5.231890234784574290e+01
1.776941061907020014e+02
3.945224107814480874e+01
1.172972895195989338e+02
1.244252176355967805e+02
6.123352261610612146e+01
5.057627637375536978e+01
1.909145500641363071e+02
8.169873914618356991e+01
1.043313447698923113e+02
2.878634453443563075e+02
1.559778911768459579e+02
9.690475995974243517e+01
1.064863708959580464e+02
4.117337471095539314e+01
1.090228385372573712e+02
1.946706369590846748e+02
1.060412737340545704e+02
4.936118878410477606e+01
1.881571401201203741e+02
4.533539670099049346e+01
1.869305217354361162e+02
8.058297506582727010e+01
3.629821280384648503e+02
1.159899099240946612e+02
9.584217097191371693e+01
5.288310078764323663e+01
2.603797381267204969e+02
7.198029189135461081e+01
1.053691166683558151e+02
4.818862688147336115e+01
3.208549401326750399e+02
5.896435768797012145e+01
4.558263329117211526e+01
9.751918550777045880e+01
5.382768520214849559e+02
4.975985999610932708e+01
1.795949133324753006e+02
9.164460473802758145e+01
1.087534951068987255e+02
5.779576225048323579e+01
1.400655102416745592e+02
7.432911666046508969e+01
1.559008560819369222e+02
1.980560730408738834e+02
7.107415332206038272e+01
2.454163054656152951e+02
9.068789640158396992e+01
4.747665918561460074e+01
2.330810796326416039e+02
2.227437907898448941e+02
9.813464363479333485e+01
5.791754177415802474e+01
4.119598966518427119e+01
4.434495266166780993e+02
5.286147467911897735e+01
4.860781264929621415e+01
9.809965661515077784e+01
2.417879631927304445e+02
2.817269615706478021e+02
1.892329528454069703e+02
4.469304653938449690e+01
9.949035309883457501e+01
5.099213523076656429e+01
6.656065726059649990e+01
4.864366494800563601e+01
1.212181750236464239e+02
4.460122037923941463e+01
1.154007285837392800e+02
1.120554135701015639e+02
3.341655669159325726e+02
4.783862728489202709e+01
2.657171982983730913e+02
6.478260179735885913e+02
9.031871095233287861e+01
2.855108122396349586e+02
9.910814129532106165e+01
2.144991773653388520e+02
4.891653365978877588e+01
4.357205918059103311e+01
3.710015922145448286e+01
7.914558799012233692e+01
1.103531201395047106e+02
9.810058074819026785e+01
4.341302791905167879e+01
1.306119490693332068e+02
2.989517009040890230e+02
1.046457460439368390e+02
1.920394934697568772e+02
5.695540743351791946e+01
3.004571051749322805e+02
1.152745972379251498e+02
2.001947102963636098e+02
4.698320023722578753e+01
8.568894166203835994e+01
5.060141245612616245e+01
6.008918269341945262e+01
1.069204878083907602e+02
1.618489122440638539e+02
3.036222314610067770e+02
8.009767339737152270e+01
1.079710286393176233e+02
1.497486739671028602e+02
8.504097185087901778e+01
1.864216658538005902e+02
9.603890436769211192e+01
1.701091459978953822e+02
4.776077220928515032e+01
1.416049489196352340e+02
4.275625917198919268e+01
8.377001893060882765e+01
7.129139622379800301e+01
7.129870292111820618e+01
5.002836976555169457e+01
6.938644553780733304e+01
1.689268015301206844e+02
2.467684531485950856e+02
2.261988077608134802e+02
7.436196485791450073e+01
1.250671585650026429e+02
1.235327467927788092e+02
1.151589388200353028e+02
4.824047192124074712e+01
4.816868520043080935e+02
1.045553987402842182e+02
1.308604304481457348e+02
2.298446315765184238e+02
6.110104106996598006e+01
4.680032199554156591e+01
4.661452111615495397e+01
1.636697817189686930e+02
5.130324756791452501e+01
1.777910419706587106e+02
5.804282639106715891e+01
9.413433167719145445e+01
8.989468798670068850e+01
6.136189257959126309e+01
8.779786844495934872e+01
3.095030788552181775e+02
1.320940379448533406e+02
5.236810903192785815e+01
5.482942861074504748e+01
1.008019923038462480e+02
5.015793300090069096e+01
4.641030697184621090e+01
1.055948368105898112e+02
1.337640608893123328e+02
4.436881650979152170e+01
5.110190761020896133e+01
1.193179938343681954e+02
1.690177966721677194e+02
1.860505655414953310e+02
1.308049951785460223e+02
2.351865461929266132e+02
1.619963771911627646e+02
4.513396481826014650e+01
1.063599718532701814e+02
2.615646783130953281e+02
5.127612313835916069e+01
7.369238440578168081e+01
1.469999742277712187e+02
6.194169442081970089e+01
1.072873665062827087e+02
2.179889035798758528e+02
1.064599211026445289e+02
1.197671296259388498e+02
1.719635646547658610e+02
9.991615583489773655e+01
3.960345249289919423e+01
5.078753703063846814e+01
5.246950505358046257e+01
5.134193552414325978e+01
5.574430656363424674e+01
1.971494055643528895e+02
9.791773520709082845e+01
4.233254282890405307e+02
9.850694109306644464e+01
7.847697845955512719e+01
1.902847634013301388e+02
1.618701193333731680e+02
5.647362119844463990e+01
1.039986398747906975e+02
8.654047261558619653e+01
1.852989223984941987e+02
4.135526198174763834e+01
4.494490286808377988e+01
4.856352398519564417e+01
1.219529118966414245e+02
1.313901748148108766e+02
5.375577012662399312e+01
4.575526209016592105e+01
5.505033133169324344e+01
1.903539933557118502e+02
8.943649009010313478e+01
4.116673147009659317e+01
1.243093516050908676e+02
2.357670550406861310e+02
5.124665361594886548e+01
1.256068347627262938e+02
6.298765369868330311e+01
2.515495412334396690e+02
8.345845924873825084e+01
5.507938549984316978e+01
8.115893744998074055e+01
9.666032601493161280e+01
2.389958168036055781e+02
1.458302098429145701e+02
3.926669963977727207e+02
5.256055681327340068e+01
4.878203473745120533e+01
1.565786629295524790e+02
1.358124177059188469e+02
9.043785915445030810e+01
4.540438419868785758e+01
3.763454894112347233e+02
2.000730609391223709e+02
7.615837839261017450e+01
6.405224860275450283e+01
1.859751607927278769e+02
1.235253489512474943e+02
2.573415166891915646e+02
1.146799746424374860e+02
5.130341818470797222e+01
1.315456645237662201e+02
4.358882313992411639e+01
5.521017249117834069e+01
6.181104607210941140e+02
7.255534165845938332e+01
8.805982322913838800e+01
1.143329441910506716e+02
7.818086697929132356e+01
1.147821431008948281e+02
2.050245320628008301e+02
8.601037327325599335e+01
4.568471757923258281e+01
5.983054603482522538e+01
6.333707643179303659e+01
1.952859345559786277e+02
1.222295706256037136e+02
1.009004352781768006e+02
9.105117467448799573e+01
1.778648430923308865e+02
5.429492031655134099e+01
6.670546327878085435e+01
2.602522090962891070e+02
1.401666588873574710e+02
9.373282910341295349e+01
2.609355860467381376e+02
1.492248648026100568e+02
5.101794061866129937e+01
2.003655086024766376e+02
1.814569958688387032e+02
1.758973345922925660e+02
5.120660107048452403e+01
4.278669410325635170e+01
4.585463758561465397e+01
6.707370263954695133e+01
2.474753843954983665e+02
4.940913811311583714e+01
1.269326091810748380e+02
8.877864376116998812e+01
2.184320245750507183e+02
4.199763789304180506e+01
4.775543831028686981e+01
1.467506982562629787e+02
2.047614760379334200e+02
7.289887360453253962e+01
8.575518876852969186e+01
1.521217972776535703e+02
2.365689130192754135e+02
1.377076020799004539e+02
1.115721392679711812e+02
4.691376806736673899e+01
4.447429983221828564e+01
1.384931342875828477e+02
1.098110045498525125e+02
5.673502023973938435e+01
1.563821458159756048e+02
6.741062843035757624e+01
8.672339425497600018e+01
2.630177935638124040e+02
4.745789852709815904e+01
1.024184262023621415e+02
7.822834947888122770e+01
7.812896864928818275e+01
1.208311611309273843e+02
4.139837890327969916e+01
3.287087020801525910e+02
4.791377844927278318e+01
5.636743992377041934e+01
1.152586804463451671e+02
5.249171487099757627e+01
8.313429859943285294e+01
5.762736044497005850e+01
4.663748001172535140e+01
1.370302769741030886e+02
8.821435233899036632e+01
1.058190290950175836e+02
8.278885022549221162e+01
5.855617718514162107e+01
1.131609733773303361e+02
1.511988864314988916e+02
7.841780835915494663e+01
4.308018281484473988e+01
1.717092300491102321e+02
5.817249749374042977e+01
1.704558725612202466e+02
4.404228957526748900e+01
5.958169034463589497e+01
1.075112135627663008e+02
4.013759620552501417e+01
2.883270285276039999e+02
6.261601472257041223e+01
1.265298805997351081e+02
3.055696604070795956e+02
1.309256875542753278e+02
3.930861887188576702e+02
1.208715155549014355e+02
1.408715616603806211e+02
1.282320392118570282e+02
4.241240331327217064e+02
5.075296160738579943e+01
7.727051779223023686e+01
3.160342629656692566e+02
2.932638678906890277e+02
1.209154298873802560e+02
5.736310822720796665e+01
1.227322507256261588e+02
1.327594420856109991e+02
4.631886901981789606e+01
5.368179101124587760e+01
1.636587680708645962e+02
2.939726963978657182e+02
9.972366728285025772e+01
2.056433305700135179e+02
5.655737573043055022e+01
1.013343204165840916e+02
5.335282457460296968e+01
4.014514115488547077e+02
1.186911811992062695e+02
2.423946855565758938e+02
2.393706947070689068e+02
5.133847384907824107e+01
9.626874625141991260e+01
8.165510341776031566e+01
7.535546617308807527e+01
1.469123810610524856e+02
2.770177588379775671e+02
1.741755169762926982e+02
4.664998510110137175e+01
8.871694228334193610e+01
5.163849621791236899e+01
8.745952311442746918e+01
2.326601688321254926e+02
4.163634840510007251e+01
4.851962238636137670e+01
7.181892707384159280e+01
2.281271131537710630e+02
2.365462426563370002e+02
5.123478579538694788e+01
7.832986554113315947e+01
4.769679942107435977e+01
5.919848258930451124e+01
2.085868713941794397e+02
8.608492629145059993e+01
1.084301859101727388e+02
3.758445005151142482e+01
6.740313305993156234e+01
1.035797340345403654e+02
3.847511480896664011e+02
9.609916071459241493e+01
4.202131085048644366e+01
1.911653214461584014e+02
1.732576671784201494e+02
1.229176083819837402e+02
5.690160449836238143e+01
5.541897211945836688e+01
1.457870625296571916e+02
1.272574321996347351e+02
7.703814639231038086e+01
4.229171593690890063e+01
4.929487643256791785e+01
1.700668604634936969e+02
1.224315850439323583e+02
1.263072457680370917e+02
4.763186515302508894e+01
5.195609922054502476e+02
1.520454153661543444e+02
3.644661220963334927e+02
6.804747237401635118e+01
6.857800873837079791e+01
2.293675488337796935e+02
1.756545562029776875e+02
7.289375517844699459e+01
1.041901401679414221e+02
2.391449105095605319e+02
2.212013574872959794e+02
9.202034224946110896e+01
1.236785807586068415e+02
2.425321927076282975e+02
1.768080411619055212e+02
6.301147814450118290e+01
1.110483747382398150e+02
1.672112096018485943e+02
2.932416628900815567e+02
8.654584176452300426e+01
3.298341450701380495e+02
7.136300664194256171e+01
5.449495957650436395e+01
1.562583676621113966e+02
1.574335682956267419e+02
3.428383562989934319e+01
4.698491282744058850e+01
1.174098752210792895e+02
8.867288373310570648e+01
1.171170599414557216e+02
1.603814251709317773e+02
5.247012184618513686e+01
1.380051469510553943e+02
4.030491918531110684e+01
5.748920063757486787e+01
9.625511015287575844e+01
1.422200941910226675e+02
5.166993033280155601e+01
8.065592037161866301e+01
7.151223489098710218e+01
1.229245116240428928e+02
9.504706055567075396e+01
6.051090883523887953e+01
9.166649339796191498e+01
7.568242370143471476e+01
6.082579430330184067e+01
5.295180995328841789e+01
4.324701030998456019e+01
7.651995558608838621e+01
1.305195289620082804e+02
7.619357747422674265e+01
6.110814749183599304e+01
5.719203139875666864e+01
1.286551634979224445e+02
5.731942984558514098e+01
1.053421228307550734e+02
7.865872042143821830e+01
9.708757410416028222e+01
8.337815502886076047e+01
4.991168289479868747e+01
1.139967635369564221e+02
4.919735281317880293e+01
1.187088624415114850e+02
1.330398853652345110e+02
4.510299451109888480e+01
5.526130893953204293e+01
5.593984470017132793e+01
1.168446637581827616e+02
8.790197977813787134e+01
9.707221728899068580e+01
1.468313775360761326e+02
1.145057170955919048e+02
1.059809101826356539e+02
5.916090820031227082e+01
7.529655397965059649e+01
8.067419932795115756e+01
9.261516166596159394e+01
9.446213152070065178e+01
7.975642024467043711e+01
1.044542760332837759e+02
1.434700780209640811e+02
9.352887439600428365e+01
5.646047370373656094e+01
5.136472959706132713e+01
4.162885793455828320e+01
1.079440851656950286e+02
1.729353208343375456e+02
7.657194055742934324e+01
5.871721069403753290e+01
5.450290329775444320e+01
6.095456449456181502e+01
4.584737803969382242e+01
1.188323326242705065e+02
1.139112669332393182e+02
1.215350843368504883e+02
5.413362263431725552e+01
9.358204951235799740e+01
9.324107365187133212e+01
8.567267155471337503e+01
4.553837340651401178e+01
8.754716526913297514e+01
1.311754108618956138e+02
9.583012277938138368e+01
4.862330760951366670e+01
1.319495544167751859e+02
7.092517194538531555e+01
4.639114494827268231e+01
1.384930049963570298e+02
1.510431668971612282e+02
1.210112102368561295e+02
8.488527782515197373e+01
9.164135391826926025e+01
1.639439063907501577e+02
1.690043429662570702e+02
4.879283007727526211e+01
1.143309567074486495e+02
8.916297951016585444e+01
5.427901158994500719e+01
5.880944397397308876e+01
9.945787414037948793e+01
1.230002419431104386e+02
1.058413421969858916e+02
8.850312923703756951e+01
9.614707181290469862e+01
1.126666390182270590e+02
1.435083840146190255e+02
2.057120873350654904e+02
1.122208579092535103e+02
1.060497726891586865e+02
5.790136272731725597e+01
1.524072136556080466e+02
9.920984266082690795e+01
1.079636288616507898e+02
5.295109459816324460e+01
8.636274219656044693e+01
9.070123087009079654e+01
1.203155811294571862e+02
1.135471564025644682e+02
1.421745796671866628e+02
1.001085752196040488e+02
5.564007270660562909e+01
5.731257339095924408e+01
4.569520175709933341e+01
3.699154940094869914e+01
4.951857083386661174e+01
1.339295788915313494e+02
8.257127634347263268e+01
6.377697390982539360e+01
1.054360164797852804e+02
1.253815330573294773e+02
6.482015549908395258e+01
5.280487437530584316e+01
5.678609302395561542e+01
2.268583948355495750e+02
8.234419597393545587e+01
5.630060985340650603e+01
5.452976137627679520e+01
1.547011546645511544e+02
5.712311719707703617e+01
4.796381355489427278e+01
6.497793375443592367e+01
1.604802329966740331e+02
1.227809038758449987e+02
4.764288673948043851e+01
6.338177500706580503e+01
9.202044696219840603e+01
1.664718040465955653e+02
5.626330049715517134e+01
1.546963187316748360e+02
5.869115748665669230e+01
5.619302893355396833e+01
1.421318830146356333e+02
4.932611600850449207e+01
7.266678540382849860e+01
4.843747106328385144e+01
9.892590829715427958e+01
1.036973142937059720e+02
1.150584184672260335e+02
9.547508144900160687e+01
8.269637713951512126e+01
6.871345226465656708e+01
1.251848232414261588e+02
4.083180758337237393e+01
1.134099234841710171e+02
8.144197530900417803e+01
8.449789672237763227e+01
9.807177996980878731e+01
5.262527083945906270e+01
1.185873680149700817e+02
1.053499957513300558e+02
1.007658193481345279e+02
9.537577285954220940e+01
9.200109386786080279e+01
4.328435130108086071e+01
1.363498432329799925e+02
1.039773449974848631e+02
1.588521543262156683e+02
8.163020155215521356e+01
1.249961265201074667e+02
1.572257657736774661e+02
1.255509638205203515e+02
1.078663371366490509e+02
9.851777152495438372e+01
5.079158127876339535e+01
4.343057465504832493e+01
6.868291148401927160e+01
1.267302919339591369e+02
5.472405562348163954e+01
1.376536528159356578e+02
1.460511781239190157e+02
6.899836586676408956e+01
5.463856154013431876e+01
1.822682812665092627e+02
5.891791281956253812e+01
5.377952535411669288e+01
8.215379724377517334e+01
4.488044420287454983e+01
1.055194544108311590e+02
1.029521431200273156e+02
1.586094987854041847e+02
5.288559403361645650e+01
1.658188850025446186e+02
9.040581586299556704e+01
7.108539485787116519e+01
8.143235843586201383e+01
6.177347148249651809e+01
4.651177327254473681e+01
9.520452127319060764e+01
9.262122339838218466e+01
8.801033839702897410e+01
1.274002097506772770e+02
1.100509225262714494e+02
9.160553384741872662e+01
6.536454848028486708e+01
9.662912551738004652e+01
7.900459464230829099e+01
1.104096013479202156e+02
1.082294387919002503e+02
9.464948055815608541e+01
5.123785805485244538e+01
1.895672947141945315e+02
6.866578085841724999e+01
7.459326214533531640e+01
4.574019133972738871e+01
4.676775226014284215e+01
5.019251682850996588e+01
4.370617176653522051e+01
9.143862764203824156e+01
1.441335122193796394e+02
5.459836203638834462e+01
1.615383814615608173e+02
7.079891362311258263e+01
5.486824491971655959e+01
5.099036765929358239e+01
9.523326705068195963e+01
1.285755878300766426e+02
1.025439073957175680e+02
4.965770549910444487e+01
7.847458835533237220e+01
1.591931624834506351e+02
1.708930718639819872e+02
1.084493115396243041e+02
9.213136176920490072e+01
8.048227754297010961e+01
5.758883802928848894e+01
5.180807676278107721e+01
6.290090105614177673e+01
9.874250453035996600e+01
1.006223999199542050e+02
5.200176722532621199e+01
1.873305273002046363e+02
6.882229540723692196e+01
5.537523600423956083e+01
1.368706377737614730e+02
9.178053450117567991e+01
9.322433371345010755e+01
8.719014175925721588e+01
4.454292709564891339e+01
8.253339313257771437e+01
5.733024592651075579e+01
1.164391055109469875e+02
5.145768665477507398e+01
1.441747094784419971e+02
4.997941088320487069e+01
1.105772484532370328e+02
4.874531009314257091e+01
1.482126037177170872e+02
8.662869787755694517e+01
8.373306989950275181e+01
9.822935263773082681e+01
1.064073537547049142e+02
9.751355887027804670e+01
1.042243065620747160e+02
1.170671380069497189e+02
5.869497589432076268e+01
7.650133413900434221e+01
5.849879792203503115e+01
1.388503714179974509e+02
9.261911369712201747e+01
1.662803186250398824e+02
1.221842660505202360e+02
5.465133863980517503e+01
1.130309859751782966e+02
5.227076240583314615e+01
5.023550158112700359e+01
5.160264132069594467e+01
8.008088062135959717e+01
5.570972366191957548e+01
6.648860619471764721e+01
1.048225387043199675e+02
1.014713596795135118e+02
1.198574422914361861e+02
1.067951601239316091e+02
6.681844723862722901e+01
5.141047628224980315e+01
6.352375182687634236e+01
1.502755836984983659e+02
3.301059376252913324e+01
1.364585203617847640e+02
1.091114212575720472e+02
8.083028260441108159e+01
7.320146802431681010e+01
4.440708291845130162e+01
1.106161501395385329e+02
1.098749427697806453e+02
1.204901662717380901e+02
4.375878855452300087e+01
4.934555326451305035e+01
5.079569253538880247e+01
9.944770636742738645e+01
4.912655895548771667e+01
1.212199012073283484e+02
1.189030402976196683e+02
7.900640736595386215e+01
1.392959067210798594e+02
1.838763194869444249e+02
4.724309311766152319e+01
1.097411183382658066e+02
1.127297675531272318e+02
8.384929118521445446e+01
5.745997189585189346e+01
1.961261711090863571e+02
1.287802013658007922e+02
1.321327678296145507e+02
4.913889496861259687e+01
1.075258320374774854e+02
1.027777874724474430e+02
8.554848964129850231e+01
7.212430197943234589e+01
4.321209497095190244e+01
4.227500076011403962e+01
1.106000681310547122e+02
7.542497103662662994e+01
9.952915034927583804e+01
9.678927098260936646e+01
4.803224368301007985e+01
1.262002636760708185e+02
6.365819823034144775e+01
6.063231683140330119e+01
4.970993378086184578e+01
7.615253956725329942e+01
1.299444860418443284e+02
1.074603353896676765e+02
8.200314695929581887e+01
1.091027127951213771e+02
1.116401112380834064e+02
7.164616956238239709e+01
5.433784668776408466e+01
5.279625536217491089e+01
5.899206458071250836e+01
3.084020837692961337e+01
6.289882349988985055e+01
3.450983162116065017e+01
6.142331797138890437e+01
2.383177489617972356e+02
5.834808114634410714e+01
1.271119961066367949e+02
4.066832259984300180e+01
4.125354358020525325e+01
8.882525835353969512e+01
1.013214417984019775e+02
7.925165489158904109e+01
1.427957485654386005e+02
9.734470932744932270e+01
4.653178578527997189e+01
9.300921002096676204e+01
5.075405148520822252e+01
1.023895556172914922e+02
1.169421345430695425e+02
1.307393742167992912e+02
8.548808696496473658e+01
9.661176418384555120e+01
4.345723461357312090e+01
9.339949799740485048e+01
8.202359774261039149e+01
1.038999455816073265e+02
6.914684732675971190e+01
6.700383755615553127e+01
1.836190726335288730e+02
1.074619499479876907e+02
6.110343249985021430e+01
9.403317390770270379e+01
4.367630709628671326e+01
1.148283886901243420e+02
6.576842644585359210e+01
1.416017591731661582e+02
5.119063669075732292e+01
4.610097505188614520e+01
1.087562739507090868e+02
1.397121890244484348e+02
4.661951790393289485e+01
1.328767495667918297e+02
9.218151689736629351e+01
4.241417075673584947e+01
8.906826957333453265e+01
8.860350600661521980e+01
1.114045419836684943e+02
5.170077718007870970e+01
1.169464081733343761e+02
7.410985499424226930e+01
4.331741682149539940e+01
4.814807364909573550e+01
9.783445896786459173e+01
8.164619036225074922e+01
1.350398503541024695e+02
1.049535203587696799e+02
4.705382726781906655e+01
1.082714857237420460e+02
1.146178868517778824e+02
1.991007956669938608e+02
5.533545779964877198e+01
5.085247675940756551e+01
4.774489845347293482e+01
1.066982850589931218e+02
5.339723617580958859e+01
1.009818496186135235e+02
5.033196345966932483e+01
4.640461813178835371e+01
1.134019787098612682e+02
7.523145539022786465e+01
6.826981211302766894e+01
1.088377836582971980e+02
9.688568766447259861e+01
1.212762394942544972e+02
5.420647291216585728e+01
5.235304242411450559e+01
1.085527785075812659e+02
7.627012738608620168e+01
1.330224729101504408e+02
6.603763951698560675e+01
9.831486416496643699e+01
6.115798714662666669e+01
4.596547300494511745e+01
5.305392095757944304e+01
4.716586773559840395e+01
4.365007277324799162e+01
5.068666314011551322e+01
8.460267751881536924e+01
5.446541682200448520e+01
6.718317598299005056e+01
1.530206391818778400e+02
4.999628162058323255e+01
1.204497064384026288e+02
7.988290544286809336e+01
1.851241819078632034e+02
1.023217370628410947e+02
5.012468850231985584e+01
8.025273033128397060e+01
4.750018858022308876e+01
8.936295619088151909e+01
2.523852548509589511e+01
9.754059040794710711e+01
3.937985612114236034e+01
5.318390376462194524e+01
7.699412905586316924e+01
9.826136296473767118e+01
2.909599022421330972e+01
1.331308564041766829e+02
5.178748250665640995e+01
1.041687809924172541e+02
5.649146200858560718e+01
9.070962227295656533e+01
4.906673288823910184e+01
9.649737942415320902e+01
9.270028689773113229e+01
8.851719600994378823e+01
9.599197678513084497e+01
8.208919849153525661e+01
6.234018949867392934e+01
4.997792292889837995e+01
9.385508816553233657e+01
7.904471973724801614e+01
4.718145780462801753e+01
5.832235840744534272e+01
1.234876526316779888e+02
1.049777758032254269e+02
5.594321351225551098e+01
1.401800973288186754e+02
1.828665417883393829e+01
1.010460837162084147e+02
5.411968237007399551e+01
1.122778392632267526e+02
1.176079315824231912e+02
5.146291840964313025e+01
5.107177834530780558e+01
2.293963839090263264e+02
1.300074956815247731e+02
5.946432093749445613e+01
5.762726274237380863e+01
4.556310259367587889e+01
1.030707468028282250e+02
5.265154744648099694e+01
1.261214812209298941e+02
1.371595643122825834e+02
1.675908840115131966e+02
8.511300339422756167e+01
5.053722228552356910e+01
4.573799737244576136e+01
1.512238927878675838e+02
5.182740406993218585e+01
1.184776618211626555e+02
5.919813766771262209e+01
7.170095230049544455e+01
4.808702437660413409e+01
5.139452184494004428e+01
5.032145154652740615e+01
8.186555528371351897e+01
8.710740947461908945e+01
6.360441621088998687e+01
1.208257233667413288e+02
9.186107904908799071e+01
1.392295644193052340e+02
6.497251381748307608e+01
8.212897472445541780e+01
6.129490225626033606e+01
1.384370682961715602e+02
5.281447436967652465e+01
4.787256480705033113e+01
8.683612328089438392e+01
3.735155539321669949e+01
1.406642941313160406e+02
1.215071878026525525e+02
