phi_jl
5.037545530571144070e+00
4.357071326544530443e+00
5.449106962774385110e+00
4.790055202811077883e+00
1.252166941746793105e+00
3.049113462331426216e+00
2.804234900515095941e+00
5.191526321593380011e+00
4.464005008151921139e+00
1.330391087978568754e+00
1.071726390840916032e+00
1.537141235009894302e+00
1.467525820644960621e+00
4.190107003329388569e+00
2.327440503258727755e+00
4.229774351947815703e+00
3.174948752246638417e+00
1.419498010830184231e+00
3.128911831036214064e+00
5.671009261862166362e+00
3.709573227952254637e+00
6.260289583540328273e+00
3.131460461090918912e+00
1.125025140875899110e+00
5.859903633269181178e+00
4.724877414236496875e+00
1.104081051185814427e-01
2.398885145618990133e+00
5.176473056422164376e+00
3.992622149809391008e+00
1.722158772818838945e-01
5.407317742539213157e+00
3.667567885610469425e+00
3.903979852259010119e+00
1.066493601223808207e+00
5.181969766912847497e+00
2.786412492559724008e+00
2.412820951485051602e+00
1.165620230610790120e+00
5.119724934927672999e-01
1.544070643543265620e+00
1.308959796480079429e+00
3.700881327701998735e+00
5.107663410375334223e+00
4.604189035990382983e+00
1.605631597181674586e+00
1.638173302967641298e+00
4.893213130807925637e+00
2.543046608042289769e+00
2.095560200979086574e+00
5.471936105656554084e+00
5.661951617740006881e+00
3.342334036084291249e+00
2.138705450285597109e+00
1.167982986638523624e+00
4.230108144216175425e+00
3.081257134297216371e+00
1.477623836674241686e-01
3.002054860547923809e+00
3.882078896940072799e+00
4.200317429323462193e+00
2.125244820099125409e+00
1.791696138009805095e+00
1.409320945199804331e+00
2.468751202444971593e+00
3.434770308951022866e+00
1.356468372920218046e+00
1.067377369775525997e+00
4.906820778781696646e+00
5.086532865961511440e+00
4.201743959857295430e+00
4.305801279059539688e+00
2.492551176696796156e-01
1.515051210672232918e+00
5.619938068166710821e+00
1.025830926841081459e+00
5.170937301547859022e+00
3.167330602637262515e+00
3.331280977907922658e+00
5.991205225883614816e+00
5.768690332740916027e+00
2.015635419754645330e+00
3.875500608460309415e+00
2.533480466002290044e+00
4.892196874634407777e+00
1.659362637936121043e+00
5.774196463395681711e+00
3.923245617119050177e+00
2.304157318614360239e+00
4.692976999448291942e+00
1.828116192229468195e+00
1.181209133729858696e+00
3.970283789909121452e+00
5.771953928134643697e+00
2.107578647934366334e+00
5.798988501380816230e-01
3.985632166538978893e+00
4.182926180617263512e+00
4.136541912972148793e+00
4.993405587860076267e+00
7.860808202092954833e-01
3.114973769131035297e+00
3.127283043087560888e+00
6.063930869503547427e+00
5.338629638453355142e+00
4.259005924588008085e+00
6.184734573486744935e+00
2.991593674515377721e+00
5.555729974378878389e+00
3.350472673318880101e+00
4.934600713438482167e+00
3.362446214823002322e+00
4.049429588903316279e+00
6.198391113713544343e+00
5.687642884716180625e+00
4.230104769610809612e+00
3.745540827313782462e+00
1.016768468679772663e+00
2.156961328739173567e+00
5.587964297781116585e+00
4.364883659923272097e-01
1.407016583869576509e+00
3.602834365697261898e+00
2.162225318394888962e+00
1.710011720558226589e+00
5.093010572447237649e+00
3.947611121173037585e+00
3.034522955026230040e+00
4.061007641823689340e+00
5.949306383551087762e+00
2.499049419683826212e+00
4.982107856712897132e+00
4.227450628519175524e+00
4.553963276851425768e+00
5.142023103925865257e+00
2.093495595504069051e+00
1.592946385191597036e+00
2.164843519987231790e+00
1.295372752411798833e+00
2.338465017822255909e+00
2.689272230550057152e+00
2.027398476619179046e+00
4.149098343480813966e+00
2.362017683121955702e+00
3.632183398666164020e+00
5.027772247544605166e-01
2.442431106460752677e+00
3.465524802725933107e+00
1.060790994599327242e+00
2.982545665709432470e+00
2.926151586529759818e+00
3.187625854591891184e-01
3.099633117571036323e+00
1.402421223615817558e+00
2.687211499779338819e+00
4.520388650061145874e+00
4.406714415621991066e+00
1.973280583568560065e+00
3.699186423019102943e+00
4.361432304317256481e+00
3.975027026468124891e+00
6.135411035808399305e+00
1.996697711864709790e+00
5.538025124906206464e+00
4.154888755564445924e-01
6.077297465728529247e+00
8.206298960878356530e-01
4.418833015930257346e+00
2.061118759164526804e+00
2.554904629680341266e+00
4.734370864187894767e+00
3.454671159625160914e+00
5.315772273828213379e+00
5.758728380496050292e+00
6.273459638964054008e+00
2.391903138540522722e+00
7.120992588446134475e-01
5.941736402621685897e+00
5.483607626485249575e-01
1.648558366447570700e+00
4.535118251864126648e+00
2.306493668878327519e+00
6.229261712897524284e+00
3.451535546431029333e-01
1.692205440822505569e+00
1.513709323750899838e+00
3.759557764379377609e+00
4.773636045600689881e-01
1.876525591688901207e+00
4.481911200910751347e+00
1.483370409129417755e+00
1.659854993670865309e+00
5.995442918135119648e+00
5.505673112133564473e+00
4.136078393258614483e+00
4.230288181960987437e+00
2.225364387275782452e+00
5.834559724224876121e+00
1.960679395690669014e-02
3.253970079880291078e+00
5.386448041841964240e+00
5.456573003820881951e+00
1.359359485369116882e+00
1.824381958974578666e+00
7.241244000173130413e-02
4.654204670256574694e+00
5.486196426942386850e-01
1.964383311973479707e+00
1.205009671042783337e+00
5.239522445249815696e+00
1.208201075984239425e+00
1.839772487475851870e+00
5.486764774665550348e+00
3.724540053771123294e+00
4.089779553488755326e+00
3.878889345135111633e+00
3.747498146258231522e+00
3.662715255162380501e+00
1.648672439387594446e+00
2.379758453870645329e+00
1.343612055328196941e+00
5.557856230554590660e+00
5.601360710498510365e+00
3.906079041671033369e+00
5.787346440284756310e-01
6.209827173176535098e+00
3.905080884349900305e+00
5.537289594786721558e+00
2.842522503582632254e+00
2.488781732474026231e+00
4.871173300485295954e+00
5.295164985599267737e+00
2.377625431884673013e+00
5.821258965714839473e-01
2.148791121351444122e+00
1.974445784586131181e+00
3.626269560053266172e+00
6.003903852489180792e-01
4.371614623287968904e+00
1.644040870763389117e+00
5.904895833650223302e+00
3.115563591362446427e+00
5.469343326696636254e+00
3.026009074678330801e+00
4.773399727699562112e-01
4.736370320354393648e+00
5.503350847543159396e+00
4.993861014811187715e+00
1.740402174486411102e+00
4.500950032737907947e+00
6.127843141878384969e+00
8.795234406563038343e-01
2.758382363415424976e+00
4.080822225432654271e+00
6.102853742088957922e+00
5.395084759603267166e+00
5.537289594786721558e+00
9.134280276382663599e-01
5.348474257493864847e+00
3.042031447951977885e+00
5.342952131541679250e+00
6.245220282674204704e+00
4.612933203686671924e+00
2.457035274443501116e+00
3.000793573613345533e+00
6.962359057500858706e-01
3.770056007910124851e+00
4.475632410843250142e+00
4.744738088361628137e+00
2.636681179096659999e+00
2.415200716015670768e+00
4.413728946663709074e+00
5.912330498760746345e+00
4.601581183443956391e+00
8.486297598736038950e-01
5.243672618211366654e+00
2.386281201893516890e+00
5.380294228703748516e+00
1.351483982226380776e-01
2.462703511588688166e+00
1.745530756378224968e+00
5.607837363292557109e-01
4.227740458952990110e+00
3.438295110452946446e+00
4.849934777416692988e+00
1.501255323480796378e+00
8.999254887918476387e-01
4.483785705270661559e+00
9.467806005840211370e-01
8.859051476374912859e-01
5.769157885294053045e+00
2.149666596005846309e+00
5.522643895304182315e+00
5.215582580340150542e+00
4.527881095568540459e+00
5.874585802494401321e+00
1.153233978222037992e+00
3.052928754676376588e+00
2.476903999623975672e+00
5.641737274271008573e+00
1.183065709778015950e+00
5.411486065053951577e+00
5.863179670619934614e-01
1.039128483287665938e+00
4.183442368570391423e+00
9.143969654659930280e-01
1.970642308061423931e+00
1.661294753660213841e+00
3.520606240855230773e+00
2.289093066050335246e+00
3.789715257004204196e-01
5.571743607875725424e-01
5.608135840483763346e+00
4.252765271345768205e+00
5.177372774850542037e+00
4.732769048721427452e-01
4.985055770039098277e+00
2.591087766901130962e+00
1.206742539256242308e+00
3.385500918027826600e+00
5.003665124381003970e+00
2.589887634332584732e+00
4.195518693127872067e-01
3.298619982896151548e+00
4.369185486934497042e+00
2.556098319201308033e+00
5.950318894431879002e+00
3.447917471766352104e+00
2.270343413615532935e+00
6.214122682179730184e+00
5.321550850267221799e-02
2.971683329013258934e+00
9.506821754057749319e-01
9.968973692211009485e-01
5.468575415372238346e+00
5.797430685723456101e+00
3.241016430387585245e+00
5.373353119407362932e+00
5.078358958236675491e+00
2.472856305405534805e+00
3.898568928210175422e+00
4.014805068161368951e+00
1.184724401036435282e+00
1.222526681712501784e+00
1.917815157812861715e+00
1.170326868188639624e+00
6.121353794497806255e+00
2.318463088614521883e+00
3.369911525055301116e+00
3.273726756422572048e+00
1.203965283852250767e+00
2.855587476226190802e+00
2.198871022142092624e+00
1.840033774611167239e+00
4.686813411503313875e-01
5.469770558151521911e+00
3.155158205548192374e+00
3.199429760864836325e+00
2.877852667909904127e+00
2.788243163109841660e+00
5.868694610600647010e+00
6.741119211283617130e-01
1.544654994029904138e+00
3.909983477213125891e+00
2.228107622821899447e+00
3.467744377744982898e-01
4.557320470825675152e+00
1.308908458261458074e+00
2.126996499868329948e+00
2.850941297738097013e+00
2.850697170259647528e+00
2.885723276386527925e+00
5.429131725242985596e+00
1.276939101192490211e+00
4.923083440242028708e+00
2.266244201981659323e+00
1.964439815289110491e+00
8.574089130736439746e-01
4.776559725051524596e-01
2.486425583391303207e-01
2.143149882475526624e+00
4.133098057107399192e+00
5.608823672148070816e-02
8.661945535796743423e-01
4.016799093833871126e+00
2.418322236686576865e+00
9.889655769998616508e-01
3.970602874201209165e+00
1.685825219075111958e+00
3.826672623248861260e+00
4.217839085810980215e+00
6.159193325556331366e+00
3.900794427925159624e+00
3.145504597500438315e+00
4.754264706970254828e+00
3.310357832295587888e-01
2.380233305456796788e+00
3.547997218996232771e+00
1.237298841945480232e+00
4.328114845099169550e+00
4.713313984358777020e+00
1.183347278189841090e+00
6.024881878428915094e+00
8.878470540612062312e-01
1.412823856332177996e+00
7.591320312231770728e-01
2.718996714347742927e+00
6.015777427425013535e+00
1.027419950429089512e+00
1.777981759994650357e+00
2.937468244583286481e+00
5.567966081309851489e+00
5.388578273585255651e+00
5.101797295585893899e+00
3.846338746026280120e+00
5.230754968172164787e+00
6.038826047114527640e+00
3.315286048493689020e+00
2.437995434123467753e+00
4.921279347761927880e+00
2.942290520267503151e+00
4.292319522440972257e+00
4.463652210946124299e+00
2.393705261629988534e+00
4.212012719042331099e+00
5.257304386054130418e+00
2.671086204332454805e+00
1.100901205846404274e+00
3.051632360240410069e+00
5.993125731326991890e+00
4.624134893933852908e+00
6.223157646142860600e+00
2.797466769159986821e+00
2.119528173995369968e+00
6.164450489366190666e+00
2.088033238907624600e+00
2.482472666233507930e+00
6.140231528066888878e+00
2.738655179099712900e+00
2.759032627888037492e+00
5.173529617212651033e+00
5.799669652504091388e+00
2.669075325903607521e+00
5.647071409520603602e+00
1.913648407981021871e+00
5.623151223745493255e+00
8.995296851837452090e-01
2.113283770462811795e+00
8.370969648284459774e-01
4.247387283786236978e+00
3.154164929612757629e+00
2.365290714611370859e+00
6.914857071501573360e-01
5.839474571982749218e+00
6.111962212009487416e+00
1.450751827576200581e+00
1.569662376729513253e+00
4.713313984358777020e+00
8.164103208461092054e-01
2.453029528829882899e+00
4.244469375294887215e+00
7.019955434372062708e-01
3.203591023236509017e+00
7.794351490739639399e-01
1.570820392954267675e+00
4.112585818852234176e+00
2.801046005338510447e+00
2.205174357001432384e+00
3.637239445000085336e+00
2.367509224272230206e+00
1.316403118796106719e+00
4.290545515196244608e+00
5.092347327443766503e+00
9.180641520196931582e-01
2.332470919400244203e+00
2.474801665440032661e+00
1.504196721167054163e+00
1.902169273892277412e-01
2.024808309748868940e+00
1.974683894893056735e+00
4.339249346514861827e+00
2.271783707500895755e+00
4.529259318642672838e+00
3.818311177704364123e+00
3.711776659906300679e+00
4.905223392076111466e+00
2.688508166694698609e+00
4.712495594933174381e+00
6.270538224627350665e+00
4.243624152194866994e+00
3.208124045269475477e+00
3.475130357116473223e-01
2.876680049984297938e+00
6.026903737888639867e+00
4.638081130308072453e+00
6.245100498043822945e-01
5.383527501547274774e+00
2.944534916207350417e+00
2.284505907042867712e+00
5.325108492610620914e+00
5.751174072726362496e+00
5.002424334073262813e+00
3.928354170090735842e+00
4.889619359386514930e+00
1.497372966836633346e+00
2.849058661526903347e+00
1.641377627542892181e+00
8.770649811775590443e-01
5.279407277225316442e+00
9.503163961391346559e-01
1.524736917753455601e-01
2.037979308038102289e-01
5.706286372666093065e+00
2.231787209615740952e+00
5.277234387982722152e-01
2.144188370679266153e+00
2.989398942100212064e+00
2.951064698818457011e+00
3.860971965197641520e+00
1.265060412290242686e+00
2.251077796880105009e+00
2.583196072724863179e-01
2.862747807913317288e+00
3.819390931079599483e+00
3.503088512591038817e-01
4.267489647322338264e+00
5.133026210415264856e+00
4.985148607441413304e+00
4.458908318778505908e+00
1.232399731323104541e+00
3.106873622365093901e+00
1.531766002337038080e+00
3.378356470880637730e+00
2.931886137362227807e+00
4.356622577728188617e+00
1.162390807266362680e+00
9.988341064685459791e-01
4.870305364606958065e+00
2.856010945419288571e+00
1.029163891070324466e+00
3.550718057625460999e-01
3.198790737336821177e+00
4.674401898629731100e+00
4.822135283657231319e+00
2.462480134709030377e+00
5.659952824082137290e+00
2.565619059230646037e+00
1.638800258512807861e+00
4.923961728374607993e+00
5.797378966123011956e+00
1.756856691397283399e+00
1.754281083871300995e+00
1.422896729598085885e+00
1.998747099852036690e+00
5.158794607370377427e+00
3.209555773153162650e-01
3.451864524170928483e+00
5.807461200478177155e+00
5.861285204312271624e+00
3.490754972939997369e+00
4.974620418764226670e+00
2.561385146081917252e+00
2.797313364467268304e+00
3.357941681509723608e+00
2.468891499297329872e+00
2.260182655750143876e+00
6.166375519106019887e+00
5.779894627239937854e+00
4.630463765640176810e+00
3.978355712542017031e+00
4.350705225579513669e-01
3.564627934454396296e-01
3.346476248852709556e+00
5.610491760224877389e+00
1.282081115627013990e+00
1.121922230720591163e+00
5.099000507658585590e+00
4.689523937939287457e+00
3.105589502952546432e+00
5.814487224628661188e+00
3.047012168089293649e+00
5.868723212528259570e-01
5.022249113805682619e+00
4.554536574743479171e+00
3.164667483823679461e+00
3.324771612193893500e+00
5.196837498698306135e+00
3.354911022501455009e-01
6.138559050710236775e+00
2.389164441744611622e+00
3.870670321556468618e+00
6.014625309675499132e+00
5.557672079695784362e+00
2.644570023504580480e-01
1.383112464500704686e+00
9.987479989004044434e-01
1.750666262543627283e-01
2.039547892207907331e+00
4.643342929990206258e-01
2.174526178869296444e+00
2.034853068898481443e-01
8.909715888236738879e-01
4.744143700616370474e+00
2.801634655466878066e+00
2.229374390082380586e+00
4.951422596904351714e+00
5.476524071139821537e+00
4.348020781217507569e+00
2.675781914989345811e+00
4.342715038898794511e+00
2.523686055395869765e+00
2.557825231608661376e+00
4.975947282785661230e+00
3.490908167958498343e+00
5.013458878120889750e+00
2.667379938713282161e+00
2.654418172308322887e+00
2.067356863554503210e+00
5.471785038004925106e+00
5.171579046216947084e+00
2.883802407704520732e-03
1.112577716769611369e+00
6.029455268541633828e+00
6.174479579639148952e+00
2.256080999607412707e+00
2.159578390894767885e+00
5.793097298918318261e-01
2.050750762085457035e-01
5.843393981864052122e+00
5.051914192504283196e-01
6.213094731798215697e+00
2.790004715679659242e+00
8.591629581310062519e-03
6.133994216715980663e+00
5.025174123154061423e-01
4.536138833916131929e+00
2.450532182115150004e+00
3.983642692093832149e+00
1.595346990032326939e+00
4.874614486114751344e+00
2.068547143262704058e+00
1.996349009195383051e+00
3.765611601200834713e+00
2.859686969930012701e+00
2.063307544959892326e+00
4.445896410696268397e+00
2.037903907807350201e+00
6.670042395132232960e-01
5.145640166838639118e+00
1.008760009106882266e-01
6.127843141878384969e+00
5.433134626746762841e+00
9.210506689834975225e-01
2.941680945286180293e+00
2.616740483521755589e+00
4.192826008852504671e+00
9.587109894185843473e-01
2.898811520474223080e+00
2.356578020436723431e-01
3.571339796276729039e+00
6.091605999575214758e-01
6.939048109456534830e-01
2.235681037134959137e+00
2.278797524657243834e+00
1.928576238786545716e+00
5.588536000777383217e-01
5.258209468439319245e+00
3.530821363699080173e+00
3.780973808338464970e+00
6.903926923881372746e-01
5.022528824000477954e+00
9.713684567602194342e-01
4.269112851466561054e+00
3.598573257743037601e+00
5.028724923590353946e+00
2.663336466370194167e+00
1.830425823531472096e+00
4.411973852150019582e+00
5.398494884635820057e+00
3.583668997682430302e+00
2.659693918920989386e+00
2.568165751608467939e+00
9.708021367071603125e-01
2.884358273003510220e+00
5.055909613263879490e-04
5.503209102241683581e+00
2.938285230035205142e+00
2.611251765169734007e+00
4.093560285824705325e+00
1.685534793201358017e+00
5.869345068371294438e+00
3.715949607347641681e+00
2.545948498991098319e+00
5.791785431447713073e+00
2.720728037441602520e+00
6.116049568398249647e+00
2.524879585404528282e+00
4.092245328758020939e+00
4.462456016299642059e+00
4.290300074985807122e+00
3.170542068484895726e+00
2.880014573195671446e+00
3.735088217274145972e+00
4.355228784157941568e+00
4.021087449094263633e+00
2.548398118645657462e+00
1.814062538138359493e+00
4.141466233401338570e+00
9.312420125746464494e-01
3.051227509648019032e-01
1.342389955650139743e+00
1.070715532532978465e+00
2.256526584543238734e+00
8.055374556560217503e-01
4.632222373055187248e+00
3.902469854028313700e-01
6.113476163517426620e+00
3.970283789909121452e+00
3.409355148581584505e+00
6.008481768750647767e+00
5.475920423299045936e+00
3.512559152385905215e+00
3.481890919277767615e+00
5.968929422939092788e+00
5.813969366461245514e+00
6.031833239281625403e+00
3.754835031355104880e-01
2.260614219587665286e+00
2.369431425932759794e+00
3.090042342595256120e+00
3.265371141739473959e+00
4.112641253405031172e+00
1.786738926893415735e+00
4.449338892167290282e+00
3.362005629551393593e+00
3.477150612046547851e-02
3.194104553373522393e+00
4.801865313975408611e+00
3.084972288965992071e+00
4.272653723890595501e+00
2.318769829400258997e-01
3.365026142333547021e-01
5.632741986135248347e+00
5.752457395132032580e+00
2.472166796889480711e+00
5.655785275065503548e+00
3.142745606575532147e+00
4.840113189269909633e+00
2.782686706614634797e+00
3.874464624101001231e+00
3.027126949227448183e+00
6.228347471200873287e+00
1.356391907741476333e+00
3.856845131004436933e+00
4.910429434264820259e+00
3.705571259651064153e+00
4.112325085773822053e+00
1.669339267050822695e+00
2.107794680823046551e+00
2.509752419139594348e+00
4.829160381490926746e+00
2.260846327535443123e+00
5.330298361665152918e+00
1.127312811869782605e+00
4.063315960423882878e+00
6.106352323902348722e+00
4.488893531017232874e+00
4.096972411759171706e+00
3.324771612193893500e+00
7.667114640193164465e-01
8.921243820986735074e-02
6.085609004060558158e-01
3.327599997086503780e+00
5.414607822051952901e+00
3.875273308085488644e+00
4.415968564815864639e+00
2.550988369591272953e+00
4.369312892837455387e+00
2.942544604736681002e+00
1.961357438156951405e+00
2.059712042613061289e+00
1.770662077145713553e+00
4.713640454102369759e+00
1.253915603288738412e+00
1.150491590559920674e+00
2.029044414215704251e+00
2.737728691320718610e+00
6.168445825842771235e+00
2.772668240214168467e+00
5.765570333828174299e+00
4.135404395983211856e+00
2.445574967374643638e+00
4.267181167004000741e+00
9.003803879049284697e-01
1.375953608244052218e+00
4.686761512103781335e+00
1.487417272672680868e-01
3.640975509250957476e+00
2.681931676549544452e+00
3.070146011502744354e+00
3.592837271950771072e+00
4.540499914150409211e+00
4.274912062825163339e+00
2.294072010074899470e+00
5.467500065696722089e+00
1.706367147867309031e+00
3.949712475534599143e+00
3.092598838544902584e+00
4.052882829233107387e+00
5.813853598194492101e+00
6.165640110048523859e+00
4.260789247192508178e+00
2.210709576383095953e+00
2.344547645407054848e+00
1.101810265193591487e+00
4.841284720177940315e+00
4.165014418244467720e+00
1.869991609768230756e+00
3.590476679921889680e+00
4.921486340492377209e+00
1.255075264458578088e+00
4.639524590330493248e-01
4.826021262186518612e+00
2.103563896289549984e+00
1.638686156195056975e+00
2.191686226406537319e-01
5.103754822797153423e+00
4.340742845894144608e+00
5.615630414743945309e+00
1.863853276401523873e+00
5.170065950840680991e+00
1.255531499627576153e+00
5.259056231783222124e+00
1.248289851855279853e+00
6.154631568739015179e+00
4.941705718711882911e-01
8.806704457804988007e-01
2.311974255004579926e-01
4.236279017201060704e+00
4.642132793209601260e+00
5.759669048390935409e+00
2.273840571802304034e+00
4.915541599879965418e+00
6.046056495619261284e+00
1.665783161563304526e-01
5.940551894286068446e+00
3.077243547899428111e-01
1.875406608718410473e+00
3.268997954718157573e+00
2.083176986225143690e+00
4.293452984307536191e+00
9.460444546406987509e-01
4.237244982486412681e+00
2.936026414452824085e+00
2.089251160222334480e+00
1.202589217008110500e+00
1.906907524253278696e+00
2.823905206954818503e+00
3.214455496170811166e+00
2.705599349713212406e-02
3.729470551995697658e+00
2.885151324849535293e+00
3.242418331605048110e+00
5.634227319668479339e+00
2.712954493583362048e+00
4.111306787069439750e+00
7.249693486535188081e-01
7.768687202893639343e-01
4.317784650600945184e+00
2.715026899463070631e+00
2.959624564983877271e+00
4.586061721588066575e+00
1.186680212136706603e+00
2.406136458286106894e+00
1.129945085436536711e+00
4.210234332385833333e+00
2.123847756732806791e-01
5.276009406494798881e+00
5.154678157963672014e+00
4.766770118160304825e+00
2.419465998540423879e+00
5.893366538988519920e+00
1.235550539561982353e+00
7.131480788494770628e-01
4.874435669169936425e+00
3.936542722312545983e+00
6.050992249284981916e+00
3.813126222392096754e+00
4.103211237878465756e-01
3.102043239697890083e-03
5.645984647043019500e+00
3.137158806140367684e+00
1.385736473674513469e+00
3.254071158443097911e+00
3.321216428247376062e-01
3.944541858659917466e+00
5.829119441025476966e+00
1.639994855640781513e+00
5.120019209115214132e+00
2.657622530889498957e+00
3.325559056283740045e-01
2.413341978510739061e+00
4.940036815379494906e-01
5.091000704351572814e+00
1.716830656786655140e+00
4.338917171134736961e+00
2.839607474900687656e+00
2.447497017804243225e-01
3.053129001728133396e+00
2.133392048937054586e+00
3.859623041414806277e+00
4.148169298926990933e+00
4.316067396454964289e+00
3.395869201983215291e+00
1.119855914265112551e+00
3.871382878537031336e-01
2.410266996516432503e+00
2.824656745405276670e+00
1.932706218591403680e+00
5.867629719862341275e+00
2.417363317581512572e+00
4.756141011849245870e-01
3.109560140359604485e+00
1.129136431438131805e+00
4.676441735555513901e+00
3.317656198864847639e+00
4.853703287865476668e+00
1.787779557900441407e+00
8.425004451925703908e-01
1.229577584181795746e+00
2.308488309807326999e+00
2.232575209999889232e+00
5.227563952843913064e+00
1.881838522844837769e+00
2.389766902651468072e+00
1.460318112869816387e+00
5.150905757610426683e+00
4.213334764878926997e+00
5.767811785759715093e+00
1.925685512759828466e+00
2.463031485524322051e+00
5.280432180335898451e+00
4.288668250204944243e+00
5.938147655966949046e+00
4.386072289422421555e+00
2.311329703931832125e+00
1.307346596655950322e+00
3.543466359876947802e+00
3.827226026537946524e-01
8.396509894567921739e-01
1.583029141297481068e+00
1.527239672839460216e-01
2.324915368284918404e+00
4.380552257764149360e+00
2.711291866723008592e+00
1.184724401036435282e+00
6.001127812011176843e+00
3.705659633813656928e+00
8.795860726581280487e-01
3.343465983433211441e+00
2.151973994554036373e+00
2.333491875291603679e-01
6.130545746618043523e+00
2.390029124181716647e+00
9.573495390335415856e-01
2.393915542036028299e+00
4.482642553585270306e+00
4.062692574630314191e+00
2.928007693418765989e+00
2.533451470159202579e+00
6.897383075247912609e-01
1.174847218322204512e+00
5.649620804948572328e+00
2.861512528341580541e+00
3.411545634693869733e+00
5.978534462106210867e+00
3.412600749734465921e+00
8.903946856238366403e-02
1.199844843333016109e-01
4.449568153006197235e+00
3.076025689182212419e-01
1.111357375196369235e+00
2.763186625710755351e+00
5.432519217746337725e-01
3.691502683526382445e+00
3.497207336595250293e+00
4.462748330680110231e-01
2.568557226801012838e+00
7.902287598373382016e-01
1.580022664186704118e+00
1.815206315919924762e+00
6.142844523754715347e+00
2.601466789912699973e+00
4.392483204486136827e+00
2.846802150795526565e+00
1.168021600644358449e+00
5.746233755110564445e+00
5.338148736594861887e+00
4.583996754911987104e+00
1.331922905043773919e-01
2.722670852448136891e+00
5.203345613131838299e+00
2.096605112293299378e+00
2.754626425902810372e+00
5.981194595334647701e+00
7.242071098980458199e-01
2.504038971636843414e+00
3.294021015179140477e+00
1.498161110246974070e+00
3.150147475358220372e+00
5.060597920559210650e+00
5.433500184312281434e+00
1.040206471935534616e+00
2.789924270693233233e+00
2.749355767964984487e+00
2.131038765719937000e+00
3.478148822505126248e+00
1.739203697483930666e+00
2.849108326748391318e-01
3.998219279837617712e+00
4.563979455045382494e+00
3.232559861808432244e-01
6.949873052235155946e-02
3.628896702004992925e+00
4.173211584994485968e+00
1.150771029326430606e+00
3.077854318712107684e-01
9.516137086979261500e-03
3.084073937420771294e+00
5.855799397891733982e+00
1.347684907764551410e+00
3.371735227127509837e+00
6.054840932894763661e+00
3.477206849212775563e-01
4.055893701186635170e+00
1.788280191009696374e+00
2.641192776446187107e+00
5.245331464418083733e+00
2.654142655458733291e+00
3.279796955828472083e+00
2.613163803355626591e+00
3.586309312011341621e+00
4.978971127824140197e+00
5.127476662046645650e+00
4.532202019475951360e+00
2.515893141037834901e+00
5.655905332213272629e+00
1.975962509073726725e+00
3.481158248116027032e+00
3.384286859214442056e-01
5.841373269425057302e+00
6.264400082097963285e+00
4.951190559371860367e+00
1.554909631300151196e-01
1.600573765286887662e+00
5.759015583375401093e+00
1.925732737630615476e+00
4.528270680372061818e+00
4.249156116987407472e+00
4.591626815997112310e+00
1.858677848074824501e+00
5.321412448775402204e-01
4.629536631581911976e+00
5.005591792524651140e+00
1.129658602672486190e+00
6.238515447629526811e+00
3.297104185874347060e+00
2.786155868973858030e-01
2.165247463625300295e+00
1.586926006225237051e+00
8.363187729684752325e-01
1.022353929372904480e+00
4.439441591655818087e+00
1.887153050001535437e-01
6.053410494783011409e+00
3.860588980586936447e+00
2.917072729810986642e-01
2.694530783900482174e+00
4.667010411607969367e+00
5.257413187238373808e+00
6.134024852557531382e+00
4.374375132154598167e-01
1.628390297959836586e+00
7.185446083277510221e-01
3.451339380519966721e-02
1.283031714026770631e+00
5.161565453359386879e+00
2.976560945126919489e+00
6.222606499748077447e+00
5.275147344936829796e+00
7.902287598373382016e-01
1.107353441556150564e+00
3.173704627345475426e+00
3.215631437869755249e+00
4.731883052278698543e+00
4.869548708709399709e-01
3.134825748142886948e+00
2.698061482747891926e+00
1.978141458858243773e+00
4.010126704762168259e+00
1.771036918262457460e+00
5.138067041373107102e+00
2.500681279433065729e+00
1.700200076688198392e+00
5.318821051882185458e+00
1.755458117753002201e+00
3.108345187843084112e+00
3.161371693530740767e+00
3.710530026840485274e+00
7.428915068356924944e-01
4.688313865465538299e+00
4.571507968579153314e+00
4.624574967358533684e+00
5.654815717894616789e+00
3.265752285298663793e+00
6.081083699422632272e+00
1.278257893128640577e+00
1.758383941513954829e+00
2.501238075307623987e+00
2.770296656771802812e+00
2.442460624004599623e+00
6.157002123273456640e+00
3.800387779547398814e+00
2.459778033835031241e+00
3.441641182831126411e+00
8.618693842939402217e-01
5.573437635954231695e+00
2.400885717325939694e+00
1.683643273816481101e-01
5.238195555876203890e-01
4.343081711326625793e+00
3.965911916766705847e+00
4.421382781970998543e+00
3.135828823929172948e+00
3.598438289296118864e+00
5.232307964253423371e+00
6.165787619227316441e+00
5.864531684695928782e+00
3.489030384837216392e+00
5.774592486274011449e+00
3.943768222116247113e+00
5.774196463395681711e+00
5.993905782883868660e+00
3.047340414771129158e+00
1.188510607264320784e+00
5.012582247025935800e+00
4.741535762985031432e+00
3.750876696695482515e+00
2.416345204268516955e+00
1.951526233229633256e+00
2.201598294450791027e+00
1.831368196484936872e+00
2.152824139134731141e+00
4.390280214136883963e+00
1.076892949644035591e+00
3.279299139902644100e+00
4.651940421635699430e+00
3.422768771771281582e+00
4.489874017501322423e-01
4.741535762985031432e+00
3.224046413223428331e+00
5.708881687122913107e+00
1.639910719967560826e-01
5.677179190894190874e+00
1.226747036107768141e-01
2.604287356209569637e+00
1.456202058080991735e-01
3.578562723839665338e+00
1.794544835936839666e+00
3.065128988898018658e+00
2.446612133497184427e+00
5.935113341612383575e-01
2.606905301575913825e+00
2.165573676048292651e+00
2.757250175661138947e+00
2.866969124450435391e+00
1.739203697483930666e+00
1.124412697560951635e+00
3.717938812138217308e+00
5.485911579737854815e+00
1.891163042613056788e+00
1.491830404102369778e+00
2.611099230760947076e+00
1.462246770292291442e+00
3.343164800405633574e+00
2.277677314617101878e+00
3.001156380559782733e+00
1.208926783158065232e+00
5.728751900166996869e+00
2.664643281382844009e+00
3.084028759063605296e+00
2.369772644204978240e-01
5.467145793464585957e+00
5.881010926182509424e-01
5.182595351012481366e+00
1.807865259750876863e+00
3.173220585772682067e+00
3.138461595723213371e+00
3.652553996572894590e+00
1.362175773749854324e+00
5.690545254533880382e+00
3.929887299351152663e+00
4.579931858534494360e+00
5.063239780122747113e+00
4.324960025623756366e+00
3.231811899030954560e+00
5.477116566687159072e+00
1.469167320552943634e+00
3.216671044696850501e+00
2.823263408740029679e+00
5.754096862931044498e+00
4.996145118589929268e+00
2.737535436132977562e+00
5.788392924004876150e+00
5.087404657086677773e+00
5.091955052809963078e+00
2.461876641520817088e+00
4.782128438178494534e+00
4.141784127391834325e+00
1.851629122911157665e+00
3.193707031495613524e+00
2.156938945901115456e+00
5.861963147121578288e+00
5.240972036784186550e+00
4.790685774271910002e-01
2.268787897381594920e+00
6.261693481205196754e+00
2.134184557611012778e+00
4.714780487318219748e+00
3.681115570676004367e+00
2.090817712777692794e+00
5.213848016419492915e+00
5.932558318885302384e+00
3.474199780337256183e+00
5.630003562635812919e+00
1.857166668465587644e+00
4.426003339141962201e+00
3.882913324393177490e+00
5.198367835776817714e+00
5.299124325628257637e+00
3.485896751780712233e+00
5.645984647043019500e+00
5.620602414837111427e-01
6.110929125902595516e+00
2.583112500689128233e+00
1.307531519146018617e+00
9.746755556247380659e-01
6.872314260324768713e-03
1.106205775054612372e+00
5.631353001146556458e+00
9.106093899818801241e-01
6.443114194434503839e-01
3.954840897436935343e+00
5.682581529087307182e+00
1.587604018317841925e+00
1.695425325324371402e+00
4.314457682649359249e+00
2.757931617511800937e+00
5.951518758915988805e+00
2.872155309382526944e+00
8.177215061457265843e-01
1.305919755267237026e+00
4.728844770933856800e+00
2.809438027227989743e+00
3.491123397660733652e+00
4.069590504344150483e-01
7.909697135363603637e-01
4.437506526082183100e+00
2.400846464742362851e+00
2.675021395349521658e+00
4.453565636414858808e+00
2.902442696720464177e+00
2.069612406159193174e+00
5.713849365772662559e+00
5.247097251035777177e+00
4.306575342073072576e+00
1.890510195927508130e+00
1.706516795801675368e+00
6.031994794947105332e-01
2.852276833647185761e+00
4.976494282208573594e+00
2.373705544135084278e+00
3.835533995674991647e+00
6.135502666589607301e-01
5.638900134451111157e+00
6.192394007444429249e+00
2.425478957839787508e+00
1.917708106191913509e-01
3.888683072635623628e+00
3.402401794279560576e+00
4.236742469659663612e+00
5.522552661366495030e+00
5.925431570856788177e+00
3.493885978994690777e+00
4.620494741009580686e+00
1.605411104914803211e+00
5.582764627206913133e+00
5.073775719405531071e+00
6.058254430351159847e+00
8.346481554402310765e-01
3.601883851940719694e+00
5.747664757462417562e+00
3.776022641132750213e+00
3.785231705587820183e+00
7.985225842862038181e-01
4.939926640212900288e+00
3.766772172844449873e+00
2.267104720482899793e+00
1.840837773996522111e-02
3.409355148581584505e+00
5.243253249781873571e+00
4.143023085818502843e-02
7.263008979647543883e-01
2.459637606294856393e+00
3.967153594814366802e+00
2.932896262985403624e+00
3.352408385885807807e-01
3.734488315658702096e+00
1.244426777064221862e-01
6.358855833472670804e-01
2.615863841460964512e+00
2.266359072019874077e+00
6.822295500041830607e-01
3.798347332614976368e-01
3.286162741369095919e+00
5.913804268532302899e+00
5.564515891430331429e+00
2.797891399903659426e+00
3.148732971936488045e+00
6.277895226498624304e+00
1.653319016059860758e+00
5.151950982539468704e+00
4.039287663236716952e+00
3.652738443955202641e+00
4.154600757294659275e+00
6.242195696632016677e+00
5.011050194090196364e+00
6.833984454629660199e-02
5.668321869816113967e+00
1.220596848631433584e+00
1.978592716642076255e+00
4.598377421423548661e+00
2.269577498204087718e+00
4.063565238998334550e+00
1.587522471979192051e+00
5.860497763557852124e+00
4.621651167342563760e+00
1.014257846826938758e+00
6.817053473300720423e-01
5.323498153489130580e+00
5.767861709479070953e+00
5.854907066762176510e-02
1.074956766745565284e+00
2.209033240850051261e+00
2.854678903494865416e+00
1.268655158999398180e+00
5.106957929701933629e+00
3.822642551865445881e+00
5.056755970928889177e+00
3.119363075345407688e-01
2.322004926747338160e+00
1.189471566462948271e+00
1.761299854072892135e+00
3.665875084445631149e+00
3.477622285584073936e+00
2.465014568717431853e-01
5.252761578324615321e+00
4.060326865464298329e+00
9.619559904067531697e-01
2.670795802909331940e+00
5.167778629975346760e+00
1.982868059092082857e+00
5.052040374043649251e-01
7.426823141228259262e-01
6.054667850563281384e+00
1.361075270014141803e-01
1.210228157793038273e+00
3.551472318362233205e-01
2.025481390940819804e+00
2.596169315636815966e+00
7.479925090899467444e-01
2.816579398682805380e+00
2.331800172349780986e+00
1.669630766302029112e+00
6.066129600172124547e+00
3.761016866669752545e+00
3.936450388244310261e+00
2.881308788506144580e+00
1.050006612622030211e+00
4.644439911361813444e-01
1.828116192229468195e+00
9.540696435341496917e-01
3.864669145962808638e+00
6.177340795808158092e+00
2.583112500689128233e+00
3.535640541875682885e+00
1.687581424680212772e+00
1.788647658789459083e+00
2.355424753108941172e+00
1.892853950588222478e+00
4.619964822641996705e+00
5.944731821902645486e+00
3.822990194287315457e+00
5.930124814659062160e+00
4.465968489888470394e+00
2.438662166857898494e+00
3.512649950248950326e+00
5.123945302299062199e+00
1.798088534524294291e+00
5.409668921690954591e+00
2.074169233413496016e+00
1.034793197345575733e+00
4.389596203023749865e+00
8.491147912683807419e-01
4.671362950722829588e+00
5.238157935663300124e-01
6.250380353366755237e+00
1.593811211399149386e+00
3.187896776797259690e+00
3.046849340643037696e+00
5.528096995294663252e+00
4.913363680672437006e+00
4.727051076302977606e+00
3.652575311463706953e+00
2.126328331374956360e+00
2.924966601908945307e+00
6.080266702288733782e+00
2.986364571592297956e+00
5.412515674034571234e+00
5.053651917169480479e-01
9.301766014600106880e-01
5.868967196916410778e+00
4.135286744288610983e-01
5.507947645011265214e-01
4.489725299321875696e+00
3.197301825656935659e+00
4.115407218074524920e+00
8.418372783705361240e-01
5.125034763977229790e-01
4.645797544196531348e+00
1.308657508540234993e+00
5.379720013238003418e+00
4.849609277921071993e+00
5.379482454678384151e+00
2.113066163552935084e+00
2.128954387531545311e+00
8.890470404703075813e-01
1.864914383786668184e+00
2.104793149487873549e+00
8.570676066833786411e-02
6.148313219614563785e+00
3.629578945518560307e+00
5.669263362286158792e-01
3.747368551857539032e+00
4.480995164481996973e+00
2.111609510939584933e+00
2.794347174719928883e+00
5.334169423548248190e+00
1.181209133729858696e+00
1.154130381492750379e+00
4.186424462473671504e+00
1.197298288692217216e+00
2.165686373858091596e+00
2.690532519410542722e+00
3.963502392200906499e+00
4.933929610535884969e+00
5.910261366298072971e+00
6.003222302855173886e+00
5.906615330636344474e-01
4.015487337313073724e+00
3.697036893437072091e+00
5.901582230787426830e+00
3.627588477150327506e+00
5.125833360111752057e+00
1.401387750116550812e+00
1.263161154203691350e+00
3.760950867556233757e+00
6.184973313560855779e+00
2.937352079878758904e-01
3.275765145953669411e+00
2.883261727706626143e+00
2.416197523050248375e+00
6.518644198100709275e-01
3.113668160312863087e+00
3.023057939782799464e-01
2.233245136528852814e+00
4.599203619034367030e+00
5.108464517666701177e+00
4.200441786433392721e+00
1.521802631605745082e-01
2.923552719501433250e-01
1.441831231566620630e+00
2.607254441296993797e+00
1.264843299673573895e+00
2.845588171769734220e+00
4.413875062041784300e-03
2.714481929804387406e+00
1.130472169275128946e+00
3.813921246964869560e+00
1.727751247733379847e+00
5.799353144144383521e+00
8.059920432143368174e-01
2.047685499633583373e+00
4.261689562159924449e+00
4.722602966369067623e+00
3.619158711764786762e+00
5.281264314188694797e+00
1.393533855935168875e+00
3.877536513584660227e+00
4.550974611418939553e+00
3.828389403865597007e+00
3.325030997531396970e+00
9.457085048042264130e-01
5.400621064037103736e+00
8.539780792367442919e-01
2.681166399001273959e+00
2.350557083525759428e+00
6.032129977328837267e-01
2.688690420003457149e+00
5.222090419581975951e+00
1.581375759128786695e+00
4.323815898176969874e+00
2.556090656868382771e-01
2.988349783664456361e+00
5.595964012355151063e+00
2.456904569707747843e+00
5.590844992952256121e+00
1.704256989513635689e+00
3.390969960460319399e-01
5.131038071844503001e+00
1.447175757656491868e+00
1.471943892858475600e+00
4.318526860755818930e+00
5.137400871930072555e+00
5.895255604042597852e+00
2.429137482737939280e+00
6.246972003884669888e+00
3.524233768200443873e+00
4.353923034927906777e+00
1.403156048659980337e+00
3.166885950338798050e+00
3.197039458372589404e+00
3.748871242526258030e+00
3.368781560151310916e+00
1.117545622632885038e-01
2.104887114220320488e+00
5.016660548003143205e+00
5.922381692711063295e+00
6.455771412493346295e-01
2.414773199419271155e+00
3.057314109832183657e+00
4.070838225253369025e+00
3.417807905078848130e+00
3.663335487965435622e+00
3.967663281174040879e+00
3.306124810946365233e+00
6.193899308838239470e+00
3.724703366335117671e+00
5.367632067194730183e+00
4.628228823351153487e+00
5.861138133432773900e-01
1.533375986929967016e+00
2.886069076596185834e+00
3.438971730000551230e-01
1.087923696874854157e-01
2.556052008543408416e+00
1.667495781929437593e+00
4.084279299647305628e+00
2.940745087788476653e+00
5.074767046145870708e+00
2.305693533603362155e+00
4.870633991780997540e+00
2.114826643363723502e+00
4.147181501870370823e+00
9.305245737406415696e-01
5.278858193357939932e+00
2.388423915803598252e+00
3.106634522504910123e+00
3.723076664267773506e+00
2.660333354867880029e+00
2.161574192655391080e+00
3.461316612801212056e+00
5.493432394423799714e+00
9.475422198874354773e-01
1.249639002489545181e+00
9.273300000005405552e-01
3.857841268026898529e+00
5.177490154352494198e-03
3.064481861916171557e+00
5.556638540774562429e+00
1.857554055237771173e+00
1.985871795389764771e-01
9.470927719679070322e-02
5.269565811713292192e+00
3.830862399350147829e+00
4.018831364441187048e+00
2.961662990185741418e+00
3.755133942079315279e+00
6.922807440310297933e-01
5.983947885746306206e+00
2.070259886819236339e+00
1.040244863240389783e+00
5.995442918135119648e+00
2.558536442700829916e+00
4.394431664540951132e+00
2.785690584007548543e-01
2.102011739216194997e+00
2.862387392635023620e+00
1.443576506956255390e+00
2.893623489180677799e-01
9.897286117893389079e-01
4.101983237272562199e+00
1.817585336898774218e+00
1.593637373690813264e-01
2.466871309204216711e+00
4.160520456399274813e+00
3.498325806817209394e+00
2.132104489740660469e+00
5.875139812073820522e+00
3.898854990586117619e+00
5.825242369684685784e+00
2.604287356209569637e+00
3.791230482236541466e+00
5.067228168659595688e+00
3.358234701411052736e+00
4.760618106754796131e+00
1.950481658828985276e+00
1.554035001484482814e+00
2.941156440021150509e+00
2.019045576793359942e+00
2.842246640212888753e+00
3.073346423816284645e+00
5.601360710498510365e+00
5.642729854845578430e+00
5.333057029966354889e-01
1.065885028760289233e+00
4.268264334015174910e+00
3.459542121800450953e+00
7.699371229315128407e-01
4.656019921276240758e+00
3.642678566721336164e+00
4.691989056982707851e+00
6.324684929986422732e-01
3.145093438972156097e+00
1.168757310378236575e-01
3.706482354022955228e+00
3.063087183089429288e+00
3.069135100247316839e+00
1.030670087746857089e+00
4.174837205056574518e+00
3.102933495348024096e+00
3.668752632069725905e+00
2.663336466370194167e+00
4.263309435138062931e+00
7.839985462089114898e-02
4.716968742565049055e+00
4.848834811948194989e+00
3.416994913565399195e+00
6.493529947496520238e-01
4.301188005155492711e+00
3.968789248407976089e+00
9.900714817605776874e-02
3.334297557343542273e+00
3.229573124869281386e+00
9.033686961936730113e-04
4.224857607210267041e+00
8.676360372008780075e-01
5.537780328647034622e+00
5.185942629192057396e-01
4.578209363594953452e+00
3.181225739346133174e+00
7.376039478025240292e-01
1.937071004950846387e+00
4.107481569971052515e+00
1.350632102737515661e+00
1.913648407981021871e+00
4.143537891214337243e+00
1.875830949061496833e+00
4.759776330806612776e+00
3.427933299772938369e-01
2.616990706049486803e-01
4.747696594065616615e+00
5.265383401052328161e+00
6.145752229910264042e+00
1.128929889293994959e+00
2.825358910170944871e+00
3.450316477128222425e-01
2.586346881068124048e+00
1.242848053743318637e+00
2.892130920834673269e+00
3.927044411769279986e+00
2.494058913457770643e+00
2.341451866120607850e+00
4.457221751755488626e+00
3.080200039283668700e-01
8.412011165235904198e-01
8.748499941227673160e-01
6.252284081702929042e-01
5.698648988542785787e+00
2.104418435685341038e+00
3.154164929612757629e+00
3.142594217679261615e+00
3.698157226007074083e+00
1.828476801948111019e+00
3.715636838699206468e+00
3.769028193628171319e+00
4.689821447397376275e+00
5.674772694423403152e+00
6.093088430554073121e+00
1.262275260387119236e+00
5.790030907036245011e+00
5.075065802171410567e+00
2.285210651644376867e+00
1.974266739892856393e+00
8.832219333950982465e-01
6.076449673564686016e+00
4.586569307627351044e+00
3.798475148299324200e+00
1.971166754818833189e+00
4.641253600530186318e+00
3.690317466183316020e-01
6.257581344791910638e+00
2.310298115588942380e+00
4.889982855848076682e+00
1.379774122117641610e+00
2.187977595896555716e+00
7.798425688898962260e-01
5.942940237854288377e+00
4.862260067520504769e+00
3.589276038225270415e+00
2.015998245527294230e+00
5.398422514266526306e+00
2.444802188982930780e+00
5.073495424816689692e+00
5.146899310046736176e+00
1.187482550384529212e+00
1.408894863182815316e+00
5.009510133077856864e+00
3.320051148423733611e+00
1.533920704279083447e+00
1.034594593261058071e+00
4.757992153440635974e+00
2.126145047504806040e+00
1.324995454451933563e+00
1.904846883902850951e+00
5.043733515691588565e+00
1.948031208248772961e+00
4.760856198198473166e+00
5.744681851624423574e-01
5.800201052910849420e+00
5.454764193058936783e+00
2.703117789826412487e+00
5.138067041373107102e+00
4.199473287779555974e+00
1.395689010171706101e+00
5.751197102802763972e+00
6.072369802473002842e+00
1.882271821262535338e+00
3.921215575583295365e+00
4.513408832225678680e+00
6.224544661217882968e+00
1.777229025172110788e+00
4.443002995908461594e-01
4.224311652540958306e+00
3.361912397122326368e+00
1.506377429019593484e+00
2.646693916068796781e+00
9.178576398197021424e-01
3.827183522827526829e+00
1.221913137921888826e+00
5.837202372115945614e+00
6.053257359411954752e+00
3.305241570307723364e+00
3.153821284961152660e+00
4.912608524553387784e-02
4.809866311896903390e+00
1.619940416463979904e+00
5.310500505787405956e+00
3.283570946952942382e+00
2.710981153729774107e+00
2.712930547321474428e+00
5.845983679839451774e+00
2.107654100948281317e-01
2.164924587671274381e+00
2.135627564738152628e+00
6.159557716006751171e+00
4.434021404793097254e+00
7.690844524465542120e-01
3.787277582993602731e+00
1.671556344504927072e+00
4.190578832744206728e-01
6.208964042354158330e+00
6.024684154840981520e+00
4.456390081423942995e+00
2.878143622806033974e+00
5.416848242426760329e+00
4.777845974765627446e+00
6.272436607153689891e+00
6.217374016275374338e-01
5.291775012489714491e+00
1.790066270910335211e+00
2.117260749956522137e+00
9.672815076146960012e-01
2.362757551869052897e+00
2.525606462209555314e+00
8.350732396375447619e-01
3.761318142148235566e+00
3.014662597066309235e+00
2.033612330336681762e+00
3.788145138927111688e+00
5.949670186007010031e+00
4.302465801156913017e+00
4.861853111130727267e-01
5.428574413247102548e+00
5.921195092465778131e+00
5.956371681164147169e+00
6.022149487723138961e+00
2.969000473292434439e+00
5.685996803385178211e+00
2.721982115721313100e+00
5.028229892345007279e+00
5.485153419433390631e+00
5.778255244007412195e+00
3.889269786236613680e+00
4.006304443130381365e+00
4.225257509578142390e+00
5.624978452925247119e+00
4.010110504438966217e+00
3.878397281234849725e+00
3.963269086557754672e+00
5.280631971631640553e+00
3.694110105500991281e+00
2.988761003524445847e+00
7.080838270850635663e-01
1.240739792005309150e+00
7.051967804113350446e-01
5.786396627201991549e+00
8.846573435176006139e-01
3.395590367338323645e+00
2.919736384618577318e+00
5.228947082742416264e+00
9.906913166020711037e-01
3.290974935583822703e+00
1.826959546263320133e+00
3.819677192874689986e+00
1.847590111811818314e+00
6.472716334463315402e-01
4.418485944331406401e+00
2.943294662790098215e+00
6.002810503700345635e+00
4.177215349088835517e+00
5.755294994072374770e+00
1.799595563627701456e+00
1.358447407323721379e+00
1.377374280461566070e+00
5.557572677359358115e-01
4.588699046232917134e+00
5.813017706822497743e+00
5.219826617803817737e-01
7.694470080607971330e-01
4.118144436052016744e+00
4.545605063341126573e-01
2.940327606437233232e+00
5.705662619808807179e+00
2.452899226351866815e-02
2.116299322522378734e+00
2.900283220929170902e+00
2.533004885413318252e+00
2.617426393667234841e+00
2.526726778005231822e+00
4.954101993404474769e+00
9.298316702263900169e-01
3.286321760502610712e-01
5.542696086632943775e+00
5.795482690046069862e+00
4.661228351186644581e+00
5.035253293959595311e+00
1.389501626370324372e+00
4.329402102213176229e-01
2.694278296737998790e+00
2.050678179985000682e+00
4.350009199791005643e-01
1.481982910055698710e+00
5.637699241076880696e+00
1.676619987249985400e+00
6.184541858479637000e+00
3.899943297774731477e+00
4.975496226574056102e+00
4.793362111624891675e+00
5.028373018225957836e-01
1.112341631539329967e+00
1.784511546101237522e+00
3.770403326755287221e-01
5.663103225937930141e+00
1.835213955631763705e+00
4.147737380555994058e+00
2.887035004954021211e+00
4.389326353427368543e-01
2.891580847685375932e+00
2.188288025211175380e+00
5.292041356529459506e+00
4.700027602808029670e+00
5.666573708609857540e+00
6.697864284322593668e-03
1.829290731070912779e+00
5.837305076204745369e+00
5.124329557408802138e+00
3.666652464817454327e+00
2.115314763652729191e+00
1.989993713033775036e+00
2.861569122063765125e+00
5.242953919954791431e+00
4.024705747625855423e+00
4.438807394510813076e+00
2.300545406529780124e+00
4.955589711543570530e+00
1.591214899864047627e+00
2.750784409795037355e-01
1.786186013252355043e+00
4.613424259384085069e+00
4.036648967897410678e+00
2.794412056203196659e+00
1.000407038883720234e-01
3.115908992989441462e+00
5.607861674761845272e+00
4.353527106085023135e+00
4.838224698654780553e+00
3.363915690850190376e+00
1.328408940461012433e+00
3.405180415226044310e+00
5.711738164722831357e+00
5.192590501786288115e+00
1.545788956484150267e+00
2.536346463304972154e+00
2.890901621316560588e-02
5.586643685686825123e+00
2.998290287595685388e+00
4.784456901899003078e+00
4.711946896834191989e+00
3.611732104366749407e+00
3.947134571292081784e+00
4.759236705550880409e+00
2.096001826891733533e+00
3.759023245377124400e+00
4.956861435787624615e+00
3.077563910663454028e+00
2.775254890094144056e+00
1.596667995042459376e+00
2.237415830949440743e+00
1.060664236285916440e+00
5.563355228334768476e+00
3.609123379228426298e+00
2.869235301189837717e+00
4.074208364845665065e-01
9.014623940591609541e-01
1.795046220057276543e+00
3.811842626128970402e+00
3.940904015964011631e+00
1.157270811661932131e+00
5.928285437983858763e+00
3.394774662812041210e+00
1.401701150409381702e+00
1.202611479741188427e+00
5.941570667837004827e+00
2.861050999914043769e-01
3.162430718117978046e+00
7.234496402214882771e-01
1.458538729031493286e+00
3.943541604005616763e-02
4.785243792304383348e+00
6.702499587157790817e-01
6.236659011603541636e+00
1.072750768702624979e+00
5.665636634684886319e-01
1.873453632236725230e+00
1.999540875303082554e+00
1.157640419595715064e+00
6.377137349311901016e-01
2.086720932530040429e+00
4.780625247844296766e+00
5.060892176875469772e+00
5.032183308523681120e+00
6.032503976751470098e+00
4.597737412356338815e+00
8.307345470209673843e-01
1.744003283015218786e+00
3.716116503133373605e+00
3.242336157182716505e+00
1.577259788058573697e-01
1.626811224697537472e-01
4.970234332173535385e+00
4.244632853265652095e+00
5.816856113622214330e+00
5.259410824847035038e+00
2.880388530409630832e+00
1.684023184495184955e+00
4.411087252982025531e-01
5.499153918676817021e+00
3.162147013831880571e+00
6.414905731793900667e-01
4.258438081191087576e+00
5.315177859711404551e+00
1.046769234821314454e+00
2.344277930588865910e+00
4.858461529462423378e+00
4.764256586676427929e+00
2.547255563441333415e+00
7.018621302655694283e-01
1.833255557856057205e+00
5.410458406336287496e+00
9.017981554918174103e-01
3.405083113804340478e+00
5.734511972205404540e+00
7.204302487761096163e-01
4.655074938814715568e-01
2.783467432662021235e+00
3.279642971457917833e-01
2.148217486412033139e+00
2.280885246089374707e+00
2.845395322357942902e+00
3.959617253684079990e-02
2.020868277902704513e+00
4.517594561312012758e+00
5.008278773331825029e+00
5.653727219966834028e+00
2.775292873654167547e+00
6.243749798465550782e+00
1.335624171885200884e+00
2.412262498910036079e+00
1.468050099725320301e+00
2.879074107794707515e+00
2.840928277703616445e+00
6.144533522085209754e+00
6.153307326617324158e+00
4.411909204340941137e+00
5.346401595498919690e+00
9.682327858647270524e-01
1.279175744881990484e+00
3.174770103164537005e-02
3.584213542144901954e+00
5.706755705162962905e-02
4.852717015906440778e+00
1.111165788186453174e+00
6.200243378088916124e+00
2.078051862087157531e+00
1.758383941513954829e+00
1.730971006180829219e+00
5.662209000438320317e+00
5.771973235648473199e+00
2.766368936535875012e+00
2.881582793610870108e-01
4.558975092715706445e+00
3.969178029694132803e+00
3.733394168162058602e+00
8.496140346887600669e-01
2.863563223335090058e+00
4.883103572563754824e+00
5.172607915153363933e+00
2.911523532008787996e+00
4.065213996426812137e+00
3.893352137168246685e+00
3.393156946327326562e+00
1.782908912562944925e+00
2.077324783047731493e+00
6.312259293916497871e-01
2.555089853989937154e+00
2.874978703753276132e+00
4.868837039093919294e+00
6.119953889843680273e+00
2.565694388149765359e+00
1.935888998449600606e+00
5.006917954033660578e+00
9.318138156335469269e-01
1.039510060763134014e+00
4.551563083277208932e+00
4.309223240820457157e+00
3.475130357116473223e-01
1.466876150678728452e+00
1.132895078268538080e+00
2.152118362613165470e+00
5.852925195238050549e+00
5.480225160045706367e+00
6.271419230815750367e+00
4.928999331130383688e+00
5.224528836273742982e+00
2.908525698933388082e+00
2.236404815160208503e+00
4.867923474039277387e+00
3.782068748900968114e+00
3.317782701954673730e+00
3.589230809016021428e+00
2.399870176878283190e-01
4.814916901024138163e+00
5.186587171695056675e+00
3.687277333770077714e+00
1.562589695073133000e-01
4.952773184937185214e+00
5.577660380528719486e+00
2.698486088074924183e+00
5.009233484071822673e+00
4.736813047010115518e+00
3.241465451818522858e+00
3.722895388950795414e+00
5.253372511708668924e+00
3.075197484322164776e+00
5.702914584925365737e+00
4.908778028340028854e+00
5.810789217297663178e+00
7.794351490739639399e-01
2.282870031094243135e+00
5.781060437222568460e+00
4.962137785733197859e+00
3.445279527604389269e+00
3.088715057629389249e-01
5.458958702241307748e+00
2.276159730955569227e+00
3.395695659131195310e+00
1.040341707359139223e+00
1.215704973610772510e-01
4.692601691425832833e+00
5.931767928993798566e-01
3.143166442474891742e+00
1.397895596591638423e+00
2.123479576184602369e+00
3.554567098611307596e+00
4.936068691286811472e+00
4.903512871923494942e-01
5.195892100466645402e+00
4.178480605206327247e+00
3.498140860689751830e-01
3.080806929899078117e+00
1.221708741205173920e+00
2.226806189453866658e+00
5.637699241076880696e+00
1.899190821603311763e+00
4.773613306583133209e+00
3.128606349194253511e+00
4.111370747708840701e-01
1.923661108264321351e+00
1.637578531724027453e+00
5.211530650781138085e+00
4.865785044688502481e+00
5.152524046130725566e+00
3.564642001239978875e+00
3.841543617806689959e+00
2.089107990733038545e+00
8.747824872228707749e-01
9.367113365838630745e-01
3.532037053303515584e-01
3.264373596031256985e-01
1.377402389898705781e+00
3.161594879160563920e+00
4.116373334936509032e+00
2.676607643735407827e+00
2.830285274534489304e+00
5.508004867616247857e+00
3.849256150256612496e+00
1.997366151189887251e+00
2.784362259918691240e+00
1.440248835971582597e+00
5.403898066328382654e+00
3.866029629893825259e+00
3.344599889449798802e+00
3.593408439078574101e+00
6.213082984864498393e+00
1.338001333776604573e+00
1.072507006534108909e+00
5.608823672148070816e-02
7.103058355916083699e-02
6.268609173082411168e+00
1.469674537127674541e-01
5.769902431415118826e+00
5.847210539425992337e+00
1.934455774180400489e+00
1.172132556965606698e+00
2.664145832001064029e+00
3.894622821883623853e+00
6.066844596913874454e+00
4.717195975555569909e+00
1.391632954323581473e+00
5.389673369197206299e+00
2.106975177534091692e+00
2.893731194924060279e+00
5.565707083162580560e+00
1.273690068129112118e+00
6.266356303060112154e+00
2.809908227552028848e+00
5.539886841253111704e+00
1.121922230720591163e+00
3.213825858686611969e+00
5.641586543523035679e+00
1.654746395711041762e+00
6.067204528195365931e+00
8.495152769155481787e-01
4.769070019557592133e+00
5.068830354677945849e+00
2.020956422122014706e-01
1.462542683942512078e-01
4.494762291257666575e+00
2.023552285910925619e+00
4.506266860922441886e+00
3.799726327331891529e+00
5.578662873380833886e+00
2.668669489352355928e+00
5.027241318869357656e+00
5.354847389954547232e+00
3.066140457496600025e+00
1.428467980664319903e+00
4.388948508622657840e+00
5.592844189970124447e+00
2.275322521967465761e+00
6.110830603559252339e+00
2.660250703380469428e+00
7.377352425365221178e-01
3.787701523518130386e+00
4.929462557001249579e+00
4.977790617393598183e+00
1.896064810804419354e+00
4.853411408467567689e+00
2.444108532933412792e-01
6.095367215217954104e+00
2.365469968639823950e+00
1.077198964933729020e+00
1.403972692505636388e+00
3.690095795607990059e+00
3.100225553024940961e+00
5.796903326162949455e+00
4.657752073000771098e+00
6.156028064323524340e-01
3.636069071997206859e+00
5.130867878755394962e+00
5.702462176211663625e+00
3.108280400585742509e+00
5.312041318450221539e+00
2.715999847272207557e+00
2.235830257860162540e+00
4.851529701575763021e+00
3.773257962238774521e+00
2.962878254553312996e+00
2.788372399568315174e+00
4.246820581106775627e+00
3.891024609109567045e+00
2.727081624282538641e+00
2.805032084287771177e+00
5.598307025691923400e+00
2.441396213384447123e+00
1.778656501643701482e+00
1.342357142840857387e+00
4.588052620161155559e+00
3.342435842007560609e+00
5.219627670806711528e+00
5.420087085399424076e+00
2.626073571833464015e+00
1.361065320214414620e-01
5.932100550637815495e+00
2.113322818138263948e+00
2.556964922878265156e+00
1.699901568571944077e+00
3.705312727055604327e+00
2.369648961002156717e+00
3.215033540488845820e-01
4.926173705229913935e+00
1.400688598099442572e+00
1.620867007787738290e+00
1.332767719684502472e+00
2.736127999829835566e+00
1.163840572594934342e+00
4.089719691896810616e+00
2.401546716029048678e+00
4.978044009322792895e+00
2.381611763995453490e+00
3.628201763317728812e+00
4.197558168067829776e+00
5.870239428689706607e+00
8.686557935420290422e-01
5.222553582661949356e+00
2.426403011699121759e+00
3.794055256463849446e+00
3.099043141148594138e+00
2.322004926747338160e+00
2.458634800933057640e+00
3.564493435087021656e+00
4.502510608867679731e-02
5.309333443329637525e+00
2.170475095633976448e+00
1.156699885925849269e+00
2.187977595896555716e+00
6.018240213210999251e-02
3.645407057088235980e+00
3.381712829522874664e+00
3.412099496136399956e+00
7.650670549637001994e-01
1.959804475550931624e+00
2.133392048937054586e+00
5.011050194090196364e+00
8.873129500221421662e-01
2.426440242215521792e+00
2.602021438846002233e-01
2.997198980842701754e+00
2.114633463787325862e+00
5.265920583866822824e+00
1.837115209524404991e+00
5.965741835811557259e+00
5.012466979726809546e-01
5.045541431818389988e+00
3.697900837448362843e+00
5.070224365495979990e-01
3.378356470880637730e+00
4.535211804801263291e+00
4.244230475350931897e+00
1.210992529804500561e+00
2.909958241371685794e+00
2.331800172349780986e+00
1.637581178074071886e+00
2.555041750061606831e-01
3.664112755769726615e+00
6.262959040338615502e+00
4.215630411358991303e+00
3.376116183782098989e+00
8.116233231124803105e-02
4.562495682588631141e+00
1.720529621183262803e+00
5.868775692035607783e+00
5.514922014161658836e+00
4.917072746252829418e+00
2.736141742797218335e+00
1.854783915245256543e+00
1.960994473656805903e+00
6.318551160675800471e-01
1.385443849263976235e+00
4.752123677910917721e+00
3.822154310182817927e+00
1.147156122746671114e+00
1.808657291141080758e+00
4.390775557365256709e+00
6.006343628030680115e+00
5.891973160749231830e+00
4.714780487318219748e+00
4.387803451741317140e+00
4.136564986316731307e+00
4.654299575531307021e+00
7.539514177501721592e-01
5.079423445658786562e+00
5.215805941505818666e+00
4.363658433647565893e+00
4.911741970381597433e+00
1.954120362731336602e+00
4.184535908409874772e+00
4.800787956480966123e+00
3.302368084733359854e+00
5.949268641660072632e+00
3.666421399616091925e+00
9.393807714817395960e-01
1.059703200523036459e+00
1.034820459875597454e+00
2.744158892128142568e+00
2.853883447643658755e+00
2.653038580588124251e+00
1.825106855625873714e-01
1.600216935513152139e+00
1.093849786441846439e-01
5.009341288928279567e+00
2.985973774557353355e+00
2.707114883939040428e+00
4.652900184444734855e+00
5.910952060811760056e+00
5.363995874908634498e+00
1.647332331733782240e+00
2.085654102339311144e+00
5.660013691740208408e+00
4.398917152637119798e+00
5.438394156247750466e+00
3.151431363588003687e-01
2.998690138067341859e+00
6.147356658029110577e-01
5.729038347649066054e+00
3.528954651193020542e+00
3.634879182427801503e+00
5.871703645626055845e+00
2.856935087409819829e+00
5.037379597734838121e+00
1.343612055328196941e+00
4.572666898513873868e+00
5.916738655640661371e+00
8.128987641542538833e-01
2.601476127719754228e+00
2.553050231420463945e-01
4.374571329476983905e+00
6.147583031347933158e+00
3.630231457925577665e+00
1.080555913808566082e+00
1.495717376983235258e+00
1.361336414255204241e+00
3.243551750812340373e+00
2.885214420650254574e+00
2.904567437452118206e+00
5.915328526021434108e+00
1.414185234771085709e+00
4.143023085818502843e-02
1.826206402241922655e+00
3.552446886996556863e+00
9.168779480762324630e-01
5.641536006489731747e+00
5.501200541907850017e+00
1.774430362864898081e+00
1.325529713196035742e+00
4.666328953845821914e+00
4.248737975342452344e+00
4.154415447398061567e-01
2.235830257860162540e+00
1.089913921157296572e+00
5.179583541056236307e+00
5.530663194638241187e+00
5.842886110554071699e+00
4.107758934775523230e+00
6.193637444217154453e+00
1.220153081629995251e+00
2.627441954933195767e+00
4.746176296797259830e+00
2.684068639974819703e+00
2.442675129094310726e+00
2.229422367298523167e+00
9.281568014796184318e-01
4.331978772797175026e+00
3.243746482599160874e+00
1.552595087871600388e+00
4.141617542468795321e+00
2.259116046649526921e-01
3.435625993348876861e+00
2.542794730195060193e+00
5.703952473524862121e+00
2.471334290308385973e-01
3.495022946619196880e+00
5.191683612910812151e+00
3.919709841552303509e+00
5.824736990636187883e+00
5.011072935839245623e+00
5.826432721352378330e+00
5.419273262577111616e+00
3.186116641391795845e+00
4.892278992830831008e+00
6.075786693764270829e+00
4.310949322091042646e+00
5.499034854622118829e+00
5.517874115410911884e+00
8.717435527212195057e-01
2.050825790439541052e+00
3.855626985998452216e+00
6.036879183448203179e+00
2.656398969323475523e+00
1.330689193719213792e+00
9.121135987575529347e-02
5.900970779653358367e-01
7.365365287410873263e-01
3.036755129534610465e+00
5.362826617162995468e+00
6.920674689387840139e-01
4.607422645420476748e+00
2.892007001587985293e+00
3.354151055250740754e+00
2.879884751422352451e-01
1.094694547119379857e+00
4.731013543098677054e+00
2.683410400371965210e+00
6.016740778522312816e+00
1.146549109565782487e+00
1.083770328937751604e+00
3.684343883960253252e-01
4.335343882401609505e+00
3.091724107240140906e+00
2.513688504931686385e+00
5.890872808272551442e-01
9.591981624023883102e-01
3.531158329359098236e+00
1.170923773684259483e+00
3.690511833888628246e+00
3.919680022252901797e+00
3.669640343905054447e+00
4.295019637851343219e+00
2.823108363096948015e+00
3.885391704373398092e+00
5.461307044568282976e+00
3.566071667258751354e+00
4.645166059903731437e+00
5.473460002696283411e+00
4.902953200717209192e+00
1.182515425482405957e+00
2.516790913298941335e-01
1.295374269090169950e+00
4.573612619775476951e+00
4.697825600675840541e+00
1.648999752298794919e+00
5.792264243089086051e+00
1.816966434821628118e+00
2.259305055855868716e+00
2.572726741116091898e+00
3.185600821676905170e+00
1.403337215534526727e+00
2.049335379510307309e+00
5.682827211199766637e+00
7.627143503597405561e-01
4.959714237650127089e+00
1.034782805177177467e+00
6.232792380995676673e+00
6.069963953254042366e+00
4.653985705156461705e+00
6.228872694948932143e+00
1.706924700131195571e+00
2.018452949501492899e+00
5.497650164212743995e+00
5.631763355947907002e+00
2.456451887228106035e+00
5.005788040974311848e+00
2.945645993946292229e+00
2.466572847830174720e+00
5.084833511340092649e+00
2.587758211617350312e+00
4.929137915913629264e+00
1.351407317985440670e+00
5.094163794532222234e+00
4.821187583846067604e+00
4.490180047686578746e+00
4.461759599505231044e+00
1.577007535300437135e+00
5.279763268004222354e+00
4.936643435627477317e+00
2.912513706643200528e+00
1.410674097420464124e+00
5.802771711573304625e-01
1.488335246135184864e+00
2.553839010183178271e+00
3.919680022252901797e+00
4.411673679738668419e+00
6.006504047494968468e+00
3.226786766145250507e+00
3.208217624881094299e+00
5.364077739665598088e+00
2.059569154203229890e-01
3.531033872293589226e+00
3.136729599023933002e+00
6.238042461043709075e+00
6.243010224390925345e+00
5.849485188741250674e+00
3.486789611972231473e+00
3.616116208217726502e+00
5.719944046892388556e+00
3.928747023927608772e+00
4.359593464734689228e+00
2.405110911601360257e+00
1.886925336848919610e+00
3.036510770591663189e+00
1.872932086734803381e+00
4.478895529328289271e+00
3.450563153188885401e+00
1.451380732040686627e+00
5.647548948641497368e+00
2.521512476445332052e+00
4.701054604531237580e+00
6.010001579136607042e+00
5.166394571466603303e+00
1.782617582789554067e+00
5.203217836323123180e+00
4.151836001647841168e-01
1.570622821352365861e+00
2.060689695112868647e-01
5.444445300844877877e+00
1.984957500259951324e+00
8.785847553105771146e-01
1.985379510189742014e+00
3.764042429201985840e+00
5.564580916080061890e+00
4.447598965344336935e-02
2.778766495907739609e-01
1.433641881930619144e+00
5.601298336284958879e+00
3.569891538703064526e+00
2.655819118395520650e+00
5.874089349682962258e+00
4.508681498403126042e+00
1.739379151577390648e+00
1.923098054136509916e+00
4.857220219774603720e+00
4.743757904671669579e+00
2.745344395081756872e+00
2.532946376867816429e+00
1.166316545628807710e-01
5.280432180335898451e+00
2.985393794410981183e+00
2.132182634534536825e-01
5.194549918401969890e+00
5.118348784069495672e+00
2.260729296008395561e+00
6.262586838555886715e+00
3.940766309812773649e+00
7.605976622500357776e-01
5.640239279834213804e+00
8.877123487596721985e-01
7.326246085895485316e-02
6.234791184701729883e+00
1.134933820872370963e-01
3.579806420546180146e+00
2.962045695420015168e+00
1.823311248746858793e+00
2.923203000331609402e+00
3.380346762617302048e+00
5.545821931934307614e+00
4.653351263374656988e+00
3.660641068747803928e+00
2.627881192523131570e-01
3.232484785003317818e+00
2.188042322748159574e+00
1.479983440617595569e+00
1.867823676453291393e+00
5.398422514266526306e+00
1.709530479018884774e+00
6.029151768539467326e+00
3.336064946372216067e+00
9.355064379488818860e-01
6.887323461574726968e-01
1.945187425027474992e+00
2.819875630118966470e+00
3.037876313687077889e+00
6.747396560644619568e-01
9.553319003430361667e-01
1.852272900845552517e+00
6.111128293386658861e+00
5.057081109796880192e+00
7.699371229315128407e-01
2.490541013456647246e+00
1.613514429338708034e+00
2.647667523643943532e+00
1.851360543803614922e+00
4.568278668633472428e+00
3.346816192372147114e+00
4.375750830987160889e+00
1.117545622632885038e-01
4.812199088615823683e+00
1.630496604758937096e+00
4.625703432020910277e+00
3.673028011540121263e+00
3.611524256220420614e+00
9.100498405356238774e-01
1.320192259549151093e+00
3.027566260518932850e+00
1.877029803927154461e+00
2.362030998250660152e-01
4.712498683713556957e+00
5.450987324927857536e+00
1.010930048023410244e+00
1.797101359207543547e+00
4.304556827731930824e+00
4.459654625542917472e+00
5.876370262754821994e+00
2.760846268295185091e+00
1.635455563109835309e+00
2.957647873579885900e+00
1.281547296692356896e+00
1.512479603315999732e+00
1.396856954699055908e+00
3.378840337210845757e+00
3.461979235870852878e-01
1.453142316201787576e+00
5.814988745937418990e+00
1.855212579520479355e-01
3.901363711348253105e+00
3.322124072096305003e+00
1.188265581673193738e+00
2.629812328827369594e+00
1.707356757692681581e+00
5.932294339340431932e+00
5.993390295854481131e+00
5.180820730806921404e+00
7.657320817822519388e-01
1.444876257807406805e+00
3.916838776133690025e+00
9.192331637720375648e-01
1.289227731110570430e+00
4.039612918140987219e+00
4.394314125287651862e+00
3.314818666971606653e+00
2.061595600759001723e+00
2.420919524802672029e+00
1.010712596641075489e+00
4.802423237080739149e+00
1.652573783120449447e+00
4.422112948782934261e+00
3.347748577791074709e+00
1.007914961624913674e+00
3.533766995703838454e+00
2.071882025367659974e+00
4.638525753760197823e+00
4.043236055124554085e+00
2.868965648842061622e+00
3.765246824700926531e+00
4.362071606012188241e+00
5.124452470715818997e+00
5.921822531277646462e+00
1.521464537339849654e+00
1.350820555113752652e+00
5.777120489119671021e+00
7.590247497401632071e-01
3.162280825255915584e+00
1.082681507011236999e+00
1.575633410581189997e+00
6.016255545438576213e+00
5.119050672330832441e+00
5.148252990903652737e+00
2.745781571273078203e+00
2.233484097137041768e+00
4.527098863775047555e+00
5.362936506197535813e+00
1.668513010979009836e+00
3.470557605281706870e+00
5.155984157523399780e+00
4.443102674895193616e+00
1.010815506419055376e+00
6.159251061056743914e+00
2.571714250827429327e-01
6.554906693364260795e-01
3.606771452739458983e+00
1.638663037045529514e+00
2.452053884991621135e+00
3.353246845610319493e+00
1.762594153634731153e+00
1.831124729368900916e-01
9.450943020131011840e-01
3.251433145506868794e+00
2.555334346417275526e+00
3.367082117028685762e+00
2.510977643246371294e+00
5.212994374229981132e-01
1.309119735182015631e+00
3.906225047204282319e+00
1.262580313842393276e-01
1.946731776537910630e+00
8.344294360651867137e-01
2.208474180551589061e+00
2.054606417825251885e+00
5.547108506709333753e+00
1.994491361511375960e+00
3.814781630110348765e+00
3.487763764257769239e+00
5.737458929095198279e+00
5.977164963655694496e-01
3.669070981818729038e+00
1.881176753406772928e+00
1.513780199121679271e+00
2.478216299529578226e+00
2.453471732532121585e+00
5.248982137554579985e+00
3.779044504141220173e+00
6.269126819744895940e+00
2.253868742758858179e+00
4.892672901860726675e+00
5.251410349841696856e+00
2.772668240214168467e+00
5.835108835368551183e+00
6.042772012731803422e+00
5.693864431559489958e+00
3.146135437809552737e+00
1.225454081863237565e+00
7.126044757372620442e-01
2.936026414452824085e+00
6.092741366354517574e+00
8.154939424764360290e-01
2.259116046649526921e-01
2.334299902534464177e+00
5.013412852829215893e+00
2.830285274534489304e+00
2.075619523586642590e+00
4.185749999000178079e+00
4.912613806208935507e+00
2.442196362170069079e+00
2.941628327964450840e+00
1.369769782982306339e+00
1.164845375080189260e+00
6.184343790781878347e+00
5.262316039548875501e+00
1.985350812411943222e+00
6.241334609402689360e+00
6.270802854896944112e-01
1.009915354090186401e+00
5.247314446271586164e+00
2.372137151583856574e-01
6.728992978051301366e-01
3.280789787843752414e+00
2.463295202201246870e+00
6.156028064323524340e-01
5.479179636640363782e+00
3.424732906868579008e+00
3.778885296263699289e-01
3.961110343586990101e+00
3.999996206273920940e+00
5.232306882319477381e+00
6.239097425525621965e+00
1.180185962769287888e+00
3.675826168613321343e+00
4.632830702509712850e+00
3.824422019737199196e-01
1.388524803575327704e+00
7.420801415215062535e-01
2.106006793308897063e+00
1.711876342019414521e+00
7.769532533584052603e-01
4.203938317679788206e+00
2.615600423494429005e+00
1.454391004705040347e+00
7.057574872802193644e-01
8.846299193663544891e-01
5.762583587694495080e+00
1.524744909596253084e+00
4.365219627937974245e+00
1.515189211265220992e+00
1.715023169494533928e+00
6.042008028091572669e+00
3.850420151967915761e+00
1.210323523991332362e+00
3.517298507455075107e+00
5.401460376122147800e+00
4.984623051587509512e-01
1.408190625926032613e+00
3.821017198499750300e+00
5.038755346212381525e+00
7.421547030746800111e-01
1.279714079754458167e+00
4.129281197197052222e+00
3.918211221206691075e+00
2.866987839632693547e+00
3.807097233791086222e+00
2.799968619284808558e+00
2.783467432662021235e+00
5.811274043644535148e+00
5.501703755055812550e+00
6.263447213090794108e+00
7.843090164072640258e-01
3.772590705603652061e+00
2.373705206316420180e-01
1.955575271647951752e+00
3.677576437892000061e-01
5.324318214758634760e+00
5.668880278314257559e+00
3.107682905457167966e+00
4.990216896635147670e+00
3.400776057076118963e+00
2.819367031458073214e+00
4.014467042599607183e+00
6.773682555489332069e-01
1.221137996144314952e+00
5.451630911993021300e+00
6.588448433144652450e-01
4.593569773859258021e+00
3.908180711424697140e+00
2.955746395387659486e+00
3.972829329090273642e+00
4.866438243082084725e+00
1.824070091248367831e+00
7.837364325933223741e-01
4.789910160340233425e+00
3.643530728695357546e+00
4.001285840664736249e+00
9.598015835671135365e-01
3.551571066299722634e+00
2.941686326906666427e+00
9.896905885168955086e-01
5.592024521330084319e+00
1.718192507576826511e+00
3.197098201344104496e+00
2.180163036425636636e-01
2.545998177977802701e+00
4.996166061146842252e-01
2.154536531561754842e+00
6.037354844352333494e+00
2.324484883624910125e+00
3.745442200605288097e+00
4.186878471336320295e+00
3.885073526003697708e+00
1.591205924856721632e+00
3.738231674279556493e+00
4.790743435659575944e+00
5.585453833098605436e+00
3.246752080075335112e+00
4.422032614697375408e+00
3.049113462331426216e+00
4.537548499042914685e+00
1.773500884123510923e+00
6.084845100246200289e+00
4.416433467084556419e+00
1.375573047285578943e+00
1.314068401567911160e+00
2.536933695425013457e+00
1.220241327809951315e+00
4.861120688803032053e+00
2.752440362839693844e+00
5.924727530800177888e+00
9.010929645696689194e-01
3.330288165047606275e-01
3.626583560972577835e+00
4.163259417419713060e+00
4.144742723415345331e+00
5.062413089068891203e+00
2.977670584781916485e+00
1.038075843471774951e+00
4.664644330393640459e+00
1.689362623201533964e+00
4.584638874947154719e+00
1.543223616811028598e-01
8.042443556365324042e-01
4.641220010664916629e+00
3.551472318362233205e-01
5.596433139487101416e-01
4.921195482849457292e+00
2.112312102144198178e+00
4.813943532453855312e+00
2.440070761612492589e+00
2.207827145570111504e+00
2.935567834885197236e+00
4.310358121720048175e+00
4.397038551646302196e+00
2.374275916579977164e+00
1.375469070071199340e+00
1.825014554621088581e-01
3.033601324336796079e+00
2.845175760077322202e+00
4.333702788595870992e+00
3.949799168663876259e+00
5.827057448939761741e+00
1.669447817194358530e+00
5.410568374915982748e-01
5.861862737115000499e+00
3.785291391919846760e+00
4.947299609526603525e+00
1.833062290400090610e+00
1.075232963133270214e+00
5.368595427574591739e+00
6.085609004060558158e-01
2.863614472129116351e+00
2.020436882784711674e+00
1.954926597268947575e+00
4.606371628872839352e+00
6.122269734848005740e+00
1.844897025307425109e-01
2.300200106589587179e+00
1.550383676852433501e+00
2.586719060334269571e+00
1.018109440320807302e+00
2.230998728008204868e+00
1.666172298267621477e+00
5.240024955375100824e+00
3.270565258387154728e+00
2.769531294214680361e+00
4.907825128824971017e+00
3.004016790034094608e+00
5.450987324927857536e+00
4.466221526472970105e+00
6.084845100246200289e+00
5.604141098660596398e+00
5.362611045513677510e+00
1.623804683096237156e+00
5.103336274511990567e+00
4.890602920800853681e+00
2.506778369986832455e+00
3.967663281174040879e+00
5.443321020926605414e+00
4.903459124989272055e+00
7.202642719662020188e-01
4.206569098244520077e+00
5.385168205319129875e+00
4.207586593222131910e+00
5.056229072065541175e+00
1.049783152481625903e+00
3.452028933317987658e+00
6.120490535854772318e+00
2.047685499633583373e+00
5.262316039548875501e+00
5.608548129566686136e+00
2.115405646296563802e+00
5.747070120990574793e+00
1.740122151273926443e+00
2.483547513035584853e+00
3.260482047589280619e+00
6.034631511698397510e+00
2.016193985682067924e-01
6.788087620179160675e-01
4.113187991347502681e+00
1.906581095613184007e-01
1.206361613780033148e-01
4.791228195599734896e+00
3.874216602898901574e+00
8.948053991531645934e-01
3.707342745795853656e+00
4.317263543767389855e+00
3.881024284565906868e+00
3.618760478402605951e+00
1.534305165806949534e+00
6.196632857528495464e+00
3.398208749242535465e+00
6.192174248397285474e+00
2.727140168294500899e+00
5.312361193424082195e-01
5.069582130124696384e+00
1.562773383522656712e+00
5.558732822630058301e+00
4.657866611094921616e+00
8.190239248276739437e-01
4.818409364528747574e+00
5.468493064424517769e+00
3.084186016725156243e+00
3.190440289074235825e+00
3.313510075138317301e+00
6.130227778133646055e+00
1.631179905137251085e+00
5.880638245409393505e+00
2.929186042943214829e+00
5.362218663853127509e+00
1.988634634717278082e+00
5.553632214499542918e+00
2.770530587161392333e+00
1.701321177080996130e-02
3.172319271649497896e+00
5.059931965017685052e+00
1.330805985219316367e+00
3.917276775006396150e+00
2.805032084287771177e+00
3.644686661041775633e+00
7.812396360210661639e-01
3.046244374868246396e+00
5.851912279622217383e+00
4.584638874947154719e+00
3.930908481893393258e+00
2.642437181877811625e+00
1.005409797762747637e+00
3.453566033136120428e+00
2.544389134421273457e+00
5.224506011620115409e+00
3.410824834279265083e+00
1.739526203205903121e+00
1.374482484198086940e+00
6.098939267276683118e+00
3.247318146465434818e+00
3.559229760991560632e+00
3.755252618858839320e+00
4.704749649031208847e+00
4.702828788120223535e+00
1.934239845050182982e+00
6.042227323433045250e+00
6.708450889002933737e-01
2.914047564094484066e+00
7.319653656675241260e-01
1.780286629474199245e+00
8.095633650973866891e-01
2.860473580209635380e-01
1.727786135143634105e+00
5.688769320955583630e+00
1.776085079834746283e+00
5.158837404369424284e+00
3.724846543467259519e+00
6.042129635593086467e-01
3.990627678232591791e+00
2.527356719384161288e+00
7.012575765084474444e-01
5.020402003345496134e+00
5.057666157284619324e+00
3.580970230106746310e+00
3.280261587862970618e+00
3.684111915995191389e+00
4.640274639146509728e+00
4.637714872813457845e+00
2.419833945137265019e+00
4.019411928190220529e+00
1.777981759994650357e+00
1.251498797938092489e+00
5.778014434467263705e+00
2.634603761964824375e-01
4.299744484913725628e+00
3.244964203326374808e+00
5.349682118262564678e+00
2.120739767637362050e+00
2.268410969348389372e+00
2.816977326708058449e+00
4.356622577728188617e+00
5.463417755462288028e+00
3.853133567570678153e+00
4.968340902039476426e+00
3.759947272308273636e+00
2.386920251778046786e+00
3.468410058105421356e+00
1.432672179811298241e+00
4.362288461399021600e+00
5.635848900949329554e+00
9.312420125746464494e-01
4.181820626852267964e+00
2.402988291093683393e-01
2.112127174694529597e+00
5.843247377963752598e+00
3.973309625285207147e+00
5.740026245494228796e+00
4.674744597048335670e+00
5.559776001913554921e+00
2.407376386475058805e+00
3.369446387001956200e+00
3.974131528477496733e+00
4.910689701164750787e+00
2.435776489302949877e+00
4.903505996184279958e+00
5.243846304250035395e+00
6.030908511745639800e+00
1.132751438274021361e+00
3.384693464978253630e+00
1.172737211966522697e+00
2.551383005085186451e+00
1.187682872415081636e+00
3.357574923404891276e+00
2.869598526793792459e+00
6.670876534551930526e-01
4.579931858534494360e+00
5.318937331900224663e+00
9.053769560925611914e-01
2.835263024849870472e+00
5.853874872898885862e+00
4.185749999000178079e+00
1.990166128334668771e+00
4.183755498450453025e+00
1.406834761789842181e-01
4.196296915656638760e+00
2.268685299854952930e+00
8.616267838109373800e-01
3.554023906447879799e+00
4.129340041608448253e+00
3.319079869959105089e+00
3.416099805700951730e+00
3.468854048563345227e+00
5.500145380326055822e+00
4.908553894834441489e-01
1.477653772751339467e+00
5.726105709372506070e+00
1.773453162769231595e+00
1.550145985874736621e+00
5.613497875151004735e+00
5.128919321714371371e+00
1.505722071448034605e+00
1.663678945647515617e+00
2.387029349427003844e+00
2.943232886900860379e+00
1.280851654453746713e+00
9.081082243969519352e-01
5.998406795742956099e+00
1.989993713033775036e+00
1.144446161099519799e+00
1.610172456261043772e+00
4.077610589052835799e+00
2.551383005085186451e+00
3.382456686142010227e+00
5.204443352710894644e+00
3.462788295258294902e+00
3.113176077876099512e+00
3.466357193534263192e+00
2.444679305752413823e-01
6.045615692574092037e+00
6.074594347580743126e+00
4.494961747201798197e+00
3.824723832022355552e+00
5.805599451682263101e+00
2.451971042718495752e+00
5.811245666283394229e+00
1.993181083241892582e+00
1.592946385191597036e+00
4.447708835972057351e+00
3.762433301981979117e+00
2.888845708959332015e+00
5.665844917193678221e+00
2.175446087177838272e+00
3.182210647907877998e+00
3.851573106919575995e+00
3.565018891061261463e+00
2.811279366170786442e+00
3.991579630657973166e+00
1.232595458604047067e+00
3.556085134560628358e+00
5.436622407895923992e+00
4.142216973148631354e+00
4.697505493528976395e+00
3.436007574638115791e+00
5.248013273890525632e+00
1.740317120600255008e+00
5.280559945696948532e+00
1.927436154269017932e+00
5.352809676348470269e+00
5.148252990903652737e+00
1.111395732636855982e+00
5.360315507601224327e-01
6.072180126267930689e+00
2.972187935918997770e+00
1.131085140085961172e+00
3.511086158073630337e+00
9.764609029867973855e-02
4.748920321414403567e+00
1.041304747094709132e-01
4.449263566639849898e+00
5.337758001362159277e+00
3.096652162075728132e+00
2.700545942880409722e+00
2.665840815386263607e+00
1.821784969981554481e+00
2.235780582474049538e+00
2.743788039827964820e+00
1.625991265164732580e+00
5.300462739364570020e+00
2.999465526598356302e+00
3.898819060591239616e+00
3.532955090792015973e-01
2.686837061935730020e+00
2.140367727757719329e+00
7.946048185331741620e-02
8.948083247006405339e-01
1.273690068129112118e+00
1.405907482432392497e+00
2.083769946347944657e+00
1.807652603971484195e+00
3.064229673908199114e+00
4.763260191642296526e+00
4.499315655519055213e+00
2.361390523600835900e-01
4.050930339664621904e+00
3.809147038764302273e+00
6.141778202757669725e+00
2.105223255006158034e+00
6.655958916928065294e-01
3.601980284527220633e+00
3.287280080000701599e+00
5.907293711056247787e+00
1.855747052074928627e+00
9.057385827057800043e-01
2.437199575591878720e+00
5.016786927477792091e-01
1.391294253224780286e+00
6.096330691204435936e+00
2.146180889844294448e+00
5.010525155623173355e+00
4.188027098410698201e+00
5.712459769534970810e+00
5.500246335257339414e-01
3.900096058349833861e+00
3.107915947121615563e+00
5.320517102918882024e+00
5.976064008800166860e+00
1.008707836969905847e+00
2.894349515266418926e-01
3.493831760539449771e-01
2.629660150447408640e+00
7.772989330953797293e-02
4.239726428732316421e+00
1.388524803575327704e+00
6.130545746618043523e+00
2.322004926747338160e+00
1.268010964635509552e+00
6.201693503402815999e+00
4.956926648057088158e+00
2.285443570777365707e-01
4.529259318642672838e+00
7.761713757504952182e-01
3.847454095898657833e+00
5.311373370199900634e+00
2.889004804486476452e+00
2.959027025200595684e+00
2.819605587228290577e+00
3.814243512892427912e+00
2.578476883642339956e+00
3.653399501579385422e+00
1.412197473425515382e+00
6.037322036821760385e+00
6.088380610609094745e+00
3.852492339804753474e+00
3.978355712542017031e+00
1.085112640866102846e-01
4.197559979210399028e+00
3.030269531974021380e+00
3.927170283051901745e+00
1.491831431330512991e+00
3.270812286445811345e+00
4.846047461900039544e+00
1.101883931448478293e+00
4.593285717840471349e+00
1.746215187306583649e+00
1.439512873127954506e+00
1.750551297327465061e-01
5.939288971511123449e+00
4.416252310336359344e+00
3.089608939003203769e+00
5.227252215764254473e+00
8.245673157519131657e-02
1.732531483765158420e+00
4.253090455327494190e+00
2.111382723836914721e+00
5.896465789674881997e+00
2.148217486412033139e+00
3.546721909890167002e+00
1.810076623957718622e+00
3.147561867979288830e-01
2.497489179269650195e-01
3.638255062959693253e-01
1.681002081468349285e+00
1.831144755536598057e+00
5.881889204981347596e+00
4.092722088920477397e+00
4.765939112595765081e+00
1.839649804845686631e+00
4.449454296449216528e+00
3.231011629245200689e-01
4.343832199938652217e+00
4.722476793379924882e-03
5.025409672223511315e+00
3.655485443339546947e+00
1.705288535432135877e+00
5.025992499569963634e+00
5.880504870077144730e+00
3.489145125292958394e+00
3.376627995019103157e+00
4.744160263075836603e+00
1.866837636329463423e+00
1.254468356159477160e+00
1.024754023989745688e+00
1.519002546561360800e+00
5.345374205896465725e+00
2.814510759238228133e+00
2.260971676354959659e+00
2.530294526135532962e+00
5.863793872334004398e+00
5.702303253917024861e+00
6.137599736525274352e+00
1.187908358519880414e+00
2.464718488336855806e+00
2.574298525188913001e+00
1.862359491098360076e+00
4.107708792644744200e-01
1.124357345924471341e+00
5.410679647220320909e+00
5.096399857327124749e+00
3.602537366289363163e+00
1.909356601577874901e+00
5.476850119277047568e+00
4.255239263406573436e+00
