phi_12
1.229654594548480473e+00
5.617794130386424278e+00
5.168569624932138673e+00
1.370308175742658729e+00
4.491924734993660628e+00
9.044285515544938647e-01
2.280451554899594946e+00
2.571383671487623701e+00
4.767571554627289210e+00
3.448633613901484374e+00
1.064028309758626056e+00
1.256808732344096846e+00
5.932380839503576198e+00
1.782686687918378921e-01
3.527830867328581643e+00
1.204910043781040274e+00
2.151247899217960224e+00
2.340391683410745216e+00
5.871879125489182227e-02
5.273638505837898727e+00
1.000368128531778700e+00
6.085373869688646131e+00
5.149685377753956850e+00
1.018147036318042709e+00
4.272357535980995991e+00
8.267579114342449298e-01
1.863245527770805765e+00
2.437154727225821826e+00
5.530122267248319012e+00
3.618808722525068244e+00
3.726813315641057223e+00
2.849952189631871580e+00
5.832231082740650940e+00
3.863178591275486351e+00
7.277508075090227679e-01
2.397627208883807981e+00
4.795764625485342769e+00
3.342094932052602108e+00
4.454831635642062082e+00
1.009608737925699495e+00
1.157272339953828943e+00
4.387189922981489687e+00
2.734901519843988993e+00
1.131530426419305124e+00
5.246783708579047634e+00
2.920125220097000707e+00
5.952660918528255962e+00
4.493867138820797358e+00
3.148859488379934568e+00
3.990584367426024848e+00
5.103572948431738254e+00
2.389724966299366926e+00
2.063665228267866691e+00
1.393211169481261003e+00
3.231511842426609604e+00
4.969465740635871320e+00
2.943957611227245419e+00
5.016710680452195481e-01
6.077417893582724773e+00
3.534895927209598554e+00
2.773314354187815578e+00
5.011299388660758858e+00
6.153345271106825720e+00
2.240421286840559745e+00
3.034612565722689670e+00
2.325430480230199493e+00
4.685476627861487664e+00
4.220293784436639051e+00
1.967322493548066653e+00
1.221925274439852327e+00
3.222703728385787780e+00
3.327449232902842002e+00
3.424983401313356435e+00
5.721643532217790984e+00
2.107981372898482864e+00
1.292516956768221315e+00
5.952790583107186784e+00
3.760201909213797933e+00
2.967181516449607148e+00
9.140779878113726165e-01
3.443318817259427345e+00
2.887028625700647222e+00
1.071465981235255382e+00
1.586275811449245898e+00
5.246226519313404779e+00
1.236448729006271119e+00
1.528108001789689752e+00
1.329771393798189649e+00
4.361034083313962917e+00
3.994025772914059580e+00
5.642696964036952423e+00
2.359040790931451692e+00
9.594723731235591524e-01
3.230322256546712456e+00
4.047203068861410458e+00
5.054603271883183702e+00
3.123253301380821689e+00
2.681683219087717340e+00
1.426996543965474151e-01
1.801828190729606760e+00
1.760978717410922600e+00
3.723277640452970161e+00
1.696431159080420636e+00
8.619009425970040050e-01
1.986207107441133379e+00
5.956729703936853443e-02
2.550286575460981808e+00
6.093791035276961310e+00
4.467892626988685945e-01
4.017814384063375321e+00
1.255184294632890607e+00
3.465478300480761664e+00
1.558950670793260107e+00
1.325782823498610874e+00
4.231208364005860645e+00
3.745235446420001890e-02
5.336099686247504970e+00
4.083061401226657949e+00
5.210341482938884106e+00
4.878752954490653160e+00
3.483261013089299141e+00
2.464592231310072545e+00
7.755135931987824360e-01
2.977578991225613425e+00
5.540681975339791343e+00
5.372333230320979425e+00
5.213919097375911527e+00
2.562182918123617759e-01
5.622845037452631090e+00
5.158753926079040042e+00
6.115543911195542748e+00
3.763593312708293226e+00
1.983354621897960746e+00
2.922119391838881031e-01
1.140088482225483757e+00
5.942365710503271892e+00
1.450153216089491215e+00
4.559909444942589651e+00
3.682520006096758447e+00
2.717032861834426605e+00
2.134578345161136370e-01
2.070757104261757409e+00
2.160612188647455412e+00
6.584995562366101618e-01
5.959328687781930256e+00
6.024503335476501853e+00
3.652460492356211841e+00
4.709984374416098518e+00
6.015930614929250630e+00
2.996618962653425200e+00
3.319714655220863619e+00
4.925288121888519832e+00
4.974962529716203008e+00
6.195590550787224871e+00
3.384978169104374768e+00
3.193921157246446985e+00
4.495934566382821629e+00
5.483036534477413682e+00
3.912751852757822224e+00
2.901579257868724060e+00
6.180672856556135741e+00
2.801872232701841714e+00
1.286964194516407645e+00
4.809111591949236875e+00
1.942695751299750473e+00
5.356535027371863045e+00
1.225725820613190464e+00
4.373543810449479707e+00
5.152771989017590926e+00
6.013687369637842117e+00
4.011724827676547811e+00
1.042646117268682060e+00
2.863702733360057096e+00
5.356804972987564639e+00
4.431897002745728287e+00
3.949026880223129865e+00
2.596722375079854483e+00
3.750522211459307531e+00
3.165949505252515728e+00
5.415590940025449385e+00
1.833165487521552839e+00
5.360409329570923198e+00
4.071685879686167020e+00
2.432712022925811901e+00
1.767308812663696438e+00
3.109877236659556399e+00
3.553766037022814572e+00
1.174865490150123426e+00
1.070876326223501263e+00
3.203480269713905593e-02
2.516929343049736367e+00
2.824921792724382485e-01
3.994703806950931746e+00
5.434206688735348401e+00
8.318006824070843797e-01
7.080160125238451618e-01
2.946924892880949387e-01
5.218888191830007628e+00
4.976129498734060519e+00
3.824742915940375187e+00
3.298816616191593276e+00
2.427392433545268791e+00
3.826816152997533305e+00
4.799363054526315508e+00
2.002922638012328171e+00
1.115330334245688837e+00
2.208216382067167416e+00
6.267769325052905849e+00
4.634097497780754082e+00
2.571605773819705121e+00
1.614370177797814776e+00
1.667206283236635445e+00
4.173651808357766058e+00
3.033438064210386198e+00
3.202755152957767137e+00
4.136532720703269383e+00
2.567005992296976569e+00
6.076411545733773956e+00
6.271693383883246042e+00
3.289365637852161850e+00
3.942346402694893115e+00
2.818724561812588347e-01
5.921653384853803326e-01
1.539961891676000505e+00
4.866760934501895619e+00
4.992835726656581485e+00
1.030105141067487073e+00
5.864582869813204979e+00
1.791470237275938071e-01
3.408597921366211647e+00
1.768314807974755931e+00
9.717321237536639122e-01
3.600865511266408525e+00
1.961320411091181715e+00
4.389243519150949346e-01
9.926620175629276288e-02
1.052938362630470470e+00
1.315410025303523633e-01
3.417157261497938414e+00
1.407970935727410389e+00
4.336048602902143223e+00
2.049152422416996355e+00
1.445983805507902842e+00
1.457177286691798024e+00
6.775779040451138657e-01
4.491280132178856022e+00
1.785871520534843437e+00
5.409160591580286059e+00
2.744605579534169504e-01
2.552081079301351085e+00
3.271797110310090684e+00
1.192855755555284558e+00
2.982040316127910096e+00
5.905984397367651795e+00
3.652988842970488648e+00
4.110483471989333282e+00
5.864582869813204979e+00
4.280882972447601631e+00
2.980524079055408393e+00
4.558745860526975946e+00
1.362489248293756061e+00
1.997330543707454220e+00
1.942818729322114635e+00
4.123127845671805680e+00
2.497200470858113253e+00
3.426287197400311069e+00
3.798227434879609898e+00
2.810195392643124013e+00
3.539071783442192753e+00
6.135625497433234266e+00
6.173122434058790908e+00
1.687149542845998385e+00
5.917344429015843232e+00
1.818041177201223491e+00
5.087378654587394244e+00
6.203736929450457183e+00
4.237428747815805252e+00
4.482221891314197570e-01
2.059442534056306062e+00
2.965222225251817889e+00
1.643791049834924245e-01
3.191788682807722433e-01
1.836950193433060097e+00
2.738930349575826373e+00
5.855623216218399207e+00
4.557603660954861802e+00
5.286274901164071061e+00
5.269596429982753572e-01
5.959996748632431895e+00
1.186696754704708701e+00
3.645170627162427901e-01
4.500691532393884309e+00
4.251324254814707437e+00
2.638706933856838077e+00
5.334959490249011616e+00
8.954841971596007033e-01
4.090848230825913645e-01
3.170825914796815859e+00
3.632490213324173212e+00
6.012278721799896530e+00
2.179317028781867283e+00
1.048401165424440951e+00
1.942600257291478671e+00
3.693439497532795546e+00
4.533595430270739968e+00
1.358292165991404676e+00
5.484957656535976334e+00
5.820100916568812899e+00
4.457974113403794791e-01
1.752957850279062146e+00
4.754668259745700176e+00
2.336346882333325325e+00
1.985385836258793724e+00
5.091939003328095348e-01
1.877610910879876638e+00
1.618078990139123929e+00
1.940838773275629592e+00
1.268913203764062025e+00
2.074151388705353760e+00
6.036326869612453017e+00
7.242610377493817753e-01
2.579144237289638042e+00
1.762109022704311245e-01
5.224048238014967538e+00
5.902716812510656830e+00
4.994651621806540653e+00
2.733042002743157339e-01
2.447465684289868992e+00
3.284882292964224959e+00
6.073056714243876719e+00
1.968272995927601743e+00
2.017551359233996422e+00
5.500211177301919996e+00
1.737630504587213576e+00
2.512223327971730313e+00
6.084675395453150060e+00
1.349969428557480811e+00
7.635763613959054563e-01
6.232485138652561929e+00
1.556704248306664429e+00
1.293818843466396640e+00
1.974593287889749194e+00
1.386267231662765997e+00
3.856089948762441377e+00
1.536762903239909495e+00
2.469992756016442803e-01
4.473926698820300807e+00
4.441258677351570761e+00
1.782944395809858307e+00
5.754882778035698365e+00
3.772803207847083562e-01
3.403971441204642456e+00
3.290794373318448152e+00
1.758259208825660447e-01
6.036316669279707448e+00
8.344518132246974140e-01
1.162533920116060049e+00
3.466922952691295023e+00
4.667582045393998236e+00
4.900339671567000011e+00
5.967819696556204256e+00
6.665165185581172214e-01
2.317943524886473927e+00
5.076686082400809319e+00
2.766275031757049474e-01
4.786389604553232147e+00
4.945835407769144432e+00
2.407558299905655286e+00
1.912716819036631710e+00
3.098544808743430856e+00
4.202784372269412927e+00
8.171177946261097835e-01
5.662205559286884515e+00
1.903333191032011262e+00
6.217380379730315099e+00
1.251822908590815242e+00
1.117552926958512716e+00
1.150004303201295430e+00
4.953765489176473302e+00
9.287865443737034488e-01
7.556401547288610354e-01
2.648354054769285870e+00
4.472530529156917289e+00
5.090786825450893671e-02
3.794618593792927985e+00
2.656792682966973018e+00
4.820586258982969774e+00
3.509892166214131137e+00
5.250103162837735482e+00
4.090695713808178091e+00
2.739933830507494950e+00
3.816196682875189428e+00
1.065244410377590878e+00
2.789539294848547568e-01
2.626137463219092805e+00
2.552063007671571793e+00
1.798688156204608202e+00
3.094156050682655756e+00
2.835582409302256912e-01
9.034422297912666489e-01
4.709838586664300664e+00
3.824729735026776822e+00
1.806891012221334636e+00
5.932648894777433846e+00
2.136901536989492811e+00
1.140030589755729240e+00
1.446915640087969246e+00
6.166123599850075188e+00
4.678851172288879035e+00
1.580946530460108246e+00
2.095384419052237046e+00
1.170593368054997141e+00
1.483426384129436781e-01
1.927615808456681679e+00
2.765437854885089752e+00
1.131467073592002937e+00
5.465184374201022877e+00
2.660217386782886884e+00
3.568512910396435256e+00
1.211387563334256345e-01
9.178512704587478144e-01
3.640278876196315405e+00
5.589478974529849431e+00
4.331478317432105207e+00
5.048448621985295759e+00
6.986783591005527594e-01
2.365413243011186939e+00
1.463078834059270195e+00
6.238008464243230300e+00
2.492986991949025732e+00
2.620239672190619373e+00
2.213083528365933805e+00
1.632056151979536462e+00
5.498979747881215907e+00
5.925667960215869279e+00
2.420276900962289979e+00
8.015069625186801439e-01
5.183400136152228832e+00
3.634121940360661718e+00
5.702399302578680107e+00
3.031308832838176315e+00
5.316185442144140127e-01
1.390902707853196807e+00
5.430272190406896016e+00
1.635878705953086598e+00
5.233664648631006777e+00
3.881683432291618718e+00
3.251952427328340001e+00
4.501500841517486862e+00
5.726402394456640899e+00
2.109893553716141845e+00
4.050209655988489033e+00
1.496026571037346597e+00
1.899967273094289588e+00
1.792307213633085761e+00
5.112322206237530864e+00
1.740867017567774067e+00
4.709838586664300664e+00
7.279313462231871978e-02
4.075558113125668847e+00
6.137504156999911586e+00
8.049250625181714192e-01
4.073397455524425226e+00
9.985387897688277059e-01
3.703002486201448562e+00
5.616397940919395815e+00
3.026960711351291522e+00
5.344607266115257715e+00
5.366744357212465566e+00
1.056570119339565128e+00
3.953478519738387487e+00
3.122920335503380773e+00
6.061951622208585633e+00
4.842571401575639811e+00
5.366915076779444682e+00
1.728904387606305937e+00
1.089521322185581509e+00
2.257254360062783238e+00
3.507155741567833829e+00
4.341121792993919648e+00
1.632761592178595844e+00
5.328441770053194304e+00
5.534924746709522836e+00
4.886195539872150384e+00
1.996090884912198327e+00
4.024387822186898056e+00
6.195132093449419841e+00
5.533096262694716216e+00
5.707734566002448773e+00
6.960986395950473637e-01
3.604809679277273915e+00
1.010451130388775542e+00
2.046341459357646497e-01
1.126301632054177881e+00
4.820839987814994565e+00
2.811516417141546764e+00
3.941035046086470484e+00
5.531387223762471272e+00
4.597115236411774220e+00
2.844098627229775023e+00
5.956771362574021289e+00
5.732404286842901264e+00
6.115852529236843083e+00
1.227464368373249792e+00
4.724004205184168192e+00
4.681555003794682257e+00
1.850614958861535042e+00
3.957400286476042250e+00
1.647019183960516386e+00
2.776084986566837554e+00
1.377887713776783096e+00
5.167728496301303487e+00
4.477663820997476840e+00
3.393231781227957544e+00
1.232095708426549585e+00
4.381058882451594805e+00
9.826684594697108199e-01
1.434152865322313175e-01
6.096751074312321883e+00
4.549107460013260607e+00
2.646516655084520053e+00
5.946445133946499872e+00
3.586896756042389445e+00
3.562347803716763295e+00
8.640667755607193135e-01
4.708358683740431871e+00
3.938313146082317751e+00
8.204697282107556999e-01
1.617221451909906627e+00
6.702293245020922441e-02
5.501447168442558322e+00
4.045396734935285288e+00
5.640152682983841537e+00
9.001348207002748403e-01
5.494682083857224342e+00
6.223417980094370527e+00
5.112724992627580178e+00
4.529785669886759791e+00
1.566399942889876162e-01
3.117793669103574139e+00
6.220001486793704792e+00
6.175036596066421080e-01
5.961439828953229103e+00
4.901526695479775597e+00
5.854679687464228177e-01
5.007706883926699604e+00
1.594275951389530765e-01
2.038220193265971592e+00
2.225661947408355879e+00
4.567697484090576410e+00
2.453716253396018399e+00
2.862644154487483217e+00
4.724915528929427566e+00
3.909430523517013700e+00
4.529276204787274551e+00
2.697734242523265547e+00
6.131666906330675015e-01
9.123648137396045410e-01
5.517781902992128451e+00
5.107214005335340978e+00
2.673766088859945711e+00
2.802666544791192038e+00
5.787938073415686446e+00
4.402942934956478593e-01
5.748170945892682404e+00
1.693306852530179984e+00
4.864846211916570851e-01
4.919974593711067712e+00
3.592224654515331572e+00
5.538365320086398036e+00
1.235085486083937756e+00
2.220123568976061001e+00
1.763097235125753004e+00
2.866509172884161405e+00
2.333057684962971390e+00
1.743727027153711084e+00
3.691115536327814528e+00
3.647629569383717296e+00
5.817172009014410783e-01
3.143130585731765070e+00
6.069382464330529636e+00
4.740561992993061469e-01
2.892767164803804913e+00
3.854028999970805724e+00
4.838768461932749787e+00
2.453120463169644161e+00
4.472144619651839959e-01
4.158770766502447813e+00
4.653785975915073259e+00
1.855037669829229241e+00
5.284652321270685960e+00
3.137327107532817294e+00
5.849457632104184235e+00
7.398294457830097981e-01
5.880913589404504371e+00
5.024546598222350724e+00
2.387766429539981416e-01
1.363656757021178612e+00
1.381719933301386760e+00
4.920079466164530402e+00
3.939854099649480634e+00
4.320767610668302394e-01
4.125411187804450819e+00
2.086514273311770307e+00
2.625194890430376571e+00
3.440474088461791258e+00
1.158779156420763234e+00
2.710029045554127158e+00
1.244666794867706594e+00
2.347319151586575892e+00
3.027242455578094571e+00
4.548550499249418344e+00
2.721102946251772736e-01
5.592471475569309902e+00
3.142369954639249841e+00
4.076553884086321133e+00
3.942000563458596840e+00
3.852012521184025928e+00
4.243133233119703029e-02
5.922449226996428173e+00
4.128598351621636908e+00
4.667516108913574158e+00
9.662966811559784430e-01
1.845893973217475503e+00
4.830306280859478996e+00
4.794949859601182141e+00
5.776615594463120118e+00
7.124849690440553385e-01
2.902756278667425693e+00
2.975481125766377577e+00
1.016849788994270032e+00
2.685173060444576265e+00
5.464494746360985644e+00
1.755381676456176265e+00
1.840682548343813396e+00
1.334681637743982685e-01
3.726427265821783408e+00
3.351248265734446008e+00
1.136845677539311872e+00
6.123749068121248307e+00
3.671188049529617192e+00
5.685558343388239066e+00
2.843595632577612609e+00
5.301037434253646374e+00
5.490674225770571404e+00
5.487428625337892329e-01
5.134269039135305412e+00
2.761866187899734149e-01
4.968983463663260380e+00
3.865730416305034556e+00
3.271797110310090684e+00
1.617464354571621632e+00
1.942029768879255380e+00
5.750538816505859963e+00
1.974791398573588763e+00
4.626156740401268230e+00
6.676831179061734067e-01
7.110528965032292259e-01
8.202523132924248728e-01
1.442811993410448412e+00
5.077310503991021129e+00
4.005926486663089925e+00
1.943873441408657810e+00
4.508985178654582704e+00
7.001406414355798580e-01
1.783211231650892792e+00
1.083638947547458820e+00
1.286109110733669736e+00
4.789102378164759699e+00
4.609430492049020778e+00
4.414055178946980185e+00
1.197203396350801530e+00
2.891005552845292481e+00
1.797750181765987998e-01
5.930906376843565475e+00
5.368994866339154015e+00
2.295460615863850862e+00
2.163255143945246761e+00
1.369113937170755690e+00
2.184329486980932877e+00
2.673447304458210994e+00
5.333741686507437407e+00
1.808766032255722189e+00
4.160692944908991109e+00
2.431983930952099193e+00
1.217753917301816619e-01
6.105034576645397948e+00
5.408179471555063067e+00
2.906959559091551792e+00
4.418942996522256195e+00
3.963168328501833759e+00
2.310569060832940114e+00
3.619849605003018223e-01
4.788535001644695477e+00
2.345972727565861948e+00
4.316335021963999097e+00
1.135526043794333750e+00
4.707352197678069672e+00
5.287215142769881027e+00
5.298976225006308383e+00
1.256841630882097771e+00
5.169734359878181973e-01
5.902398430959963527e+00
4.243291569910781824e+00
2.934431720729168358e+00
2.237197381650544159e+00
4.234650191474066183e+00
3.299981298037693911e+00
2.905089701062646856e+00
1.242927318416561011e+00
5.415405323131913917e+00
4.850704355713386207e+00
5.996214784412567944e-01
2.521595410882188748e+00
2.391848207776554158e+00
6.231662266544539364e+00
4.197719455742684680e+00
9.594723731235591524e-01
1.747613554314089712e-01
2.363330744214939827e+00
5.878017576874511541e+00
5.527993951623789926e+00
5.538714007935648276e+00
8.203649138433105614e-01
5.088737474022163809e+00
1.684783911057045058e+00
5.359167844606766096e+00
4.256963265497746285e+00
1.141137767133918013e+00
5.499471922472358720e+00
4.994455084417185553e+00
5.273894817064775919e-01
2.986473935507099497e+00
6.164046811589839692e+00
1.835503777396240155e+00
2.369120054290574373e+00
1.913080999289999085e+00
2.763941804831067994e+00
4.456159035040012206e+00
2.794774585252397969e+00
1.070522230293800420e-01
4.132485273798137904e+00
6.132785297137743896e+00
5.739064362017170851e+00
2.870184677269006723e+00
4.583422619983561930e+00
2.344751392570131987e+00
2.611199148631558220e+00
5.394975016378017685e+00
5.239173723574735320e+00
4.842359264976395572e+00
3.001438889322356030e+00
4.765103008244534616e-02
2.264266651514034168e-01
4.691374042405090705e+00
3.429433291940967798e+00
3.070017309306050546e+00
5.231716268414463578e+00
3.789872177639136197e+00
4.429507728711999270e+00
3.723341888684518874e+00
1.436521300951340674e+00
2.840069940565343454e-01
3.808280061942900474e+00
1.554053601772976689e+00
1.525356964876091181e+00
5.748079457127287739e+00
4.012030984171556014e+00
2.453120463169644161e+00
5.691484953117482704e+00
3.278255327100773053e-01
3.787580659450049847e+00
1.297561063373961487e-01
3.020514058157468984e+00
9.035903032225707232e-01
5.983958206476557962e+00
1.938716215159875356e+00
1.790016617493977114e+00
4.927876857894230689e+00
3.741242490291047051e+00
5.193316531709060158e+00
5.278696197640335264e+00
4.991675581685029783e+00
8.610871669905824088e-01
5.993638652947348433e+00
5.061746929328822198e+00
2.257219357890775324e+00
2.503918080191687601e+00
3.405656393913107483e+00
2.079384541966227129e+00
3.536349436304913607e-01
2.224107390183750255e+00
5.468033192806152520e+00
1.716167617419547486e+00
4.772845786321162187e+00
2.038984650695807144e+00
4.680703491014964968e+00
4.952745032772294387e+00
4.586260455746379527e+00
4.712827097882384741e+00
3.857053278020336595e+00
3.823678214592413305e+00
3.877983925962165124e+00
3.604644189203233484e+00
1.991779954318782186e+00
1.900695810387824647e+00
6.489492321845155010e-01
4.953847504706245353e+00
5.049377373977431027e+00
6.172219514544587504e+00
4.655953072472775567e+00
1.126290663634657463e+00
1.264153329971468898e+00
4.155445126192676142e-01
3.751575964709467303e+00
4.953145775026099873e-01
1.017521824947066111e+00
2.883363322785881255e+00
4.659230049273650476e-01
5.409792701477055488e+00
4.990616504831860034e+00
3.968639483723943595e+00
1.256557016897380974e+00
4.581655653933043304e+00
2.662625724595173438e+00
1.512566473112421761e+00
5.174900436121268932e+00
1.225486920516189127e+00
5.050416690965663591e+00
3.068540577170282280e-01
1.058706721836754072e+00
4.198875746858239388e+00
3.388654026054366053e+00
6.768780011995392254e-01
4.199099180425421629e+00
3.553169931605945298e+00
4.218913826085636032e+00
8.329575657002559197e-01
5.755626763422752923e+00
4.082303800167005114e+00
1.933993323136965259e+00
6.186591262707851868e+00
2.777040153628618668e+00
7.662433942175772561e-01
2.581960272628511244e-01
3.693265767215669015e+00
3.491440753603593627e+00
9.612139825416121663e-02
2.204050653642088076e+00
5.527161241231875799e+00
4.644436310762571907e+00
7.051592857545230242e-01
5.454494039152846696e+00
8.124773754488685829e-02
1.581467148113665511e+00
5.570721539614534201e+00
4.607146855802215946e+00
5.967021518957906778e+00
5.282132969188650939e+00
5.436559050069919685e+00
2.433595232404909492e+00
3.096535803346926130e+00
5.668089592135555854e+00
3.171953479152239908e+00
3.375640000679860808e+00
1.182744472920297385e+00
3.990071584939145932e+00
5.469262369257941181e+00
7.593818245866007510e-01
3.480073769579289600e+00
3.589819935657970529e+00
5.290838970443008549e+00
3.788464660236661619e+00
2.327731788732058327e+00
4.889107594109094457e+00
2.248149968604896909e+00
3.861447095737819080e+00
4.498273264112025438e-01
2.025049773707959577e+00
5.882456036572179414e+00
4.299946720109474541e+00
1.448015937913862405e+00
1.531961844897530567e-01
3.456971389513547432e+00
3.030007010239023746e+00
3.491273677548456522e+00
2.766812594895369237e+00
5.795100308368393627e+00
6.957492754397555101e-01
8.038621778043661958e-01
2.020016154942152475e+00
5.101095557136223313e+00
5.065831501248838187e+00
6.085066069905453290e+00
2.596794768703508005e+00
5.455286991316895318e+00
1.997389284780556107e+00
3.133871472768427147e+00
4.612477250216367786e+00
3.659350559496482358e+00
2.982496626850053456e+00
5.968779365982070040e+00
4.203088440106833801e+00
2.945260213952830775e+00
5.682327934539565639e+00
1.531559773767967148e+00
5.013196889247402588e+00
1.571052572058159402e+00
3.266126272559488175e+00
8.443013326312637234e-01
8.114219424206776665e-01
3.383121503945485387e-01
2.574928076042459768e-01
3.418010688833235555e+00
6.182626235401743386e+00
2.608636058421578863e+00
2.920977136151000630e-01
3.837684197334601865e+00
3.315085167156397006e+00
3.297429509450712892e+00
1.104877423642768308e+00
1.608742690733721892e+00
3.657430377889531403e+00
5.230815114917432673e+00
2.330840877490892027e-01
4.660448018334811593e+00
1.596891955698546361e+00
4.819593676936820614e+00
8.722633203587742967e-01
1.476059440345754092e+00
1.395298731869625719e+00
2.191387319595974326e+00
3.938784976768489710e+00
2.933278213744706431e+00
5.406051749184432431e+00
3.837501681603037618e+00
5.816650768116462089e+00
2.453625658811950938e+00
5.948737411695792510e+00
2.803477059334478660e+00
2.973821373972551640e+00
2.162927526479884399e+00
5.879106414893688459e+00
2.094672362110109098e+00
2.725112388841414823e+00
3.385538187607946892e+00
1.690594212620195380e+00
4.084576690793501719e+00
4.288857754792250176e+00
3.995140354269802518e+00
4.067399025783593913e+00
1.632624735921558434e+00
4.848379728679026890e+00
4.380853400570034140e+00
5.808106611969003019e+00
1.386267231662765997e+00
3.108219072273923356e+00
5.926063075807427083e+00
4.057635980449070701e+00
6.051189931609651573e+00
6.272310776482161288e+00
4.540833955166292846e+00
5.438715351159228106e+00
4.490137085774470904e+00
3.734930735302942395e+00
5.886215546500961793e+00
4.161961481687411535e+00
3.601063626408530727e+00
1.913757525075675980e+00
1.277810917180387251e-01
1.042992027779672481e+00
2.599827626544342962e+00
1.753044029715113972e+00
2.190863557944562612e-02
4.864013561388792262e+00
3.568072859571643995e+00
2.420918064703588168e+00
4.998585990701204240e-01
3.994685264750287068e+00
2.990138287034751485e-01
5.314676838765413969e+00
2.955033059889821678e-01
5.973677404785872724e+00
9.912362668509676622e-01
9.403139925299111024e-01
3.949811009897385539e+00
1.647729115973041447e-01
1.018708589733943182e+00
3.538028222961345559e+00
1.908445836810098717e+00
5.369918311006886213e+00
5.729213271083639647e+00
4.785790249555489595e+00
3.500463135877344811e+00
7.897760722536871503e-02
1.885622725708429703e+00
2.138354535069830753e+00
1.063718084474143677e-01
1.272125451749539060e+00
5.853179976950296570e+00
3.207745617068896049e+00
2.948927983700603495e+00
4.053750066703208366e-01
4.528716644052903639e+00
5.803789656920725903e+00
2.608453707477143890e+00
1.083202460530408695e+00
1.849849390203648802e+00
8.816035663949277623e-01
2.126625859947908204e+00
4.881970292286815116e+00
8.834057257524456919e-01
2.933308612982734043e-01
6.042012984720536828e+00
2.472550622004378307e-01
4.158674699312525647e+00
3.339290642271512954e+00
5.185727230723157000e+00
3.506290024811778316e+00
5.122177847098674519e+00
3.079635868695569378e+00
5.884993513992258229e+00
1.659317891335573503e+00
3.847583149228380517e+00
2.841720964136730920e+00
5.419879159145488678e+00
8.582203858684609443e-01
2.064608166621382690e+00
6.282267369909809496e+00
2.857511237683250993e+00
1.060754388047548291e+00
3.037790790597201251e+00
2.221029056782941602e+00
5.023561507965502493e+00
3.569408585780371013e+00
1.450625343076803464e+00
5.579199770914991419e+00
2.635697994106442454e+00
3.545613673674096855e+00
3.952188271430208122e+00
1.438053094665459941e+00
5.686497055973185333e+00
4.003798909317358934e+00
7.581392569337471743e-01
3.060581568075335657e-01
4.327226189054733219e+00
3.953001150069292535e+00
3.268339975650452534e+00
5.571784755787932752e+00
2.060627126700468548e+00
4.722160745887590494e+00
3.754313925881870517e+00
6.176331052026921675e+00
1.068433546171017046e+00
3.079218984407663395e+00
6.253365705922696804e+00
5.431692031665876774e-01
2.723087436248225135e+00
1.823910620060893717e-01
4.396341511394957102e+00
4.774726284109628516e+00
5.491859057576755632e+00
6.212313405290511348e+00
1.191486272075317210e+00
3.646383589095189559e-01
9.237614061706256319e-01
2.422664982666833833e+00
3.436176355268768301e+00
5.620895531796364919e-01
3.983606406426897895e+00
4.131102191106341692e+00
1.158341970277711352e+00
3.594027243919978520e+00
1.668783506735936895e-01
1.717782370534595593e+00
5.152357552623439751e+00
3.679197178392981105e+00
1.040657237804906821e+00
1.034883300481163504e+00
1.022083355720813796e-01
2.922711534506341913e+00
3.387989438944869924e+00
5.974107204075410849e+00
4.582386642629586504e+00
4.217120529243019611e+00
1.201893153665423708e-01
5.890140093682445510e+00
1.966123117434220635e+00
4.230397223744064572e-01
5.877589234735315138e+00
3.538028222961345559e+00
4.383555526019807580e+00
7.915531285046947252e-01
5.311391025365666430e+00
2.503711293165981289e+00
5.886971731582288037e+00
1.417872525461446376e+00
5.217445252111272858e+00
3.774063206038388962e+00
5.065126018818403963e+00
4.880449161992768126e+00
5.309915420341362768e+00
2.611573478812680094e+00
3.871712319479770681e+00
4.583190928094162508e+00
1.588895091644185298e+00
3.069043807744064711e+00
1.125732319076885590e-01
2.499225553802835620e+00
1.990192683562271636e+00
5.921703444500922231e+00
3.703007766425764125e+00
4.264406434999192363e+00
6.271515020874506519e+00
3.281118166709089845e+00
8.749466648800734436e-01
4.913158861968214275e+00
1.553182311342755195e+00
3.153214373625095490e+00
3.546608522181792900e+00
4.278609523359686584e+00
6.151341027826393137e+00
2.929663401845790993e+00
4.560795987585213318e+00
5.789736743482315262e+00
5.112637027636957932e+00
2.784016248990547115e+00
1.294634999116426766e+00
5.279851943857246432e+00
5.474107624072924949e+00
4.505569905959474042e+00
5.981031101593031529e+00
4.096800841595771736e+00
5.705300457573799555e+00
3.313710575755872245e+00
3.233178672536300979e+00
5.608122455763263403e+00
4.740236942646224527e+00
2.522562999195598454e+00
3.842827027022967190e+00
2.398286565594525577e+00
1.528108001789689752e+00
6.061257597980107548e+00
2.507910019209383945e-01
2.903569319670417093e-01
5.200110792082246469e+00
5.971135943270127200e-01
5.099660558774800734e+00
6.257483024346066180e+00
1.104954931023171216e+00
5.366385580003766975e+00
3.196331987487490256e+00
2.593372341170762096e-01
2.896700516642306322e+00
3.730667668014944205e+00
5.197087138474639545e+00
2.355318913254176749e+00
1.408911702831761925e+00
4.492265848934710704e+00
5.971135943270127200e-01
6.228481920922499526e+00
7.648145347999135701e-01
3.968542912293015146e+00
3.505181583333195627e-01
5.994473456936189493e+00
2.020100462422835808e+00
2.429488384944047841e+00
1.391689729967710287e-01
3.793699075801319154e+00
2.077541929973339752e+00
2.900697994270532917e-02
1.471460136864162660e+00
2.619014496383741175e+00
5.844707930739897472e-01
3.854822775454274986e+00
4.101266367458959117e+00
5.185727230723157000e+00
4.911215902444868497e+00
1.295499315478072788e-01
5.335287474519514461e+00
3.846500295920523449e+00
5.226234442332147040e-02
4.109798700413853645e+00
2.326913107345401688e+00
3.168934223724521715e+00
9.285576160197580586e-01
5.899100567323919186e+00
2.789210709472228711e+00
3.520952169134227816e+00
4.282053312793118849e+00
4.510750292770272729e+00
5.637491718690349707e+00
8.927646662561057322e-01
3.957743207193251234e+00
5.456730927197860348e-01
4.871991861724416673e+00
5.680320003312954391e+00
2.606309312698817937e-01
1.739292091416625441e+00
1.565419766363231435e+00
3.468712088771517266e+00
6.880011299832218263e-01
1.357480941528826701e+00
3.039144975849391805e+00
6.211973715416518882e-01
4.024826204182534894e+00
6.102770893195952340e+00
6.149902825275892937e+00
2.642939431424878638e+00
3.367045917586841686e+00
3.682857690835864561e-01
3.017784817869479053e+00
5.801249242710003529e+00
1.639293494678957464e+00
4.042214223992763422e+00
4.894938711394808628e+00
3.026701043868186058e+00
1.540592064958266061e+00
5.251655909501375064e+00
3.068053383484867336e+00
3.495886389362667490e+00
1.945901536223366923e+00
6.113100639047574170e+00
2.572475264464056277e+00
4.993131451476066296e+00
5.943164406215013962e+00
3.378864479016535860e+00
3.596089555564876972e-01
2.148032543032708297e+00
4.276850971066877172e+00
9.747526475065602103e-01
3.527475940124151332e+00
1.021060749564860037e+00
1.836236925471971038e+00
8.201936116053561987e-01
6.433644833225098114e-02
5.827881668839663298e+00
4.949352850013087890e-01
3.606061622581344661e+00
5.352116421034994076e+00
2.427213262544786476e-01
2.020016154942152475e+00
5.646226153631406675e+00
3.908150398743386766e+00
2.571967368396509634e+00
6.130836366472517618e+00
4.345746848086621483e+00
1.308942793294525231e+00
5.981068525593378205e+00
2.182980693237477343e+00
4.536335365379542850e+00
4.388176669420634113e+00
4.621618419837571601e+00
4.973593914857759479e+00
3.624861253821678453e+00
2.775795144411313586e+00
2.572849676053184265e+00
4.619485098282783753e+00
8.495156270566618650e-02
3.664569836497810762e-01
9.675031918483860682e-01
5.973144054729778496e+00
5.348302859576690160e-01
1.186182368829397094e+00
3.141542057510780417e+00
2.854638975881740759e+00
1.665044586146480654e+00
3.248387853341358600e+00
2.879970195709073977e+00
3.630913740562959457e+00
1.526957448893934366e+00
2.061083400194338999e+00
4.714836646617742488e+00
4.453899192222458225e+00
7.531067174293869237e-02
4.161429593922171044e+00
2.562045478345309144e-02
3.798318476584848113e+00
5.508225313841798254e+00
5.481817028607899545e+00
4.095584184877907319e+00
2.614042315181857923e+00
6.130300079761648924e+00
2.383072101636837803e-01
1.123126298815029900e+00
6.239339854130014906e+00
1.526630305798857279e+00
6.185616135949465466e+00
2.476769990851126924e+00
3.154021718520160000e+00
2.908743484358082387e+00
1.063466472587718092e+00
2.115070647110301572e+00
4.718790567792803259e+00
4.649636406986395798e+00
2.577490333907260567e+00
3.526142139670099263e-01
1.394320905431094770e+00
4.871603454966997759e+00
4.174718475710052168e+00
5.986143949427091826e-01
4.342191630518510981e-01
2.745063969321874353e+00
2.046855524908653898e-02
5.372274380050104936e-01
3.390470496088226593e+00
5.081368340670175066e+00
1.059640745989392396e+00
2.328637689537792266e+00
1.747613554314089712e-01
4.449530038869514925e+00
2.445938772707235032e+00
8.202550831290231770e-01
5.326985845999204550e+00
1.437481798803019739e-01
6.991239070345933726e-02
9.850085882728617515e-01
4.092940715941156604e+00
6.663949432072193702e-01
1.209525321811723897e+00
2.790756088860181006e+00
3.715340268963078341e+00
1.278664792567956177e+00
4.938283146036133608e+00
5.171733415840511050e+00
1.281774081329865034e+00
3.989496230119502940e+00
1.016690829558416498e+00
3.859915014914749865e+00
1.103444611613711324e+00
2.393759183491457776e+00
3.123559886173492561e+00
1.269392103591553855e+00
6.105074856595479993e+00
3.077624452778794595e+00
5.599846001930321115e+00
4.043774871282352024e+00
4.473429505744950241e+00
2.389150317515799649e-01
6.880192934510008518e-02
5.866701993079941779e+00
3.299493904451400450e+00
2.613004072313480641e+00
2.361619188655225798e+00
5.717511988028702419e+00
2.211737723215782658e+00
6.024436805078685175e+00
1.874791440507348028e+00
1.147483489859273398e+00
6.795049508444059860e-01
5.047720459268113302e+00
4.257087334657310151e+00
1.062929451595332031e+00
6.098419628528263914e+00
1.227395540297792964e+00
3.322689948791033743e+00
5.316487339148616265e+00
5.813100306152865215e+00
5.723162035201817766e+00
2.767502758796773765e-01
3.633941245641523654e+00
5.094209983006469322e+00
6.079701544909414501e+00
2.828262345037520831e+00
6.033723934648297593e+00
4.148617639314275074e+00
3.837229131703877361e+00
2.482141042838475808e+00
2.362251803723444787e+00
3.672662038433280429e+00
4.116161731838276161e+00
5.418070033106580752e+00
3.362014728236891070e+00
2.021812878063290464e-01
4.633431626004613335e+00
1.661047702925738223e+00
2.798810907285482763e+00
1.116369434786032899e+00
3.880902999731825620e-01
3.968799443767468293e+00
4.127754724671492959e+00
5.220682057822075173e+00
2.601883302927981312e+00
3.888697538330043724e+00
4.489079796422482893e+00
1.912146844381084509e+00
3.049698392642310907e+00
5.724080093394718460e+00
7.762042551169891225e-02
3.856504685912007790e+00
5.642696964036952423e+00
2.943880094120529645e+00
1.659314256080016925e+00
3.701183523722839652e+00
2.571967368396509634e+00
2.865387404826041262e+00
4.008670849204855280e+00
4.067550215042571082e+00
2.502543625074021616e+00
3.800595862445987461e+00
4.729524212929559823e+00
4.090475755809019454e+00
6.185688183296679021e+00
5.676390385436149266e+00
1.052349743169377794e+00
4.682594765422161409e-02
4.669565314790674826e+00
7.177046005058108635e-01
9.517952718243187782e-01
1.566232227250415443e+00
4.695684761952914066e-01
1.176511565334728449e+00
5.896436903880797331e+00
3.936227311307867183e+00
2.633699702468026427e+00
5.169726363394484103e+00
3.397553328112243864e-01
2.770798362669047776e+00
1.073573223064375526e+00
2.014269661818598234e+00
3.766222985469075191e+00
2.086236685996724738e+00
4.124796970532615070e+00
4.655995152133744597e+00
4.622244035394068362e+00
8.138199255757545547e-01
4.444518453112692669e+00
4.810373526251629173e+00
1.650053791944461334e+00
1.255788762120263025e+00
2.306303379382437679e+00
5.575278328381060078e+00
4.203046153795930273e+00
4.009754187322039698e+00
4.398836219606040210e+00
9.219862724875502735e-01
2.954561368273877164e+00
6.040999969919636392e+00
4.303668416561937882e+00
7.295599486945482104e-01
1.197912208267683631e+00
6.718664142751923363e-02
5.182724580743486520e+00
3.060098089688458867e+00
4.227990456100635619e+00
4.374847332815500422e+00
2.949956530145787070e+00
5.016644458896490910e+00
4.227029214514863575e-01
5.902480730003245135e+00
4.976380109250134964e+00
2.703565779156608784e+00
3.090281061866891665e+00
6.128829029107293103e+00
5.334599711731017990e+00
2.659390520381648138e+00
1.605074567316354672e+00
1.621750433441347949e+00
2.359040790931451692e+00
1.496873323025474101e-01
2.161702744477741245e+00
3.516481052297091292e+00
5.649775995963723929e+00
5.325080400235935763e+00
6.054464851992045205e+00
2.051608415679656350e+00
3.074266607170501597e+00
2.798804276132352609e+00
2.293341127556111081e-01
1.060472653478493177e+00
4.034627130009032392e+00
2.089308907087317202e+00
1.274785549257847206e-01
2.999460075834642581e+00
4.933885137714020708e+00
3.127173750999757917e+00
2.014480581448076180e+00
2.342628243995006798e+00
1.806048559083183624e+00
4.890480207877551777e+00
3.623826613667080920e+00
6.205296742649490049e+00
1.234348077958131062e+00
3.828594299058942774e+00
1.403585525061485928e+00
4.356173015082430489e+00
4.642411543219211012e+00
3.242286024743709749e+00
5.140736757242000188e+00
4.357075295561564587e+00
4.122415997127019338e+00
3.787288008341616941e+00
5.376043244539004284e+00
4.967095298147178539e+00
5.649382558207764582e+00
1.169202918107845379e+00
1.322011214261268108e+00
5.488737335370278636e+00
4.125087354496896452e+00
4.967850283080303408e-01
1.188982607644005762e+00
3.134435481593364159e+00
2.304152913717996576e+00
5.675303227756684166e+00
7.231117076035942226e-01
5.762032849955314617e+00
1.696364907596063232e-01
4.164614204821924126e+00
3.414773659876615408e-01
4.353470616055057918e-01
5.127491444752619865e-01
3.241721362156581243e+00
5.922160828927471865e-01
3.449464773564811182e+00
3.846602660907040949e+00
1.111295792370686319e+00
8.781771817407331149e-01
2.798295581103611429e+00
2.499120808387088388e+00
2.720461308863910244e+00
1.350964512408862728e+00
9.442551167344362950e-01
2.592201214292486622e+00
3.815139347755788002e+00
3.183906148239713740e+00
3.692353696300008536e+00
5.280194582587578012e+00
2.891064825498197433e+00
4.998371184906770792e-01
5.067794632543518141e+00
3.435121542493388080e+00
3.352296978918180681e+00
2.417893344662161326e+00
2.146831151294813500e-01
8.330713240198144298e-01
3.295081633223869488e+00
3.094280044236501492e+00
3.351420201180381309e+00
3.450507222793858908e+00
4.843685420410483111e+00
2.544069343285026097e+00
4.880807079036827645e+00
3.737897974959552450e+00
3.966259465692636876e+00
1.353479399281505957e+00
1.304476161852147653e+00
6.238411182514895792e+00
3.375370398115717041e+00
2.144897197782174025e-01
2.726828928083165682e+00
2.087521113885512314e+00
5.900485822557971716e+00
2.316620667083423069e+00
5.807546161979096899e-01
2.360788155690569656e+00
2.835708365355730454e+00
4.108112213434799820e+00
2.190770122872249814e+00
1.258615171136743704e+00
1.212232909021021099e+00
1.181898030467803951e+00
4.434705086848076405e+00
1.185383820995425275e+00
5.484701044010801496e+00
2.113742590115621933e+00
1.191941125826369241e+00
3.329226698326247735e+00
4.066981775126542686e+00
1.585522065666220837e-01
1.729815754198114730e+00
3.967064528810603896e+00
3.963879717580688578e+00
3.672408506320480992e+00
2.109692633703786679e+00
4.694146033267201368e+00
1.170164795730417762e+00
2.553773229647155141e+00
4.038598733825782272e-01
4.541930065006940964e+00
5.174773294351498798e+00
5.303367579285672484e+00
2.160456039064623912e+00
1.774526853066941356e+00
4.350073009847192473e+00
6.013002700587488647e-01
4.729206150952244947e+00
1.081991288199498413e+00
1.327510945118890229e+00
2.196924050581119836e+00
5.292633941723607904e+00
4.408449603702844222e-01
2.985308345951541042e+00
3.774738319369820072e+00
2.101956970323606289e+00
4.859396145507036024e+00
3.900596613529664136e+00
1.312504933256165796e+00
1.610539334499500708e+00
2.532605969049996908e+00
3.616142935553408932e+00
2.034733462925055303e+00
7.015303778971430093e-01
3.994703806950931746e+00
4.837361835713279490e+00
5.380574379444546196e+00
4.740073519692066917e+00
2.271643915524993673e+00
5.898602161693835555e-01
3.872581635895113727e+00
3.551927076376825809e+00
3.457814914365481940e+00
4.745196735423054868e+00
5.796038613009250717e+00
2.776911656033255404e+00
4.841155397066561505e+00
5.409060621204481834e+00
1.370653097006874210e+00
1.044624446551683378e-01
4.457752626606420243e+00
1.018519865484664999e+00
2.982674091181984968e-02
2.020100462422835808e+00
6.139191383725157714e+00
2.651957166735802396e+00
1.042440567997322098e+00
5.512200815900517803e+00
3.143933686261877192e+00
4.812169639224380902e+00
3.194136289169944298e+00
2.354151256823373117e+00
1.672583409065816484e-01
9.221698468491564826e-01
5.921653384853803326e-01
5.565629676413394122e+00
4.431191827831337804e-01
5.907302228321017701e+00
5.898378156339420642e+00
1.539561378147024651e-01
4.593258540284064217e+00
5.432010404088040367e+00
6.279949948496239109e+00
6.149228784344906273e+00
5.552193805249874714e+00
1.569389027387579461e+00
2.848250112304212323e+00
1.011264830357101907e+00
3.308386835130583403e+00
4.482965159407994449e+00
5.606742343984521426e+00
3.300731516105092744e+00
1.702792137095233915e+00
3.063369784846765587e+00
5.368994866339154015e+00
3.536310528156849098e-01
7.597442345907601258e-01
4.035399472392590781e+00
5.285057658424689997e+00
5.613170675499857154e+00
3.498492094347763981e+00
2.639575586542496577e+00
1.118418887554950114e+00
3.186910137826497014e+00
4.011134934231045612e+00
4.132766679606553417e+00
5.659314538549401696e+00
2.925439784615675443e+00
6.224290849492613908e+00
1.705037309049868055e+00
9.105259014378011551e-02
5.495135525896911455e-01
5.740822045245989713e+00
4.181205852607006612e+00
3.872976255166366677e+00
4.213022996877731075e+00
3.713288105369245251e+00
1.635878705953086598e+00
2.994211588704594362e+00
2.568996185070732796e+00
5.093280239611499560e+00
1.708198208947220520e+00
2.890924820180247323e+00
7.712290153013349192e-01
3.432314689795860296e+00
2.750447593421832426e+00
5.223493057834568631e+00
4.640571566026182815e+00
5.833864790485768559e+00
5.041971490383125420e+00
5.962554269174747956e-01
1.288908691152471087e-01
2.818525954871449191e+00
2.528526700499415636e+00
5.338972840338509940e+00
2.026751977133348870e+00
1.984522620182950670e+00
4.915372514775793178e+00
6.233512592883179160e+00
2.262808618423790108e+00
1.883374356892899282e-01
1.389261600998048296e+00
2.109893553716141845e+00
4.486076098590028316e+00
3.894543837697277855e+00
3.531169148585208362e+00
4.050765356025038955e+00
3.278480473361883529e+00
5.895967271750589767e+00
5.860499807298380937e+00
4.525794533617866655e+00
5.640395161746288188e+00
5.266495569637594798e+00
5.296872939886774212e+00
2.832607538306122219e+00
5.784028066187969941e+00
2.495536333280907293e+00
1.625127283279707457e+00
4.366665318447851440e+00
1.602968183663952217e+00
4.130219340552991447e+00
5.771877629066793247e+00
3.595877273490508119e-01
8.110855404762246090e-01
2.038869408925131355e-01
1.443407505128968982e+00
1.412260313650875787e+00
7.905860951691530136e-01
5.702806768318223085e+00
5.592685550943318207e-01
4.910027398189865444e+00
2.330876012596938995e+00
1.749650927214657203e+00
2.005368278061053999e+00
6.195935009238625391e+00
3.605044476484533078e+00
2.521183457008854933e+00
5.837130793617581581e+00
7.859751460314927662e-01
5.704730964297644036e+00
4.036673504986865169e+00
6.129411629284528651e+00
4.985935465512590703e+00
3.063328790099193455e+00
2.735897812793343764e+00
5.488578714549848137e+00
6.102141529463701586e-01
2.372695610321260418e+00
4.355545638292619870e+00
3.629791524746891707e+00
1.044075409860496295e+00
4.818798229499395624e+00
3.473742594346866941e+00
3.738417943231403306e+00
5.309915420341362768e+00
4.738317731157269286e+00
3.368546511643652486e-01
2.935310737856700047e-01
4.713183630375623601e+00
6.046349814136457113e+00
3.073082946194323650e+00
4.590440882148399737e+00
3.861790848278225052e+00
1.323632136569818707e+00
1.749634529336279387e+00
3.992681959044405371e+00
9.033176372237421425e-01
3.083678947264191894e+00
5.732284735157018751e+00
1.420308501725952688e+00
3.595956822433127531e+00
2.072121976012292421e+00
2.054425752331105581e+00
2.263658006380846466e+00
5.740616649207033184e+00
5.114959580115363558e+00
2.384744363125219202e+00
5.592923252957799463e+00
9.520428247053520920e-02
1.835631240963879751e+00
4.555958158065368302e+00
1.539939720748109808e+00
4.044428456205745981e+00
1.542369504462068608e-01
1.771705924054059356e+00
1.330388492156044267e+00
1.221422170123224321e-02
5.416421563184870891e+00
9.592451799547490054e-01
3.443434372254381426e+00
1.172185131829662497e-01
5.343236604546853785e-01
1.706973338904745896e+00
3.174270973662564277e+00
4.564425890922478857e-01
2.086378307795182074e+00
3.960703387082671778e+00
3.411696239425031640e-01
4.429991203629169760e+00
1.244900761077144757e+00
5.465127263813997160e+00
6.290502737803762567e-01
4.931560643928615484e+00
2.794913099763713493e+00
4.431334811342008684e-01
3.796865383704052022e+00
6.231252197168624107e+00
5.569243131144228975e+00
3.671442195926580165e+00
3.307381924659211769e+00
3.464723605900327907e+00
2.539673044973488114e+00
1.708819374406950864e+00
4.981155364179147838e-01
7.134799415567302239e-01
2.683900722085843960e+00
2.100989607907915335e+00
3.743862170638365683e+00
4.274206508745526989e+00
5.705576670358321500e+00
4.753449386441888080e+00
5.181488388557589531e+00
4.119785096773324717e+00
9.968895935599666469e-01
2.985260228792745885e+00
2.316863999547419950e-01
1.639534902630468194e+00
6.395289108957479263e-01
5.634290019453775500e+00
3.352608140582497676e+00
3.784335872988354055e+00
8.687307518245284133e-01
7.197800056682785996e-01
5.385561188426123636e+00
9.669807955332264671e-01
1.883179684490517314e+00
2.818160371335393766e+00
2.975834833050321926e+00
5.662993666951834371e+00
5.696683604037994009e+00
3.494777020341057749e+00
9.329286984677901406e-01
2.750485398748537147e+00
1.395177228836165240e+00
5.605800487999781367e+00
6.027133933406843447e+00
5.222324127443390474e+00
1.676352753818582508e+00
1.572178482001772126e+00
3.703975965789746194e+00
1.898464784694445351e+00
5.316989096850188723e+00
2.141429807967451179e-02
3.184569725448738620e+00
2.986987816789479222e+00
2.727607854125491116e+00
5.277155546888491422e+00
5.003808545847359568e+00
1.591332126374683575e+00
5.927574152240122629e+00
1.475327613319070474e+00
1.751083089137955628e+00
3.946705546402480280e+00
4.356412408205952325e+00
4.223067647470927888e+00
4.748697149495530567e+00
3.630729132299622020e+00
5.275893355233712612e+00
2.331334196782107515e+00
6.073599062529176251e+00
1.759162457591615825e+00
1.137053233786126993e+00
4.521487748844141841e-01
2.015783653520521135e+00
2.086127531325237872e+00
2.894784674182853568e+00
5.374597644145364672e-01
2.675933615225576379e-01
5.025822176746955527e+00
9.599171694581396519e-01
5.313198057976684097e-02
1.633267322927117515e+00
2.974108708709877202e+00
2.094444329393587712e+00
2.072855533659831995e+00
4.267092050114912882e-01
2.610326177845661455e+00
2.431624719533339363e+00
5.537927067229214018e+00
3.248922453933966281e+00
8.321269813811382754e-02
2.629771571989606649e+00
7.398643096167923927e-01
3.238211962071863681e+00
5.035420646007180423e+00
4.688069210658730945e+00
3.614824628611939428e+00
3.111054189400157544e+00
2.337106287213896127e+00
3.948909952523580902e+00
4.533539645685833008e+00
5.633259096807971211e+00
3.251705435401585742e+00
4.709523124246363324e+00
1.794671122971451593e+00
5.600145941306103881e-01
1.746058522098355770e+00
3.052418617463906081e+00
4.661000326462408694e+00
6.272559168251851780e+00
6.975621104856071231e-01
7.417416807701386894e-01
5.003763184929876040e+00
2.243013745740441767e+00
3.809138693570674139e+00
1.177031101969555404e+00
3.884836399726149914e+00
5.506365921002577046e+00
1.044097529981281580e-01
5.495760805128263371e+00
2.032904880624148092e+00
6.395549505196835849e-01
5.789211907083910980e+00
1.550294816577845181e+00
1.742226629149944139e-01
5.236731955417449846e+00
6.194015755781180133e+00
4.140844238947162914e+00
5.263229798026454187e-01
5.753127921795591071e+00
1.940002113504953885e+00
6.031988181409548844e+00
6.083683893086991645e+00
4.003338059162129703e+00
5.028716033299059696e+00
1.317216960175549456e+00
4.190981523024141175e+00
1.314930882574621762e+00
5.770319061274182815e+00
2.256117100276248788e+00
9.954613220185684064e-01
5.284680155270270241e+00
5.604301052876438760e+00
1.449076307789898488e+00
9.558779073894116407e-02
3.961112923752049486e+00
7.210247652585574651e-02
6.467168047744677704e-03
2.480703969198325143e-01
5.985190102465585138e-01
6.682871263190355293e-01
4.776027997403367920e+00
1.564363033351763743e+00
3.438881349963845424e-01
5.880936777666999404e+00
5.503767768179923969e+00
4.789783132415183609e+00
3.980352435590011062e+00
1.508129819441988539e+00
4.153350460036002723e+00
2.597827207132274996e+00
6.020091030456514725e-01
4.046014884317094662e+00
3.124594470686816283e+00
3.598603606388645293e+00
5.123666829869709005e+00
1.201409025523739071e+00
1.516774360824786116e+00
2.320419332140073454e+00
1.403451674219412748e+00
1.329445097272808907e+00
1.949517157676994739e+00
2.281212499215288680e+00
4.128682454237189603e+00
6.171306942608100421e+00
4.577320673106608950e+00
8.830616906749867434e-01
4.175798897694535050e+00
1.894363483198792109e+00
5.438940126319449675e+00
5.098104852786701002e+00
4.811397235407325113e+00
1.442090411767068758e+00
4.381274519505965692e+00
2.076695941597465733e+00
2.247868842459632255e+00
5.795560174955154409e-01
2.341183012146072606e+00
3.045775164762221099e+00
9.908332080817222609e-02
2.153139613319398904e-01
3.914533561212930390e+00
3.131438478346598497e+00
1.861085508459313864e+00
4.872182113026673811e+00
1.978288688218245106e+00
1.841718066437435297e+00
5.080286154914515073e+00
2.376402374321394673e-01
2.860828649916259625e+00
6.161926221503213341e+00
5.306458807505451070e+00
2.631121752379506518e+00
2.823387960738279912e+00
5.605946136941998503e+00
5.230663230110475403e+00
9.664801273950673899e-02
4.132989063067872060e+00
1.597806958225031826e+00
4.854921627560105257e+00
4.634224989116439986e+00
5.594581106009183458e+00
3.120129371375370830e+00
4.998285444092701590e-01
5.356512248761062800e+00
1.432059120965366361e+00
3.700663395008478851e+00
1.516584284420175122e+00
2.672485363595527463e+00
2.973437413874221669e+00
4.242845862737840701e-01
6.400332978717947485e-01
1.844293714135534223e+00
5.527451084531914915e+00
2.215895595703175847e+00
4.152409601990326715e-01
2.039763537315174347e+00
4.753783694334390297e+00
5.196334704238156910e+00
1.457270742429968458e+00
1.108901438814379414e+00
6.923844573053091755e-01
3.740577804793834282e+00
5.501609323867354462e+00
2.666842168721105910e+00
6.103917666094591965e+00
4.233308354089468928e+00
1.193698755664082123e+00
4.336834333161427857e+00
5.201088863026363640e+00
2.237428048858021601e+00
1.022868300318228840e+00
1.734525576134093861e+00
4.941201798765656683e+00
1.555955685503917385e+00
1.121346216382753225e+00
6.871068749795985475e-01
1.553182311342755195e+00
2.159387268286002914e+00
8.750857592085649062e-01
5.855834312720789470e+00
2.810492492462894898e+00
2.015424038759268566e+00
4.421818827440075594e+00
5.614596851996043192e+00
3.105265001984340856e+00
3.122626994664117639e+00
3.589668241453340958e+00
2.881159774317664013e+00
4.222565412324025047e+00
1.404224920358177808e+00
2.141629501422241066e+00
1.869446231832542660e+00
5.578993754273148475e+00
1.429055256885549463e+00
2.230291568150309267e+00
4.271503614997104847e+00
2.728456954526559120e+00
4.685463268025030992e+00
2.641246752667929520e+00
1.306216077917013552e+00
5.279780995727285209e+00
1.394780319011429182e+00
1.128538986309950864e+00
5.628291630962539926e+00
2.669932446887627542e+00
5.849329496993850519e+00
1.597000045528138346e+00
1.010451130388775542e+00
4.633957704848929993e+00
5.986269498632768027e+00
6.200550592207944689e+00
1.251196422558175536e+00
2.512079517689184360e+00
1.916446762104256685e+00
3.811250756177617660e+00
4.785554815148028496e+00
2.315369145012321717e+00
2.540381687812928169e-01
1.845798954320488461e+00
2.893607739636022025e+00
4.941983478299688315e+00
2.054777325664220111e+00
1.943479370657191341e+00
2.564347256771190242e+00
5.421079641780181646e+00
1.178461096855946827e-01
6.025292756382668813e+00
5.945914810849293630e+00
2.473485723749247356e+00
3.011652172750785561e-01
5.423496461830928261e+00
5.245963025131032076e+00
4.947923618019864911e-01
1.724528608401732388e+00
5.582764011162874240e+00
1.576307743372125092e+00
4.843242871961069618e+00
3.260120818437619139e+00
9.323006721072438774e-01
9.985387897688277059e-01
1.152334793672992852e+00
3.056527259549746134e+00
2.910927662523155490e+00
1.691299202865826690e+00
3.529264559719453409e+00
3.194179995047465304e-01
4.911363840622562371e+00
1.594032206786393013e+00
1.004910102796855442e+00
3.937082093899686441e+00
2.502407795611169661e+00
5.863495142525130710e+00
4.454943191611651976e+00
3.570213457448900840e+00
7.373658021346516378e-01
4.515084897855880186e+00
5.730854752430489363e+00
3.550099407336876123e+00
5.130581373867783235e+00
1.990100489346168997e-02
2.777340815821440323e+00
4.339597762668318204e+00
1.467410237532518646e+00
1.804756348346490957e-01
4.267092050114912882e-01
5.568366545738029139e+00
4.792155644634148448e-01
2.628004265574040765e+00
3.156369629001253507e+00
1.021452390431187185e+00
3.599741300799892962e-01
4.553865399711521933e-01
2.995748142348630960e+00
1.659371953392234422e+00
6.040296454617789301e+00
1.705974420551331194e+00
4.890527748197527891e-01
3.372219150111541719e+00
4.825350268175613522e+00
5.002351887818552001e+00
4.013191646469292273e+00
1.083151455655080309e+00
8.859124635887543064e-01
5.084832784032519370e+00
7.206729813649936922e-01
5.449130911781731257e+00
3.110757397554453796e+00
4.808962334933060134e+00
3.629748905873624754e+00
8.915843851029058298e-01
4.202295313602394167e+00
3.123537924615530148e+00
1.219598590321362419e+00
3.693300442142621431e+00
2.097042620878132091e+00
5.436224639227869027e+00
5.420857410300407686e+00
5.347093171471707151e+00
4.472530529156917289e+00
1.756975263294057621e+00
5.298460878493866488e+00
5.947271143117489167e+00
5.111042860836663149e-01
4.904343819765265344e+00
4.803233958906898415e+00
1.646885693947754747e+00
4.998118775601950170e-01
1.092116843629651335e+00
8.346654453090510684e-01
1.937171536546154815e+00
1.384316962003086404e+00
2.527169263465430582e+00
1.500897300729971073e+00
5.927527496880455438e+00
2.811406435764569167e+00
6.079710842011224692e+00
5.074646336877409958e+00
4.798523724060972384e+00
1.549201869145307331e+00
1.743727027153711084e+00
5.183137827681086662e+00
5.762328160432343971e+00
9.341796482460652529e-01
1.727906709388721707e+00
5.333059367978327359e+00
4.367963602904239906e+00
4.449610231077807398e+00
1.844296717750035119e+00
1.461646376363041178e+00
2.595026575954290315e+00
6.308797748618018009e-01
2.769265506343013605e+00
2.538575265579191553e-01
3.766981068413032485e+00
2.810714730993193022e+00
5.016253596241145196e+00
4.977753657994654191e+00
4.987077697661620235e+00
2.614110711128047715e+00
1.030824633538734103e+00
6.122271204922199450e-01
5.340084392597887586e+00
2.846187337831665776e+00
3.659065937307342420e+00
6.019535013602767215e+00
6.047128164488272617e+00
4.786462886888078194e-01
1.703317337375374496e+00
3.079728375095262649e+00
3.432365859811655096e+00
2.427591750450645014e-01
1.163817587041558355e+00
8.188133138986087856e-01
6.196032003167462499e+00
5.492756485541981704e+00
4.203352979133344824e+00
6.439203313842591925e-01
5.579456119874199871e+00
4.321665734708899365e+00
6.158185817948822915e+00
3.242780316584001454e+00
1.237690157550741521e+00
1.720172510220256745e+00
5.818819143722969711e-01
1.467174502796914304e+00
4.063383153704898554e+00
1.404932375486822149e+00
4.534610494643695588e+00
4.539333008502551697e-02
3.415909296838906428e+00
3.438935041614803012e+00
3.703432635035284637e+00
2.964552220233346969e+00
1.686850470129423352e+00
2.452468403929448204e+00
3.993125896953778398e+00
5.603218164811282875e+00
8.144928895526886148e-01
1.956455689534343456e+00
3.797743852927289332e+00
2.187439234499179541e+00
5.344389091301798622e+00
5.476494619948689468e+00
4.165000178298618572e+00
3.643907898994868333e+00
9.830487228860562698e-01
2.084608678540680771e+00
3.577481985726258973e+00
1.647531821773265737e+00
2.220127068466965170e+00
2.695571634765880908e+00
3.340758514859559103e+00
5.755360357754118361e+00
2.144385346072466891e+00
4.305053918699567106e+00
1.505794740064477777e+00
5.123251716081813179e+00
4.693677296751313399e+00
5.249707978629258420e+00
3.478730516892765134e+00
4.520118983650995848e-01
8.706776756389736915e-01
4.244849154112175782e+00
4.646083727752428061e-01
2.474504223427533844e+00
1.964876155664571911e-01
8.512824830027565515e-01
4.693542701037919151e+00
4.335154320726155142e+00
6.043138952001197772e+00
3.633941245641523654e+00
3.945571800393755879e+00
4.600887372526717201e+00
4.346127573472510441e+00
3.573635793136341832e+00
1.708787596906026662e+00
6.089133973167020208e+00
7.905860951691530136e-01
4.514034320996527683e+00
1.647649382547766717e+00
2.647899679681207985e+00
2.203845876802244808e-01
6.097780009020731029e+00
1.783825968390969408e+00
8.443013326312637234e-01
4.043774871282352024e+00
3.989280327823998107e+00
1.128274775033654143e+00
7.251522671787745677e-01
5.271493521638015878e+00
1.353462789138301536e+00
2.904547286391455874e+00
1.771975535150682068e+00
3.560416969743101845e+00
1.018158708370744403e+00
2.886899101443602067e+00
7.792376045640582172e-01
5.854078218705807579e+00
5.640152682983841537e+00
2.907731185915564343e+00
5.685616187019562062e+00
5.771986811359035130e+00
1.091275186333745983e+00
2.601883302927981312e+00
4.497019665632939756e+00
3.625852699092733999e+00
5.355667549731362165e+00
6.079469719623765478e+00
3.142709303372356988e+00
2.880705865106516939e+00
7.538155758194399203e-01
5.014545853072767123e+00
4.958062495796180968e+00
4.333068141945326524e+00
8.934130142867204860e-01
2.466327846349858799e+00
2.022390918403980109e+00
4.540587273617878949e+00
6.278441656319824205e+00
5.516872531415042857e+00
5.895780619684261481e+00
4.215351126528985581e+00
5.213571264790784809e+00
2.331616496213158474e+00
5.181130490080430917e+00
6.206275087115442624e+00
2.353020520303028551e+00
6.272679732053693336e+00
2.148032543032708297e+00
8.877996543818165998e-02
5.233072552271742950e+00
5.820977007141610038e+00
1.160475096976570919e+00
8.690507405579691591e-01
5.051980802994393116e+00
3.951594564425452649e+00
1.835274207412738612e+00
6.278132116169227395e+00
1.844383062752285030e+00
1.754686003367818437e+00
5.700781936554665918e+00
2.213235588180927582e+00
2.122268896688265377e-02
4.658695902214701867e+00
5.567409365850449099e+00
4.882768617981726678e+00
4.270277965991857272e+00
4.834898587544778970e+00
6.180089005663388591e+00
2.133012498284907021e+00
6.095976552300887974e+00
3.685865510753395746e+00
1.190016410105941391e+00
4.005957157475322106e+00
5.803579427594382167e+00
9.540105755654832986e-01
2.541399552708298870e+00
4.495477893549217896e+00
1.759396435620631305e+00
5.426068978945161270e+00
7.502426384806847315e-01
3.780983572557349959e+00
5.915720855711578352e+00
3.558979307747649035e+00
1.580275970270855534e+00
5.272736712592433150e+00
5.716867925182934407e+00
4.764860715750702247e-01
5.165355683609485382e+00
4.868616118804044213e+00
2.182696030275741883e+00
5.432523541453053717e+00
3.942346402694893115e+00
2.773344497511093465e+00
3.321112876263687674e+00
3.796195624531131685e+00
3.264378456562354369e+00
3.498911569202038940e+00
5.512302810027624567e+00
1.507224503039422459e+00
4.663595964990149056e+00
2.750308602104812650e+00
1.737624431473969278e+00
8.118786993475632929e-01
2.244017312453924884e+00
3.367384888303485702e-01
1.876229129336588253e+00
3.665017980028908884e+00
4.082132438979021671e+00
2.445938772707235032e+00
6.197858765029325312e+00
4.397472884374543867e+00
7.279799354633121888e-01
5.014753702816256542e+00
1.077073020396030367e+00
3.519346602799767965e+00
1.695014835714275137e+00
4.987619819591889048e+00
2.358361000167634280e+00
3.722543467316068888e+00
1.404932375486822149e+00
5.701982799742048691e+00
3.812278002346519701e-02
6.965359477273158628e-02
5.508217461567853412e+00
9.047003566460343205e-01
2.188243872236207199e+00
5.183460999693659588e+00
5.226773266804639384e+00
5.295757837363471943e+00
2.758154738398119754e+00
3.316439234162361860e+00
1.627563236540285896e+00
3.774679241848598821e+00
5.338212498654479887e+00
2.021911837950658430e+00
3.776837845385755621e+00
6.087283041898252200e+00
4.460138518448445444e-01
1.446562229367125862e+00
2.952970848928694991e+00
5.236996719226092445e+00
3.253340088250725959e+00
3.614371607709038869e+00
8.531617043766345221e-01
6.051247649571093845e+00
5.862056516561080066e+00
5.587325710148977720e+00
7.777375888059078202e-01
6.218114251137909498e+00
6.629621274539598819e-01
1.287821200244215758e+00
3.108068534813135830e+00
3.425812947819248500e+00
5.737277144494139947e+00
1.610502321184366536e+00
5.685468309469057679e+00
3.511360224191837354e+00
5.201125174606771040e+00
4.740894451957397671e+00
1.594613024437788740e+00
3.762929707548948510e+00
6.144352974537556911e+00
4.537841153752752099e+00
1.670396586380477721e+00
4.878056545030540647e+00
5.622173909098366451e+00
5.342987210002926979e+00
2.964239600719176249e+00
1.447140784099582911e+00
5.246125760695219409e-01
1.058153315696306107e+00
4.771505605122438709e+00
3.210233573060061296e+00
3.949419650214472277e+00
4.062851424946865464e+00
2.149598938867628650e+00
5.910688973643483557e+00
2.161260926821165995e+00
7.501830502546699142e-01
3.553423367974765767e+00
1.646181880243608342e+00
5.236794238900339238e+00
3.384019320716121548e+00
9.056476458429902898e-01
4.680791977458541808e+00
2.884543483405134001e+00
2.697301153052588329e+00
7.543859396338316037e-01
5.525675187591414073e+00
4.895768941274959651e+00
1.950985614766191922e+00
2.373549813948534037e+00
4.198476004404092521e+00
5.845353323661504064e+00
4.594307182442306292e+00
5.586670174499230868e+00
5.701379293318042940e+00
3.689903400093275554e+00
4.266280996093884781e+00
5.606383958535006151e+00
1.722530210440341714e+00
3.776755475452869160e+00
3.052603048170998257e+00
3.412561771809448086e-01
5.759488002571800713e+00
6.194961821383330403e+00
1.904556749467829935e+00
2.490825719655278547e+00
5.105028407692547177e+00
3.238255285782403625e+00
1.685836994661324528e+00
1.779790910965426853e+00
3.870760046480087868e-01
4.712301340420821383e+00
4.617641258992262188e+00
2.046783730397878642e+00
4.438280616384234101e+00
3.273802213080819090e+00
1.809946974265243647e+00
2.831217096239143860e+00
3.146941924075917107e+00
2.455646220866392060e+00
5.039269855719634705e+00
6.554044361586226497e-01
1.007974699871852682e-02
1.759322409587682268e+00
4.813275151281256825e+00
5.887306738308013543e+00
4.234642457150430417e+00
5.133231481454644474e+00
2.585497637905070256e+00
3.604462194994600299e+00
2.388570194114476131e+00
1.760392018722807927e+00
3.441154505957658483e+00
4.742070401084383491e+00
9.543072802181178371e-01
3.488620168028922386e+00
4.765502525473246820e+00
3.408817908850247491e+00
3.896765949390124106e+00
2.697301153052588329e+00
1.471881737951707514e+00
3.966499259731601335e+00
8.017857568546532532e-01
1.392992929284331938e+00
2.660942300410532813e+00
7.523891025130248142e-03
4.388076729563489486e+00
4.775595532386778252e+00
4.607250975812642757e+00
3.081914328718455831e+00
1.377382876471819229e+00
1.059248506669943524e+00
3.102023606242216403e+00
1.996698354325404878e+00
7.527161902532926163e-01
2.512895407738102715e+00
2.600170390278405463e+00
2.421383096299542181e+00
5.471752785899767879e+00
4.690016206238710517e+00
6.593802640898496215e-01
5.205344237610026070e+00
5.337294390906388131e+00
7.967491831428465954e-01
1.458791001635179496e+00
5.886463398119993862e+00
9.533658471708053028e-01
4.376361564661443992e+00
3.634499929104960891e+00
1.280673352258087316e+00
2.826922836115273618e+00
2.191223742062252011e+00
2.438230712444110715e+00
2.998970569760186944e+00
6.169442414660583074e-01
2.007260937571278436e+00
1.559668137068584981e-01
3.205690186953323639e+00
3.013311473186667033e+00
2.405720842246930058e+00
4.597510103222905542e+00
3.219290285758873882e+00
3.707627409238558602e+00
3.312902444435207983e+00
3.232785405392140099e-01
4.701328777712362239e+00
4.213942092554844310e-01
1.310701544935334306e+00
1.070676550634356516e+00
5.360051614317243640e+00
3.022913295345880602e+00
5.599861308936425530e+00
6.176851242006529574e+00
1.372674354260718932e+00
2.162927526479884399e+00
2.369776352988987256e+00
5.959962675164393708e+00
5.975368345187064278e+00
2.201108838839221260e+00
3.406754139573481499e+00
5.352464457595229597e+00
2.418715969410242916e+00
3.506296085783132455e+00
5.456068656688216834e+00
4.991370255998919814e-01
3.701605149411714368e+00
1.577057572896433113e+00
2.471123578935820575e+00
2.301267023098783504e+00
5.973856140968506701e+00
5.213165530661191482e+00
1.270463502487195195e-01
4.806468689761076440e+00
1.353433483518267311e+00
6.159695500542115454e+00
4.690814099583194619e+00
9.344566571032483782e-02
5.372484525112326992e+00
4.554774373907011231e+00
7.818420007203800148e-01
2.047336509107000602e+00
2.005368278061053999e+00
5.371645678228767373e+00
3.046605584306630310e-01
2.181517685924607708e+00
4.991845131731317942e+00
2.869138860532290392e-01
2.623224934977728129e+00
2.787468119345422046e+00
5.171283090523690618e+00
5.937868441663731289e+00
5.363500216009240873e+00
2.607107118727322703e+00
6.806022971992900517e-02
4.797691629559007076e+00
4.593258540284064217e+00
3.996647252838473108e+00
1.279446703246811534e+00
4.623463009541370461e+00
4.010048824540014323e+00
6.108273897877736225e-01
4.858350879988926785e+00
2.038080675751788196e+00
1.353479399281505957e+00
3.316667238562719167e+00
1.010517041109457947e+00
1.679094088893351433e+00
3.143530397737147375e+00
2.883440274478729304e+00
2.156539394710768054e+00
5.109179333413885082e+00
1.435078880817212132e+00
2.051961559582140104e+00
6.262466774604927844e-01
5.546727861096244716e+00
5.677225143223572218e-02
1.226759173872514541e+00
2.693889860955478999e-01
3.378144944139295003e+00
3.614184466273830498e+00
2.992203769071705377e+00
3.621913403851293012e+00
5.320080751072469027e+00
6.631935994497887288e-01
5.165539386891699003e+00
4.722019575694344162e+00
5.034035225324192453e+00
2.590332339811864504e+00
4.074447622877252484e-01
2.185835187337624053e+00
7.439133720025417063e-01
1.231556500625016426e+00
2.827869026612850778e+00
2.243403886430029193e+00
5.571824859817894549e+00
4.951971059939639375e+00
3.107741324596604571e-01
1.449795523754458193e+00
2.668009235311936234e+00
6.194059923813499680e+00
3.570206626749931278e+00
2.049124410422227538e-01
3.560084992916903612e+00
1.276859900979991636e-01
2.525457761008506052e-01
3.816017698684648352e+00
3.191282811943481512e+00
5.387451804033475788e+00
3.041604708168261229e-01
2.291629161168211137e+00
3.558383552849384124e+00
5.955583797199198060e+00
3.938309471371892911e+00
1.990737399918699468e+00
2.131846873939566400e+00
5.785569416279423116e+00
4.736697261137392090e+00
3.715355337022075766e+00
3.323410275583880136e+00
2.069592046239994432e-01
2.183656593989668604e+00
1.393953850501310043e+00
5.755803185789249987e+00
1.394035208205999687e+00
2.338096994426070996e+00
4.266553138636187903e+00
1.434548168691464065e+00
8.351886295556935069e-01
1.091784360279610233e+00
1.344504876827266049e+00
1.307900783845517889e+00
4.507058101935831118e+00
1.304284820753893515e+00
4.413086950314807133e+00
4.590619252223524072e+00
6.173316057870137818e+00
4.200882481168784821e+00
4.068679091673240933e+00
5.556982888621382344e+00
1.787067378477592006e-01
5.620415818616394610e+00
4.170243144898562626e+00
1.357574734212772860e+00
5.221410374704523960e+00
5.356850794226581947e+00
1.896935581289397543e+00
4.176780326646979624e+00
1.813269710009562941e+00
5.519991923080890928e+00
3.108855252909141331e+00
7.227303260538449070e-01
1.105172899284531773e+00
2.930186798658421132e+00
2.967683655645224405e+00
4.146463870165463028e+00
4.258663361484777532e+00
2.495050565180249258e+00
3.248968765134849335e+00
2.452683361152514951e+00
1.613158247781407484e+00
2.858232700873083232e+00
2.971405512711108088e+00
3.141035270406012270e+00
2.846947082550163266e+00
4.564209342408042325e+00
1.931354543225621612e+00
1.526261979773449351e+00
3.002308511448927408e+00
1.432188638194715091e+00
5.688518854639011302e+00
1.214938503512367207e+00
3.310115330845561310e+00
7.416415022564399884e-01
4.964726447006656329e+00
3.518774323049298935e+00
4.695336127171479745e+00
4.190944355293376056e+00
1.166842525201636560e+00
3.720329028793178505e+00
5.978604625960287855e+00
2.405431424664286943e+00
4.457832031618049307e+00
5.536543221178957808e-01
3.405656393913107483e+00
3.805961943149057447e+00
5.700588650527023127e+00
2.658104578917237948e+00
3.008097028799737949e+00
6.079695719165281176e+00
2.085194972096948707e-01
8.124773754488685829e-02
4.136670767622421252e+00
4.006151613895172936e+00
4.460138518448445444e-01
2.075173038466473496e+00
5.583172214678457923e-01
5.449130911781731257e+00
2.812390620604974245e+00
4.004332760787490564e+00
4.928284131800038104e+00
3.304312938952367773e+00
3.944240293015135013e+00
4.690853162489513117e+00
2.532943660687438925e+00
2.705486081103260498e-01
3.658761904909652696e+00
4.731235034158440822e-01
4.400155996062934172e+00
1.292550208860560268e+00
8.276338894888191078e-01
6.776085258168004222e-01
3.989415564582030171e+00
2.881104261813477674e+00
1.686449616516664918e+00
3.367694384867916391e+00
6.158185817948822915e+00
3.945367713903290330e+00
3.985861457736197710e+00
4.463230907585757024e+00
4.552531856747139116e+00
6.143603334460899568e+00
8.342791803695037700e-01
1.493775282067172139e+00
3.787060987299850634e+00
2.376927132687293831e+00
3.405943355824239571e+00
3.649944066616779281e+00
4.664457818425422175e+00
4.970685540192732788e+00
2.615280725616058621e+00
1.621827075470332780e+00
3.404640920578134722e-01
4.288535255738302188e-01
3.825622974217010253e+00
2.740610127178599864e+00
4.293511281078006558e-02
1.357092738854031477e+00
8.636229248694133886e-01
1.410392201699903980e+00
3.906335029785990898e+00
4.621132261947393793e+00
4.312921854389153431e+00
3.332660340960645229e+00
2.787797206806265304e+00
5.663610352252405278e+00
1.682437550672520210e+00
3.619141450091404089e+00
5.646627988630357198e-01
5.395287931623511390e+00
3.020148137341382988e+00
5.909683887930233803e-01
3.871546466355870741e+00
1.517072668701240357e+00
1.760372897408706949e+00
3.112931093457002696e+00
5.145905639825743449e+00
1.443528146315031124e+00
3.654156169138742083e+00
1.516584284420175122e+00
9.404048518000234225e-01
1.663083861971101030e+00
3.485426582625481995e+00
3.735915717452054086e+00
3.480249052632920836e+00
2.874889965163100136e+00
3.516825967401538744e+00
5.628254422457401596e+00
4.939376486568876068e-01
1.940606816701369697e+00
4.453865895477067127e+00
3.985128962429334898e+00
3.129409748420960202e+00
1.328361086578105699e+00
1.225858560428426669e+00
4.636433840249720717e+00
5.010536237913023605e-01
1.607070448672395235e+00
6.118942411322034758e+00
2.960258137397049794e+00
6.143936526520152874e+00
4.003979084315970383e+00
3.144284260374789142e+00
2.706020654104406731e+00
4.481373741289278456e+00
1.218630966763912804e+00
4.058660916778840111e+00
1.697786600242969790e+00
4.233192809381308486e+00
5.026746975453168176e+00
1.768288979072283884e-01
3.973987222827569887e+00
5.372573602216717426e+00
4.207831270483720409e+00
4.684110506046571309e+00
6.140099511767680873e+00
4.858793049627334604e+00
6.148018566978272759e-01
1.994332951037511570e-01
5.393044881497878862e+00
3.593024602407381529e+00
5.796943100444183372e+00
4.180320164394276894e+00
2.469248733798045325e+00
7.667884745718144268e-01
4.243769733049530757e+00
2.168747830032651702e+00
1.316837753324396676e+00
5.249992407927404070e-01
6.041053270226613314e+00
3.353065816636450425e+00
9.044285515544938647e-01
5.620931320801221709e+00
4.785181352926183074e+00
5.015497123733799967e+00
3.149338415655709156e+00
2.238796619289019352e-01
5.446304224767284374e+00
3.913906330583677984e-01
1.969173138636753251e+00
1.529300015871109641e+00
1.869249849792560481e+00
1.243882831419513391e+00
3.596527193901823960e+00
1.770407996296684328e+00
5.367648466657082729e+00
4.416568783304919421e+00
5.098711548628268586e-01
5.770479494658891539e+00
9.845751345794196974e-01
5.651498458218982002e+00
6.355167804755499361e-01
5.124206722358101374e+00
1.657592645696802924e-01
4.738154803555333139e+00
3.058206652963783023e-01
4.538712128724162187e-01
1.116369434786032899e+00
2.343044366931129607e-01
5.447347521458430208e-02
1.877481080697374294e+00
6.037260497005556559e+00
1.791623763298591632e+00
5.500281983012023090e+00
1.983034670944619826e+00
3.636830756806732179e+00
5.874362118422241430e+00
5.663346903729882698e+00
2.164624628466637613e-01
2.783960501126056197e+00
1.677687852646962130e-01
2.434337641256302032e+00
5.867747578649642470e+00
4.195625228283813568e-01
2.107566464187023314e+00
5.671586274776093006e+00
1.502623621850387003e+00
1.977670765106770867e+00
4.237557762672079065e+00
4.471060388390482032e+00
1.088382237534327945e+00
3.834712953039999928e+00
6.018826946438448289e+00
3.787580659450049847e+00
3.307596082601107046e+00
2.041854535230867462e+00
6.102215809241796407e+00
1.273837217057989468e+00
3.661616079163105830e-01
4.693381037413634438e+00
4.892734945684164671e+00
1.719533279207588583e+00
2.679714344679009486e+00
1.569769562348675596e+00
2.271717792228261423e+00
5.079049095079058773e+00
1.185222985836809351e-01
2.036673697308607256e+00
2.412025277130589895e+00
1.651819267981039507e+00
1.437642366807406979e+00
5.677225143223572218e-02
5.576630752317406348e+00
5.015497123733799967e+00
4.262131022517382739e+00
1.660718144579448108e+00
7.861743745361529090e-01
1.383394667014363311e+00
1.622547330654586117e+00
1.579839803538728438e+00
2.360788155690569656e+00
3.080786443819200304e+00
2.753233774869649153e+00
3.314593044871415373e+00
5.559214019918011118e+00
2.722157353174888605e+00
3.894291945230957452e+00
5.837706410485758113e+00
4.562782631264801658e+00
5.827814869970667999e+00
2.679187405908277864e+00
2.304152913717996576e+00
3.658761904909652696e+00
5.544463859868101530e+00
5.389522751596478756e+00
7.967753722517320614e-02
1.327634053356737232e+00
2.413554777051519107e+00
6.189334065015379416e+00
3.296700974014100449e+00
1.505176845160792976e+00
5.855733713119517070e+00
6.140630065226124756e+00
2.678329423514511198e+00
3.010701768812341861e+00
5.667222978815069645e+00
2.344638428352541215e+00
5.363723512901894530e+00
1.607740878020479158e+00
1.931530802950627290e+00
4.642641961238793691e-01
4.040206158537806402e+00
2.316231167928938017e+00
1.959703793930981597e+00
3.795550127107018223e+00
4.654709846188141320e+00
2.141527013299986404e+00
2.275575588738337984e+00
5.814040266905770027e-01
3.540738200992878504e+00
8.419043516700263075e-01
3.882795364799937143e+00
6.022735130128993752e+00
2.158240428042377257e+00
3.134073703504848485e+00
3.887785868776774567e+00
5.317322127998473924e+00
6.741632435930450251e-01
1.393148289890672631e+00
6.247469843650987009e+00
5.190119991719670534e-01
1.493143942556712789e+00
1.502156903420002632e+00
5.940105981336430752e+00
3.497647160155533452e+00
2.650541057608791551e+00
4.782709475474151262e+00
4.804208215073438204e+00
1.652672509138968238e+00
3.063026652225728785e+00
1.360345008077097129e+00
2.452468403929448204e+00
5.048812656488502526e+00
3.739385168987697128e+00
7.816968164505682104e-01
4.994982925766586312e+00
1.657592645696802924e-01
5.156726815733009950e+00
5.059905546352235994e+00
5.132921487451295839e+00
3.939289291076937261e+00
8.390683866835173532e-01
3.059448805889248391e+00
4.340124483123878107e+00
3.142942344832621693e+00
2.005877809294541514e+00
6.173543000293922667e+00
1.700571191849843178e+00
1.774654474165296536e+00
6.096265892044760548e+00
2.006450165582486456e+00
3.697084513632859615e+00
1.754542493397876823e+00
2.822604766843459650e-02
7.655968607576462137e-01
4.730335567119081652e+00
2.409214537709980952e+00
2.977998786506066420e-01
8.504425361775899139e-01
3.368733185899796645e+00
2.084288820036436451e+00
1.063257422757843518e+00
5.923091571004762024e+00
4.797197455927199705e+00
1.138922636304233293e+00
3.128777124488027805e+00
3.771799542972658514e+00
3.903365396510933394e+00
4.686027464444077473e-01
1.106077464405669453e+00
6.282326158882743705e+00
3.777238911527265319e+00
2.852707316831592177e+00
4.612401356873377267e+00
2.731741530402656881e+00
3.492788473383234393e+00
3.177214541476362619e+00
5.364366872688521859e+00
1.580946530460108246e+00
4.943836993552965353e+00
3.449560263693931095e+00
1.059596622790172304e+00
4.447325530197988819e+00
2.539605397357391325e+00
1.560239774801560397e+00
9.575262461136736514e-01
2.653479297640521928e+00
3.248492133510740842e+00
5.494682083857224342e+00
1.694402007735779980e+00
6.109417252789563157e+00
4.172242105183376459e+00
3.583203595193571900e+00
4.352250830565573381e+00
5.472121225381494369e+00
3.824065595777788484e+00
5.382474311413078638e+00
5.712403097992820200e+00
2.905089701062646856e+00
3.327647300948985976e+00
4.093798702222362529e+00
5.244037311392425238e+00
7.087258974478122253e-01
1.031115770128853582e+00
7.410468481587153544e-01
4.767443247464520084e+00
3.143523837591771120e+00
3.755675003474529650e+00
2.703774086133258758e-01
2.828078488582987049e+00
5.526961260501099815e+00
6.072758143885026882e+00
3.719536805698674398e-01
4.795116892489584615e+00
8.612487603661260760e-01
1.787954551310549645e-01
2.187293952793955221e+00
3.416564018947793269e+00
4.067636118593192407e+00
3.648744310661817258e-01
4.107431977387795641e+00
1.309497105780008441e+00
1.132759266301546663e+00
1.357480941528826701e+00
1.632310184746595727e+00
3.283998663846813937e+00
1.128339001785533480e+00
6.207944780024210019e+00
4.004332760787490564e+00
4.243421568378987985e+00
2.632688159072448464e+00
2.306701632902127042e+00
3.213657746744105648e+00
1.490163721741076364e+00
3.219804398878712615e+00
3.408248919936943899e+00
6.047504410685601961e+00
4.118135770330750844e-01
1.879775086042080545e+00
3.778931569756630804e+00
1.151293064505973573e+00
3.895560782080498718e+00
1.073234269725908074e+00
5.547953052211339331e-02
1.038681734215960717e-01
3.917962891635147660e+00
1.021536040957260250e+00
5.656316405545194215e+00
4.189181790055934940e+00
4.363995677386117045e+00
2.350064072856367758e+00
8.052395621638860357e-01
4.152582935268176456e+00
5.957372952362073093e+00
3.221184049332997734e+00
7.417416807701386894e-01
6.209960756628963630e+00
3.885696452459118877e+00
6.228373947082413764e+00
4.067636118593192407e+00
4.370918245443122352e+00
1.317277424629424099e+00
5.220941712988030226e+00
3.040518471333755190e+00
4.405183180878688987e-01
2.722679855018210748e+00
1.149433798104689819e+00
1.548239060867208083e+00
2.663615499954907317e+00
8.653577934211901246e-01
2.360811840657321525e+00
5.895947940304504975e+00
1.126791254692625088e+00
1.751332739513108860e+00
1.450153216089491215e+00
4.447578159272525866e+00
4.054110609736038207e+00
1.697315423847742255e-01
1.090545593724346896e+00
2.942885975246218866e+00
8.886552551834607794e-01
5.934511983931363588e+00
3.966851069600300317e+00
5.919525750000703468e+00
5.677482911673935817e+00
5.423498609363856637e+00
3.152921258765129853e+00
6.253875174437073525e+00
7.398912917101824194e-01
1.504853077875936362e+00
4.468993301996805556e+00
3.773328971848965541e+00
5.159945998898807673e+00
2.662636873825324990e+00
2.481231577433717472e+00
2.362190759689302588e+00
4.590619252223524072e+00
5.227027363349886713e+00
3.905595450792407330e+00
5.606491223875074148e+00
4.028282378267724617e+00
6.840469343870091423e-01
4.678296170850947178e+00
5.717581756487175149e+00
6.169425217485398072e+00
4.152343447651333008e+00
2.872133081833195600e+00
9.176731142245487804e-01
4.969514556344077683e+00
2.049058802505363541e+00
4.930288283689387541e+00
5.707225559831986317e+00
8.626488492273400865e-01
1.472407180865484166e+00
4.745287190794883259e+00
2.536640485470312179e+00
4.948460452094398221e+00
4.393080904007087284e+00
2.676259409795472610e+00
5.453769711641860418e-01
6.408831560296491814e-01
1.434468346661258220e+00
1.495200837032141239e+00
6.079710842011224692e+00
2.099736154571421487e+00
5.630077202576839746e+00
1.031592512929994765e+00
2.489492207463033513e-01
6.238305261511251310e+00
5.774719052564965871e+00
4.778848609947895731e+00
1.114387817917382062e+00
1.261930788451659513e+00
4.277777814898716668e-01
3.119649113464094903e+00
4.705708634476498453e+00
2.467181558565777699e+00
4.812599649939461877e+00
1.143585582289568525e-01
4.213850318808684214e+00
6.910519694923081824e-01
4.917983239626375180e+00
1.266490569952385181e+00
3.548311746612941686e+00
4.705229926933203188e+00
1.978824331109875490e-01
4.424265517928911429e+00
3.216374121820396503e+00
3.851330012523936919e+00
3.208272574649188164e-02
1.811249750328974617e+00
5.572092510528284137e+00
2.192551077165221241e+00
1.899536914421178890e+00
1.265797718779452463e+00
4.722467178177851999e+00
3.221363644775076196e+00
5.626699801841354542e+00
5.663012561205984952e+00
6.664737085729093291e-01
4.664457818425422175e+00
5.438715351159228106e+00
3.633941245641523654e+00
3.263962361598224504e+00
2.166542538698529530e+00
4.678783285564109384e+00
3.964047900299195515e+00
5.534924746709522836e+00
5.945383764493672452e+00
3.388537307638259111e-01
7.148052665847390852e-01
3.349795642903027115e+00
2.098806104826849706e-01
6.136351278332985437e+00
5.932093031798891802e-01
4.579368054941200583e+00
9.431963742554722030e-02
1.466941052822961611e+00
4.249658260486445016e+00
3.341846340990997088e-01
4.237852738223475413e+00
5.538365320086398036e+00
4.758328684026597699e+00
1.408363295064138931e+00
6.019743546188472294e+00
5.343708705049102781e-01
1.269790609319323194e+00
9.451934888906323717e-01
5.329716302813080731e+00
5.456645431906927968e+00
2.009356469125249234e+00
2.067659077206065454e+00
5.472876779958822935e-01
5.132767006684407995e+00
3.973099951411121822e+00
2.525505516694573238e+00
4.597027582410380120e+00
4.012039024435886780e+00
5.055952357892231852e+00
4.292190828292621774e+00
5.643316392723693120e+00
4.710873701571697936e+00
5.878966012673516595e+00
2.973437413874221669e+00
4.787396221356625681e-01
9.592159043217913794e-01
3.895288965590039343e+00
1.041916258848858190e+00
1.224260931807935382e+00
6.261318257483172722e+00
6.010996137675068240e+00
6.122316216555439894e+00
4.088685310836472020e+00
4.591791158896667113e+00
1.012294928923750170e+00
3.731215617625161851e+00
3.068352234510013155e+00
1.247936685461008333e+00
4.331861833768806846e+00
4.641021658134010686e+00
1.607853752472900410e+00
1.886025454422437297e+00
3.161564613050339645e+00
5.287188780426482992e+00
2.406228439948532860e-01
3.523344512294776187e+00
1.704723213276689187e+00
1.033752187765546102e-02
3.485006760960358108e+00
1.571640969479457750e+00
8.312698866162642197e-01
2.785455538146527577e+00
1.403883027866683175e+00
6.248415375797997662e+00
3.685399857536259649e+00
5.551252039330826449e+00
4.300243335432550329e-01
1.506142752743645952e+00
1.406159463487227645e+00
4.454134378874661238e+00
1.338644997056599895e+00
4.151529647117730093e+00
2.495459158221150719e+00
4.870197127577125862e+00
2.505125002490919517e+00
3.491877354640873676e+00
8.674588811220731444e-01
4.650683224204267496e+00
9.137608063641954326e-01
1.620156744300862206e+00
