ra
6.117361700000000013e+00
5.998659299999999917e+00
6.174128699999999803e+00
6.062516300000000413e+00
6.059310599999999880e+00
5.992202200000000367e+00
3.353896299999999941e-01
5.179121300000000261e-01
6.155643699999999718e+00
6.104592199999999913e+00
6.120021099999999770e+00
6.130071799999999627e+00
6.057141099999999945e+00
1.111636600000000079e-02
6.126207199999999631e+00
2.867676400000000125e+00
6.095682499999999671e+00
6.193888199999999955e+00
6.129623900000000347e+00
4.422519300000000292e-02
5.990512100000000117e+00
6.175530799999999765e+00
6.076922399999999946e+00
5.986105499999999857e+00
6.157562000000000424e+00
6.119576099999999741e+00
7.794571499999999875e-02
6.124142899999999834e+00
6.126501300000000150e+00
6.040758499999999920e+00
1.746646200000000038e+00
6.071446400000000132e+00
2.485676499999999844e+00
7.504582899999999446e-02
6.158706300000000411e+00
6.162901699999999927e+00
6.130495400000000039e+00
6.129392400000000407e+00
6.104902000000000051e+00
6.012631100000000117e+00
6.039823700000000350e+00
5.986598100000000144e+00
6.090897199999999678e+00
5.997063500000000325e+00
2.108347300000000146e+00
6.056419799999999576e+00
5.962212799999999646e+00
6.150891099999999945e+00
6.141996599999999695e+00
6.191562099999999624e+00
6.057423599999999908e+00
6.001409299999999725e+00
6.177793699999999610e+00
5.997389199999999754e+00
4.192818899999999765e-02
6.159751199999999649e+00
1.852918899999999924e+00
6.251823299999999861e+00
6.172976399999999586e+00
6.115963899999999676e+00
6.176413400000000387e+00
1.753681599999999952e+00
6.079796499999999604e+00
6.159673999999999872e+00
6.007111100000000370e+00
6.116923100000000169e+00
6.200337199999999882e+00
1.024904600000000054e-01
6.028531400000000318e+00
5.972076099999999776e+00
6.025481899999999946e+00
6.094189499999999704e+00
6.075212900000000360e+00
6.569515600000000455e-02
3.167047999999999863e+00
6.071953599999999618e+00
6.138935899999999890e+00
1.681269599999999920e-01
6.197974499999999942e+00
1.141554699999999950e-01
6.058893199999999979e+00
5.891488899999999695e+00
6.137776599999999583e+00
1.138465099999999897e+00
5.959000900000000378e+00
1.072516800000000020e-02
6.141876899999999750e+00
2.483150499999999816e+00
6.165074100000000001e+00
6.153942899999999661e+00
6.005550699999999686e+00
4.007044900000000243e-01
6.068873499999999588e+00
6.105845799999999990e+00
6.094053399999999954e+00
6.256650399999999834e+00
6.109481599999999624e+00
6.165590500000000418e+00
6.121802999999999884e+00
2.624504299999999901e+00
1.580805200000000021e-01
6.045048800000000000e+00
6.008726900000000093e+00
5.992684800000000145e+00
5.947535799999999817e+00
1.786433699999999902e+00
6.161986800000000208e+00
6.215023999999999660e+00
6.261246100000000148e+00
6.004570000000000185e+00
2.106709899999999885e-02
5.969851900000000100e+00
1.875273100000000026e-01
6.028533799999999943e+00
6.074259900000000378e+00
2.990225800000000156e+00
2.632119599999999782e+00
1.743740300000000021e+00
5.145481800000000216e-01
2.400878599999999974e+00
6.237937200000000182e+00
6.183486099999999652e+00
6.154633900000000324e+00
5.938007200000000374e+00
6.174616999999999578e+00
6.100782999999999845e+00
6.119710300000000380e+00
6.076940900000000312e+00
6.166548299999999649e+00
6.077616899999999767e+00
6.028051399999999838e+00
5.926178499999999794e+00
6.238340499999999622e+00
5.494245899999999905e-02
3.545051500000000189e-02
6.045839499999999589e+00
5.892498599999999698e+00
6.176536999999999722e+00
6.087726299999999924e+00
8.204485400000000039e-02
8.751484900000000566e-02
2.219775499999999957e-01
6.017583000000000126e+00
5.972349000000000352e+00
2.480799999999999894e+00
6.237013600000000046e+00
5.975194400000000350e+00
6.230005499999999863e+00
6.022964400000000218e+00
6.113576199999999794e+00
7.065581800000000356e-01
6.092822499999999586e+00
1.354202099999999957e-02
6.036247000000000362e+00
6.069939500000000265e+00
6.098597299999999777e+00
6.002843600000000279e+00
6.145390199999999581e+00
6.040588500000000138e+00
5.802906599999999582e-01
6.047028300000000023e+00
2.586135800000000096e-01
6.114359799999999900e+00
6.008684699999999879e+00
6.239086200000000026e+00
6.100393500000000024e+00
6.246124199999999682e+00
6.068309600000000081e+00
6.050553700000000035e+00
6.023281500000000399e+00
1.188879000000000047e-01
6.136699700000000313e+00
6.080884099999999570e+00
6.065029899999999863e+00
6.217025699999999766e+00
6.133012800000000375e+00
6.258335599999999665e+00
6.148132099999999767e+00
6.125336199999999565e+00
6.084366199999999836e+00
6.062204200000000043e+00
6.104620299999999666e+00
6.282015399999999694e+00
6.137367900000000098e+00
6.143213300000000210e+00
6.200357600000000247e+00
6.125089199999999678e+00
5.839439399999999836e+00
2.896814000000000000e+00
5.999362600000000434e+00
5.985159099999999732e+00
2.969139800000000218e+00
6.197521300000000011e+00
1.522311000000000081e-01
1.198697599999999988e-02
6.162174300000000216e+00
6.004838999999999594e+00
6.155883399999999561e+00
6.243072399999999966e+00
5.997973700000000186e+00
6.132464800000000160e+00
6.030108600000000152e+00
5.997219199999999972e+00
2.633525399999999905e+00
6.091252199999999561e+00
9.151934000000000458e-02
6.067804200000000314e+00
6.001977300000000071e+00
2.505675000000000097e+00
1.936556799999999924e-03
6.071245399999999570e+00
6.125076800000000432e+00
1.748699100000000062e+00
6.239547299999999908e+00
6.049844099999999614e+00
6.114052599999999948e+00
6.165329400000000071e+00
6.082455000000000389e+00
6.133130300000000368e+00
6.227700999999999709e+00
5.923326199999999986e+00
6.181277200000000249e+00
1.488729599999999952e-02
6.186081999999999859e+00
2.748528799999999883e+00
6.239812699999999879e+00
6.102554800000000057e+00
6.022682800000000114e+00
6.029951500000000131e+00
5.942595800000000317e+00
1.183994800000000014e-01
7.497899800000000503e-02
6.121844799999999864e+00
6.244876299999999603e+00
6.139101400000000375e+00
6.249267099999999964e+00
6.042361099999999929e+00
4.057039900000000365e+00
6.059065499999999993e+00
6.080982699999999852e+00
6.201737699999999798e+00
6.097694299999999679e+00
5.992596400000000045e+00
6.108475600000000227e+00
6.095135400000000203e+00
6.075001999999999569e+00
6.055139900000000353e+00
6.050941299999999856e+00
6.093815799999999783e+00
6.154845299999999853e+00
3.031738100000000102e+00
6.184170700000000132e+00
6.056435900000000316e+00
1.996138299999999921e+00
6.125757700000000305e+00
2.780496799999999880e+00
3.941084300000000096e-02
6.062727299999999708e+00
5.986327799999999755e+00
6.180589099999999725e+00
6.079429900000000053e+00
5.926727699999999821e+00
4.331382300000000130e-02
6.038429800000000292e+00
6.163846399999999726e+00
6.219528000000000389e+00
3.867300599999999866e-01
6.117690699999999815e+00
3.951577300000000056e-03
2.001715199999999986e-02
2.423201300000000113e+00
3.259869600000000034e+00
6.023887499999999839e+00
6.037429099999999771e+00
3.820272200000000146e-02
5.514210800000000079e-01
6.169774199999999986e+00
6.153532099999999616e+00
6.062469100000000388e+00
6.157655499999999726e+00
6.131982200000000383e+00
6.066023799999999966e+00
1.270989699999999951e-02
6.181077000000000155e+00
6.070298000000000194e+00
6.119742800000000038e+00
6.170001599999999975e+00
6.090177999999999869e+00
6.263336500000000306e+00
1.690545900000000046e+00
6.580918800000000457e-02
6.104215700000000133e+00
5.978981799999999680e+00
6.043048299999999706e+00
6.253324400000000338e+00
1.796344099999999999e+00
6.052818600000000160e+00
3.165546900000000274e-01
2.043863099999999877e-02
6.192483499999999808e+00
2.797840899999999853e-01
1.862269699999999917e+00
6.033241900000000157e+00
6.074218600000000023e+00
6.086738500000000052e+00
6.009581700000000026e+00
1.509610600000000080e-01
2.364308799999999877e+00
6.153910699999999956e+00
3.064823199999999748e-01
2.803724499999999953e-01
5.989987400000000406e+00
6.145959500000000020e+00
4.266245499999999913e-01
1.751434600000000064e+00
6.010774999999999757e+00
6.165107400000000126e+00
6.154062500000000213e+00
5.984461999999999726e+00
3.937778600000000129e+00
6.067936000000000440e+00
6.140438900000000366e+00
5.977308400000000077e+00
5.990769700000000419e+00
6.830120000000000288e-03
5.966415500000000094e+00
6.090508100000000091e+00
6.013907800000000137e+00
6.174316100000000418e+00
1.710218900000000097e+00
7.288252699999999695e-01
6.127882399999999841e+00
6.209898800000000385e+00
6.000314499999999995e+00
6.075137200000000348e+00
6.116581100000000326e+00
6.170858499999999580e+00
6.173263600000000295e+00
6.040266700000000100e+00
6.040567300000000195e+00
6.121533499999999961e+00
6.123094899999999896e+00
6.080017899999999642e+00
6.059494199999999609e+00
6.042011399999999810e+00
6.151258000000000337e+00
2.631082099999999979e+00
6.150541300000000433e+00
6.134661999999999615e+00
2.728123699999999818e+00
1.806171699999999936e+00
1.488308000000000131e-01
6.076947800000000122e+00
5.988018799999999864e+00
6.129179399999999944e+00
6.192872799999999955e+00
6.103066100000000382e+00
6.186967799999999684e+00
6.032697999999999894e+00
6.015931700000000326e+00
5.981413599999999775e+00
3.372860100000000250e-01
6.029989500000000113e+00
6.123437700000000206e+00
5.974886099999999978e+00
6.018784000000000134e+00
1.817824099999999943e+00
6.054675600000000379e+00
1.322759800000000041e+00
2.951778400000000246e-01
6.135783199999999660e+00
6.228192899999999810e+00
6.162642899999999813e+00
6.212733000000000061e+00
6.168613599999999586e+00
6.025307500000000260e+00
6.218650000000000233e+00
6.058490599999999837e+00
6.187212099999999992e+00
2.571781100000000153e-01
6.168311499999999725e+00
6.077836900000000320e+00
6.085064100000000309e+00
5.978008799999999567e+00
6.095360399999999679e+00
5.974488100000000301e+00
6.202316399999999952e+00
7.016688800000000503e-01
6.200815600000000316e+00
2.496853999999999907e+00
6.165808400000000411e+00
6.057752699999999990e+00
5.878538200000000380e+00
2.422976799999999875e-01
6.115849800000000336e+00
6.113274399999999886e+00
1.092134500000000036e-01
6.071853899999999804e+00
5.874564200000000014e+00
3.565150999999999737e-02
6.195561099999999932e+00
6.082779200000000053e+00
6.103691399999999767e+00
6.276907600000000365e+00
6.081873200000000423e+00
6.215308000000000277e+00
6.139800799999999725e+00
6.242051499999999642e+00
6.088213299999999606e+00
6.111247599999999558e+00
2.998659699999999817e-01
6.128969299999999620e+00
5.936523499999999842e+00
6.063587799999999639e+00
6.047683199999999815e+00
6.280594899999999647e+00
6.230988599999999877e+00
6.093588699999999747e+00
6.634335900000000452e-02
6.042599000000000053e+00
6.254025799999999968e+00
5.990051300000000190e+00
6.184163100000000135e+00
6.127107699999999824e+00
5.971540499999999696e+00
6.154355599999999704e+00
6.259995700000000163e+00
7.039432700000000098e-01
6.102947799999999923e+00
6.111865700000000068e+00
6.193304600000000271e+00
6.091600699999999868e+00
5.953512400000000149e+00
5.976638000000000339e+00
6.891584400000000388e-01
6.114380800000000171e+00
5.911930599999999814e+00
6.241878299999999768e+00
6.153304099999999721e+00
6.173522700000000363e+00
6.032606499999999983e+00
6.211734400000000100e+00
6.017068300000000036e+00
6.050995600000000252e+00
6.009243999999999808e+00
6.139245200000000402e+00
6.117263900000000199e+00
3.459193600000000091e-01
6.243959600000000165e+00
6.135210700000000017e+00
6.040854000000000390e+00
6.221518999999999799e+00
9.953824700000000192e-01
6.078212299999999679e+00
1.653514200000000094e-03
6.122637100000000387e+00
6.127127699999999955e+00
5.999314499999999661e+00
6.099106800000000383e+00
6.249265199999999965e+00
2.930174400000000179e-01
6.076928299999999616e+00
6.121756600000000326e+00
6.171561099999999911e+00
1.748216500000000062e+00
6.118190399999999585e+00
6.084563700000000352e+00
6.144565100000000335e+00
6.129724200000000067e+00
6.100621799999999872e+00
6.043267799999999745e+00
6.195957899999999796e+00
2.874031500000000072e+00
3.525227300000000064e-01
2.447220999999999869e+00
6.120997899999999881e+00
6.130431100000000022e+00
6.061836699999999745e+00
6.281138600000000238e+00
6.087814100000000117e+00
6.177485100000000173e+00
6.274045400000000328e+00
6.146820199999999623e+00
6.246877399999999803e+00
2.395528200000000218e+00
6.072924800000000012e+00
6.146224799999999711e+00
6.093374800000000313e+00
6.067068500000000419e+00
6.121783500000000267e+00
6.222512000000000043e+00
1.788317099999999993e+00
2.450124499999999816e+00
6.075535300000000305e+00
2.475180599999999842e+00
5.928594999999999615e+00
6.192281000000000368e+00
6.010010099999999689e+00
6.281717000000000439e+00
6.157889299999999899e+00
1.851127799999999990e+00
6.270075799999999866e+00
6.083618399999999760e+00
6.163489600000000124e+00
5.549954700000000463e-01
6.136760699999999957e+00
5.003559199999999541e-01
6.063340700000000361e+00
6.078138000000000041e+00
6.238737800000000000e+00
6.080664999999999765e+00
6.247007899999999836e+00
6.132589900000000149e+00
6.212389700000000126e+00
5.948284199999999800e+00
1.920255599999999910e-02
6.121935900000000430e+00
5.856690399999999741e+00
6.154565899999999701e+00
6.102521699999999605e+00
6.256751000000000396e+00
6.112436100000000039e+00
6.064080900000000440e+00
6.077460199999999979e+00
6.083889600000000009e+00
1.502743199999999890e-01
1.718663400000000063e+00
5.636790400000000201e-01
1.332801700000000034e-01
6.059984100000000318e+00
5.981523199999999818e+00
6.041864300000000298e+00
6.133880699999999742e+00
6.184980099999999759e+00
6.128096499999999835e+00
6.036117299999999908e+00
6.102254900000000148e+00
6.071920300000000381e+00
6.083298199999999767e+00
5.953397700000000015e+00
5.911417700000000330e+00
6.147658700000000032e+00
6.056736700000000084e+00
6.106089100000000158e+00
6.208025000000000126e+00
6.699627900000000580e-02
9.327675500000000286e-02
6.116069600000000328e+00
6.171478600000000370e+00
6.146740499999999940e+00
6.135825299999999594e+00
6.160800799999999633e+00
6.101501800000000308e+00
6.136421000000000348e+00
8.479867399999999611e-01
6.081660399999999633e+00
6.091462199999999605e+00
5.998433200000000021e+00
6.088597299999999990e+00
2.409751099999999813e+00
6.193616099999999847e+00
2.618621899999999947e+00
6.074221200000000209e+00
6.121197600000000349e+00
2.928377699999999972e-01
6.120239200000000324e+00
6.269869400000000148e+00
6.008849900000000410e+00
6.240404500000000354e+00
4.408637900000000193e-02
4.040783199999999908e-01
2.323814399999999947e-01
5.981533999999999462e-01
5.905065699999999751e+00
6.101282399999999662e+00
5.475105200000000144e-03
6.207595999999999670e+00
6.098301000000000194e+00
6.105517899999999720e+00
6.011960400000000426e+00
5.963492800000000038e+00
3.250286099999999956e-01
6.127385499999999929e+00
6.024200399999999789e+00
6.146887699999999732e+00
6.243030000000000079e+00
5.992816699999999663e+00
6.229063100000000297e+00
5.991555299999999917e+00
1.452370299999999892e-01
6.178781800000000324e+00
4.543780199999999936e-02
6.115524899999999597e+00
6.129043799999999820e+00
6.110852200000000067e+00
1.299245999999999995e-03
6.159517899999999990e+00
6.158076000000000327e+00
6.178392999999999802e+00
6.067610600000000076e+00
6.206093000000000082e+00
6.158378700000000094e+00
6.144460500000000103e+00
6.246349300000000326e+00
6.097279799999999916e+00
6.051820499999999825e+00
5.859604299999999988e+00
6.057969199999999610e+00
6.176395000000000302e+00
6.119689000000000156e+00
6.083139700000000261e+00
6.114700700000000211e+00
6.094922399999999740e+00
6.075443700000000113e+00
6.485607799999999479e-01
6.274550800000000095e+00
6.163396299999999606e+00
5.957709799999999944e+00
6.115249600000000285e+00
6.099421900000000285e+00
6.152890400000000426e+00
6.010177800000000126e+00
6.233515800000000162e+00
6.195204300000000330e+00
1.789476999999999984e+00
6.134514099999999637e+00
1.437204700000000064e-02
6.006875800000000432e+00
3.268221000000000320e-02
6.127294299999999971e+00
6.230321499999999624e+00
6.113712699999999778e+00
6.204308000000000156e+00
6.218381400000000170e+00
5.930052599999999785e+00
6.103720599999999941e+00
6.055830099999999661e+00
6.077250099999999655e+00
6.131164300000000011e+00
5.906058299999999761e+00
6.028895200000000010e+00
6.035948999999999565e+00
6.041535699999999842e+00
6.058567799999999615e+00
6.027582500000000287e+00
6.163595499999999561e+00
2.964324599999999865e+00
6.007093300000000191e+00
6.192032199999999875e+00
5.893273100000000042e+00
2.511451199999999995e-01
1.044644599999999951e-01
6.137825999999999560e+00
6.065025799999999911e+00
6.018641900000000433e+00
6.283184499999999950e+00
6.013645200000000024e+00
6.183327300000000193e+00
6.052046899999999674e+00
6.011277899999999619e+00
6.205645900000000381e+00
6.113449499999999759e+00
5.993417400000000228e+00
6.116458999999999868e+00
6.054826300000000217e+00
6.123250099999999918e+00
5.898327499999999723e+00
6.118421900000000413e+00
6.034453100000000347e+00
2.430436700000000005e+00
6.178705299999999845e+00
6.044803100000000207e+00
5.790622200000000025e-02
6.156293800000000260e+00
2.480520299999999789e+00
5.915920800000000312e+00
6.074474099999999765e+00
6.095213000000000214e+00
1.056498600000000065e+00
6.168412899999999865e+00
6.249108599999999569e+00
6.090179299999999962e+00
1.386789900000000020e-01
1.366961399999999938e-01
5.951579699999999917e+00
6.117308900000000271e+00
6.058985500000000357e+00
6.213560499999999820e+00
6.085528400000000282e+00
6.078975999999999935e+00
6.110297599999999996e+00
6.121900000000000119e+00
6.035179699999999592e+00
6.018816799999999745e+00
6.136550200000000288e+00
6.095518199999999887e+00
6.066848399999999586e+00
5.842235699999999810e+00
5.991925099999999560e+00
2.385524499999999826e+00
6.103826200000000313e+00
6.152438499999999699e+00
3.046380399999999877e+00
6.065618299999999685e+00
6.174059899999999601e+00
1.349295100000000025e-01
5.826083399999999912e+00
6.111245799999999839e+00
4.488392100000000023e-02
6.167261800000000349e+00
6.129973500000000186e+00
6.112278899999999737e+00
6.209550899999999984e+00
6.189620699999999864e+00
6.197731899999999960e+00
6.107000400000000440e+00
4.156665199999999838e-01
6.076539300000000310e+00
5.987335800000000319e+00
2.928999500000000200e+00
1.910021199999999975e-01
6.131144100000000208e+00
6.114669899999999991e+00
6.076777200000000434e+00
6.152424299999999846e+00
6.127494999999999692e+00
1.949136399999999991e-01
6.061640999999999835e+00
6.110251899999999736e+00
6.217370299999999794e+00
2.699807600000000196e+00
2.592262400000000078e+00
5.994099499999999914e+00
5.781652099999999628e+00
5.212439900000000181e-02
6.043842500000000229e+00
6.097079700000000102e+00
2.437067799999999895e+00
7.008656000000000608e-02
3.751201699999999750e-01
6.249936800000000403e+00
6.073517100000000113e+00
6.149089299999999980e+00
6.042505399999999582e+00
2.089502599999999988e-01
6.202818200000000282e+00
6.142387699999999562e+00
6.185080499999999759e+00
6.005119699999999838e+00
6.099147799999999897e+00
3.376737100000000158e+00
6.060877299999999579e+00
6.255412500000000264e+00
6.205022800000000061e+00
6.884908400000000483e-01
6.225637100000000146e+00
6.033273600000000236e+00
8.800215599999999805e-02
5.987022900000000369e+00
6.159791900000000098e+00
6.131819799999999709e+00
6.133142300000000269e+00
5.956338599999999595e+00
1.718384200000000028e+00
6.150536899999999640e+00
6.129448700000000194e+00
6.225794699999999793e+00
6.091641400000000317e+00
1.794929699999999961e+00
6.090051800000000348e+00
6.229911999999999672e+00
2.865620199999999951e+00
9.614514500000000824e-03
6.126659599999999983e+00
6.037645699999999671e+00
5.762817099999999471e-01
6.228083100000000094e+00
1.021867699999999962e-01
6.278474700000000297e+00
6.197017699999999962e+00
6.161657299999999893e+00
6.167300599999999910e+00
2.654897899999999922e+00
1.752927099999999960e+00
6.078811199999999637e+00
4.801410999999999873e-01
6.134188199999999647e+00
2.106828400000000101e-01
6.002381399999999978e+00
6.141871499999999706e+00
6.194378900000000243e+00
6.009655500000000039e+00
6.261137999999999870e+00
6.131865000000000343e+00
6.163412100000000393e+00
6.164828800000000442e+00
3.062137500000000068e-01
6.185301899999999797e+00
6.012160800000000194e+00
1.174879300000000043e-02
1.731442499999999995e-01
6.145330500000000029e+00
6.225525799999999776e+00
6.117825599999999753e+00
3.177086300000000030e+00
6.095526399999999789e+00
6.143726700000000207e+00
6.114163999999999710e+00
5.729489399999999621e-01
6.086204600000000298e+00
6.166058500000000109e+00
2.514995499999999939e+00
6.217783200000000399e+00
6.048236400000000401e+00
5.994496299999999778e+00
1.424026100000000059e-02
2.402047800000000136e-02
2.538508100000000045e+00
6.034935299999999891e+00
5.918906200000000339e+00
6.855573099999999753e-01
2.899135499999999865e+00
2.427632099999999848e+00
6.182200700000000104e+00
6.115474200000000415e+00
6.156511000000000067e+00
6.173578599999999916e+00
6.177795399999999937e+00
6.270297600000000138e+00
6.037666100000000036e+00
6.230666300000000213e+00
5.943294899999999714e+00
6.022172300000000256e+00
6.097443199999999841e+00
6.047461300000000151e+00
1.708966100000000043e+00
6.236539399999999844e+00
6.114673400000000036e+00
6.094632299999999780e+00
6.110386799999999674e+00
1.549775599999999864e-01
4.984388799999999731e-01
6.105732299999999668e+00
6.108044200000000146e+00
6.082809199999999805e+00
6.278438900000000267e+00
6.084204200000000284e+00
6.276153100000000151e+00
5.351934400000000203e-01
3.793802599999999803e+00
9.610776699999999950e-01
1.340443099999999998e-01
6.060321899999999928e+00
5.998561600000000382e+00
6.214399600000000135e+00
6.058212199999999825e+00
3.048475199999999830e-01
6.155926000000000009e+00
6.095510899999999843e+00
6.153142299999999842e+00
6.085219500000000004e+00
6.124637299999999840e+00
6.119168900000000022e+00
5.895362800000000014e+00
6.101999000000000173e+00
6.210348699999999944e+00
6.032178100000000320e+00
6.129724900000000254e+00
1.727630999999999917e+00
1.808317799999999975e+00
6.078071699999999744e+00
6.140217100000000094e+00
5.921059299999999581e+00
1.356387199999999904e-01
6.069807499999999578e+00
6.159177299999999633e+00
6.001293300000000386e+00
4.327126900000000109e-01
6.100204899999999597e+00
2.387694599999999959e-02
6.197837100000000099e+00
6.011989200000000366e+00
6.174256200000000305e+00
3.042751700000000170e+00
1.913253000000000037e-01
6.188255200000000400e+00
7.724322000000000132e-02
3.625112899999999860e-01
3.359598699999999827e+00
4.953496799999999867e-02
6.381248000000000475e-01
6.103493799999999858e+00
5.981658300000000317e+00
6.165473900000000285e+00
6.146156300000000350e+00
6.135560199999999575e+00
6.095975600000000050e+00
6.055689000000000100e+00
6.045294499999999793e+00
6.122682000000000180e+00
6.102259199999999773e+00
5.978375699999999959e+00
6.279400899999999730e+00
6.158925299999999936e+00
2.615239799999999892e+00
6.094474800000000414e+00
6.276843099999999787e+00
2.290507900000000152e+00
1.511885500000000049e-01
6.119144999999999612e+00
5.935650899999999730e+00
6.253166399999999570e+00
5.992020499999999750e+00
5.848553400000000124e+00
3.110783500000000035e-02
6.142574299999999710e+00
6.110761000000000109e+00
6.057412199999999913e+00
6.069143200000000071e+00
1.808625399999999939e+00
6.200537899999999603e+00
4.886560100000000156e-02
6.037055299999999569e+00
6.102496399999999710e+00
6.169742600000000188e+00
6.058808599999999878e+00
6.107424899999999823e+00
6.060928500000000163e+00
2.962635200000000024e-01
6.101921800000000395e+00
5.994244799999999707e+00
6.149437500000000334e+00
6.120739399999999719e+00
6.143332499999999641e+00
6.036998500000000156e+00
1.291595700000000013e+00
6.020762900000000251e+00
5.971402000000000321e+00
2.979138700000000251e-01
6.187302700000000044e+00
6.010717500000000157e+00
5.957350500000000437e+00
6.181050400000000167e+00
6.025340400000000152e+00
4.079510299999999923e-01
6.054324000000000261e+00
6.160896499999999776e+00
5.993220299999999945e+00
6.200014399999999704e+00
6.107094100000000303e+00
6.130297999999999803e+00
6.182504299999999731e+00
6.124361099999999780e+00
6.206567699999999910e+00
6.146229800000000409e+00
6.841696899999999415e-02
6.185664400000000285e+00
6.026134400000000113e+00
6.233902399999999844e+00
6.041017700000000268e+00
6.086501600000000067e+00
5.829185800000000306e+00
7.372056999999999916e-02
2.662895400000000024e+00
6.074799699999999802e+00
5.121325100000000408e-01
2.249142800000000081e-02
6.005729900000000322e-03
6.230438300000000318e+00
5.979044100000000306e+00
2.611586099999999799e+00
3.631012800000000262e-01
1.995361900000000022e-01
5.979672599999999782e+00
6.072243000000000279e+00
2.592131100000000021e+00
7.820303900000000197e-02
6.076082399999999772e+00
6.019425100000000306e+00
5.325188199999999483e-01
6.398750899999999797e-02
6.276905499999999805e+00
6.106847600000000043e+00
2.812603499999999812e+00
6.070416299999999765e+00
6.069075800000000243e+00
6.105597900000000244e+00
2.735979400000000172e+00
6.139620299999999808e+00
6.134535299999999580e+00
4.825520600000000049e-01
6.095565999999999818e+00
6.121073199999999659e+00
2.356584499999999846e-02
2.328137599999999807e+00
4.001130399999999754e-01
6.245451599999999992e+00
6.049790699999999966e+00
6.091258999999999979e+00
6.147124899999999670e+00
6.012597000000000413e+00
6.189344400000000412e+00
5.841080899999999687e+00
6.115938100000000155e+00
6.260961499999999624e+00
1.639854499999999993e+00
6.099023599999999767e+00
6.237113199999999580e+00
6.204705500000000207e+00
6.204307899999999876e+00
6.186092999999999620e+00
5.985307599999999617e+00
6.119074900000000206e+00
5.810224200000000394e+00
6.059317300000000017e+00
6.124125000000000263e+00
6.041948800000000119e+00
6.116103800000000312e+00
6.125638000000000361e+00
6.118158499999999833e+00
6.239023900000000289e+00
6.035465600000000208e+00
1.075789099999999943e+00
6.242663600000000201e+00
1.488824499999999995e-01
6.167565500000000256e+00
6.093314200000000014e+00
1.258903399999999895e-01
5.921450300000000055e+00
6.078581899999999649e+00
2.324510899999999991e-02
6.104875400000000063e+00
6.019525200000000353e+00
1.737631900000000007e+00
6.128495199999999699e+00
6.113195400000000390e+00
6.220905600000000035e+00
5.933601900000000207e+00
1.044032899999999950e-03
2.582065599999999961e+00
6.183533699999999911e+00
6.099583199999999650e+00
6.229832199999999709e+00
3.039650899999999822e+00
5.926466099999999848e+00
6.122809300000000121e+00
6.071548499999999571e+00
2.657296099999999939e+00
6.168721099999999957e+00
6.153724999999999667e+00
6.114627399999999824e+00
6.064234700000000089e+00
6.201351599999999742e+00
6.022538299999999900e+00
5.388877999999999724e-02
6.122598499999999611e+00
6.082748500000000114e+00
6.013474900000000289e+00
1.587195799999999990e-01
6.030537400000000048e+00
6.022107799999999678e+00
5.881514499999999757e+00
6.060797499999999616e+00
6.113881899999999980e+00
6.026808299999999896e+00
1.738813200000000059e+00
8.834189399999999373e-03
6.086626400000000103e+00
6.223364899999999977e+00
6.217577499999999979e+00
6.074679299999999671e+00
6.201813099999999856e+00
6.233547800000000194e+00
5.980130199999999618e+00
5.416382799999999720e-02
6.212665000000000326e+00
5.942654499999999729e+00
1.709041000000000032e+00
4.306989499999999693e-02
6.171498999999999846e+00
6.174475799999999737e+00
6.119233799999999945e+00
6.154366300000000400e+00
6.070470499999999880e+00
6.038770600000000321e+00
6.250128300000000081e+00
2.612778800000000179e-01
6.193487700000000373e+00
6.112619500000000095e+00
6.052607899999999930e+00
6.063781399999999877e+00
6.046210499999999932e+00
6.041402999999999857e+00
6.009545400000000370e+00
6.206901199999999896e+00
6.174588499999999591e+00
6.157965100000000191e+00
6.281943100000000335e+00
2.592797100000000105e-02
3.254483800000000038e+00
6.200385200000000374e+00
2.719911500000000149e-01
6.224679700000000260e+00
6.029501200000000338e+00
6.108741499999999824e+00
5.953586099999999881e+00
6.056550999999999796e+00
6.011635700000000249e+00
6.118862599999999929e+00
6.233509399999999978e+00
6.242188600000000420e+00
6.103434100000000306e+00
6.100882799999999939e+00
6.004231700000000060e+00
5.922293500000000321e+00
5.995899999999999785e+00
8.372970100000000360e-02
6.115472300000000416e+00
2.211589500000000097e+00
6.064504799999999918e+00
5.995040399999999714e+00
5.964353599999999922e+00
6.107189799999999558e+00
6.256118899999999705e+00
6.127502999999999922e+00
6.046604099999999704e+00
1.661749299999999985e-01
6.034352000000000160e+00
6.271055999999999742e+00
6.229926400000000086e+00
6.140912600000000054e+00
6.189341399999999993e+00
6.147739600000000415e+00
6.235876300000000150e+00
6.155662000000000411e+00
4.495358300000000251e-01
6.056666599999999789e+00
2.831820800000000027e+00
7.721391600000000466e-01
6.136367400000000139e+00
6.235613500000000364e+00
6.193591800000000092e+00
6.220767000000000380e+00
6.103613900000000037e+00
5.982146700000000372e+00
6.193279500000000048e+00
6.188696700000000384e+00
6.104956800000000072e+00
6.179954300000000345e+00
6.105843400000000365e+00
6.085016000000000425e+00
6.032701099999999705e+00
6.093537200000000098e+00
6.161864699999999750e+00
6.065066899999999706e+00
6.068802899999999667e+00
6.209513799999999861e+00
6.115995599999999754e+00
3.697513000000000188e-02
2.076182400000000164e-02
6.126068700000000256e+00
6.191006899999999646e+00
6.023068199999999983e+00
2.738675300000000146e+00
6.171355499999999772e+00
6.025472999999999857e+00
8.082051500000000388e-01
6.077582600000000390e+00
6.091942600000000319e+00
5.986848600000000076e+00
7.170333500000000693e-02
5.987651500000000127e+00
6.072661599999999993e+00
6.134820799999999963e+00
6.080396200000000029e+00
1.993929000000000118e-01
5.626580500000000207e-02
3.523517299999999741e-01
6.176615800000000434e+00
6.107517999999999780e+00
6.073518499999999598e+00
5.931887299999999641e+00
6.125426199999999710e+00
6.151150499999999965e+00
4.321377400000000341e-02
6.073750300000000379e+00
6.047566500000000289e+00
6.060129500000000391e+00
6.249981599999999915e+00
6.055499000000000187e+00
2.375183600000000173e+00
6.132621900000000181e+00
5.929565199999999869e+00
6.060599500000000361e+00
6.036685199999999973e+00
6.211851300000000187e+00
2.464876799999999868e+00
6.048330899999999843e+00
5.960800100000000157e+00
2.729450299999999885e+00
6.046599900000000360e+00
6.024851199999999629e+00
6.088439100000000437e+00
6.130786800000000092e+00
6.121399099999999649e+00
6.101024800000000248e+00
6.195210300000000281e+00
6.011525500000000299e+00
6.187842700000000029e+00
6.127004900000000198e+00
5.979477300000000106e+00
9.618169699999999656e-02
4.343150800000000061e-02
6.106256700000000315e+00
6.253176100000000126e+00
6.116534999999999833e+00
1.758139700000000083e+00
5.972354199999999835e+00
6.095234600000000391e+00
6.264983199999999641e+00
6.166964199999999785e+00
6.111371199999999781e+00
6.046547799999999917e+00
5.898468499999999892e+00
6.172153400000000012e+00
8.633841700000000063e-02
5.983002899999999791e+00
6.114140700000000095e+00
6.074631799999999693e+00
6.224836800000000281e+00
6.220768800000000098e+00
6.083174399999999871e+00
6.110199500000000228e+00
6.146760600000000352e+00
6.183724100000000057e+00
4.671673800000000210e-01
6.165526100000000120e+00
6.073644299999999774e+00
6.040108299999999986e+00
5.945877799999999880e+00
6.198289899999999797e+00
6.165593999999999575e+00
6.004245100000000335e+00
6.279191599999999873e+00
3.706446999999999936e-01
6.196167899999999840e+00
6.035094599999999865e+00
6.077617000000000047e+00
6.133517200000000003e+00
2.517032299999999889e+00
6.271910799999999675e+00
6.257531300000000130e+00
6.165367899999999679e+00
1.811751200000000006e+00
6.181177500000000435e+00
6.083892200000000194e+00
6.069319199999999803e+00
2.859563000000000077e+00
3.386219599999999996e-01
5.937727200000000316e+00
2.456490000000000062e+00
6.271410000000000373e+00
6.053269199999999906e+00
6.148273699999999842e+00
7.635421199999999908e-01
1.672159000000000145e-02
2.544029700000000060e-02
5.987616400000000283e+00
6.257075999999999638e+00
3.547051800000000088e-01
6.078316599999999958e+00
6.082415199999999800e+00
6.189650999999999570e+00
9.738548899999999522e-03
6.134117400000000053e+00
6.063186100000000245e+00
6.092791400000000301e+00
6.046780000000000044e+00
6.240842599999999685e+00
5.356633499999999964e-02
4.280269400000000224e-02
4.528729499999999963e-01
6.063864299999999652e+00
6.158101300000000222e+00
6.173178000000000054e+00
6.005820800000000403e+00
6.125419899999999807e+00
6.122174600000000133e+00
6.121636200000000194e+00
6.063337200000000315e+00
5.992741699999999838e+00
5.746808700000000103e-01
2.249103400000000086e+00
6.036236699999999900e+00
6.002923400000000242e+00
6.144437599999999833e+00
6.135386300000000404e+00
6.104937200000000175e+00
6.277251500000000206e+00
6.178212000000000259e+00
6.136784900000000320e+00
5.933247200000000277e+00
3.620746100000000328e-02
6.136438899999999919e+00
6.085603200000000434e+00
6.117504499999999901e+00
6.064810800000000057e+00
8.687910399999999866e-02
6.039583699999999666e+00
6.047334000000000209e+00
6.157772300000000421e+00
6.131374899999999961e+00
6.177302000000000071e+00
5.957219499999999890e+00
6.064789400000000441e+00
6.090641800000000217e+00
2.317609299999999983e+00
6.041863700000000392e+00
6.049508600000000236e+00
2.213152399999999964e-02
6.116236699999999971e+00
6.151161300000000054e+00
6.036434800000000322e+00
6.226141700000000334e+00
6.149207299999999599e+00
6.051275099999999796e+00
4.187939800000000171e-03
6.036615900000000146e+00
6.109850200000000342e+00
6.136948300000000245e+00
2.952569600000000058e-02
6.159510499999999666e+00
6.029375199999999602e+00
5.701919300000000135e-01
6.093960499999999669e+00
2.823015799999999853e+00
1.823792400000000091e+00
6.122820100000000210e+00
2.412459199999999804e+00
5.968267599999999895e+00
6.024288999999999561e+00
6.113541999999999810e+00
6.149660199999999577e+00
3.346234100000000100e-01
5.946683100000000444e+00
6.235889499999999863e+00
6.028210099999999905e+00
6.024497300000000166e+00
6.227754199999999685e+00
6.046721599999999697e+00
6.186745400000000394e+00
5.986854400000000354e+00
6.191983999999999710e+00
6.075002099999999849e+00
3.105498099999999886e-02
1.687883100000000081e+00
6.107728999999999964e+00
6.082099799999999945e+00
6.118514300000000183e+00
6.142114900000000155e+00
5.984391200000000133e+00
3.580628499999999992e+00
6.177303900000000070e+00
6.198827299999999596e+00
6.261385200000000317e+00
6.147967999999999655e+00
6.100724500000000106e+00
6.136514100000000305e+00
2.740470999999999879e+00
6.812413800000000075e-02
5.982109799999999922e+00
6.255311200000000404e+00
6.072549999999999670e+00
4.893425699999999767e-01
6.065142699999999998e+00
6.230457600000000262e+00
6.035713799999999907e+00
6.134309100000000292e+00
1.037969100000000061e-01
4.754902300000000276e-02
6.107663099999999901e+00
6.059227700000000105e+00
6.049248299999999690e-01
6.062359299999999784e+00
3.002272400000000063e-01
6.178934899999999786e+00
6.114014700000000246e+00
6.101254199999999628e+00
6.107655499999999904e+00
2.418792700000000018e+00
6.258695300000000294e+00
6.251339100000000037e+00
6.213711899999999844e+00
7.400137599999999649e-01
6.270615699999999570e+00
6.120381100000000352e+00
6.209915399999999863e+00
2.356517100000000031e+00
6.115852399999999633e+00
6.251658599999999844e+00
6.151441900000000018e+00
6.016979000000000077e+00
6.091444799999999660e+00
6.050794299999999737e+00
1.748910900000000046e+00
2.377071299999999887e+00
6.117796099999999626e+00
6.135696300000000214e+00
6.244157900000000261e+00
3.594181500000000196e-02
6.206696299999999944e+00
6.319534900000000066e-01
6.148759799999999665e+00
6.233784199999999664e+00
6.167187099999999589e+00
5.972904999999999909e+00
6.015265199999999979e+00
6.244670600000000071e+00
6.017197999999999602e+00
6.260703099999999743e+00
6.014862700000000117e+00
1.759355300000000066e-01
5.690349999999999575e-01
6.032926200000000350e+00
6.051809800000000017e+00
6.057153800000000032e+00
6.023855000000000182e+00
2.471008800000000158e-02
6.135895200000000216e+00
6.076117199999999663e+00
2.685298799999999986e+00
6.033884900000000329e+00
6.166195199999999765e+00
6.061836900000000306e+00
4.148284600000000100e-01
6.045734900000000245e+00
6.018104499999999746e+00
6.255200099999999708e+00
6.072827000000000197e+00
6.002254899999999616e+00
2.218804000000000054e-01
6.036115299999999628e+00
6.267986200000000174e+00
6.189138299999999759e+00
6.094981599999999666e+00
8.025698099999999547e-04
6.186525999999999748e+00
6.951016299999999981e-02
6.110485800000000189e+00
6.106271600000000355e+00
6.157922600000000024e+00
6.041550800000000443e+00
6.115300099999999794e+00
2.301723300000000083e-01
6.246905100000000211e+00
6.122783599999999993e+00
5.990354499999999582e+00
6.081363800000000097e+00
6.016215700000000055e+00
6.144835500000000117e+00
6.137358700000000056e+00
6.184200500000000211e+00
6.023317800000000055e+00
3.098857700000000048e-01
6.143719899999999789e+00
6.226934400000000203e+00
6.057042799999999616e+00
6.067770799999999909e+00
6.172967899999999730e+00
6.201672499999999921e+00
6.108610099999999932e+00
1.653259400000000115e-02
6.045118500000000061e+00
6.080623499999999737e+00
6.038655699999999626e+00
7.848432800000000598e-02
4.680403200000000236e-02
1.702779599999999949e+00
6.097432099999999799e+00
6.094105400000000117e+00
6.229813599999999951e+00
5.973820800000000375e+00
6.266584599999999838e+00
1.742041100000000009e+00
6.255802999999999781e-01
4.759695500000000155e-03
6.243239499999999609e+00
6.177880499999999664e+00
3.378962600000000316e-02
6.175122599999999906e+00
6.130045800000000433e+00
5.957966299999999826e+00
5.999240099999999742e+00
6.083907700000000141e+00
6.193744500000000208e+00
6.067445600000000105e+00
2.660411799999999882e+00
6.106686400000000070e+00
6.092558099999999754e+00
6.142939199999999822e+00
6.072360999999999898e+00
3.813944200000000118e-01
5.973593900000000012e+00
6.274109000000000158e+00
6.171874800000000327e+00
6.126085500000000295e+00
6.221035699999999835e+00
6.154049500000000172e+00
6.086001399999999784e+00
6.243477300000000341e+00
6.238868799999999659e+00
6.224258100000000127e+00
6.206037600000000154e+00
6.215722099999999806e+00
6.052595600000000076e+00
5.901152299999999684e+00
6.082525300000000357e+00
6.272149599999999658e+00
6.139190199999999820e+00
5.959108299999999581e+00
6.192176299999999856e+00
6.148379699999999559e+00
6.052709600000000023e+00
4.763363400000000247e+00
6.152403999999999762e+00
6.092856699999999570e+00
6.198358500000000326e+00
5.961578600000000172e+00
6.155776300000000312e+00
6.091599800000000009e+00
1.248595499999999969e+00
2.994426600000000160e+00
6.049744800000000033e+00
6.035041399999999889e+00
6.083118899999999662e+00
6.082417999999999658e+00
6.271835699999999569e+00
8.032014899999999347e-02
3.966091399999999823e+00
5.927171999999999663e+00
9.202934900000000473e-01
6.075969200000000292e+00
6.222245400000000259e+00
2.521445200000000053e+00
7.791024500000000297e-03
3.241263899999999865e-01
5.715509600000000523e-01
9.826200699999999844e-02
1.207857199999999923e-02
2.515583299999999856e+00
6.122144399999999820e+00
6.240898200000000173e+00
1.040432099999999971e-01
6.057347100000000317e+00
6.151845899999999645e+00
1.437118000000000007e-01
6.181712600000000002e+00
6.266769400000000267e+00
6.238393600000000205e+00
6.143408899999999839e+00
4.357273199999999735e-01
6.208964199999999600e+00
6.206969199999999631e+00
6.063864399999999932e+00
6.268626900000000113e+00
6.160328200000000365e+00
4.086270599999999864e-01
6.139285899999999963e+00
6.147930200000000234e+00
6.095203299999999658e+00
1.812105800000000100e-01
6.242056599999999733e+00
5.432004700000000325e-02
6.043653599999999848e+00
5.925650400000000317e+00
3.140924999999999967e-01
6.256631099999999890e+00
6.140507600000000288e+00
1.812916399999999983e+00
6.111570000000000391e+00
6.112193300000000384e+00
6.131247300000000067e+00
6.152715500000000226e+00
1.749637499999999957e+00
6.235463199999999873e+00
6.099284500000000442e+00
6.064530399999999766e+00
6.232269399999999848e+00
6.102948399999999829e+00
2.882001499999999883e+00
6.104947100000000404e+00
6.169145099999999715e+00
6.014198000000000377e+00
6.100123700000000149e+00
6.138919800000000038e+00
6.087157099999999765e+00
6.249182499999999862e+00
6.114004699999999737e+00
6.147517999999999816e+00
6.154551099999999941e+00
6.173406400000000183e+00
5.905273799999999795e+00
7.922471899999999900e-01
3.293815500000000007e+00
2.559206800000000115e+00
6.973404899999999795e-01
6.162917300000000154e+00
6.206601499999999660e+00
6.152388700000000377e+00
6.136837700000000062e+00
6.229675099999999688e+00
6.104139799999999560e+00
6.281441899999999912e+00
6.035313200000000045e+00
6.069236000000000075e+00
6.348813800000000507e-01
2.542262299999999975e+00
8.679346700000000192e-01
6.039649700000000010e+00
6.115242399999999634e+00
6.163085299999999656e+00
6.143089699999999986e+00
6.097376599999999591e+00
6.105625200000000419e+00
2.577669699999999953e+00
6.059656600000000282e+00
5.887208000000000219e+00
6.158572799999999958e+00
6.092187899999999878e+00
5.982673799999999709e+00
6.178733000000000253e+00
6.133640100000000039e+00
6.261140499999999776e+00
6.090964699999999787e+00
8.183134400000000030e-02
6.023137199999999858e+00
6.015752400000000222e+00
6.202893300000000387e+00
6.030790800000000118e+00
6.072095700000000207e+00
2.088066699999999998e-01
6.187170300000000012e+00
6.107890600000000170e+00
6.091651599999999611e+00
6.016292499999999599e+00
6.088172700000000326e+00
6.070591799999999871e+00
6.064046799999999848e+00
6.076387800000000006e+00
6.079780000000000406e+00
3.108310200000000023e+00
5.946321900000000049e+00
4.758384699999999690e+00
6.063100399999999723e+00
6.024555600000000233e+00
5.956507799999999797e+00
5.973333700000000412e+00
4.918754799999999761e-01
1.076813999999999966e-01
6.087517199999999740e+00
1.830399499999999957e+00
6.077206699999999628e+00
5.996196600000000210e+00
4.385621800000000237e-02
6.209628000000000370e+00
6.006347500000000394e+00
6.138983399999999868e+00
2.085890800000000100e-01
1.776502800000000049e+00
5.862399000000000360e-01
6.268957600000000241e+00
2.592051000000000105e+00
6.133557099999999984e+00
6.059273600000000037e+00
3.838563300000000122e+00
6.056610499999999675e+00
1.091084100000000029e-01
6.045199300000000164e+00
4.057163100000000244e-01
1.058282100000000059e-01
6.099483900000000069e+00
4.125287100000000345e-02
6.144906299999999710e+00
2.459966799999999953e-01
6.197158700000000131e+00
2.502657399999999921e+00
2.456542900000000085e+00
6.249001599999999712e+00
2.264678499999999983e-01
2.466913700000000098e+00
5.963154499999999913e+00
6.231119399999999864e+00
6.111508599999999625e+00
6.190805000000000113e+00
6.114573499999999662e+00
6.108365899999999904e+00
5.287699099999999541e-01
3.795518199999999703e-02
6.036126799999999903e+00
3.941416100000000311e-02
2.923980900000000105e+00
6.071431699999999765e+00
1.030798899999999935e-01
6.034668500000000435e+00
6.222298200000000001e+00
6.200124299999999700e+00
1.731453600000000037e+00
6.258263699999999652e+00
6.184695900000000357e+00
6.213233699999999970e+00
1.696942600000000079e+00
6.144306000000000267e+00
6.066400400000000026e+00
6.170029699999999728e+00
6.244631899999999902e+00
6.150609700000000402e+00
6.160019100000000414e+00
1.750125099999999989e+00
6.087646399999999680e+00
6.185168599999999905e+00
1.723918599999999968e+00
6.253216799999999687e+00
2.591073600000000088e+00
6.222434299999999752e+00
6.096776700000000382e+00
6.050290999999999642e+00
6.238786799999999744e+00
6.137483500000000092e+00
2.780623600000000195e+00
5.994497599999999871e+00
6.158433699999999789e+00
6.023272300000000357e+00
6.215311200000000369e+00
5.960995999999999739e+00
6.171697899999999848e+00
6.112361499999999559e+00
6.106648100000000134e+00
3.935635700000000153e-02
6.101890700000000223e+00
6.110540199999999977e+00
6.011275499999999994e+00
3.907279500000000044e-02
6.061220299999999561e+00
2.512812700000000010e+00
6.208036100000000168e+00
6.168376699999999602e+00
6.069016699999999709e+00
6.102050199999999869e+00
5.787563100000000516e-01
6.101542600000000149e+00
6.131872999999999685e+00
1.253121499999999999e+00
6.137329399999999602e+00
6.122885799999999712e+00
6.121862199999999810e+00
1.953477699999999970e-02
6.194997500000000379e+00
6.172459199999999591e+00
6.006893999999999956e+00
6.126830700000000185e+00
6.065162599999999848e+00
6.121942500000000287e+00
2.697545499999999929e+00
6.226403399999999699e+00
6.108131799999999778e+00
7.114669099999999524e-01
6.047632700000000305e+00
6.067062599999999861e+00
4.604435100000000003e-01
6.093823999999999685e+00
6.237908100000000289e+00
6.181681499999999829e+00
6.003822699999999735e+00
6.151951999999999643e+00
6.012703600000000037e+00
5.971742899999999743e+00
6.161460800000000404e+00
6.106126999999999860e+00
2.520845899999999862e+00
2.673064399999999896e+00
6.075303100000000178e+00
6.150655699999999504e-01
6.003615599999999830e+00
6.081795500000000132e+00
6.078864600000000173e+00
6.038303899999999835e+00
6.103189399999999765e+00
6.229351300000000258e+00
6.161070900000000350e+00
6.193553299999999595e+00
6.272093100000000199e+00
6.210321600000000331e+00
6.013996599999999582e+00
4.640221700000000254e-02
4.124225000000000252e-01
6.083567500000000017e+00
6.083586000000000382e+00
2.348502900000000171e+00
6.085302200000000106e+00
6.212487300000000268e+00
6.161003100000000288e+00
6.160811599999999721e+00
6.119881699999999647e+00
6.143023499999999970e+00
6.068944000000000116e+00
6.057445099999999805e+00
5.896502800000000377e+00
6.235558000000000156e+00
1.736503700000000094e+00
6.007403000000000048e+00
6.091218999999999717e+00
6.030349199999999854e+00
6.102615499999999749e+00
6.055138499999999979e+00
6.212145500000000098e+00
2.923816700000000157e+00
6.203764699999999799e+00
2.610982999999999880e-03
6.187606200000000278e+00
6.129288100000000128e+00
6.055574199999999685e+00
6.010520900000000388e+00
6.244789500000000437e+00
3.211278200000000083e-01
6.258253500000000358e+00
6.044384899999999838e+00
6.259243699999999855e+00
2.500772099999999831e+00
5.998442999999999969e+00
6.045131699999999775e+00
6.110814200000000085e+00
6.080570899999999668e+00
6.167784199999999828e+00
1.906104699999999985e+00
6.216254700000000355e+00
6.082130199999999931e+00
6.177579500000000223e+00
7.851242800000000077e-01
6.105009899999999767e+00
6.095221699999999743e+00
6.080659999999999954e+00
6.067808799999999891e+00
6.164287299999999803e+00
5.934359299999999671e+00
6.098776599999999881e+00
6.013335500000000167e+00
6.142089499999999980e+00
6.130647299999999689e+00
6.092646799999999807e+00
3.595702800000000199e-02
1.634622600000000059e-03
2.641790400000000094e+00
5.970979100000000095e+00
6.155401900000000204e+00
6.194012299999999804e+00
7.587034500000000570e-02
6.128273100000000362e+00
6.071113399999999771e+00
6.240114700000000347e+00
6.111240800000000029e+00
6.176342400000000232e+00
6.060388599999999570e+00
6.108418099999999740e+00
6.198363200000000184e+00
5.974186000000000440e+00
5.961501700000000348e+00
6.278576499999999783e+00
6.162564599999999615e+00
2.488975200000000054e+00
6.258836900000000369e+00
6.151487999999999623e+00
6.129010400000000303e+00
6.129429400000000250e+00
5.933651399999999576e+00
6.215651099999999651e+00
6.062225299999999706e+00
6.145285499999999956e+00
1.231400500000000009e-01
6.089198800000000134e+00
5.996640300000000146e+00
6.121788300000000405e+00
6.095578899999999578e+00
6.206064900000000328e+00
2.449380399999999902e+00
6.130259900000000428e+00
2.352024800000000138e+00
6.209113199999999999e+00
6.137754400000000388e+00
6.197758900000000182e+00
6.148157300000000269e+00
6.181250399999999701e+00
6.080009099999999833e+00
6.052393900000000215e+00
6.097633199999999754e+00
6.176432000000000144e+00
2.461841699999999911e+00
6.236855399999999605e+00
6.230772100000000258e+00
6.073915500000000023e+00
6.072314500000000059e+00
6.072274900000000031e+00
2.426901700000000162e+00
1.714112799999999992e-01
6.150629699999999644e+00
6.076724800000000037e+00
6.067016100000000023e+00
2.482033499999999893e-01
6.061266200000000381e+00
6.054610499999999895e+00
6.150034500000000293e+00
6.089479500000000378e+00
2.355244300000000068e-01
5.925307100000000382e+00
6.133472900000000116e+00
5.054243099999999878e-01
6.162739199999999862e+00
6.000154099999999602e+00
6.117970999999999826e+00
6.111050399999999883e+00
6.097147599999999557e+00
6.085856500000000224e+00
6.015623100000000001e+00
6.153901000000000288e+00
6.086107400000000389e+00
6.060679200000000044e+00
2.764313200000000137e+00
2.424037900000000079e+00
6.157690800000000131e+00
6.166625100000000081e+00
6.103245000000000253e+00
6.239827000000000012e+00
6.103748399999999741e+00
6.096367500000000383e+00
6.164440899999999779e+00
3.812659899999999991e-01
5.922122400000000120e+00
6.085775599999999841e+00
6.129525899999999972e+00
6.039092000000000127e+00
6.026757500000000434e+00
6.102242200000000061e+00
6.069641299999999795e+00
6.039646499999999918e+00
6.019021200000000071e+00
2.517924600000000179e+00
2.609568200000000004e+00
6.200651299999999644e+00
6.007406500000000094e+00
6.126551100000000361e+00
6.050259600000000404e+00
6.165082899999999810e+00
6.034977200000000153e-01
6.043388400000000438e+00
7.401868100000000283e-03
3.280915699999999852e-02
6.278667500000000068e+00
5.999612199999999618e+00
6.011674400000000418e+00
6.107157599999999853e+00
6.059323899999999874e+00
6.098601500000000009e+00
1.719420799999999971e+00
1.805884000000000100e-01
6.118783200000000200e+00
5.884365999999999985e+00
2.697119799999999845e+00
6.162490000000000023e+00
5.996483600000000358e+00
6.244284200000000062e+00
2.504787499999999945e+00
6.116944100000000439e+00
6.148640300000000281e+00
6.234547799999999640e+00
6.268835199999999830e+00
6.120622599999999913e+00
6.094787300000000130e+00
1.857991300000000068e-01
6.053004099999999887e+00
6.020726400000000034e+00
1.069467600000000074e+00
6.075897300000000278e+00
6.029031899999999666e+00
8.181901999999999786e-01
1.702832700000000088e+00
5.978596900000000325e+00
6.003296999999999883e+00
6.210404399999999825e+00
6.095174100000000372e+00
6.191222699999999968e+00
6.174434100000000036e+00
6.166148299999999693e+00
6.000251500000000071e+00
6.118012900000000087e+00
6.150730399999999598e+00
6.469964499999999452e-01
6.139556800000000258e+00
3.900099499999999664e-02
6.047842300000000115e+00
2.652991000000000099e+00
6.206326400000000021e+00
6.204960400000000043e+00
6.161459699999999984e+00
6.152342199999999650e+00
6.216993200000000108e+00
6.054206899999999614e+00
6.118107199999999857e+00
6.279345400000000410e+00
6.096585900000000002e+00
6.102691000000000088e+00
6.199171299999999718e+00
6.072042800000000184e+00
6.147102900000000147e+00
6.176378500000000216e+00
6.034168600000000104e+00
6.105941699999999805e+00
6.163504699999999836e+00
6.030081499999999650e+00
6.193667099999999870e+00
6.062702700000000000e+00
6.175651499999999849e+00
6.082720300000000080e+00
6.130938399999999788e+00
5.943838799999999978e+00
2.014145999999999992e-01
2.720858199999999893e+00
6.152778099999999917e+00
5.936005200000000315e+00
5.924872099999999975e+00
8.850746299999999733e-01
6.135972800000000227e+00
6.007643400000000078e+00
6.034412399999999899e+00
6.121648699999999721e+00
6.188887499999999875e+00
6.087001500000000398e+00
5.994688299999999970e+00
2.557134899999999877e+00
1.618872399999999878e-01
2.419412400000000130e+00
6.249916100000000085e+00
2.582123399999999958e+00
6.032097000000000264e+00
2.353649499999999950e+00
2.711619999999999919e+00
6.095143799999999779e+00
5.997227900000000389e+00
5.931786599999999687e+00
3.069950599999999863e-01
6.227538599999999924e+00
6.031691499999999984e+00
6.055948800000000354e+00
5.968303399999999925e+00
1.398551600000000061e-01
6.141865100000000410e+00
6.032497000000000220e+00
5.933374800000000171e+00
1.999808299999999983e-01
3.868111099999999719e-02
6.141457800000000411e+00
1.364478400000000008e-02
6.152738799999999841e+00
6.079906000000000255e+00
6.215863699999999881e+00
6.201214799999999805e+00
4.666132800000000191e-02
6.142533499999999869e+00
6.050454900000000080e+00
6.001043499999999753e+00
6.109320000000000306e+00
6.195157499999999651e+00
6.103715000000000224e+00
5.956006200000000028e+00
6.271887300000000387e+00
2.910781099999999899e+00
6.192699499999999802e+00
6.093772799999999989e+00
6.112981099999999834e+00
6.278429400000000271e+00
6.125008399999999575e+00
6.175867900000000077e+00
6.154802899999999966e+00
6.084705099999999867e+00
6.029395400000000294e+00
6.032798399999999894e+00
2.387310300000000218e+00
6.011610199999999793e+00
2.446958700000000153e+00
6.067244999999999777e+00
6.180446899999999744e+00
6.061053700000000433e+00
6.020830799999999705e+00
1.710858400000000001e+00
6.249528100000000030e+00
6.222260399999999692e+00
6.054116299999999562e+00
2.579215899999999895e+00
6.244819999999999816e+00
1.392133000000000120e-01
6.087299299999999747e+00
6.090004000000000417e+00
6.086189199999999744e+00
4.192266599999999732e-01
6.066363700000000136e+00
6.136450299999999913e+00
6.052590999999999610e+00
6.139045000000000307e+00
6.138935899999999890e+00
2.641622700000000101e+00
6.136822600000000349e+00
2.387974299999999842e-02
6.247937199999999969e+00
6.148247900000000321e+00
6.201636200000000265e+00
1.904490500000000086e+00
8.643113100000000548e-01
6.056152599999999886e+00
6.033010499999999610e+00
6.131027099999999841e+00
6.116221999999999603e+00
6.126326099999999997e+00
6.110692900000000094e+00
7.043527200000000432e-01
2.310362700000000213e+00
6.223030500000000131e+00
6.014499700000000004e+00
6.127288400000000301e+00
6.113979800000000075e+00
6.105446500000000221e+00
6.158465500000000148e+00
4.994560700000000297e-02
6.130130000000000301e+00
2.635670600000000086e+00
6.052309199999999834e+00
2.794814999999999827e+00
6.099390399999999879e+00
6.155656600000000367e+00
6.010527299999999684e+00
6.142650999999999861e+00
6.116804400000000363e+00
6.067838599999999971e+00
6.065086700000000164e+00
6.009838399999999581e+00
6.185224999999999973e+00
6.118698799999999771e+00
6.056969900000000351e+00
6.166883000000000337e+00
6.056327600000000366e+00
2.614840399999999732e-01
6.158576300000000003e+00
6.069099099999999858e+00
6.066270499999999899e+00
6.051613800000000154e+00
6.206579900000000372e+00
6.139935499999999990e+00
6.093361999999999945e+00
6.181971500000000397e+00
5.848420899999999811e+00
6.264525599999999805e+00
6.126502399999999682e+00
3.609991700000000137e+00
6.118667600000000206e+00
5.945905400000000007e+00
6.168889499999999693e+00
6.025096200000000124e+00
3.237865600000000010e-01
6.075975099999999962e+00
5.931559100000000306e+00
6.078367400000000309e+00
6.157000000000000028e+00
6.102152399999999588e+00
6.084658300000000075e+00
2.620241000000000042e+00
2.492449699999999879e+00
5.674325099999999455e-01
6.168381799999999693e+00
6.205806599999999840e+00
6.183997100000000025e+00
6.058340699999999579e+00
2.674603499999999912e+00
6.144676600000000377e+00
6.007294199999999584e+00
6.255720000000000169e+00
6.127279500000000212e+00
6.277201999999999948e+00
6.049163599999999974e+00
6.040459799999999824e+00
6.218966499999999620e+00
2.229938499999999935e-01
2.492736600000000191e+00
5.953472900000000401e+00
6.267283499999999563e+00
6.139206200000000280e+00
6.076447700000000118e+00
6.132206100000000326e+00
5.944411399999999901e+00
6.003274000000000221e+00
6.253709899999999600e+00
6.148911700000000202e+00
6.217562499999999659e+00
4.828942700000000143e-01
6.133371000000000350e+00
6.100658100000000417e+00
6.006442599999999743e+00
5.940061599999999942e+00
6.030240499999999670e+00
1.019398499999999985e-01
3.177469599999999783e+00
6.059822099999999878e+00
1.386717200000000053e-02
2.446946899999999925e+00
6.216234299999999990e+00
6.197431500000000426e+00
6.195867500000000305e+00
6.056715399999999860e+00
9.658501499999999629e-02
6.165272899999999723e+00
6.552046099999999651e-01
5.443495699999999493e-01
6.118772299999999831e+00
6.173152599999999879e+00
6.172319800000000356e+00
6.071177900000000349e+00
6.068869000000000291e+00
6.083666299999999971e+00
3.300133499999999831e-01
6.031766700000000370e+00
6.101544800000000102e+00
6.060787000000000369e+00
6.074862699999999727e+00
1.672125499999999931e+00
2.286544500000000202e+00
6.174088300000000196e+00
6.209846699999999942e+00
6.016868800000000128e+00
6.176986900000000169e+00
5.949983300000000419e+00
6.158609799999999801e+00
6.051305100000000436e+00
6.157323200000000440e+00
5.991215500000000027e+00
5.967291000000000345e+00
6.150926400000000349e+00
6.034668700000000108e+00
6.182914099999999635e+00
6.168084300000000297e+00
6.176247700000000229e+00
6.147540900000000086e+00
6.233521399999999879e+00
6.256875299999999918e+00
4.494383999999999706e-03
6.086229499999999959e+00
2.618352199999999907e+00
2.442711200000000193e+00
6.263031200000000354e+00
6.022907700000000197e+00
5.627632000000000190e-01
6.100084299999999793e+00
6.002587400000000351e+00
6.227524800000000305e+00
7.008587899999999538e-01
2.578098199999999895e+00
4.096000300000000038e-01
6.104827499999999851e+00
5.972573999999999828e+00
4.994583899999999743e-01
6.105857999999999564e+00
6.018345199999999728e+00
6.161936100000000138e+00
6.168178100000000441e+00
6.173240500000000353e+00
6.005167600000000050e+00
6.135099799999999881e+00
6.119273299999999693e+00
6.126054299999999841e+00
6.833435199999999821e-01
6.259886299999999792e+00
6.157373200000000324e+00
6.225323699999999683e+00
1.285440899999999872e-04
6.150026000000000437e+00
6.137575700000000190e+00
6.122472799999999715e+00
2.502226400000000073e+00
5.867983699999999914e+00
6.096630099999999608e+00
5.079325700000000277e-01
6.078724799999999817e+00
6.152284299999999817e+00
6.115836100000000108e+00
2.134110999999999925e-01
6.194733099999999659e+00
6.081719299999999606e+00
6.038634499999999683e+00
6.163890000000000313e+00
6.076230800000000265e+00
5.975758899999999763e+00
6.100893600000000028e+00
6.079693200000000353e+00
4.610018400000000238e-02
6.058988799999999841e+00
6.235988299999999818e+00
6.010559800000000230e+00
6.052271700000000365e+00
1.607590399999999919e-01
2.456464400000000214e+00
2.542821399999999787e+00
6.128305700000000300e+00
2.737862799999999819e+00
6.183231499999999770e+00
6.153104100000000187e+00
5.927812300000000256e+00
3.474219399999999708e-02
2.413086999999999982e+00
6.025560399999999817e+00
2.549161600000000139e+00
6.156220900000000107e+00
6.137208399999999564e+00
1.412159399999999947e-02
5.937802300000000422e+00
2.057053399999999865e-01
6.125631699999999569e+00
6.108631100000000202e+00
6.256195199999999623e+00
6.249073400000000333e+00
6.196941100000000091e+00
6.133275099999999647e+00
6.017370900000000411e+00
6.149453799999999859e+00
3.210765100000000150e+00
6.217231800000000419e+00
2.623316099999999818e+00
6.213760800000000195e+00
6.204514500000000155e+00
6.114230899999999913e+00
1.750209899999999874e-01
1.050786999999999971e-01
6.035727600000000415e+00
2.516653300000000204e-01
6.123426699999999556e+00
5.703227400000000502e-01
2.719070000000000098e-01
6.056377499999999969e+00
6.142445000000000377e+00
6.119228699999999854e+00
5.775832600000000205e+00
6.057538300000000042e+00
6.196400900000000433e+00
6.111081999999999681e+00
1.758217700000000105e+00
6.153726100000000088e+00
2.818250400000000155e+00
2.405056599999999989e+00
6.033554500000000154e+00
6.030567699999999753e+00
2.985882300000000100e+00
6.174833300000000413e+00
6.159982699999999589e+00
6.115851799999999727e+00
1.730701700000000010e+00
6.066347900000000237e+00
3.014864300000000163e+00
5.965257900000000113e+00
6.180552099999999882e+00
6.176092099999999974e+00
6.031540800000000146e+00
6.070179999999999687e+00
4.790183099999999888e-02
6.078468199999999655e+00
2.532264000000000070e+00
6.164795899999999662e+00
6.051186000000000398e+00
3.753970699999999855e-02
6.266882100000000122e+00
6.239588999999999608e+00
6.208356099999999600e+00
1.764790000000000081e+00
6.014504500000000142e+00
6.159993700000000239e+00
6.062402699999999811e+00
5.946779799999999838e+00
6.023824399999999635e+00
5.947478499999999890e+00
6.108969600000000000e+00
2.661661899999999914e+00
6.053760200000000147e+00
6.223284399999999827e+00
6.122452299999999958e+00
6.170583299999999660e+00
6.170827400000000296e+00
6.169010899999999964e+00
6.102247600000000105e+00
2.749555899999999831e+00
6.044323499999999960e+00
6.108179999999999943e+00
6.058757599999999854e+00
6.174522200000000238e-02
2.543888899999999786e+00
1.727955399999999919e+00
6.264668600000000254e+00
6.257983199999999968e+00
6.223230700000000226e+00
6.193070600000000425e+00
4.383544200000000224e-02
3.128042999999999796e-01
6.250112800000000135e+00
6.137864500000000056e+00
6.015097899999999775e+00
6.007124899999999990e+00
5.875472700000000437e+00
3.438448999999999781e-04
1.152446099999999973e-01
6.159877700000000011e+00
2.634593600000000091e+00
5.999197500000000183e+00
6.205952800000000380e+00
6.244049300000000358e+00
6.062291300000000049e+00
6.109941499999999692e+00
3.141310299999999778e-01
5.926750000000000185e+00
5.945858000000000310e+00
6.261326300000000344e+00
6.202763100000000307e+00
5.115807399999999561e+00
2.560375300000000132e-01
1.815899900000000011e+00
6.002064100000000124e+00
5.905983899999999842e+00
6.059946100000000335e+00
2.355458200000000168e+00
6.009236800000000045e+00
2.327232700000000154e+00
6.059298199999999746e+00
6.055530199999999752e+00
6.187329799999999658e+00
6.039852999999999916e+00
6.196998800000000251e+00
6.145720299999999803e+00
6.076064399999999921e+00
6.109385999999999761e+00
6.166668900000000342e+00
6.146284200000000197e+00
6.041077200000000147e+00
6.211078999999999795e+00
6.112820700000000329e+00
2.591403500000000193e+00
2.740675299999999925e+00
6.074705899999999659e+00
6.072501100000000207e+00
6.177351500000000328e+00
6.157683500000000087e+00
6.165771799999999914e+00
6.059067500000000273e+00
6.179860500000000201e+00
6.174877300000000346e+00
6.173460600000000298e+00
6.160455500000000306e+00
6.247475200000000228e+00
6.236407899999999671e+00
2.470704099999999848e+00
6.083764300000000347e+00
6.141384099999999790e+00
5.902035500000000212e+00
6.141406599999999827e+00
6.015029199999999854e+00
2.868186199999999797e+00
6.013467000000000340e+00
6.003371399999999802e+00
5.684551599999999698e-03
6.108281700000000036e+00
6.207708700000000412e+00
6.049998800000000010e+00
1.607186399999999959e-01
5.968553799999999576e+00
6.162079000000000306e+00
6.002521299999999727e+00
6.061846799999999647e+00
6.054903699999999667e+00
6.052099499999999743e+00
2.714191099999999857e+00
6.133528499999999717e+00
6.172470999999999819e+00
6.036833900000000419e+00
6.089617500000000128e+00
6.114618799999999688e+00
6.012304199999999987e+00
6.247887699999999711e+00
1.767793699999999912e+00
6.010812500000000114e+00
6.170009499999999925e+00
6.101111699999999693e+00
6.113042300000000040e+00
6.152297899999999764e+00
6.002548299999999948e+00
6.138527899999999704e+00
6.118887599999999871e+00
5.898296900000000065e+00
6.248075700000000232e+00
6.034345899999999929e+00
6.259575899999999749e+00
6.175147800000000409e+00
1.377973299999999957e-01
6.127208999999999683e+00
5.796153899999999526e-01
2.667075999999999780e+00
6.085805099999999968e+00
1.381713200000000086e+00
2.444862699999999833e+00
3.361606899999999953e+00
1.823521100000000006e+00
1.995163100000000078e+00
6.212178299999999709e+00
6.207458500000000434e+00
6.113093799999999689e+00
5.919825100000000173e-01
6.037404600000000343e+00
6.072755299999999856e+00
6.099571700000000263e+00
6.106856699999999805e+00
5.973524099999999670e+00
6.099610799999999777e+00
6.214233199999999790e+00
6.158502999999999616e+00
6.067937999999999832e+00
6.229986900000000105e+00
6.203560799999999986e+00
6.074657499999999821e+00
6.111030200000000079e+00
6.147847200000000178e+00
6.066766999999999577e+00
2.850646499999999861e+00
6.134137199999999623e+00
7.584646200000000338e-01
6.042833400000000132e+00
6.085540199999999622e+00
1.318506700000000031e-01
6.165109799999999751e+00
6.063287899999999730e+00
2.703165199999999935e+00
6.203595800000000438e+00
6.015902500000000153e+00
3.690186399999999950e-02
6.156896299999999655e+00
5.964707699999999946e+00
6.166079200000000426e+00
6.244996500000000061e+00
6.115879200000000182e+00
6.069688600000000100e+00
6.179581599999999675e+00
6.257780900000000202e+00
6.032077700000000320e+00
1.183765900000000038e-01
6.046903399999999706e+00
6.133551599999999659e+00
6.100327700000000242e+00
7.494855999999999741e-01
6.279089800000000388e+00
6.175556099999999660e+00
6.128548699999999627e+00
2.508547599999999989e+00
6.220415000000000028e+00
2.665001800000000198e+00
2.571655100000000083e+00
5.765940000000000509e-01
6.108776899999999621e+00
6.055360499999999924e+00
6.164124900000000018e+00
6.266759500000000038e+00
2.123847599999999919e-02
6.086838700000000379e+00
6.081127999999999645e+00
6.170529199999999825e+00
3.713646800000000026e-01
5.928454999999999586e+00
6.007891599999999777e+00
6.253703800000000257e+00
6.176830400000000054e+00
6.054929600000000356e+00
6.109037800000000296e+00
2.763766099999999781e+00
6.147326099999999904e+00
6.045915400000000162e+00
6.109036599999999595e+00
5.921441599999999639e+00
2.394950999999999830e+00
2.211848399999999937e-01
6.044161700000000081e+00
6.103658799999999829e+00
6.202769100000000257e+00
6.202530300000000274e+00
6.068910899999999664e+00
6.007202600000000281e+00
6.155980500000000077e+00
6.220803499999999708e+00
6.090555499999999789e+00
6.171919499999999559e+00
6.205685599999999802e+00
6.160541799999999846e+00
6.079273500000000219e+00
6.186456999999999873e+00
6.153496399999999866e+00
6.124967200000000389e+00
1.294742700000000024e+00
5.980450199999999938e+00
5.498899900000000507e-01
2.469099200000000049e+00
6.152818800000000365e+00
6.099055400000000127e+00
6.101937200000000061e+00
6.096310800000000363e+00
6.062643200000000121e+00
6.090313400000000321e+00
4.505847799999999903e-02
6.125337599999999938e+00
6.210642899999999855e+00
6.209543499999999661e+00
2.540486900000000214e-01
2.268837099999999884e-01
2.931014199999999903e+00
6.152859399999999646e+00
6.179889799999999767e+00
6.052862300000000140e+00
6.268664900000000095e+00
6.061875399999999914e+00
3.283379100000000106e-02
6.019690800000000230e+00
2.502408599999999872e+00
6.085411800000000149e+00
3.679860500000000090e-01
6.162571400000000033e+00
5.659665099999999782e-01
4.278165799999999845e-03
6.076753000000000071e+00
6.056419599999999903e+00
6.148657799999999618e+00
1.814334199999999980e-02
3.185829299999999975e+00
5.917369899999999738e+00
5.657468599999999903e-02
6.151422900000000027e+00
6.099033799999999950e+00
4.551513399999999876e-02
6.147297299999999964e+00
6.137314100000000217e+00
1.785743700000000100e-01
6.081369999999999720e+00
6.020888099999999632e+00
6.228558600000000389e+00
6.147085399999999922e+00
3.799142400000000280e-02
6.214239300000000021e+00
6.109880699999999720e+00
6.146210599999999857e+00
6.111833299999999802e+00
6.157219900000000301e+00
6.071619000000000099e+00
6.033716799999999658e+00
6.086753400000000092e+00
6.064664600000000405e+00
5.978009300000000081e+00
6.055950700000000353e+00
5.983307800000000398e+00
6.227918100000000123e+00
6.195357099999999839e+00
6.264780799999999594e+00
6.178213099999999791e+00
4.046972600000000031e-01
6.230387099999999734e+00
2.379323299999999808e+00
5.889033600000000312e+00
6.194373599999999591e+00
6.164681800000000322e+00
6.118442100000000217e+00
6.103036600000000256e+00
6.093389000000000166e+00
6.162757700000000227e+00
6.135619900000000015e+00
6.104521799999999665e+00
6.017059299999999666e+00
6.039190900000000362e+00
6.134361300000000128e+00
6.065934099999999773e+00
6.004164799999999858e+00
6.233726599999999785e+00
6.072658599999999574e+00
6.086041200000000373e+00
6.109706799999999660e+00
6.183569000000000315e+00
6.043245800000000223e+00
6.156906499999999838e+00
2.761701599999999868e+00
5.964855599999999924e+00
6.059400899999999979e+00
6.112485399999999736e+00
6.282487899999999570e+00
6.248214800000000402e+00
3.212980400000000181e+00
6.136512599999999651e+00
6.030877300000000218e+00
5.988288700000000020e+00
6.134480400000000166e+00
5.934866500000000045e+00
4.147120099999999920e-02
6.207929299999999984e+00
6.190917999999999921e+00
6.056813799999999581e+00
2.465197799999999884e+00
6.067833000000000254e+00
5.997563300000000375e+00
6.038771399999999900e+00
6.040076400000000234e+00
6.198842599999999869e+00
1.785493400000000008e+00
6.123978400000000377e+00
6.198561800000000233e+00
6.134701500000000252e+00
6.086413099999999687e+00
6.107562599999999620e+00
6.109594999999999665e+00
6.014501700000000284e+00
6.053427499999999739e+00
6.015749500000000083e+00
6.201429799999999659e+00
6.178397099999999753e+00
6.075601200000000368e+00
6.022872500000000073e+00
6.064048200000000222e+00
6.231948400000000277e+00
6.091413799999999767e+00
6.055914699999999762e+00
1.844585300000000094e+00
6.117350700000000252e+00
6.091636499999999899e+00
6.195394399999999635e+00
6.153796500000000336e+00
6.102032000000000345e+00
1.810258300000000098e+00
2.797440899999999786e+00
6.141115499999999727e+00
5.408217800000000158e-02
1.152462799999999898e+00
6.027727299999999566e+00
1.795502500000000001e+00
6.108505499999999699e+00
5.983927399999999786e+00
6.186004099999999895e+00
6.090459700000000254e+00
6.015435000000000088e+00
6.014825700000000275e+00
6.013743400000000072e+00
6.065396899999999647e+00
6.147108799999999817e+00
6.104151899999999742e+00
1.306720700000000013e-01
5.995230099999999673e+00
6.241383800000000370e+00
2.487088500000000091e-01
6.055682499999999635e+00
1.692307800000000029e+00
1.551959199999999872e-01
6.224842200000000325e+00
6.061038700000000112e+00
2.955009200000000114e+00
6.031945900000000194e+00
5.968832500000000429e+00
6.236214699999999667e+00
4.095164200000000337e-02
6.090096199999999627e+00
6.205477499999999758e+00
6.170653599999999628e+00
5.978455199999999969e+00
6.188701299999999961e+00
6.213622299999999932e+00
1.039834899999999979e-01
6.072108599999999967e+00
1.541312900000000041e-01
6.168995500000000298e+00
6.067741400000000063e+00
6.212100500000000025e+00
2.335060200000000086e-01
6.223256400000000355e+00
1.838373500000000105e-01
6.036061000000000121e+00
2.988159200000000126e+00
6.180139999999999745e+00
5.955877000000000088e+00
1.774356199999999939e+00
6.055875699999999640e+00
6.187953900000000118e+00
4.035158300000000198e-01
6.210166799999999654e+00
1.781513600000000030e+00
6.076284499999999866e+00
6.203877900000000167e+00
5.903575799999999596e+00
6.183815100000000342e+00
6.174328599999999945e+00
6.157669699999999580e+00
3.608511699999999989e-02
5.833020300000000269e+00
3.166438900000000167e+00
6.104811800000000233e+00
6.100230100000000100e+00
2.863579800000000120e-01
5.973441799999999802e+00
6.042691699999999777e+00
5.573281299999999694e-04
1.151431200000000016e-01
6.066971699999999856e+00
5.934141799999999911e+00
5.973775400000000069e+00
2.374034099999999814e+00
6.128027600000000241e+00
6.073515500000000067e+00
6.104828900000000225e+00
5.909604100000000138e+00
6.165948199999999879e+00
6.071068699999999652e+00
6.021290800000000054e+00
6.050435000000000230e+00
3.017363699999999760e-01
6.143989000000000367e+00
6.144505599999999568e+00
6.067173200000000044e+00
6.076275400000000104e+00
6.032565700000000142e+00
6.257529100000000177e+00
1.813420500000000102e+00
6.129593500000000361e+00
6.168460200000000171e+00
6.138529199999999797e+00
6.004007800000000117e+00
6.065542800000000234e+00
6.176415900000000292e+00
6.897790400000000134e-03
6.105260699999999652e+00
6.055010399999999571e+00
5.496413500000000285e-01
1.782110700000000048e+00
6.099044600000000038e+00
1.752195900000000028e+00
6.079947999999999908e+00
6.155764900000000317e+00
6.088567699999999583e+00
4.021692699999999954e-02
5.224144100000000179e+00
6.255948799999999643e+00
6.095844300000000437e+00
2.665042500000000203e+00
2.517170300000000083e+00
7.815953399999999718e-01
6.043199900000000291e+00
6.199052199999999679e+00
6.074935800000000441e+00
6.085407700000000197e+00
6.075718199999999847e+00
6.168144800000000316e+00
6.117146100000000253e+00
6.022887899999999739e+00
6.151748699999999737e+00
6.042216699999999996e+00
6.212807599999999653e+00
6.243474899999999828e+00
5.910248799999999747e+00
6.036148700000000034e+00
6.029339000000000226e+00
6.107436200000000426e+00
6.208774199999999688e+00
6.140165099999999931e+00
1.732511599999999874e-01
1.023478500000000041e-01
6.079620799999999825e+00
6.195957700000000123e+00
5.846940599999999932e+00
2.976298900000000192e+00
6.270394500000000093e+00
6.155863300000000038e+00
2.577340400000000198e+00
6.234372800000000048e+00
6.057841899999999669e+00
6.223371400000000442e+00
6.068760499999999780e+00
6.191837099999999872e+00
6.148188199999999881e+00
1.795181200000000032e+00
6.127059000000000033e+00
6.052271199999999851e+00
6.012847599999999737e+00
6.199814199999999609e+00
6.021544099999999844e+00
2.644571099999999841e+00
2.591894100000000201e+00
2.708897599999999795e+00
6.108386499999999941e+00
6.007268899999999689e+00
5.883778099999999789e+00
6.147316899999999862e+00
6.093830500000000150e+00
6.050545900000000366e+00
6.160203499999999721e+00
6.100423700000000338e+00
2.525403700000000029e+00
6.077279500000000390e+00
5.994395899999999777e+00
5.971230399999999605e+00
6.175700100000000248e+00
6.038328800000000385e+00
6.006410800000000272e+00
6.187677299999999825e+00
6.837427900000000447e-01
6.214343900000000254e+00
3.092688400000000115e+00
5.905943000000000304e-02
6.066675000000000040e+00
2.508383900000000222e-01
6.178342899999999638e+00
6.093053300000000227e+00
6.154662700000000264e+00
6.180019699999999894e+00
6.173193200000000047e+00
6.126332299999999620e+00
6.267698600000000120e+00
6.091694099999999779e+00
6.068821599999999705e+00
5.604767499999999819e-02
6.060577399999999670e+00
5.958021200000000128e+00
4.337996900000000156e-01
6.235583600000000004e+00
6.194934499999999566e+00
6.484075500000000547e-01
6.003394899999999978e+00
6.116425200000000117e+00
4.512702799999999959e-02
6.128436899999999632e+00
4.854175899999999683e-02
6.108994799999999614e+00
6.227405300000000032e+00
6.190718399999999733e+00
6.230991600000000297e+00
6.124115200000000314e+00
9.882859400000000571e-02
5.102109299999999653e-02
6.112412800000000423e+00
6.003357900000000136e+00
5.999550499999999786e+00
6.260893600000000170e+00
6.003434500000000007e+00
6.127407999999999966e+00
6.127751599999999854e+00
2.539246299999999845e+00
6.039291099999999801e+00
5.927647200000000005e+00
6.069405699999999904e+00
2.789071700000000043e+00
6.040124500000000118e+00
6.193785300000000049e+00
6.219769499999999951e+00
6.126841699999999946e+00
6.011461100000000002e+00
6.111452299999999838e+00
6.067409699999999795e+00
6.053205600000000075e+00
6.025924599999999742e+00
6.162942300000000095e+00
6.164708899999999936e+00
6.058940299999999723e+00
6.068972699999999776e+00
1.796364499999999920e+00
6.160181900000000432e+00
6.081718300000000355e+00
6.074150600000000289e+00
6.120334299999999672e+00
6.092310799999999915e+00
6.122238399999999636e+00
6.073912700000000164e+00
6.239271999999999707e+00
6.118826199999999993e+00
6.099845099999999576e+00
6.190348000000000184e+00
6.191666599999999576e+00
6.189620200000000239e+00
6.140399200000000057e+00
2.549541000000000057e+00
6.050837099999999857e+00
6.046630300000000346e+00
5.930877800000000200e+00
6.217434400000000139e+00
6.180746100000000354e+00
6.256871399999999639e+00
6.121056099999999667e+00
6.138186700000000329e+00
6.008665699999999887e+00
6.173829999999999707e+00
6.116754399999999592e+00
6.154738599999999948e+00
6.279207699999999726e+00
6.097775500000000015e+00
6.054839699999999603e+00
6.031298800000000071e+00
6.111653800000000025e+00
6.100761000000000323e+00
6.112570400000000070e+00
5.758893200000000240e-02
6.074566899999999769e+00
2.164025300000000165e-02
6.233112700000000395e+00
3.583773399999999887e-01
6.148266800000000032e+00
6.076748900000000120e+00
2.341785999999999868e-01
6.072190800000000444e+00
6.047279399999999860e+00
6.155213700000000010e+00
6.124665099999999640e+00
6.113150700000000271e+00
5.688841900000000118e-01
3.583901899999999974e-01
6.108109899999999648e+00
6.115575399999999995e+00
6.127082599999999601e+00
2.638409600000000133e-01
6.083594999999999864e+00
6.041972699999999641e+00
5.863519499999999773e+00
6.123057799999999773e+00
8.579821599999999659e-02
6.116840800000000300e+00
6.257482099999999825e+00
6.034727300000000128e+00
6.254368900000000231e+00
2.567101300000000030e+00
2.329813199999999807e+00
6.089168599999999820e+00
6.279310999999999865e+00
6.094218999999999831e+00
6.179483199999999954e+00
6.146860700000000399e+00
7.679198799999999991e-01
4.456524800000000175e-02
6.189058099999999563e+00
6.041604399999999764e+00
6.028054100000000304e+00
6.154189999999999827e+00
6.080150899999999581e+00
5.847578500000000012e+00
5.003067300000000328e-01
6.224489100000000441e+00
6.072144999999999904e+00
5.905516300000000385e+00
6.094233599999999917e+00
5.921351999999999727e+00
6.117307699999999571e+00
1.493582599999999927e-01
6.143317399999999928e+00
6.110729100000000358e+00
6.196825900000000331e+00
6.006834999999999702e+00
6.192927799999999650e+00
5.997633000000000436e+00
6.267479200000000361e+00
2.773950000000000138e+00
6.155584099999999559e+00
6.154780699999999882e+00
2.894558700000000040e-01
6.202036900000000408e+00
6.097412300000000229e+00
6.112191700000000338e+00
1.790415799999999891e+00
6.171883799999999809e+00
3.842278199999999977e-01
2.582208899999999918e+00
6.015268800000000304e+00
6.061816600000000221e+00
2.559275700000000153e+00
6.117518600000000362e+00
6.155817200000000433e+00
6.021386500000000197e+00
6.123450400000000293e+00
6.630773899999999887e-01
6.165543800000000019e+00
6.152459499999999970e+00
6.210905399999999688e+00
5.962204100000000118e+00
6.002277000000000307e+00
6.209097500000000380e+00
4.488392199999999832e-01
6.123694500000000041e+00
4.058199500000000265e-02
6.187371500000000246e+00
6.195132400000000317e+00
6.100551099999999671e+00
6.039370299999999858e+00
6.183537199999999956e+00
6.031833400000000012e+00
6.472570899999999794e-01
2.003966399999999870e-01
6.176148000000000415e+00
6.098554000000000030e+00
6.054960099999999734e+00
6.138725899999999847e+00
6.131019799999999798e+00
5.864426899999999776e+00
6.160717299999999952e+00
6.201501799999999953e+00
6.116293999999999897e+00
6.082620900000000219e+00
6.086210699999999640e+00
6.035527100000000367e+00
6.154988300000000301e+00
1.729126900000000078e-01
6.057994899999999738e+00
5.742876000000000092e-01
2.597595899999999958e+00
6.145686800000000005e+00
6.011975299999999578e+00
6.103699200000000324e+00
6.177623600000000437e+00
6.135494999999999699e+00
6.149685899999999705e+00
6.166474199999999684e+00
5.963948099999999641e+00
7.344336299999999484e-01
6.250904799999999817e+00
6.134798899999999833e+00
6.131156400000000062e+00
3.798460599999999854e-01
2.080780399999999919e-01
3.354511800000000044e+00
1.838435800000000064e+00
6.161259600000000169e+00
6.117037899999999695e+00
6.074360699999999724e+00
6.004904500000000311e+00
6.095286299999999713e+00
6.145319800000000221e+00
6.130620600000000309e+00
6.035657699999999792e+00
2.407338900000000059e+00
6.077393299999999776e+00
2.475576100000000057e+00
6.117245399999999833e+00
3.324120499999999812e+00
6.101375599999999899e+00
6.051136299999999579e+00
6.063543000000000127e+00
5.957861099999999688e+00
6.024275499999999894e+00
6.192708599999999564e+00
6.180571300000000434e+00
6.207778799999999819e+00
6.206610900000000264e+00
6.269623799999999747e+00
6.151554899999999826e+00
6.044830300000000101e+00
6.102157499999999679e+00
6.070907599999999960e+00
5.944397900000000234e+00
6.231281700000000257e+00
1.892600499999999908e+00
1.587856299999999832e-02
6.090049999999999741e+00
6.202158200000000399e+00
6.233535699999999923e-03
4.521478800000000020e-01
6.087221900000000296e+00
6.102197699999999614e+00
6.080952599999999819e+00
6.167605400000000238e+00
6.157391500000000129e+00
6.071395700000000062e+00
6.115904999999999703e+00
6.162526599999999632e+00
6.135403100000000443e+00
6.179882199999999770e+00
2.211154800000000087e+00
6.139320099999999947e+00
6.087761500000000048e+00
6.074052100000000287e+00
6.048263799999999968e+00
6.102847800000000156e+00
6.115100199999999653e+00
8.888122599999999374e-02
6.136015500000000067e+00
6.145464399999999827e+00
6.137516100000000030e+00
6.085360299999999611e+00
5.913535699999999729e+00
2.531262400000000024e-01
6.028430400000000411e+00
6.134504399999999968e+00
6.144889899999999905e+00
2.651445900000000133e-01
2.383257500000000029e+00
6.081153300000000428e+00
6.073316499999999785e+00
6.177879800000000365e+00
6.129395599999999611e+00
6.195594200000000384e+00
6.018229899999999688e+00
6.161848199999999665e+00
6.192441600000000435e+00
6.100589499999999887e+00
1.167355000000000059e-01
5.987715800000000144e+00
2.314841299999999963e-02
6.215166899999999828e+00
6.161670599999999887e+00
5.479351599999999767e-01
2.817497500000000141e-02
6.232728100000000104e+00
6.092805900000000108e+00
6.081339400000000062e+00
6.090645499999999934e+00
6.097678300000000107e+00
6.072119899999999681e+00
6.156853700000000096e+00
6.018686599999999665e+00
6.096732600000000168e+00
6.137886899999999812e+00
6.139340100000000078e+00
6.076012699999999711e+00
6.077509100000000331e+00
2.351582300000000014e+00
6.147222400000000420e+00
6.153220100000000414e+00
6.012551000000000201e+00
1.814632199999999917e+00
6.094241499999999867e+00
6.172009000000000079e+00
6.197572000000000081e+00
6.992774499999999671e-01
3.726740399999999703e-02
6.203892999999999880e+00
6.019646100000000111e+00
6.227100199999999752e+00
6.264993200000000151e+00
6.225601300000000116e+00
6.032236900000000013e+00
6.100827800000000245e+00
2.987547600000000081e+00
4.639324899999999752e-01
6.077103700000000330e+00
6.094693999999999612e+00
5.390364899999999793e-01
6.150146200000000007e+00
5.914705599999999563e+00
6.105115299999999579e+00
6.093568600000000224e+00
6.194277999999999729e+00
6.347956299999999753e-03
6.171417199999999603e+00
5.963292700000000224e+00
6.062748400000000260e+00
4.371821200000000074e-01
6.154373600000000444e+00
6.041172800000000009e+00
5.972502300000000375e+00
6.077568600000000210e+00
6.047506300000000223e+00
5.972174599999999778e+00
6.052392300000000169e+00
6.041208100000000414e+00
6.091882000000000019e+00
4.058752899999999997e-01
6.081686699999999668e+00
6.231703099999999829e+00
6.203600699999999968e+00
6.126902600000000199e+00
6.075332699999999697e+00
6.190588899999999839e+00
6.041152300000000253e+00
6.182806300000000199e+00
6.108350100000000005e+00
1.410886899999999888e-01
6.134750499999999995e+00
1.840812099999999951e-01
6.127515299999999776e+00
6.111684600000000245e+00
1.986703499999999956e-01
6.142320800000000247e+00
6.352494499999999933e-02
6.114023600000000336e+00
6.111651600000000073e+00
6.048354599999999692e+00
6.275851799999999869e+00
6.009527099999999677e+00
3.888026900000000063e-01
6.470481999999999623e-01
6.196942100000000231e+00
6.164846800000000293e+00
1.801836699999999958e+00
6.008515400000000284e+00
6.078339699999999901e+00
6.283104999999999940e+00
6.119650400000000268e+00
1.877189800000000020e+00
2.555189200000000049e+00
6.207809899999999992e+00
6.157925699999999836e+00
6.098492399999999591e+00
3.184058000000000027e-02
6.165275799999999862e+00
1.713875800000000060e+00
5.164814599999999895e-02
