redshift
2.584843100734257049e-01
2.432011125623787517e-01
2.184023451224550993e-01
2.797638834526907092e-01
2.442744551611631398e-01
2.739715971157946073e-01
3.085336250022882032e-01
2.048935667717581843e-01
2.407457260120189069e-01
2.781111266228037948e-01
3.036799078528497065e-01
2.866948577861420655e-01
3.133955380814838487e-01
2.064542520313368545e-01
1.771335681354277436e-01
2.568016989639644310e-01
2.936947838521891119e-01
2.827728733270821748e-01
2.042398619282894401e-01
1.994687403896928946e-01
2.847934189226676294e-01
2.647981984613729245e-01
2.680757237773719881e-01
2.337674728091649334e-01
2.786716013374312961e-01
2.058259697567272895e-01
2.449270828926252419e-01
2.469715221086208334e-01
1.495012392837455351e-01
3.124668068291385215e-01
3.163840280641903591e-01
2.712876578088881385e-01
2.772249750019676329e-01
2.173306874050957571e-01
3.059765893253381108e-01
3.592085551540645794e-01
2.799001198624438413e-01
2.692567882203476537e-01
2.547889869120991135e-01
2.224893581757979855e-01
2.328297595674608811e-01
2.791226552552999451e-01
2.492450146264970634e-01
3.010100197537479150e-01
2.932354984581801993e-01
2.632499305019841418e-01
2.708821101405964327e-01
2.457411798748046494e-01
2.705771902423542707e-01
3.282919922812758684e-01
2.786646277859892717e-01
2.524769816765276564e-01
2.795734313714722807e-01
2.194230277160638398e-01
1.895117157540468500e-01
2.861181799193011632e-01
2.827727243928332967e-01
2.726742195824253812e-01
3.273213169823322999e-01
2.565453961234286928e-01
2.560468698762050632e-01
2.497919463664218798e-01
2.139113312309477433e-01
3.259780781495716373e-01
2.718904818399173751e-01
2.834494796335340072e-01
2.172186871614536219e-01
3.001506257312292480e-01
1.958698400694411368e-01
2.747085264917688008e-01
2.045137785134692465e-01
2.934341017827519771e-01
2.428440316406363653e-01
3.455368846415390327e-01
2.903647729704974534e-01
2.896869773720087138e-01
2.213550889335160476e-01
2.501220125676582584e-01
2.638784674674406472e-01
2.315167276657033035e-01
2.864885237218381397e-01
2.393712127819182522e-01
3.083870043551016349e-01
2.790521716020421539e-01
2.780875386906539459e-01
2.601127546260365575e-01
3.323471938296416184e-01
2.454903010669281238e-01
2.205794744037136712e-01
2.458105285647861349e-01
2.081000211425562685e-01
2.834321201183937489e-01
2.331512993901314335e-01
2.508030262844813674e-01
1.745726506757236118e-01
2.704957379470612211e-01
2.476603223179547342e-01
2.328743052088781407e-01
2.245723774443213749e-01
2.946471412503993692e-01
1.958679990576648600e-01
2.934961226597881390e-01
2.182726843634626435e-01
2.827543796909843810e-01
2.814493294335712048e-01
2.849573106390183019e-01
2.175025392416391479e-01
2.135755561223856847e-01
2.268119848900272684e-01
2.324732893050338034e-01
2.033217014264593059e-01
3.170064127232946061e-01
2.357948815366844031e-01
2.618926122461012196e-01
2.160434938044562547e-01
2.022114843458653333e-01
2.311987393417088144e-01
2.034484787859756616e-01
3.042594902605948448e-01
2.852613228412587687e-01
2.598183652961005285e-01
3.068024687096785885e-01
3.196676530934844940e-01
2.101529139003847635e-01
3.543092274316230750e-01
3.095455620181120082e-01
2.012419454391910778e-01
2.641378708590053082e-01
3.026307659946925188e-01
1.795872175381414138e-01
2.056074284037567312e-01
2.836673720199175963e-01
2.659219755250805117e-01
2.691577806461081246e-01
2.360966810763208690e-01
3.280558657166349201e-01
3.226847471275265944e-01
3.108233142151741180e-01
3.104234909785517083e-01
2.737553151638510984e-01
3.248261091683491975e-01
2.442652785833744622e-01
2.599067546051010424e-01
3.073523525051519711e-01
2.032678410328314367e-01
3.032354694544360796e-01
2.298160671411545453e-01
2.805487166364395435e-01
2.010797452579185518e-01
2.118498781089301619e-01
2.285908175956567479e-01
2.846044965533576776e-01
2.770168965649688619e-01
2.740798731689970680e-01
2.789326713042742378e-01
2.168537227930798783e-01
3.084117637986499294e-01
2.476052830853023023e-01
1.712660341282232490e-01
2.544926950890010198e-01
2.176108798687146351e-01
2.697454568856195722e-01
1.581628264585977217e-01
2.573967774489913096e-01
3.202295817789811982e-01
2.568372779776034731e-01
2.546387451870285590e-01
2.554306888063846981e-01
2.717736296127640783e-01
2.534469592800553395e-01
2.993357240386518847e-01
3.259843883219732397e-01
2.625087658903288435e-01
2.732785513701312397e-01
2.250928924505000706e-01
2.638943159926430138e-01
1.998432352509663390e-01
3.265177485672646207e-01
2.847660513763566326e-01
1.914036260700726910e-01
2.941367696869149340e-01
2.553623680715231825e-01
2.536730181655103555e-01
2.916821426497329672e-01
3.323074446047846187e-01
2.484357110121367951e-01
2.232133404941573085e-01
1.970035407329429056e-01
2.922230029529084283e-01
2.881548071462686766e-01
2.364933340508693915e-01
2.739395984313321986e-01
2.262691473780076845e-01
2.464562432618537524e-01
2.444468614796225236e-01
2.362991442185597979e-01
1.161225956223847361e-01
1.954632899880877905e-01
3.271548134708465172e-01
3.033994225552019697e-01
2.804963443398900136e-01
2.252299522955674704e-01
2.551967763499708441e-01
2.711946021284670216e-01
3.635709009054487462e-01
2.819473763531628596e-01
2.228495405491428549e-01
2.719622934095149436e-01
2.366316435099345417e-01
3.168294807118059442e-01
3.235626130660799182e-01
2.364104003545336175e-01
1.845329738478881654e-01
2.890257557357268081e-01
2.932654808011651015e-01
3.346327505274762637e-01
2.053225602664489891e-01
1.638187463577373826e-01
2.441393714231097634e-01
2.313789090453035047e-01
2.050114247865873485e-01
2.514550679983274528e-01
2.339236557233691505e-01
1.786414399956464949e-01
1.754923109681245652e-01
3.222087852968611443e-01
2.187701915876966441e-01
3.175966066707704982e-01
1.970243569687762653e-01
3.131423154704952583e-01
2.947647620865130325e-01
2.336067444616861666e-01
2.597382325660342883e-01
2.702724790528572840e-01
2.583331093931375277e-01
3.679884380083592865e-01
2.567005573041541977e-01
2.446733175157027596e-01
2.865496841101698444e-01
2.035448401296215404e-01
2.289417389882545673e-01
2.987275934895707863e-01
2.668436729907363025e-01
2.967002468592012110e-01
2.510381249236874890e-01
2.478683489105809046e-01
2.707932210168125797e-01
3.198211704252310605e-01
9.693303842806877402e-02
2.117429241715380051e-01
3.469377020429689207e-01
2.355244644113611285e-01
3.202735478834691785e-01
2.757564872628829322e-01
1.681883912551738192e-01
2.259826553305870067e-01
2.488767882025311740e-01
2.779257566100631349e-01
3.193902302612808275e-01
2.485685403827631867e-01
2.349893221937685572e-01
2.922474222061548499e-01
2.075921386573608973e-01
2.465454599803557911e-01
2.946826857590990056e-01
2.508100114625306243e-01
2.426806907085817533e-01
1.886509419734874182e-01
2.427469452986911191e-01
2.873972820519826166e-01
2.670577985817375599e-01
2.444184550998719230e-01
2.938093642014533158e-01
3.481817640251979040e-01
3.334011525711416124e-01
3.360561987130197270e-01
2.613579483815649529e-01
1.729661034699224720e-01
2.591074393648993279e-01
2.952925571819582928e-01
3.026179064751396419e-01
1.524641472842303835e-01
3.110225969675694535e-01
2.614414690473127467e-01
3.451531636359660982e-01
2.646021753767774376e-01
1.961990135302405514e-01
2.613585540501961457e-01
1.996200348652183987e-01
2.726722717991713618e-01
2.670602384628909531e-01
2.725835307855454803e-01
2.254639787478611712e-01
2.641610592046148009e-01
2.021942615289225587e-01
2.658400889483453766e-01
2.488120400901008833e-01
2.768382319559591354e-01
2.750645383065768446e-01
2.505663523033995754e-01
2.284329736015504875e-01
3.059738494232801531e-01
2.897764391281539287e-01
3.522484313349985574e-01
2.726325961463673120e-01
2.687129002733160688e-01
2.709299259913021118e-01
2.311023569906838770e-01
2.115252960488370193e-01
3.054139747385771764e-01
1.642209234984765842e-01
3.272967270732750067e-01
3.099951477890104390e-01
2.873023047895706950e-01
2.940160779482154929e-01
1.774992868779848854e-01
2.156993030573836900e-01
2.276965232498672498e-01
2.650434809042291895e-01
1.720774495146259186e-01
2.320201753235145437e-01
2.456547427986749688e-01
2.717712474145139168e-01
2.955720318883815478e-01
2.611523655918369102e-01
3.233472383071751555e-01
1.832176433308087271e-01
2.629296329593515669e-01
2.542819588019611943e-01
2.252125563275906017e-01
2.996072292450841501e-01
3.100483131381620572e-01
2.101149959301223669e-01
2.603455300521684834e-01
1.917549605773593568e-01
3.119258378309677782e-01
2.622518135838632913e-01
2.206282772254850588e-01
3.489778598753717764e-01
3.109606379226895201e-01
2.842245692293663417e-01
2.184108454076134076e-01
2.551012074878993285e-01
2.690273376849356413e-01
2.913538095846673892e-01
2.392208541588405901e-01
2.391933790439295104e-01
2.984551196708902232e-01
2.342398908835467974e-01
2.727134078664359973e-01
2.675884178184021467e-01
2.648212902056664153e-01
2.667333931597862251e-01
3.260255796930504046e-01
2.912711033437508368e-01
3.059887997685225569e-01
2.964310796111658264e-01
3.252066523682260457e-01
2.293069430212098525e-01
2.016036802723739085e-01
2.207473303824311617e-01
1.410905258538761586e-01
1.999479713836868622e-01
2.420690540570065441e-01
2.604605188908114544e-01
2.547732886083025061e-01
2.559234296001693387e-01
2.121366918212001518e-01
2.998712362592609315e-01
2.656755985482518456e-01
2.235166576274804084e-01
2.854711728109220470e-01
2.446411505103220085e-01
2.027257680111674565e-01
2.748128492773373455e-01
1.923008452558463977e-01
2.499895631133185192e-01
2.275585946678774785e-01
2.562705727223916208e-01
2.961911976539836067e-01
2.533988253657296075e-01
3.154852707795432476e-01
3.224254497299897659e-01
2.189455662564737115e-01
1.876995172289972202e-01
2.273594745427047203e-01
2.858281550476167165e-01
2.327270047459128743e-01
2.436283146519975240e-01
2.056059076106975803e-01
2.441449320724926875e-01
2.848611091803633366e-01
2.126672631293509974e-01
2.792521419673660854e-01
2.324833174498602273e-01
1.814146625673397073e-01
2.923573009910666598e-01
2.586415759088180333e-01
1.611378099606883274e-01
2.754357449083069120e-01
3.289669250083472885e-01
2.540962591221478939e-01
2.464810249236477624e-01
3.267256785886326065e-01
3.145346466211829117e-01
2.773455689882857178e-01
3.078314628480491866e-01
2.927883999463181119e-01
3.337553518669345576e-01
2.640439767312790509e-01
2.845234870344224287e-01
1.885674870841208828e-01
2.852194518797694367e-01
3.047663535195800910e-01
2.060346677798042536e-01
2.740610017238633289e-01
2.440289195921674370e-01
2.545300810797017643e-01
1.364790853008558402e-01
2.263858759439724422e-01
2.151981956448584810e-01
2.378282881116021152e-01
2.116919795722608522e-01
2.790035097040974854e-01
2.950780214890849074e-01
2.811618252924782402e-01
2.859346251873224887e-01
1.535293431514822005e-01
2.314803911099935496e-01
1.980258378236327554e-01
1.867292040602341607e-01
2.778621829860524195e-01
3.307630256896805787e-01
3.000544290309454798e-01
2.508369566438705678e-01
2.251853430316408666e-01
2.415803683927450207e-01
2.252644133214471989e-01
1.613852344827526042e-01
3.313424612569644268e-01
1.639127077549691891e-01
2.531572288072215238e-01
2.954678563714537298e-01
1.818524083461547092e-01
2.358741300706643507e-01
2.995887039403627994e-01
2.537176559385193597e-01
3.093420433841876926e-01
2.035136242151975028e-01
2.380747498928227346e-01
2.054832593336982094e-01
2.536902892343439464e-01
2.819331678898968629e-01
2.530748631884640609e-01
2.163930312483873519e-01
2.700486153054033611e-01
2.771520105504747256e-01
1.942396431575689475e-01
2.553352064857942749e-01
1.413314447669313800e-01
3.118224986813684652e-01
1.612235555856187941e-01
2.650311174962789451e-01
2.521761027398959354e-01
2.157810574731327535e-01
2.175937122952327774e-01
2.447643944754561707e-01
2.295400419945628767e-01
2.457658235849196349e-01
2.841529030740632678e-01
3.187980665445224182e-01
2.158732496058527739e-01
2.715697365725047718e-01
3.326309812571054403e-01
2.959386767622464998e-01
2.310681447851860304e-01
2.799878995900748069e-01
2.751603550033192569e-01
2.525928943253926140e-01
2.616546780551716189e-01
3.283022618469119691e-01
2.831845071377512291e-01
2.394233782487068807e-01
3.142208815284697199e-01
2.584240162928320150e-01
2.994782378592813488e-01
3.150777574600766573e-01
2.938794532621619160e-01
3.089091567346062828e-01
2.711247745295438660e-01
3.216506475388596908e-01
2.429662595587046281e-01
2.441026689037974207e-01
1.425239826612756111e-01
2.565397945158947035e-01
2.476880712766920956e-01
2.085297980388671479e-01
2.087397618931057797e-01
2.942767225640446349e-01
2.776433331823294770e-01
1.977129268418132968e-01
2.862732174161893295e-01
2.721590462089474305e-01
2.359385321356596010e-01
2.406402654750936232e-01
2.603009570797144567e-01
2.950410490042873479e-01
2.954530312369106904e-01
1.391431768456221074e-01
2.343452600231278882e-01
2.023552082264518936e-01
2.909230924761350146e-01
1.699945966391158136e-01
2.402466362343748663e-01
1.923639942494962674e-01
2.957909280346114334e-01
2.990221652202226799e-01
2.576249969207367041e-01
2.247836592954119139e-01
1.803074636137411701e-01
2.881444819628473097e-01
2.229878171290811395e-01
2.867079790985992416e-01
2.426774137657572716e-01
3.172952975409964460e-01
2.198803961879181867e-01
2.589782033236231462e-01
2.727642667536413490e-01
2.389762353595970834e-01
2.342676395106032816e-01
2.627359860819456494e-01
2.311973091237799205e-01
3.454737282354538586e-01
2.513622605479725602e-01
1.270246358470126236e-01
2.375810368622408297e-01
2.294617933538793397e-01
3.255548651049449682e-01
1.860199243742478303e-01
3.106938777166448618e-01
2.750718813126712403e-01
2.636141092584600720e-01
2.438290184185347986e-01
2.766335059676244268e-01
2.108872948486185672e-01
2.861417917396932853e-01
2.520064190910977775e-01
2.285140949732798188e-01
2.017560135302228774e-01
2.931954093730041455e-01
1.877730459351139025e-01
1.798444765590286598e-01
2.790891207762988269e-01
1.731379231932176910e-01
2.056876979830977725e-01
2.006803551152743226e-01
2.465372058613900241e-01
3.254612677869533344e-01
2.720953010733686561e-01
3.229684429903709186e-01
2.608817880103316278e-01
3.330689784816476262e-01
2.865491424389154385e-01
2.708200511866103444e-01
2.434986501837441142e-01
2.711144239954365598e-01
2.937121344809392465e-01
3.118215635838345046e-01
2.166540265536551213e-01
2.201129547619364857e-01
3.198891068057584386e-01
2.192429366594130791e-01
1.334131753337328141e-01
2.382052218448523773e-01
2.103623991664105297e-01
3.234135373078769748e-01
1.990635774282403792e-01
2.199627245166032585e-01
2.238651979236062906e-01
2.475054680550952957e-01
1.938414294293870632e-01
2.199807793722720617e-01
1.624252019903933142e-01
3.010319441548008901e-01
2.565361823763717686e-01
1.804046264679835254e-01
1.608445076629984871e-01
3.186493782856346657e-01
2.276166418462400587e-01
2.780274699316947484e-01
2.270261826975956132e-01
2.213120109395455559e-01
2.493917917991002875e-01
1.614734206351594870e-01
2.432949694785293826e-01
2.632479343695389162e-01
2.141209061381105505e-01
2.275339834088738467e-01
2.552813565953342412e-01
2.988511829321048863e-01
2.013050464448414567e-01
2.847145155662332283e-01
1.949196855069822154e-01
2.362419757441253099e-01
2.952412529139398223e-01
3.081208197274911131e-01
2.631065130331717850e-01
2.680638740283060040e-01
2.658475752119457414e-01
2.139898208410940250e-01
2.472300056586366479e-01
2.555881928365933420e-01
2.683981306305481818e-01
2.270071709626218237e-01
2.740024628961733599e-01
2.268550059942344710e-01
1.901216181750972067e-01
2.270799979502551302e-01
2.436528483474383888e-01
3.156163635183877325e-01
2.943822527057428085e-01
2.197965442297944161e-01
2.302300184657444793e-01
3.429568729452803777e-01
2.411796428758281874e-01
1.967295882124096007e-01
3.119471436673412201e-01
3.016882497106678773e-01
2.518564264519907447e-01
2.602737236454252812e-01
2.502853401973184622e-01
2.663250576461536623e-01
2.909945046530629797e-01
2.351539275601061407e-01
2.598721780874419518e-01
2.532546138406016611e-01
2.967012907319809267e-01
2.521812158395639880e-01
2.225027996455306023e-01
2.383114567594163125e-01
2.687907994319996829e-01
2.578134420488721323e-01
2.685346707329635541e-01
2.970829407476563988e-01
2.931536500499642983e-01
2.695309570891468165e-01
1.892274995301986285e-01
2.394824086401057261e-01
1.734561843351905275e-01
2.506112802160312403e-01
2.691633549369424894e-01
2.343939063916331833e-01
3.259524093341424344e-01
2.694559261263703709e-01
2.293328267891588945e-01
3.309645352068424362e-01
1.887079772252937271e-01
1.529488597530858918e-01
2.741116672076972516e-01
2.175043387683662233e-01
1.564370858807259401e-01
1.748659937437017919e-01
2.493104681408188639e-01
2.619105669850848583e-01
2.768749011407737326e-01
2.716923218946816765e-01
1.898289684392606980e-01
2.965235606360621112e-01
2.269186834385250873e-01
2.111505772243808254e-01
1.916112815093999611e-01
2.885701969824743252e-01
1.648741865191111766e-01
1.662447946025591983e-01
2.525130116453851437e-01
3.267192115857258106e-01
2.616908003028606822e-01
2.373351037201466007e-01
2.718586768642661244e-01
1.530535180824086905e-01
2.731923531688473794e-01
2.447360824280183922e-01
2.455860510668518848e-01
2.736149034732763830e-01
1.974676069395728262e-01
2.581417620362141396e-01
2.376410703083798592e-01
2.233862301351466628e-01
2.704141794573599600e-01
1.829608835139219791e-01
2.910732752411797630e-01
2.072207080942768398e-01
2.365886216860229319e-01
2.799889900268395238e-01
2.095995050652122160e-01
2.818419876108724242e-01
1.429893881633399477e-01
2.140955876110586242e-01
2.075999659991046298e-01
3.361364873547994514e-01
2.832454652512357840e-01
2.145802708388222513e-01
2.111946777471736258e-01
2.539849767390223167e-01
1.564960278852409736e-01
2.785107423044250186e-01
3.214146467423785181e-01
2.818254301328125822e-01
2.250293010623062862e-01
3.118569794354886793e-01
2.089669375448689470e-01
3.078251138255549413e-01
2.738677160253659704e-01
2.415020975795743874e-01
2.832301469674537997e-01
3.228024117360195344e-01
2.932183205728920439e-01
2.041512057552344883e-01
3.105430508640008580e-01
2.715554394688094453e-01
2.387446367609964981e-01
2.534603239130885921e-01
2.864421797151405769e-01
2.368317293911501031e-01
3.195861130031360520e-01
3.401530182795016177e-01
2.342096115583310045e-01
2.316474267790329666e-01
2.047555069957056328e-01
1.578565856664357059e-01
2.335800796191181694e-01
3.171452213910784246e-01
2.748798547770962553e-01
2.695863720854047019e-01
2.083812557328164894e-01
2.170192698163964651e-01
1.964061947004532849e-01
3.226899348862182770e-01
1.643844219892721947e-01
2.586187708070982749e-01
2.669682278309675749e-01
1.741763836396234000e-01
2.430725956595663206e-01
2.481830390376799367e-01
2.617114160030042935e-01
2.379881099595861915e-01
2.977102754283492692e-01
3.208812219933783738e-01
1.774553755028133173e-01
3.128079932064246060e-01
2.747987739573893862e-01
3.102412990044807195e-01
2.715806824988815094e-01
2.681730145307524293e-01
2.645413028275211409e-01
2.749250743371900452e-01
2.645575596093573956e-01
2.865068659099996862e-01
2.411849939304777091e-01
1.839448210314953147e-01
2.197412211655003500e-01
2.940997853568231291e-01
2.813881365648957522e-01
2.119799237459166485e-01
2.741696345984129812e-01
1.376895510322049543e-01
1.281468014707019265e-01
1.982253698285804666e-01
2.110470158286544828e-01
3.229185909474890925e-01
2.920499249389327256e-01
2.955132994413564029e-01
2.637264381785739964e-01
2.336957866283204399e-01
1.707577519397464327e-01
2.311130853900988380e-01
3.087336929444126077e-01
1.994123513424033989e-01
2.979184616452397183e-01
2.386681237056140215e-01
2.653896815772696094e-01
3.127153209696945102e-01
1.925213676199117041e-01
3.271814942399994819e-01
2.048993101922380877e-01
2.508040930699430016e-01
1.837664847437212312e-01
2.642764862750045518e-01
2.175252463936639680e-01
2.755889840278137881e-01
2.779225910101357777e-01
2.402346040156280171e-01
2.284674407776648430e-01
2.325696403241467036e-01
2.229090185013040681e-01
2.800756433275148338e-01
2.720803274037313924e-01
2.527890202629457517e-01
2.705363327013611263e-01
2.934335289898080124e-01
2.527690285388966562e-01
2.654623507030264284e-01
2.498649069987543270e-01
2.948106888890426602e-01
2.990727831220655886e-01
3.043089416101543709e-01
2.965755196261733451e-01
1.822891353239746992e-01
3.094853434098694400e-01
2.347965602123930906e-01
2.255985660381330804e-01
1.866937242115312423e-01
1.924810722777380023e-01
2.368626426573550714e-01
2.891908505217325454e-01
1.717842905343578697e-01
2.475696949777582978e-01
2.790272944000251054e-01
2.442624833570801457e-01
1.679385515981873245e-01
2.358621225800125731e-01
3.072567677199383729e-01
2.315607396292597431e-01
2.213291192441783906e-01
2.400696578919320479e-01
2.953437953250713233e-01
2.310266345146515521e-01
2.858798776074903403e-01
2.556447303990339592e-01
1.449744086094776063e-01
2.941042385776803658e-01
2.367078816275048347e-01
1.932522138016343205e-01
3.321632038849142154e-01
3.055872227168781596e-01
2.262366232639459185e-01
2.014060540508034458e-01
2.095954761495703034e-01
2.002863677034702194e-01
2.831537698034854444e-01
3.292418049724469831e-01
3.010710252705934287e-01
2.314492784662152136e-01
1.548611273074581296e-01
1.998027275859411978e-01
3.156966962572176350e-01
2.826073748820938647e-01
2.184361322108874792e-01
2.659651492060801092e-01
2.731429444522917582e-01
2.106838377796167172e-01
1.752553251987289118e-01
1.638731129400259334e-01
1.934163667200305969e-01
1.764295893900289791e-01
2.429622815309927797e-01
1.935652615137330446e-01
3.063091851259515663e-01
3.355561588515198479e-01
2.520775116053491915e-01
2.761146188384099309e-01
1.969024700203452216e-01
3.104509152467871957e-01
2.482732961154366369e-01
2.277413783137257897e-01
2.692555833317029079e-01
2.399281869206609519e-01
2.057852845571712941e-01
2.555738039136218331e-01
2.507761499554455042e-01
3.305793345627497937e-01
2.543362082477500508e-01
3.403817723135439399e-01
2.161991104470001313e-01
1.457190843861332352e-01
2.239330581635306794e-01
3.086709139676249158e-01
2.815975115365758619e-01
3.590906230077793859e-01
2.921300255670714052e-01
2.375348771462977848e-01
2.749415749976970580e-01
3.456774163902010533e-01
2.296076259803072894e-01
2.278951856019610089e-01
2.005095844378622649e-01
3.143210677227798455e-01
2.482447796566184250e-01
2.367822101693788928e-01
2.483622721654735466e-01
2.451289563311651321e-01
2.401863965096390774e-01
2.643509531060140860e-01
2.105467220674600293e-01
2.446778852626401990e-01
2.619020850857997629e-01
2.824020176527958226e-01
2.392002326316263749e-01
2.663895077201541839e-01
2.070504470742406955e-01
2.336365400752639099e-01
1.946387383725156073e-01
3.130876780873387832e-01
2.415557546121715471e-01
2.540556435205172936e-01
1.707864649901775500e-01
3.098544746293046548e-01
2.493725407369493940e-01
1.681383771963358420e-01
1.719660664916541348e-01
2.324927763681644277e-01
3.157149677670667565e-01
2.884845947070809880e-01
2.365855313614610711e-01
2.063388111493046628e-01
2.292333962153107474e-01
2.186692435016341085e-01
2.879026664029164517e-01
2.878150480124439525e-01
2.080513543509253105e-01
2.472993481804696692e-01
2.466076299922711212e-01
2.400699985394520730e-01
2.778116351747663137e-01
2.637901709183390064e-01
2.486021116157965116e-01
3.108653625332918891e-01
1.892554911354647484e-01
2.658301275940474495e-01
2.794896602712882427e-01
1.555772783459856423e-01
1.906611233455112464e-01
1.990384664060335651e-01
1.854395209736172112e-01
2.346600716509047446e-01
1.797194212137300240e-01
2.662235006678536631e-01
3.306308952136928214e-01
2.962741601424497828e-01
2.097987896587290568e-01
2.622820398301036193e-01
3.153542466378174147e-01
2.876222361037055752e-01
2.068118888347309225e-01
2.176174126317777791e-01
2.164325472075672441e-01
2.485167719287532107e-01
2.958044935054555680e-01
2.074278257976668316e-01
2.299237890499400139e-01
2.668400583726692199e-01
2.013622000311739990e-01
2.083645211168478617e-01
3.076979757755191613e-01
1.628653165759699484e-01
3.160662736974346743e-01
1.813384131094644691e-01
2.523645942805455844e-01
2.387199472757861596e-01
2.306515679140901109e-01
2.183231444554606937e-01
2.384381630322588153e-01
2.637886111894109376e-01
2.339916436695683721e-01
3.037963778776675006e-01
2.957834270647470842e-01
3.222853776437982765e-01
3.218983045040511581e-01
2.743404230738655802e-01
2.893268362449076259e-01
2.895171342654934143e-01
2.361895970147440404e-01
3.167126593522874844e-01
1.615726781646429078e-01
3.189127468651446473e-01
1.730883467720787938e-01
3.327756825113684647e-01
2.498708454805202428e-01
2.793416570010806010e-01
2.734261069913592190e-01
2.164538769861135414e-01
2.421597583088675731e-01
1.706888442807148742e-01
2.246516129393959782e-01
3.161621069501539538e-01
2.408715955870656122e-01
1.977503485669110661e-01
2.594358383802678469e-01
1.644482013954475241e-01
2.118235575557445294e-01
1.633679297133026065e-01
2.895260706109037407e-01
3.027670033062904165e-01
2.181550907270485840e-01
3.201036074225173111e-01
2.338153705711695507e-01
3.101462619124591424e-01
1.941110110907359743e-01
2.539047997246955402e-01
1.444802653364512801e-01
1.743219553456228088e-01
3.039543822427576147e-01
2.326620738439386660e-01
1.840567776124657773e-01
2.329081857979041215e-01
2.891177959550979004e-01
2.196628837503136755e-01
2.674456859120359353e-01
3.010588161119812645e-01
2.797014624730401744e-01
1.484693909560393932e-01
1.799443742567629900e-01
2.199897884452455266e-01
1.955845647202599236e-01
2.598998403153839898e-01
2.840724427346794090e-01
2.540540882022778724e-01
3.207157848834815694e-01
3.173568522127223068e-01
2.724900423023445262e-01
2.629588336994473363e-01
1.583495677841544047e-01
2.298430978761211163e-01
2.261830093935378871e-01
2.962743395130006951e-01
2.883971461843946593e-01
2.552097144094906400e-01
2.349597319290873676e-01
2.638622013851632531e-01
2.645549609254668200e-01
2.493857652009243420e-01
1.473222751396893460e-01
1.924057926553221221e-01
2.282490231328206109e-01
2.340821705586380030e-01
2.807944391587790522e-01
2.123208320203176236e-01
2.390842825736231025e-01
2.552064723655980139e-01
1.579474975319366536e-01
2.169028493037269689e-01
2.967816378496312968e-01
3.102279464638321715e-01
2.982673088504160797e-01
3.381020221482052834e-01
2.790589445312353090e-01
2.849554300366621273e-01
2.049445891053346680e-01
1.969135493805965198e-01
2.113666303122064272e-01
3.367811970007560385e-01
3.321701850093712327e-01
3.484786353756211263e-01
2.747048358386908751e-01
3.001846985111956689e-01
2.948884081015530345e-01
2.380739946326266565e-01
2.364024509944197827e-01
1.875612904620527488e-01
2.630798827406863327e-01
2.587884126105280402e-01
2.320751631079479571e-01
2.793211432082712831e-01
3.401854586957847038e-01
1.801093756181089134e-01
1.588787573207761372e-01
3.099326835353397591e-01
3.060084026962064940e-01
3.051383752560142826e-01
3.069507435151761499e-01
1.574840723124449615e-01
2.284355143591726978e-01
3.036638402647711676e-01
2.588770835240544743e-01
2.664003826532425068e-01
1.629323688105560608e-01
1.717475009721348422e-01
2.861836698734318563e-01
3.093713973518858462e-01
1.932522460736772751e-01
2.284286667646309998e-01
2.223227795896687009e-01
2.865909897895226877e-01
3.885240421437108349e-01
1.639917842882926968e-01
2.077104206275901532e-01
2.979935590578391968e-01
2.875984192904395553e-01
2.948311970024209416e-01
2.124828306775418951e-01
2.072033909609800884e-01
2.485238913053334220e-01
1.793049319498249694e-01
2.477781623968582925e-01
1.917269111655490188e-01
2.721339791934593855e-01
1.682889718971200543e-01
2.367222660399732337e-01
1.703953370764230424e-01
2.638128129396920540e-01
2.761444539743229121e-01
1.741631340429349306e-01
2.723209740410920676e-01
2.424501873309181654e-01
2.720310243477993550e-01
2.980050963324910596e-01
2.969247298405352509e-01
2.741077277831261982e-01
2.386179488205893151e-01
2.174669055633168535e-01
2.520857407297646957e-01
3.301392859681576142e-01
2.567175810102613753e-01
2.229037160104281046e-01
2.193410943743686892e-01
2.423019068297047052e-01
2.737914558822905908e-01
2.709727226003075251e-01
2.264811629983118635e-01
2.804242976077761518e-01
2.747272575372258774e-01
2.174738765845266319e-01
2.483659235851171376e-01
2.209797902656721325e-01
1.660875540849761356e-01
3.080239333348858688e-01
1.649373724609619341e-01
2.905436120722126869e-01
2.416530477653663078e-01
2.216726310449822213e-01
1.985211737444800006e-01
2.083874213526242525e-01
2.133557736003641181e-01
1.761469163385256387e-01
2.641546211263196553e-01
2.181179953856180465e-01
2.732748753940495989e-01
2.700187822953760697e-01
1.803704705447211343e-01
1.848477557452243847e-01
2.388965521157383753e-01
1.603758575030889144e-01
2.645865228012822534e-01
2.728212461585978743e-01
1.522649118247289823e-01
2.930854715844211089e-01
2.903561899973757243e-01
2.626647795979746292e-01
3.226204761769597695e-01
1.807504953955698657e-01
3.326024499564570469e-01
2.343277479916539563e-01
2.918789421200068679e-01
2.509033711297201652e-01
2.421354618529974467e-01
2.694053965797709727e-01
2.527281309693377165e-01
2.334062404967967297e-01
2.971197251303456799e-01
2.403207151074301662e-01
2.399081074950532855e-01
2.435921933127093986e-01
3.209359097853146103e-01
1.917507137063571010e-01
1.343382168420146627e-01
2.500401616692258799e-01
3.334202618210306834e-01
3.012288563492394600e-01
2.312503192653179995e-01
2.584319343612078157e-01
2.957356070100476964e-01
2.037338206800107521e-01
2.239478008125276309e-01
3.098616843427390855e-01
2.167816253150186001e-01
2.785394730805413888e-01
1.769411161306311542e-01
2.451785242933325060e-01
2.460928828510749455e-01
1.742573877256134718e-01
1.928674316288404578e-01
2.178545942082864839e-01
2.579633813631791450e-01
2.709669375502101740e-01
2.190350988714063196e-01
2.021456044940015129e-01
2.321588816246114295e-01
3.260898513466896631e-01
1.997066084144968057e-01
1.577976184209267940e-01
2.652395183801142253e-01
2.502120847022223371e-01
2.652029497235406930e-01
2.165404699047606130e-01
2.801291083455835773e-01
2.666991972906326280e-01
1.443534579149587105e-01
2.141421944083205797e-01
2.896976829034513812e-01
3.070428167463284952e-01
2.357994513036748840e-01
3.529089542662882106e-01
2.754224548020953733e-01
2.831402830293293649e-01
2.262372479535111336e-01
3.141732020731818897e-01
2.061432711547444285e-01
3.298353572391475863e-01
1.484856834081380861e-01
1.884335308944480869e-01
2.412510781787657044e-01
2.433864465886662887e-01
2.799610901627742066e-01
2.284576513979920953e-01
2.238674367207260374e-01
1.480399795395475893e-01
2.441056541124154433e-01
2.483309712298900906e-01
2.931416133516140388e-01
2.682285590158649535e-01
2.426717261437041362e-01
2.825618946715789948e-01
2.554333400990554392e-01
3.024837222977295181e-01
1.786089600738189342e-01
2.328961290904670023e-01
2.858760218638916051e-01
2.682018903287828326e-01
2.827663999321725630e-01
2.847288269636986113e-01
1.873309928336447661e-01
2.342084080936500667e-01
2.444378589622003828e-01
2.617890644727037253e-01
2.957394171644588954e-01
2.612921199515854109e-01
1.833316876043849519e-01
3.057773484826218913e-01
2.955980867767994402e-01
2.378012612163378781e-01
1.735087428884170002e-01
2.768050324388792172e-01
2.456000689186917108e-01
1.911903102988838921e-01
1.295791916352894424e-01
2.647672982239235862e-01
2.628029773182614104e-01
2.086072237757049530e-01
2.020064933841376753e-01
2.086399805852408307e-01
1.250208018770882501e-01
2.234335694757308421e-01
2.258229301943393830e-01
2.620809503290112419e-01
1.967700517774024493e-01
2.632291094026592559e-01
2.783406637609340262e-01
1.603435410479167322e-01
2.506076327070119181e-01
2.305978379451241456e-01
2.673813124036878430e-01
2.609185233730543785e-01
1.467636321162957003e-01
1.703691295662340954e-01
2.526854010318641541e-01
2.253377381073639885e-01
1.925068887832665498e-01
3.125920068658805118e-01
1.996490067886868003e-01
2.417416811404853316e-01
1.905375047232802377e-01
2.937158334998413167e-01
3.147887625197889894e-01
2.166042419583130985e-01
1.708252342011264968e-01
2.784757134400358547e-01
2.398484346059922001e-01
2.654236290989614999e-01
1.931183463172113368e-01
3.240908001923711867e-01
2.073198278119097737e-01
1.632314340482078074e-01
2.348684345153395359e-01
2.308153472174129250e-01
2.359118397423721203e-01
2.173192107214858559e-01
1.365729005402469831e-01
2.138814327331024778e-01
1.974324041230589577e-01
2.112002821033915345e-01
1.624658555358805545e-01
3.121914930798244114e-01
2.278276358634206133e-01
1.365617069876737255e-01
2.688715338928270859e-01
2.794838660487997117e-01
1.738692615729695301e-01
2.604924903052437402e-01
1.948817657863104735e-01
2.295374861232655217e-01
1.666708682899941396e-01
1.835402677009801697e-01
2.045655620547493503e-01
3.030428448521706453e-01
2.130430115009459557e-01
2.139233358792399509e-01
2.423977672915898218e-01
3.197501209720147730e-01
2.743148361977225669e-01
1.911564118631426668e-01
2.187026221578269869e-01
2.278757904245588550e-01
2.193501797441350099e-01
2.751367645722841981e-01
2.551727696934755762e-01
1.650297648010545237e-01
2.225298168187332393e-01
3.023631146704600647e-01
1.625669939324534408e-01
2.803334711911192323e-01
2.479301586484972120e-01
2.047452378798721162e-01
2.115634779988136704e-01
2.962599150375143098e-01
1.962603566813821421e-01
2.830040229702148191e-01
2.273259086111861504e-01
2.430307374074194282e-01
1.401120968351085294e-01
2.494705994950100481e-01
2.568713033522845857e-01
1.596065274162574710e-01
3.119835729395212254e-01
2.245583014225337737e-01
1.966781241156375093e-01
1.292579494392107897e-01
2.016180038404939701e-01
3.058191381525180441e-01
1.909095310240174759e-01
2.779927454144544008e-01
2.458985372235234779e-01
2.778627629864218185e-01
2.876636670743223378e-01
1.799975142457719002e-01
1.846685547338972055e-01
2.703370509214594319e-01
2.982942399009017032e-01
2.565255188292284716e-01
2.313438605749865429e-01
2.169001913115339020e-01
1.814598308435885488e-01
2.740391640696622222e-01
2.464584202485076980e-01
2.489492610276598517e-01
3.078120654672245604e-01
2.769423272651893586e-01
1.417037685897920285e-01
2.010642252548359432e-01
2.518687108705806033e-01
2.173894881174136540e-01
2.686389387726960121e-01
1.776302071365460644e-01
2.447310370798796153e-01
2.644562387910622259e-01
1.627172162464412819e-01
3.030417561664278669e-01
1.910165935732778819e-01
2.476535559866116232e-01
2.430365426156218256e-01
2.215472747228504902e-01
1.749161819527341732e-01
2.682599051756063280e-01
2.343947503286402667e-01
2.958984112742677475e-01
2.477163453991577391e-01
2.879381868663445920e-01
2.737998891631137077e-01
1.641963472861728279e-01
2.054642345160472561e-01
2.538185645787325306e-01
2.708225025331754687e-01
2.742983430574672532e-01
2.223143813537999114e-01
3.194319612510640449e-01
2.862023932808956395e-01
8.485048472677099440e-02
2.171554397458683450e-01
2.048572642628246343e-01
2.156538483546026064e-01
2.983440996402306200e-01
2.333315147007579693e-01
3.111174077104796876e-01
2.583715884213145797e-01
2.618787198458187304e-01
2.078614341853451675e-01
2.245315586688236276e-01
2.909340998516284915e-01
1.593281656943243974e-01
1.586401088142193883e-01
1.658838101074042448e-01
2.893298895893672840e-01
2.672737055786707505e-01
2.165845930535254260e-01
2.017981145375772889e-01
2.744655591405681383e-01
1.734643732406417893e-01
2.049212073615035434e-01
2.449525254159551357e-01
2.640343513516268392e-01
2.791168456910816942e-01
2.677923812088130462e-01
2.008701513540107064e-01
2.885042542981620661e-01
1.740057698999173674e-01
1.828868699396635211e-01
2.021397739578236485e-01
2.400212187512876516e-01
2.033037024124045300e-01
2.597504479558164769e-01
2.086226504977282958e-01
1.966717306714464708e-01
2.517326990420980515e-01
2.813499494228760001e-01
1.610250187706423197e-01
2.242676847225182624e-01
2.191239108756412590e-01
2.927041159053369590e-01
2.421350876924456830e-01
1.472883408412444528e-01
1.855413216327310988e-01
1.605350405702472283e-01
2.333751619601636962e-01
2.579871271306696245e-01
2.820458193009277026e-01
2.372719982589165943e-01
2.865048884409992502e-01
3.140791253142524719e-01
2.368125223314014038e-01
2.530107396290506294e-01
3.071174374950257913e-01
2.728605333639663177e-01
2.422553571653098259e-01
2.217565144015960221e-01
2.340713658522217411e-01
2.100002711407403522e-01
1.573757522787027630e-01
2.226161727378798694e-01
2.374890753992678072e-01
3.266343130404227302e-01
1.979342741989601751e-01
2.321691193275177978e-01
3.025176667244025563e-01
2.482384401438653687e-01
1.419056752522452891e-01
2.083954379681375035e-01
2.777019635296820721e-01
1.959649253316902151e-01
2.731070628875549855e-01
2.457622631278943703e-01
1.153971333494604179e-01
2.416218710300677419e-01
2.608938611712244837e-01
2.255747075874002250e-01
3.137897205510646881e-01
2.164080157930965698e-01
2.384339291560800544e-01
1.929082337386121004e-01
2.187981934348516011e-01
1.893738045809152393e-01
1.020115396200284436e-01
1.906115286034502365e-01
2.339944673510230555e-01
2.398868484452214289e-01
2.886254239750847272e-01
2.141720863139721098e-01
2.675221782740993537e-01
2.476877799395108271e-01
2.635398514558388028e-01
2.700583241034788529e-01
1.850873074672126362e-01
2.800926543835703941e-01
2.263296172157886754e-01
2.199402961184773464e-01
1.993990805294637292e-01
2.940550115049702096e-01
2.672979696397455029e-01
2.358109097153821831e-01
2.986236108422494762e-01
2.077402962968021849e-01
2.481071359604006266e-01
2.763298552963613375e-01
2.428127019633952999e-01
2.664428056674832401e-01
3.339934367034451124e-01
2.285167582550650112e-01
2.641172318470505487e-01
2.880142401152077647e-01
2.347268820715835425e-01
2.418186548750576315e-01
2.405852827553639495e-01
2.745427742351123634e-01
1.458800147121029067e-01
2.881781044658923707e-01
3.199738999740825984e-01
2.352062518144859560e-01
2.374593284052315956e-01
2.436537209826430406e-01
2.100940157002229025e-01
2.284993623808923013e-01
2.002992004100058732e-01
2.644789015325793580e-01
2.019167796519922564e-01
1.516720141634726737e-01
2.481613001457983192e-01
1.554258096231422859e-01
3.020359150874288856e-01
2.593152097993398075e-01
2.277461368615482651e-01
2.049600877966148704e-01
2.023951399799084616e-01
2.475385765829409002e-01
2.197064638081552834e-01
2.607739033532591177e-01
2.520891822523775860e-01
2.186671840740933848e-01
2.933652830060167194e-01
2.559218594600261576e-01
1.713059369483777017e-01
2.821415750750589369e-01
2.973212662343526769e-01
2.504483222828652877e-01
2.712586234341702318e-01
2.210857490351887944e-01
2.729475710970938329e-01
2.350589823495994324e-01
2.727148065609792393e-01
2.891879271880120061e-01
2.538058279980601184e-01
2.949916149721953373e-01
1.993130337259619578e-01
1.765895165346768603e-01
1.604099287025445575e-01
2.356797320891871605e-01
2.748908581102152970e-01
2.853105811523753976e-01
2.192484990650357402e-01
1.608601934534297229e-01
2.448462272753001712e-01
2.085163067371171575e-01
2.110411117540505754e-01
2.670910494838512617e-01
1.720865923603173142e-01
3.063211810332566176e-01
1.879733106699463530e-01
2.412104864486735167e-01
1.692143886876164571e-01
1.990592956450545625e-01
1.342794124487510787e-01
2.643988103008141355e-01
1.991297610843791865e-01
2.531036685477121018e-01
2.413828959037945254e-01
2.892264825942428841e-01
2.626133421407159663e-01
2.876394909887700635e-01
2.024992847798702256e-01
2.575277688590447700e-01
2.665734258670797163e-01
1.044163130944409795e-01
1.876923084642399819e-01
2.087852463458190200e-01
3.110299324600194204e-01
1.908277873804858638e-01
2.237184164217519977e-01
2.818465799588100174e-01
3.202814891709471201e-01
2.412486856414044478e-01
1.313251733547974864e-01
2.049361407555510273e-01
2.872882869108903670e-01
3.050268247945643885e-01
1.665332594361305651e-01
1.625868943355066876e-01
2.531228087732367849e-01
2.189360949561800496e-01
1.665093063366460124e-01
3.128714968829040544e-01
2.566742895143329650e-01
2.209528560729250024e-01
3.182368879000929129e-01
2.644659279342039815e-01
1.722706062571684182e-01
2.501423059236814739e-01
2.396309180736209965e-01
2.457630648817288044e-01
3.035449833934975583e-01
2.017752481706026335e-01
2.493332863499282404e-01
2.546972893315750386e-01
2.719012586058092151e-01
2.738610822612100315e-01
2.164453977908547266e-01
2.728881793002380651e-01
1.746523224968876686e-01
1.397759968066118741e-01
2.707697622315579644e-01
2.572431090560454714e-01
1.841996064855359327e-01
1.950328452632814069e-01
3.197050106048174301e-01
2.830780827834273872e-01
2.999051181030650270e-01
1.889115807143916526e-01
2.416059060949375670e-01
1.678912412930835540e-01
1.978894761704645400e-01
2.580331880719608506e-01
1.192596212036533543e-01
1.903076972840258285e-01
9.514668182011250253e-02
1.401556397098059348e-01
1.940110328267201922e-01
2.001446128951066827e-01
1.567347719742120116e-01
3.409730946584989542e-01
3.163872935559325916e-01
2.375434028858303126e-01
1.964586504847276038e-01
2.625731007652944426e-01
2.414079575933303079e-01
1.996739798099311514e-01
1.537531713658324417e-01
1.903878186754562607e-01
2.217806964070284659e-01
1.962349873789519805e-01
2.951658781776302365e-01
2.602402989186480831e-01
2.952480868496847877e-01
2.555184620212395674e-01
2.467073532823644277e-01
2.271349711179938835e-01
2.029398252504748257e-01
2.153418921870190184e-01
2.811766895961101409e-01
2.121847189948458945e-01
2.775795461656387353e-01
1.922157555392383088e-01
2.540410350635320946e-01
2.899472311319494233e-01
2.076325602962228178e-01
1.663659750544823068e-01
2.698592659018509421e-01
2.431239791098626646e-01
2.803235935606233631e-01
2.406107916240030065e-01
1.956081922071217782e-01
2.334542556906304689e-01
2.586339615138859016e-01
1.492778326597815897e-01
2.530910096416729704e-01
2.622763157991203631e-01
2.238186047634712628e-01
2.884822465476970521e-01
2.894549209014773972e-01
1.245878297785301264e-01
2.999657191112465315e-01
1.738680214054121598e-01
2.712262558159542203e-01
2.332085212270730012e-01
3.078993691908558650e-01
2.489998209995617773e-01
1.562273528073705176e-01
2.307750343999967479e-01
2.368063094856322770e-01
2.725757557494523087e-01
3.031134366203042663e-01
2.047582463666122732e-01
1.985363946944496971e-01
2.991902411643694859e-01
1.838974773849826327e-01
2.960115371431060738e-01
2.111539861590351896e-01
2.034659829927912833e-01
3.027937587420214682e-01
1.946347032337827354e-01
2.569011940331770716e-01
2.153433802493715798e-01
2.008076468451051588e-01
1.305443194145190500e-01
2.184352066981939400e-01
2.358317656925634775e-01
2.926812442413377346e-01
2.626479410019227911e-01
2.828640179020258105e-01
2.028249219096866784e-01
2.644310639458419820e-01
3.175588369666524358e-01
2.489440476165543092e-01
1.896797807216504816e-01
2.490411579997249825e-01
2.935660132806783285e-01
2.516508941720760339e-01
1.821172902655373571e-01
2.012831078050529299e-01
2.006673301360804296e-01
2.824515009572078905e-01
3.295653296432484169e-01
2.618008077837923886e-01
2.554220418549746907e-01
1.611171722465942202e-01
1.817069093027156579e-01
1.379419755364782174e-01
3.056759732060296830e-01
3.023707091327654806e-01
2.049818424111987114e-01
2.030336841219373412e-01
3.017045991280858930e-01
2.039513522030279857e-01
2.854697062995035783e-01
3.233860130931160426e-01
2.776920133328500406e-01
2.610223655054474401e-01
1.522527199357780192e-01
3.382185939705811828e-01
3.349028512738916330e-01
2.225135081563464345e-01
1.462006211976558945e-01
3.094386077903452104e-01
2.967432623560095073e-01
3.464813419581991849e-01
2.888946364232192754e-01
3.033450293146275900e-01
2.376518605372385240e-01
2.759741120799542036e-01
1.669694543540812259e-01
2.876032693482775682e-01
1.791630978090240911e-01
2.238168503848696200e-01
2.180456682375945809e-01
2.886517166485634278e-01
2.906391480319829856e-01
2.614570121639238631e-01
2.703573667996586050e-01
2.380761742785397761e-01
3.057573995662860589e-01
2.230922253567396707e-01
2.198238567661005283e-01
2.047481012618250218e-01
2.788041628532881844e-01
2.376210373027970724e-01
1.970776617728845492e-01
3.447055699176533872e-01
2.569629659453971371e-01
3.252740458883823793e-01
3.017229966564115573e-01
1.268016334653632171e-01
2.607329742857166233e-01
1.869213031620149956e-01
1.214642153578452399e-01
1.791355273381747826e-01
2.402280334067993794e-01
2.544087645817590948e-01
2.627222732976350339e-01
2.963270713291222269e-01
2.518576840386287929e-01
1.732146450392492154e-01
2.531311513544661218e-01
1.591741614633275514e-01
2.949868230966880556e-01
1.884012084962626288e-01
2.518616789594569361e-01
2.817773738505123249e-01
3.043086194930139099e-01
2.288040481401692472e-01
2.604405389891825684e-01
1.306897860186121696e-01
2.035811541136958724e-01
1.971798632945370999e-01
2.818282385310367233e-01
2.837657935158213740e-01
2.819098867314898671e-01
1.305222928844865238e-01
2.496630258905089828e-01
2.177552361655366309e-01
2.567232479616750052e-01
2.630421924511211484e-01
2.715552560414086769e-01
2.958271270144885445e-01
3.093412671774788958e-01
2.506779808647410235e-01
1.857740675203440051e-01
1.781287130798461793e-01
2.803398756466526365e-01
1.690800727584970964e-01
2.334609512358912786e-01
2.013791348391114622e-01
1.116058052094962144e-01
2.244057642342670578e-01
2.162480224071521573e-01
2.319690108903014747e-01
2.128291383156523109e-01
2.290735522836900018e-01
2.044661842150546638e-01
1.311176848812611595e-01
1.260927863839791940e-01
1.650038491117172268e-01
2.101552007716222525e-01
2.215425413887998352e-01
3.072752019931406786e-01
2.943330045885475532e-01
2.004548306018895110e-01
2.493146276772231218e-01
2.626913190394649655e-01
2.160147586692092170e-01
3.111332174730642719e-01
2.913615026812072517e-01
2.719540823642297434e-01
2.762077838532823737e-01
2.366203804927066723e-01
2.392036745154530741e-01
2.452673466715021566e-01
2.888599649790758450e-01
2.260822028364437297e-01
9.157649477979251662e-02
2.270344237458564451e-01
2.182881148561213458e-01
1.853016768857053131e-01
2.636592135712796936e-01
2.734820589576467120e-01
2.490090773684301428e-01
2.989610482728433660e-01
2.299705202415654459e-01
2.311691890046374542e-01
2.413096713574845731e-01
2.558560331942555943e-01
2.283843611765678794e-01
2.715666037724806525e-01
2.681740843865346724e-01
2.471493281003553644e-01
2.543667056246711189e-01
2.345897819034548637e-01
3.064242419856888500e-01
3.052496421217616995e-01
2.671285779546116457e-01
1.681945544531497083e-01
2.292542716751120868e-01
2.660974962460801452e-01
2.868110820359029978e-01
2.523895560512620095e-01
2.646085450687286622e-01
2.252466191231738413e-01
2.012708710434209514e-01
2.107919159050944957e-01
2.062546206728961828e-01
2.210142452502283361e-01
2.473822263312705771e-01
2.608460958881813063e-01
1.859988031435706457e-01
1.842356337712316161e-01
2.551074582593390594e-01
2.701613786590298938e-01
3.045329038243003161e-01
2.065402256235179534e-01
2.135420383746222672e-01
2.871561324906075630e-01
2.809408634252964498e-01
2.460956755583710021e-01
2.594444892950655834e-01
2.524137011993136670e-01
2.547715643940570707e-01
2.033350483410366061e-01
2.372186884366883353e-01
1.352035602336627285e-01
2.954968886263812933e-01
2.866074170352908013e-01
3.327378069276452077e-01
2.377610946896712152e-01
2.441459883756090243e-01
2.727162706146059601e-01
2.764756321731171584e-01
2.732127379687415702e-01
1.912188021834662355e-01
2.221002565509539173e-01
3.066797476986189430e-01
2.864530283173979397e-01
2.626130222195466324e-01
2.738664041696825535e-01
3.348802675185291733e-01
1.715883010098194217e-01
1.345891917655177572e-01
2.557120729900212996e-01
2.886657386200742192e-01
2.891589650799640809e-01
2.236522447947108527e-01
2.464926500356076633e-01
2.840445493405304167e-01
2.530577374093511689e-01
2.390419683755465319e-01
2.530389000995605930e-01
1.759624633826827322e-01
2.186645153706949507e-01
2.617558192274377915e-01
1.776911820961198374e-01
1.829757441095823667e-01
2.475178137786809562e-01
2.235265048014972722e-01
2.476397836073205017e-01
2.319704595000490477e-01
1.799132706359582445e-01
1.900113449653094699e-01
2.249571528202934656e-01
2.129838352929149248e-01
1.570801691760349839e-01
1.851610082803097912e-01
2.667803212539822666e-01
2.520628249773381735e-01
1.983564520242018236e-01
1.757285226988967997e-01
2.050719840377722702e-01
2.469805400631027437e-01
2.076870117700252982e-01
2.952030906824968381e-01
3.063377471944137564e-01
2.230467648889102039e-01
1.748439604275137116e-01
2.133965047837035056e-01
1.908246109847322736e-01
2.265519127079842765e-01
2.599155885672402855e-01
2.424277594590328322e-01
2.487040742037651686e-01
2.586617736070039308e-01
1.770188013243439717e-01
3.258978453842647505e-01
2.187351247514487673e-01
2.409966175469375749e-01
2.663345959174700517e-01
2.363624425266744877e-01
2.824525570474323288e-01
1.899767167406552493e-01
2.693631469379768606e-01
1.952732244445309351e-01
1.852284942895344455e-01
1.710097428284068355e-01
2.451943358690640562e-01
1.384054654696459108e-01
2.711890686188190847e-01
1.879567562620884369e-01
2.876814664644596897e-01
2.725287871028578279e-01
2.745931745535045709e-01
2.039489817036482244e-01
2.315961248752133050e-01
2.055424486228234759e-01
2.773257365177040912e-01
2.362698317730336506e-01
2.191158874427961145e-01
2.474241980536831809e-01
2.755241941830607888e-01
1.539901168684204569e-01
2.589327220813196773e-01
1.973335456349064598e-01
1.486294522796582918e-01
2.449546062722228190e-01
2.420084481753204952e-01
2.102497742759846244e-01
2.366423396126725864e-01
2.949472656305788809e-01
2.544000909962095824e-01
2.414412932752995067e-01
2.382399013039024904e-01
2.671202668248848222e-01
2.446723609817590406e-01
2.561643555230407321e-01
2.184748743494914769e-01
2.765706464173146029e-01
2.118090542175814495e-01
2.165562727835703416e-01
3.077643809147971310e-01
1.609001687137268100e-01
2.087938743123547158e-01
2.256053791873835479e-01
1.647702208014723835e-01
2.815258112250004219e-01
1.300965235492868022e-01
2.463119182928359130e-01
1.380092215539336087e-01
2.740392305997660372e-01
2.897656677490909605e-01
2.393810442970786267e-01
2.017463357726375361e-01
2.076379532102513026e-01
1.791333775046503873e-01
2.551305684768778170e-01
2.592454637611387724e-01
2.616849710348673752e-01
1.838214988817139239e-01
2.192368334177151878e-01
2.490776507093742376e-01
2.321734460706784686e-01
2.262664786036404641e-01
2.389696224025974480e-01
2.887303411506341178e-01
2.759334015479395497e-01
1.456347641837663354e-01
1.645131883539593110e-01
2.027411046904714631e-01
1.499641511103604330e-01
2.898282263150909754e-01
1.842963083494083276e-01
2.764834007313308750e-01
1.852655465439825011e-01
2.276211410416156267e-01
2.268860751647381324e-01
2.347414641088802212e-01
2.764942203140247634e-01
2.169559404399319658e-01
2.622679356722438238e-01
1.205142841022691785e-01
2.673770465470214908e-01
2.241690829568771526e-01
2.584647687414641792e-01
1.799951074565206144e-01
1.900953062575012342e-01
2.583407732766888620e-01
1.330027740533874514e-01
1.497804254361650711e-01
1.787300525038399146e-01
2.133508292957481678e-01
2.065319146996802135e-01
2.481158545454296149e-01
2.072585513908385968e-01
2.535839559839513924e-01
2.345286218791149124e-01
2.421861520314104732e-01
2.514443578347915764e-01
2.478894104000818333e-01
2.017719151561626623e-01
2.062884919453469579e-01
2.800578045229110136e-01
2.175844898831912344e-01
2.860359668157636537e-01
2.544398183866741769e-01
1.965898836853784137e-01
1.503168662798972377e-01
2.665675500809170928e-01
2.569567417812083088e-01
2.578037826341333938e-01
2.578309541208699818e-01
1.318405978558323810e-01
3.028782122806071841e-01
3.310836309750220252e-01
2.003554336748893105e-01
2.633552142090530013e-01
1.930084111551873538e-01
2.301714177785942339e-01
2.860514654811242008e-01
2.286044957371926867e-01
1.350388818976494543e-01
2.499730371223629621e-01
1.938920109361489674e-01
2.119086093188177478e-01
2.836258221202645480e-01
1.534018413794785984e-01
2.708143975398882297e-01
1.599417490090998539e-01
2.576924440589400400e-01
2.032783196895386890e-01
1.849319088301716596e-01
1.990446877748619225e-01
2.621116356150171578e-01
2.891531978178195073e-01
2.168064617264727212e-01
2.402407491650008775e-01
2.708743044846904091e-01
2.170909480265190150e-01
2.692602578929587098e-01
1.537399031751505163e-01
2.231647229332991700e-01
2.323109609835910527e-01
2.601622481253074715e-01
2.545064860743583290e-01
2.449911616978493745e-01
1.854681264693806009e-01
2.714029411303321426e-01
2.904049688603993484e-01
2.717408068968422685e-01
2.407667661797925907e-01
2.472932257778027443e-01
2.480960204556624527e-01
2.962444918730074983e-01
2.795215480177892786e-01
1.837150294623922375e-01
2.940994577558063705e-01
3.116016853469914527e-01
1.982283810640116939e-01
1.644623660225676132e-01
2.509490651938757755e-01
2.665489806081823843e-01
2.570071430731644679e-01
2.486346091283012927e-01
2.513663462374138291e-01
2.457775048195905698e-01
1.194797428345291262e-01
3.044296314034523054e-01
2.458668942027537052e-01
1.930492209361200917e-01
2.448625897640393512e-01
2.475247534305496655e-01
2.734467208369681934e-01
1.857230199358188838e-01
1.960175943565584111e-01
2.232455700926196662e-01
2.027208257720662932e-01
2.295220571897963469e-01
2.365582502824347955e-01
1.793543084361909901e-01
2.265068543336069551e-01
1.610686547942108693e-01
2.191517461720181581e-01
2.323346911397195513e-01
2.668681146160046258e-01
2.274783019332779488e-01
2.179700213241809459e-01
2.283004095746572759e-01
1.102845048029961889e-01
3.129164963890576079e-01
2.745481769372716818e-01
2.012065989606917071e-01
2.881396151223637458e-01
2.206277019110957083e-01
2.842703213920854122e-01
2.431126079422420982e-01
2.967788615200649960e-01
1.972937176493745615e-01
2.038293759296386509e-01
2.806448218673611161e-01
2.843091932951336553e-01
2.983649774318096193e-01
2.448682813613225484e-01
2.769348592051254498e-01
2.834695636605550351e-01
2.094242034110968542e-01
2.418013755483660876e-01
1.953254892504859008e-01
2.237133275045257441e-01
2.678537094317200440e-01
2.323787564185377796e-01
2.316727917521151925e-01
1.872161403821296644e-01
2.186882786924968514e-01
3.062978204890376976e-01
2.683079410116326891e-01
2.021136020929200361e-01
2.326663971219151972e-01
2.578658950755943757e-01
2.809042847953732713e-01
3.071673510694278297e-01
2.514960798194887936e-01
2.667394153004921109e-01
1.492177304430746532e-01
2.051067929797608658e-01
2.857860672143050507e-01
2.964712460256659354e-01
2.656815446483447030e-01
2.292026697364058785e-01
1.777389029969674572e-01
1.952627177537826497e-01
2.663505806161530209e-01
2.878153602580784676e-01
1.907738352850751051e-01
2.940858606581578383e-01
2.620270193947069060e-01
2.853853282023921523e-01
2.180813006445310454e-01
2.057934780923010576e-01
1.559102424116293184e-01
2.310247881316211671e-01
1.912876560029928286e-01
2.112892643251125524e-01
2.454745110226323468e-01
2.424222773490064264e-01
2.329223432108571135e-01
1.262092425207700930e-01
1.464207880297759001e-01
2.411397843338427549e-01
2.242663107117948695e-01
1.404436677128801103e-01
2.468602890429755781e-01
2.645736848414128040e-01
1.766237220173369760e-01
1.463896595629882447e-01
1.817649647862463469e-01
1.898528522649444439e-01
2.633985670856265893e-01
2.016216385191230143e-01
2.516185131092099070e-01
2.024115099168305731e-01
2.214050743097658591e-01
2.062939974852939506e-01
3.184355253876719472e-01
1.848014325557529314e-01
1.432871332518978191e-01
2.651697992385534941e-01
1.825236725696421647e-01
1.907118235918831284e-01
2.695289201595099660e-01
2.493987522626743003e-01
1.990872163428440977e-01
2.615706541357140091e-01
2.568147897946534419e-01
2.504209773138481032e-01
1.634576376973636558e-01
2.118401330719272557e-01
2.689720649278887765e-01
1.765222229662090359e-01
1.771347553045463374e-01
3.179058513622179394e-01
2.127558800617976864e-01
1.767216791673407728e-01
1.775610952290740396e-01
2.098579681013897635e-01
2.866277956613665356e-01
2.796140096013831622e-01
1.549689080000994368e-01
1.884110186416969590e-01
2.336361446774611328e-01
2.890279081106427728e-01
1.914875935502639570e-01
2.784877604229770709e-01
2.090323058413341428e-01
2.356631179516729124e-01
2.644085988720614178e-01
2.549175485239394412e-01
2.535082879918657550e-01
1.406797036086246677e-01
1.743096084489234865e-01
2.783558905420570051e-01
2.415238066040313325e-01
2.049782356314135967e-01
2.513011260774485334e-01
2.903400556728473747e-01
1.090873679415071268e-01
2.732800000928476414e-01
2.656655183567219192e-01
2.599220824848732514e-01
1.743953861122188587e-01
2.186819984445813880e-01
1.550609091492390623e-01
1.862187546029086260e-01
2.380298965701179714e-01
2.005829149945607681e-01
2.914910200397872742e-01
2.615332514789515117e-01
2.256998478749444870e-01
1.848498947496798051e-01
1.749278747798879152e-01
2.030819105465612728e-01
2.715290595685148634e-01
1.940417203098848686e-01
2.002479166697576640e-01
1.691268998845202598e-01
1.547913284088416053e-01
1.810815238732786936e-01
2.015647465324025556e-01
2.470992144631116438e-01
2.357686453887716804e-01
2.938739699579974718e-01
1.563755937951228081e-01
1.713046568958170035e-01
2.769746421706150152e-01
2.084590799029608366e-01
1.908784034189299206e-01
2.638838683018449593e-01
2.205556819505240518e-01
2.334699025955508100e-01
2.946886065289666679e-01
2.524237109923061495e-01
2.014196179933119835e-01
2.634212814866052077e-01
2.593641289648054293e-01
2.579573306931821630e-01
1.800977723658542529e-01
1.727416904438602574e-01
2.441171133237268476e-01
2.254918803540314487e-01
1.317079785092566124e-01
2.132711883676501885e-01
1.910751229386018213e-01
2.649643345338235090e-01
2.442536667589392807e-01
1.083495343499228797e-01
1.405250847653538304e-01
2.742265009142729193e-01
2.751287399128333200e-01
1.565665914737154885e-01
2.726903013752991489e-01
2.765509807155446809e-01
2.483860430275437181e-01
1.945109951305930285e-01
1.571416730589850763e-01
2.104413602001290462e-01
2.075377000605362898e-01
1.939403790199077382e-01
1.783073296793986906e-01
2.406249886532993154e-01
2.219988148579350451e-01
2.541794328882117648e-01
2.634385255552811334e-01
3.495756843744800002e-01
1.994310055899301271e-01
2.118472267596100689e-01
1.675687817007691649e-01
3.016315860459223841e-01
2.011184855518680092e-01
2.238067259871135695e-01
2.071189323882600963e-01
2.493643050413320850e-01
1.801267695549520487e-01
2.156616848529140373e-01
1.904346155517031014e-01
2.266539035205560326e-01
1.201404016254939422e-01
2.038861640087222538e-01
1.893759947290514778e-01
2.433507960889565447e-01
1.442682159651974827e-01
2.554733868162292199e-01
2.639821174147594651e-01
1.209152252593951871e-01
2.977822039549459232e-01
1.894642492059509242e-01
2.293607686957522540e-01
1.835299525770501539e-01
2.301858712046952193e-01
1.971145552090356190e-01
2.521877905977467083e-01
2.482043320951135557e-01
2.059460374104610803e-01
2.399580741389990279e-01
2.183628492566835610e-01
1.527475696495485535e-01
1.154930647554764517e-01
2.273038377801434029e-01
1.893855563870675274e-01
2.025292574314061234e-01
2.363721603357854806e-01
1.742690466299092744e-01
1.118120722028233122e-01
2.214073553351759427e-01
2.272549657004017398e-01
1.504518161044943458e-01
1.654276845385664885e-01
2.577764942519979452e-01
1.757394266652371473e-01
1.631335087688127738e-01
1.375510150575200430e-01
1.799883824823549361e-01
2.107629145423521311e-01
1.856892989886662348e-01
1.393462976169747569e-01
2.375033467185535818e-01
2.754106272015274248e-01
2.501580492528219235e-01
2.278739379770093332e-01
2.693770694150536271e-01
1.922142124234460236e-01
2.268080206601543192e-01
2.040288115982006323e-01
1.445472639318211294e-01
2.837586314861553216e-01
2.284922367018664413e-01
2.589384310678521928e-01
1.118658659825529922e-01
2.447479958530012767e-01
2.760387320612558981e-01
2.127590728822986721e-01
1.923578700634558658e-01
2.855435522695004003e-01
2.616202010214103146e-01
2.852461968399368497e-01
2.957289230112745138e-01
2.193455933783773071e-01
2.602792398646672223e-01
1.936229122699549554e-01
2.073091785413978538e-01
1.451631429083783953e-01
2.769061741149526634e-01
1.878774753397869923e-01
1.613439647091745865e-01
1.355075437839309560e-01
1.665401924261145639e-01
1.773385254102160524e-01
2.218706253976201193e-01
2.114029215302074827e-01
2.495589210538739222e-01
2.046875240675615770e-01
2.177764511451318885e-01
2.312362582481826967e-01
2.534375367837150561e-01
2.829537677929482298e-01
2.396331456490611300e-01
1.974679220102465993e-01
2.459549827194329186e-01
1.626487570395365456e-01
1.944182013557903543e-01
2.303142223130368038e-01
2.856717767210265047e-01
2.604739407127247275e-01
1.105787053672934589e-01
2.067938071299018910e-01
2.531424908776985783e-01
1.057945862034663648e-01
9.782583532086919220e-02
2.156490537497453841e-01
2.061457972916588277e-01
2.303286031347971663e-01
3.025035891815494593e-01
2.282253106079619176e-01
1.951639049753415844e-01
2.337279379396215440e-01
1.969405394185410885e-01
2.307574320963063919e-01
1.931714095056260294e-01
2.297173363857367423e-01
2.284299812527668672e-01
2.174543822298473095e-01
2.253680487926756071e-01
2.054440796721153373e-01
2.233827906744063896e-01
2.318351278399756188e-01
2.795351558427506267e-01
2.316500988036195585e-01
2.702766833717262784e-01
2.295979351523423639e-01
2.416795032880378336e-01
1.553683919366555810e-01
1.997794606773606041e-01
2.164389809120964847e-01
1.995521973375825042e-01
2.682371292489122983e-01
2.523310975280920188e-01
1.946173758719904889e-01
2.691820404349904439e-01
3.030641008755018406e-01
1.703216606441369241e-01
2.102962856306526684e-01
2.083763069952772884e-01
3.155613615334016409e-01
1.130558434657145533e-01
2.137770111108214521e-01
1.328528985452174516e-01
2.848537868702507581e-01
2.456806831275383518e-01
2.156973958862983543e-01
2.254886016998914056e-01
2.520992397268981833e-01
2.292216274605326509e-01
2.270850008573567502e-01
1.760867417806040724e-01
3.013890129097417381e-01
2.556886698803643165e-01
1.956666187102715504e-01
2.663435502990685322e-01
2.049508097248969041e-01
2.152597549717924774e-01
2.455039974277106185e-01
1.452937955116450630e-01
2.257844804033351804e-01
1.915442834889820589e-01
1.887181010152577665e-01
2.265010846288960655e-01
9.851929997028360808e-02
2.592620456313649013e-01
2.297576674977745703e-01
3.045551726150245719e-01
1.804012949416743949e-01
2.511626407863639110e-01
2.471554194947796768e-01
2.605467949538845529e-01
1.799992942791629746e-01
2.928408177139386059e-01
2.140214683623361813e-01
2.785817718283951638e-01
2.633254508484066392e-01
1.675089434797228660e-01
2.457425932876128316e-01
2.094297483683647265e-01
2.729234171698282641e-01
2.702758827699973110e-01
1.722942333166288253e-01
1.676109353314274575e-01
2.558869977193056200e-01
2.962321232143281247e-01
2.512085944297376416e-01
2.840384955608997175e-01
2.338581048020833553e-01
2.418185170346460744e-01
2.623981889892038621e-01
2.084131756665144330e-01
2.573830523412683480e-01
2.742993927738927584e-01
2.065829992698274553e-01
1.505616333570357623e-01
2.934027311468372368e-01
1.927825194581869184e-01
1.885195553987598360e-01
2.228246492191236772e-01
2.784930590670675055e-01
2.660783458846998628e-01
2.648761182134024006e-01
2.559704654760349696e-01
1.272506254081564314e-01
2.562105045933170677e-01
2.072899747710024998e-01
2.794287488962323707e-01
1.562865809090101810e-01
2.094110045354197758e-01
2.322651869863530116e-01
1.734133505566024802e-01
9.662592586720136767e-02
2.846649894366201083e-01
2.684349521701742680e-01
2.622731563981200997e-01
2.565230543414592224e-01
2.782118455448196470e-01
2.960882526066738740e-01
2.602454142201437448e-01
2.865720234965989932e-01
1.501908582609625398e-01
1.988385063556206422e-01
3.099620244763303667e-01
2.675354863834469299e-01
1.723657113205540881e-01
2.002716339055099770e-01
2.608270645355660333e-01
1.749114975528313076e-01
2.506397196515262049e-01
1.666842393678920342e-01
2.541527508048243011e-01
2.313229382911893561e-01
2.096265835113898801e-01
2.286954591190099029e-01
2.863844890780208874e-01
2.343091164918243430e-01
2.399340076621807039e-01
2.540964620457883960e-01
2.656283771041848540e-01
2.003283656355120401e-01
2.232032801566730673e-01
2.649022377266735395e-01
1.461578268586886387e-01
2.068830351896449593e-01
1.771661918955329540e-01
2.763877161078719946e-01
2.688990045544193408e-01
2.421303889335835458e-01
1.841219468593423836e-01
2.905710310605593150e-01
3.153760906087887395e-01
9.640939976295832825e-02
1.589558670916502714e-01
2.106134011522739491e-01
2.377084075307391575e-01
2.381957227061855531e-01
1.631684218101157879e-01
1.987978323484924092e-01
2.829941676301550024e-01
2.092238641042905856e-01
1.406904581507674723e-01
2.358630317968194168e-01
1.415958093970607623e-01
1.905783168574982089e-01
2.729526276199053525e-01
1.831147947906004159e-01
1.683575781200810639e-01
1.898503334330885750e-01
2.762344110179876799e-01
2.801581494071596623e-01
1.988365331705828909e-01
1.247169682252681627e-01
1.010984931587836644e-01
2.096804769615981112e-01
1.738320997357471476e-01
2.585185419614638991e-01
2.067886894379562246e-01
1.850553788739675853e-01
2.289497772098228190e-01
2.538284740413589424e-01
1.706375951308492511e-01
1.767252665606104944e-01
2.041762139258794517e-01
2.190967894964743756e-01
2.006889779577818445e-01
1.715963971834159330e-01
2.519050148288591862e-01
