mass_ratio
3.821863555659201772e-01
4.296271208477980275e-01
4.430590402907125247e-01
4.697080005662239155e-01
5.206567605619811800e-01
5.494700425301255464e-01
5.816034226089825676e-01
4.702294658443452180e-01
5.362902082311999941e-01
5.010263863305075560e-01
5.776356214165245806e-01
5.683093574402433568e-01
5.427080762827175553e-01
5.907823676859200734e-01
5.939585519239448663e-01
5.153709886861225220e-01
5.062708040142460675e-01
6.633366468379965353e-01
5.179462324827912578e-01
4.861692125568323752e-01
4.826424062959164263e-01
5.781684213080897639e-01
6.156172391432971347e-01
6.097718622599721527e-01
5.637143079169558701e-01
5.388518367559049782e-01
5.030861755686681924e-01
5.547035918967359036e-01
5.547035918967359036e-01
5.440485249487504449e-01
6.340084358981665780e-01
5.755984319638635105e-01
5.545605506683110031e-01
5.624395660507147676e-01
4.987744321606378262e-01
6.591404314259913244e-01
6.328982871987283154e-01
5.936230437783633906e-01
5.322453571391704275e-01
5.727593753126821730e-01
5.327265697415480838e-01
5.686917776437048211e-01
7.006588952571887186e-01
6.008772138551999875e-01
6.001623446758589386e-01
5.045092636027063149e-01
6.634614444555722024e-01
5.860521452116039809e-01
6.279813160361563673e-01
5.874631250883659561e-01
5.402996466079410531e-01
5.287119780101875444e-01
5.248584570338038491e-01
5.685723185037545591e-01
5.951554833332927119e-01
5.951554833332927119e-01
5.141771643350303567e-01
5.499883136069451117e-01
6.112343269455489114e-01
5.546141717968094964e-01
5.837109557109557700e-01
5.627362358368631634e-01
5.892569740435368297e-01
7.096696942625505544e-01
5.955486995582438547e-01
5.745559305685704610e-01
5.595829770632325673e-01
6.235634881166775001e-01
6.235634881166775001e-01
6.400331880969855058e-01
5.242617742791816360e-01
6.126798790797760574e-01
5.657521210387449484e-01
6.307954656964500639e-01
5.830236760906694071e-01
5.901552132340738277e-01
6.234833917053100860e-01
4.967831495914987183e-01
6.655635422906123200e-01
5.898559784584691545e-01
7.013450196273220971e-01
5.094293544371677473e-01
6.094576125409436607e-01
6.428288096642564842e-01
5.400244773947511234e-01
6.602313670953787739e-01
6.359398706603220930e-01
5.230578958062831463e-01
5.253791260492092219e-01
5.044499594628025774e-01
6.164285177729048604e-01
5.942555435226877236e-01
5.789070931485710281e-01
6.553583579396126124e-01
5.822466211984431705e-01
6.575460911862833768e-01
6.437439238457042245e-01
6.144141290584375081e-01
6.271238802595383577e-01
5.503294096249723433e-01
6.115780322701401817e-01
6.887999326214776508e-01
6.568604609951108619e-01
7.149089254952205597e-01
5.652753174301810013e-01
6.086064027854487524e-01
5.676121757115772937e-01
5.283384909058177481e-01
5.288708951584704110e-01
6.037268214788862331e-01
6.911428517641478031e-01
6.358987512373727169e-01
5.054376217926629389e-01
6.508055915767302357e-01
6.330675862849480806e-01
6.287161490301100830e-01
6.486687032100088013e-01
6.769705459770942735e-01
6.311320419946001570e-01
5.795567392659820571e-01
5.710800372330657737e-01
5.438171248489668264e-01
6.711929440019176463e-01
6.688883443581595811e-01
6.232929949094233590e-01
6.685780993633980707e-01
6.517995301011630938e-01
6.026158275403141751e-01
5.938127903703616095e-01
6.484432476772761245e-01
5.780289057939137498e-01
5.784992401421437114e-01
5.955833543292680110e-01
7.118707486749158431e-01
5.565642802431647329e-01
6.530329719572226521e-01
6.521330512718807038e-01
7.350931827680809993e-01
6.745705893647672147e-01
4.765396451105207154e-01
6.498220308991163874e-01
5.263011416631027117e-01
7.253523487106429135e-01
6.312206511745520610e-01
6.074470149995634394e-01
6.508617831756802197e-01
6.172599230234828704e-01
6.271374786305004001e-01
6.494929526403901976e-01
6.293841806082713930e-01
7.287337823703415873e-01
5.372632953074608642e-01
6.014757308108209521e-01
5.949758406685469181e-01
6.658015839145182690e-01
5.764917781406834196e-01
7.717198427916127645e-01
7.198657364758466182e-01
5.539074739729780150e-01
6.997420167591269502e-01
6.657797274753898265e-01
6.572700563195120749e-01
5.581770077904376626e-01
6.885633351004997182e-01
6.369542526117507597e-01
5.468699690003541170e-01
5.695314112829968911e-01
6.896685796545083402e-01
5.733448878259485015e-01
4.786964433048706002e-01
6.652262202353974585e-01
7.080914204978085991e-01
6.680012343327081936e-01
7.489375319504899542e-01
6.488555572488936551e-01
6.253478737771653861e-01
6.483462999910738489e-01
7.695229867509839616e-01
5.884725053299495467e-01
6.946341490523849638e-01
5.583907582012157533e-01
6.594451422363145632e-01
5.889067050105781798e-01
7.798749494436026941e-01
6.901759233430704299e-01
8.152463123381445964e-01
6.315396970615062555e-01
5.399501867481998341e-01
5.528878826641873134e-01
6.585525033335736245e-01
5.860055652876036136e-01
7.473936249665859011e-01
5.525093720585596557e-01
6.405416841864399746e-01
6.394469996926569477e-01
6.553767333883990798e-01
6.294800638328784670e-01
5.979262182322333530e-01
6.085552201084496460e-01
7.012207488291847257e-01
5.587238611064613281e-01
6.409017056170227544e-01
6.218469523905005847e-01
5.833442653897787933e-01
8.319790614861667377e-01
7.140039148810749525e-01
6.866498959792388668e-01
6.477312901729761485e-01
7.443994966162782445e-01
7.129343419729491371e-01
6.834254118419398338e-01
5.772802598922653905e-01
6.158256764367521230e-01
7.198590421978008358e-01
6.499980457020734237e-01
7.340727261045737473e-01
7.011811765729996093e-01
6.659456148229881967e-01
6.039271181689632728e-01
6.257047665653325819e-01
5.615056630441070951e-01
6.590970562435916058e-01
6.752397297300567480e-01
5.646477701546854799e-01
5.457641251183852349e-01
7.657642221617324552e-01
6.285646949598946431e-01
7.644628561742672357e-01
6.144309365035627302e-01
6.323478300455500634e-01
6.931886200546677479e-01
6.998161791655167496e-01
6.372808440995747503e-01
8.025378691380077312e-01
5.857851916582883511e-01
7.175930084395093500e-01
6.950924126953861304e-01
7.531599636235245532e-01
7.276168453482806386e-01
6.107679644307190125e-01
6.145733592716271509e-01
7.480328554584182443e-01
5.621953029996481499e-01
6.438726539602607213e-01
6.182055347201267370e-01
6.502543507432253511e-01
7.066800845912055706e-01
9.096333676253579581e-01
6.312632193588294527e-01
6.406149026619480935e-01
6.779067350963724481e-01
6.208623095512947332e-01
7.433254785906221462e-01
6.318801395886606276e-01
6.226786130949085729e-01
6.271031820415271518e-01
6.305931416646930465e-01
7.061713441725857576e-01
7.676679106680167619e-01
6.711054690478996942e-01
7.496385158637844937e-01
6.446802063693868323e-01
6.100926032296780654e-01
6.117938181414216414e-01
7.171937934531463776e-01
6.888733430846103456e-01
5.592673332501193473e-01
5.696995700075456748e-01
6.838817052833128241e-01
6.138256453716575134e-01
6.309701144221202540e-01
6.155617660911151257e-01
7.426142348045164931e-01
8.862965292984086307e-01
8.067157639211018916e-01
7.307683844978022369e-01
6.904382879173740495e-01
6.088483439281451304e-01
5.975817084067225338e-01
7.322172729663666280e-01
6.941000144941549266e-01
5.449386483789144808e-01
6.855337320949350666e-01
6.557558905558021900e-01
7.428570313226600108e-01
6.210115809343759175e-01
6.291054120172389075e-01
5.839854283102853261e-01
6.773570769690661075e-01
6.738362416868366456e-01
7.135119366779406613e-01
5.436307130525063203e-01
6.524019762381627618e-01
7.128789686277773319e-01
7.013147886059288849e-01
5.434517776382864485e-01
6.026996732015930114e-01
6.216987218259361070e-01
6.666564894289286336e-01
7.738274489309205917e-01
6.239169879477948211e-01
6.864328055382351579e-01
6.768364679960675589e-01
7.965983199161129624e-01
6.556936066028288268e-01
6.044042638430779935e-01
6.071004597576352690e-01
6.457055733036205503e-01
7.199366572130847519e-01
6.608104339293214835e-01
7.838678787533372994e-01
7.812879240614194476e-01
7.106191441990888924e-01
7.106191441990888924e-01
6.725349246133687231e-01
5.946424109213592768e-01
7.995265773221797989e-01
6.326515729641277730e-01
7.560079624507314300e-01
7.268272123250675287e-01
7.648352551769684871e-01
5.280436233216571074e-01
7.485548153296660567e-01
7.402991476363456336e-01
6.735833690975467913e-01
7.380806655906185787e-01
6.221920282292029425e-01
7.008785433036192059e-01
6.113518229792803682e-01
5.910075825341750688e-01
7.554555742584382338e-01
7.168898824796637870e-01
6.304191148795206256e-01
6.313710187711671917e-01
6.354872015038495192e-01
7.186991556179185281e-01
6.943570359859326802e-01
7.667381050042268997e-01
8.327001116274990178e-01
6.829022122813315221e-01
6.190708347272309009e-01
6.247346724125076856e-01
6.168202874549302273e-01
7.432854510590850561e-01
8.541325172101859042e-01
6.326173786817291811e-01
6.406617521695273654e-01
6.453859057292691270e-01
6.702726721978098379e-01
6.019379062341991826e-01
7.694383034052542092e-01
7.913502642036851498e-01
7.010438044134296165e-01
7.850847704273351546e-01
7.883307650485870122e-01
6.554011854273628090e-01
6.364633197991985680e-01
6.948394325464009036e-01
6.292528231855185616e-01
6.762626327098989476e-01
6.082103090368802256e-01
7.253652764974051204e-01
6.703441894933529488e-01
6.437302416860384291e-01
6.541110709614361696e-01
6.180360346600982657e-01
6.319862168885481690e-01
5.904933192671604214e-01
6.495930706740875582e-01
6.404849139556885174e-01
7.178680346829519054e-01
6.629094798928728549e-01
7.103693317249595296e-01
7.133645913180751696e-01
6.483108633236390750e-01
6.139795853959838512e-01
6.000732890675181119e-01
7.969136398413969591e-01
6.742873998629338450e-01
6.596724809349641117e-01
7.084127220118464630e-01
7.358496537388081737e-01
8.115194499187186050e-01
6.558842023237201335e-01
7.739971377136376507e-01
6.609612445190683472e-01
7.894304195144357106e-01
5.629140027048865624e-01
8.167831862395850129e-01
7.024574861199360809e-01
7.639999363606831961e-01
7.799929704380691442e-01
8.057372326752502145e-01
7.269710342684690962e-01
7.357170225110059025e-01
6.484923902869391688e-01
6.247147835981252673e-01
7.294584154163491485e-01
6.284951068237195626e-01
6.099057741379626529e-01
8.225976090577226119e-01
7.067255460545045498e-01
6.570271987117467516e-01
8.247322043571565509e-01
7.980715121089634323e-01
8.585387127312618105e-01
7.475660118873250770e-01
6.832380987850148468e-01
8.182213922759699054e-01
7.341349840591866460e-01
9.337583639479222208e-01
6.107307685974906475e-01
5.928204223923454474e-01
6.927723121338473788e-01
6.712863364234081809e-01
7.751348317018037504e-01
7.082362898433872678e-01
7.577209043460059190e-01
7.388119836002750018e-01
6.220419546265408828e-01
6.220419546265408828e-01
6.503162191003853954e-01
6.238921697573408531e-01
7.072000153383940502e-01
8.104172008574872521e-01
6.678215647691704282e-01
7.852910546146626425e-01
6.950931228212415824e-01
7.327692087160044832e-01
7.515500225015502300e-01
6.158649379274718783e-01
7.597564473721517553e-01
7.303440254924109531e-01
7.111025630660960939e-01
6.595715447234105078e-01
6.705839148226229174e-01
5.805210702689561630e-01
7.440968818513895577e-01
6.788235416047746495e-01
7.408819046695378496e-01
7.413643674076926260e-01
7.303625906145494451e-01
7.535880972359002561e-01
7.545329300087485480e-01
6.407541481634122515e-01
7.425860734279482456e-01
6.138088709230983264e-01
6.850274219817638066e-01
7.463006303783253914e-01
6.173117605107506511e-01
6.734461847008789137e-01
6.491595275474455473e-01
6.688387920295122413e-01
8.037869573746253549e-01
7.355875862305900625e-01
8.047467876779702545e-01
7.108978107915940869e-01
6.014115172546393717e-01
6.798900807360248599e-01
7.457060608771718391e-01
6.826347163639627791e-01
6.380229863250446165e-01
6.385583248882760188e-01
6.766367979887888406e-01
6.564057514187963127e-01
6.823028327457291153e-01
9.549616827223001980e-01
7.787897364551853441e-01
6.223824419076428027e-01
6.732276830998389361e-01
8.373648131855411236e-01
6.513691031915291862e-01
7.755077737839591867e-01
7.573009223622219066e-01
8.668895361903738994e-01
6.603933228549548895e-01
6.893604554382927185e-01
6.470836272593698535e-01
6.612193367420181600e-01
6.280450538376822767e-01
8.387874818595613124e-01
7.454855951628035493e-01
7.976428535899194872e-01
7.364433903631973921e-01
7.044023817126259246e-01
7.447164304085794884e-01
6.879975156776707568e-01
6.811780981361648113e-01
6.811780981361648113e-01
7.303763883172218474e-01
8.105237590554731364e-01
6.900289934616712362e-01
6.344132016767114468e-01
6.522355453558850158e-01
7.204828411531801757e-01
6.777651293880864181e-01
6.945157926107790036e-01
6.944313270530185767e-01
7.852410842348082065e-01
7.608690196297213104e-01
7.330638879534111529e-01
7.752665416294330925e-01
6.685004539705304838e-01
6.201928484806565889e-01
6.986037892209214784e-01
7.675141477674475299e-01
6.513400210654426425e-01
6.874384260963887217e-01
7.156601552564159086e-01
6.373503865304246396e-01
8.731567798171777639e-01
7.230775139470893009e-01
6.454822073964985307e-01
6.652612621793424497e-01
8.317956392252749964e-01
7.956570958287142448e-01
7.973923284787580723e-01
7.860006728148941635e-01
6.842903956422000666e-01
6.768279714709443118e-01
6.996782221596136164e-01
7.155406236005269482e-01
7.904478872342930451e-01
6.532391133915149695e-01
6.805754160788678453e-01
7.203563152121633673e-01
7.100512536517269435e-01
6.966271866092209608e-01
8.318848520157524629e-01
6.732832514691520220e-01
8.155245903880389280e-01
7.190924728411024480e-01
7.163960894504652899e-01
8.145510349106873660e-01
7.761394445345205506e-01
7.389763572953779169e-01
7.454738170765956573e-01
7.403539219289948514e-01
6.424281864556513622e-01
7.601773039881779548e-01
7.022621941370633669e-01
8.096278928424474053e-01
7.181357307050586503e-01
7.627242352274467008e-01
6.976724340612266984e-01
7.070308707679826554e-01
8.938808765474866025e-01
7.218545089796225556e-01
8.478720292889407872e-01
8.173874669001639504e-01
8.384664589301739079e-01
7.442889286268989935e-01
7.725785756955164674e-01
6.157051473384579365e-01
8.423094629686282975e-01
6.128402760535685001e-01
6.823193350598836249e-01
8.486833340226898059e-01
7.469096465428709530e-01
6.921106816994013755e-01
6.698409740248326694e-01
7.508292959112699005e-01
6.934858426894505712e-01
8.773080271892506055e-01
8.270177180784018534e-01
8.177755245674155349e-01
6.940058192876549237e-01
6.936928752432811596e-01
6.337797241195337605e-01
7.677509347042632548e-01
7.585478839183672495e-01
6.198681542459388849e-01
6.680541860605289095e-01
8.023550697248974517e-01
7.762372283487570801e-01
7.418314979129533304e-01
8.217487142898348695e-01
8.021572622408786879e-01
6.926154236199474346e-01
7.394470929099522527e-01
7.754474296129915123e-01
6.730726961285320442e-01
7.941580353741487519e-01
7.267242988632863776e-01
7.512133400696261454e-01
6.776193569090864788e-01
6.776193569090864788e-01
8.370158955155468927e-01
6.635206988981033893e-01
6.596332477197294208e-01
8.176723396479604888e-01
7.894934064688834408e-01
7.460339651590667254e-01
7.939545747759642058e-01
7.314291583886458614e-01
7.196021968673447233e-01
8.298844571988888141e-01
7.075192783389214757e-01
8.065165749864362521e-01
6.705953068361515390e-01
6.234655438561332863e-01
9.215697226615555682e-01
7.924834331113890240e-01
7.576276928693286283e-01
8.002276514350927794e-01
8.122324367829805158e-01
7.129416269342455648e-01
8.875289750731250038e-01
6.880406515764766473e-01
6.648701235798304410e-01
6.693933288410695015e-01
6.563400539503939646e-01
8.635471215561490999e-01
6.776137069032484028e-01
7.266671420672727866e-01
7.376762342851778120e-01
6.950332821409833661e-01
7.455838824803242559e-01
7.157578109179902892e-01
8.466364692326034946e-01
7.205012585503742795e-01
7.446561711134810357e-01
6.836610127009544735e-01
7.707181642022786772e-01
7.727277868124934335e-01
6.188937475216705897e-01
8.141259310589346043e-01
8.141259310589346043e-01
7.697925564720931035e-01
8.255134592384666403e-01
7.797725388622989140e-01
6.466715684514033891e-01
7.693118672617224041e-01
8.828688571049883027e-01
7.649674699923726395e-01
8.001330188737012516e-01
7.143087903501919023e-01
8.723166309716371414e-01
6.926370866174598184e-01
7.173210615433318615e-01
7.447227651619411359e-01
7.703160597018557931e-01
6.707720751931172121e-01
8.104610096633421135e-01
7.361903053403701103e-01
6.439314429190897693e-01
7.246129507660813429e-01
7.218524368364097610e-01
7.147348960809862817e-01
7.859428465089014493e-01
7.532661854454995032e-01
8.247699378442749918e-01
7.014171762621973505e-01
6.776918794567237114e-01
8.311762075718721610e-01
8.051412379234097472e-01
8.124263813062263528e-01
7.867481144887770173e-01
7.956243252724362058e-01
6.719190966023979028e-01
7.299900567638649695e-01
7.119063191604152463e-01
7.957629959658381047e-01
7.155206348672630279e-01
7.950974979452295477e-01
7.653686503771275351e-01
6.192732426262894663e-01
8.530406848282533483e-01
7.589947286330930298e-01
7.028367122206777839e-01
7.344216053894706553e-01
7.933004245089453343e-01
8.098134262123363181e-01
7.139706410750286114e-01
8.827893528600682105e-01
8.110490402136714128e-01
6.228632067197320543e-01
6.228632067197320543e-01
6.672507592988925484e-01
6.958991576308608540e-01
6.442868201583584753e-01
7.768156436077474636e-01
7.798994931331759695e-01
6.909137715963956650e-01
7.796064530700274053e-01
7.281377582487347233e-01
6.773372843541065613e-01
6.951455883029256100e-01
7.603793319442969656e-01
7.125181810735230492e-01
8.111666363966270055e-01
8.193864878481450509e-01
7.069167637789627312e-01
7.885423567870165629e-01
8.632473404549425577e-01
8.694042830885694295e-01
7.139266460998295871e-01
7.642410768702483370e-01
7.645139384630309509e-01
8.293090759025696368e-01
7.190202613589689040e-01
8.084302904667637346e-01
6.785922285985229729e-01
8.815072778910234552e-01
8.602385395366290988e-01
8.437585419087233474e-01
8.083163764236876991e-01
8.349278117904913588e-01
6.194439258205374221e-01
9.057801320283863644e-01
7.757021081862254253e-01
8.530364156421922361e-01
7.830075159736934465e-01
7.623025503674690784e-01
8.143442354589054410e-01
7.671683205509250980e-01
6.896285757576335884e-01
8.683983929320425732e-01
8.200962954308441688e-01
7.132748683827559999e-01
8.870949465554314184e-01
7.272113505086541529e-01
8.490484040899437534e-01
7.214644212846518245e-01
8.749886182946956525e-01
8.790510527190209533e-01
7.725000505846093546e-01
6.439378610507303646e-01
6.737755544821433240e-01
8.693838064331410598e-01
7.066850919893782335e-01
8.356646305003462283e-01
7.968567672976926142e-01
7.916105224262093287e-01
7.591269740233249630e-01
6.626975821915709330e-01
6.354918611443518550e-01
8.242600150363872391e-01
7.131590160939315082e-01
6.628804573928108734e-01
7.478269974775966222e-01
7.846681250003123553e-01
7.101783377084254223e-01
7.900757995722121896e-01
7.240201953710434513e-01
8.073377504078861344e-01
7.353326027717126401e-01
9.833791849061923607e-01
8.115334830523029952e-01
8.740714288420744493e-01
8.051271877859579318e-01
8.980230298774083408e-01
7.110367921679372483e-01
9.438542035021834087e-01
6.916637817639985641e-01
8.233277272495576060e-01
7.976941651217579476e-01
7.488104341049421908e-01
7.873496476960057944e-01
8.591621924651084985e-01
7.379359396904837665e-01
8.605241823906033538e-01
7.434697070678184527e-01
6.489413032510156221e-01
6.554869913235505940e-01
8.537286022759020820e-01
8.504842226265312277e-01
7.219026681350105834e-01
7.110282526576078288e-01
7.367767990407603218e-01
7.411345912182544238e-01
8.123650655877989735e-01
8.146158903884423985e-01
7.969239211178738014e-01
6.881907463633444300e-01
8.605778189216646279e-01
8.743003900479491275e-01
6.840708476347751033e-01
8.266125027867124997e-01
7.275493267897074068e-01
6.828082104658163010e-01
8.142676376022515150e-01
7.583367266511122917e-01
8.131243670292459536e-01
7.034591226798483365e-01
8.385427359436361527e-01
7.223169763494325935e-01
7.134392144245380596e-01
7.173057577500840942e-01
7.739002013487773501e-01
8.071172961757095976e-01
7.619005054055304482e-01
7.619005054055304482e-01
7.711990322610146054e-01
7.377147741437105610e-01
8.701735800981948987e-01
7.510800812161122497e-01
7.431444646123100961e-01
7.580361409754086122e-01
8.114127587870605396e-01
8.219094662187887979e-01
8.290700289551874436e-01
8.221273269687542351e-01
8.204134452650172493e-01
8.114453668668450970e-01
7.762710148950231481e-01
7.328164635142733196e-01
6.887689280517147461e-01
8.369816088949341149e-01
8.438209254909383450e-01
6.967146863888553643e-01
8.959560867973591636e-01
8.164777418810021947e-01
6.684799760410725655e-01
8.111088293195202192e-01
6.950510384898823668e-01
7.777094723796670328e-01
8.118914573250274325e-01
7.405294466356306948e-01
7.211596600824767833e-01
7.211596600824767833e-01
8.993058880823332490e-01
9.086660780218092093e-01
8.972089604617542458e-01
8.495947339694496225e-01
8.518752473704721551e-01
8.738113962902827048e-01
8.256546973983366344e-01
7.025016187226270636e-01
6.609424724997319256e-01
7.839250498489340746e-01
7.686958094588109969e-01
7.340433447732661598e-01
7.964241296496300526e-01
7.521877717991602985e-01
7.523603354707839586e-01
6.680788298658681956e-01
6.549666064899419826e-01
8.466075154716674600e-01
8.189179258485629331e-01
8.961069825964578239e-01
7.705914923591937749e-01
7.535473259104031873e-01
8.254161285827193995e-01
8.007436243137241449e-01
9.291033775268260353e-01
8.759837996268478033e-01
6.674429691563367184e-01
8.962569990239214190e-01
6.848733604578278733e-01
7.237585789083376131e-01
8.323396105898418496e-01
6.814054844754803275e-01
8.300887685014806117e-01
6.741315837120627208e-01
7.991532200997586433e-01
9.354250431651044417e-01
9.574072262354943463e-01
9.161401253795263822e-01
8.331585361078165386e-01
8.441763905985616434e-01
8.353421470473432198e-01
7.954876712099717695e-01
7.705694730944223636e-01
8.496333834343018365e-01
8.200965524020370490e-01
8.200965524020370490e-01
6.784210638519784231e-01
7.546068039028042129e-01
8.592626177472357796e-01
7.885338728914735862e-01
7.084308178739625594e-01
8.238323316089494197e-01
7.833942125776146570e-01
8.567560372553324477e-01
6.979412916684856194e-01
7.611923387428736199e-01
7.563853111295042453e-01
8.949911161116615999e-01
8.231839820756829962e-01
8.855736459443289688e-01
8.179668127685805201e-01
9.190807469574260313e-01
8.332220731260026048e-01
7.298797467484021695e-01
6.873994311768653054e-01
8.152022160066954015e-01
6.766362218898857028e-01
7.709235076145402044e-01
7.186622842274393852e-01
6.378973569941580601e-01
8.794646177915775853e-01
8.201918371138307018e-01
7.479349294157897621e-01
7.203369819829279486e-01
8.738897595572309163e-01
8.505966959137457595e-01
8.518128059538966346e-01
7.704969702839885581e-01
9.085995055103818219e-01
7.694356155577980472e-01
7.818811795233245876e-01
8.255468970933060868e-01
6.800864572977451949e-01
8.121930174680431769e-01
7.466956668447122247e-01
8.342902492115370494e-01
9.141866409220830159e-01
8.516210880206418476e-01
7.257696377265030474e-01
8.557179696070728037e-01
9.121751327406387722e-01
8.420650748021913934e-01
7.710065807528828641e-01
8.767089208506255726e-01
7.962093854210218202e-01
8.599423097367585589e-01
8.869347783440181265e-01
7.355646295158378978e-01
6.894515800775457004e-01
7.342721978911203040e-01
8.136148771886483333e-01
7.628175216290885574e-01
7.616363279286189059e-01
8.480754551931068974e-01
7.726775447493725579e-01
8.334161801938976266e-01
7.933905502751394945e-01
9.274417551510946156e-01
7.284249849468684701e-01
8.453795457564433624e-01
8.592792160868084617e-01
8.667569163750298289e-01
7.984741723897941235e-01
7.945583126133950458e-01
7.831157628209386434e-01
7.428261795024339031e-01
8.958851132094717284e-01
8.716575212409366502e-01
8.153354823656371320e-01
7.393553666085593834e-01
9.014665086911339831e-01
8.267932448015078428e-01
8.614017310118009529e-01
8.167235558050277566e-01
8.964537129175490504e-01
8.025842680029887655e-01
7.116486391089321684e-01
7.321777539883209673e-01
8.022992016030860984e-01
7.719140274258778911e-01
9.402117709540553925e-01
7.394035311468269978e-01
7.820042273554862478e-01
6.663707521080737273e-01
8.414669775187892942e-01
8.377625053685098244e-01
9.072347807450455992e-01
9.238695815598243488e-01
7.132113806958160218e-01
8.191913993394891458e-01
8.249708603859735589e-01
7.445572076551556506e-01
8.830188156029186164e-01
9.073761546506537989e-01
9.164734776372696068e-01
8.292621306231335865e-01
8.028345641876011296e-01
7.264366719204745637e-01
8.894782699552531424e-01
8.327607301241222171e-01
7.665334011351078169e-01
6.948193043164982985e-01
8.265179800019266665e-01
9.227650998751160127e-01
7.252356570343253539e-01
8.803275047064046399e-01
8.559625504586656497e-01
7.103227921221447749e-01
7.851647269027054454e-01
7.837945018279042220e-01
7.700239798782929634e-01
7.158340244133291064e-01
7.879985433983656140e-01
8.627243527847255899e-01
7.807072952354138229e-01
7.560073287885098470e-01
7.890198346534605944e-01
8.205032961568378136e-01
7.713492956597819417e-01
8.810083880079635499e-01
8.124761419102994875e-01
7.961409825697014497e-01
7.405499597313658366e-01
8.535519114678450370e-01
7.670129121260493843e-01
9.381549538783460207e-01
7.699866003414979065e-01
7.956792602598645736e-01
8.069794959743423757e-01
8.269001808563218869e-01
9.365938468353636193e-01
6.880920979082119082e-01
8.461245877216212463e-01
7.863168748892850335e-01
9.879614334158828282e-01
8.429011639094018404e-01
7.620059787515871541e-01
8.753805227480901952e-01
7.895237875617954204e-01
7.068580564783496500e-01
7.929171691673746469e-01
7.254718082720083006e-01
9.118612065288466129e-01
7.535243750375805183e-01
9.297170103009337883e-01
8.479908294579000527e-01
8.334932185935446380e-01
8.134068351347425452e-01
8.879845894372069282e-01
9.618780907983928152e-01
8.289574353117165062e-01
7.657900760980547172e-01
9.329940789950675883e-01
8.068463726977640471e-01
8.975246985760896301e-01
8.275222400475836793e-01
8.396766680508589431e-01
8.667439114478251438e-01
7.321252478847269929e-01
9.155366346660246402e-01
8.583879141937024171e-01
7.895781706241994380e-01
8.571008997212716807e-01
8.050213471663980602e-01
8.215418338794674424e-01
8.702633233191013895e-01
8.301872232409506225e-01
9.268472332803240343e-01
7.869727197044195099e-01
7.546079289096132570e-01
8.601769985087197590e-01
9.537269148218577852e-01
8.757600518840269466e-01
8.873099248864396715e-01
8.472958007572601868e-01
7.790609737591958073e-01
8.040631158341922102e-01
8.480675707650767725e-01
8.476335798335832283e-01
8.674260899739182351e-01
8.562249407427994230e-01
8.883507312169641734e-01
8.390513045697435279e-01
9.369069491817582085e-01
8.503183858154627073e-01
7.465570717543233981e-01
7.341615266762636649e-01
9.326355376142028142e-01
8.725728109151452694e-01
7.655944076734352288e-01
8.360355493964874984e-01
8.823739946148106972e-01
9.411690467025514151e-01
7.462341690277715101e-01
7.360460796206530487e-01
9.212251528059007821e-01
8.153256792727266999e-01
8.970479926738833543e-01
8.235757313661712375e-01
8.821546495007779320e-01
7.714525617251279943e-01
8.759566815038951626e-01
8.789369526554582368e-01
8.504952798559342053e-01
8.682217073474867153e-01
8.741184651091450375e-01
8.760110007034724866e-01
7.903685033521284931e-01
8.881895222386541056e-01
7.676449858910866508e-01
7.636423920852269953e-01
8.044205028241232514e-01
9.437350245481967992e-01
6.875021076881828730e-01
7.938275325804777793e-01
7.704231020627866355e-01
8.599797522344265754e-01
8.331291064869379426e-01
7.979462655300690876e-01
8.906419954421863627e-01
7.882092547059245113e-01
8.576270682540995116e-01
9.232376071379444493e-01
8.433111628728674480e-01
7.518107241511365890e-01
7.451095491586234854e-01
8.216532570096797272e-01
9.382955596114164187e-01
8.760964222033132964e-01
7.911184879359597355e-01
8.620205209797822121e-01
7.704391820710033700e-01
8.923866969208661404e-01
7.547063463184836563e-01
7.761184348016364476e-01
8.048740840111643369e-01
8.326478795251054388e-01
8.967762182285673456e-01
8.872681422868466949e-01
9.461429826757355999e-01
8.940922189060732661e-01
9.033548144406238212e-01
7.213456777802444986e-01
8.506149928981774355e-01
8.837100171016909478e-01
7.423666346101053248e-01
8.995116457919718478e-01
7.542729013879042599e-01
9.005258648151881484e-01
8.562626295202425686e-01
8.933494740763850972e-01
7.164346142704125509e-01
8.325246220468414116e-01
8.484762754370620552e-01
9.558110233223827690e-01
8.737110522651213573e-01
8.033401440505434365e-01
7.302048542074898174e-01
9.582988093350324199e-01
7.952944433174655714e-01
7.350551877650547405e-01
8.442297740875127632e-01
8.442791485820012598e-01
8.563689391293232145e-01
8.139366657609492517e-01
9.042476309044652494e-01
8.200240986451052816e-01
8.200240986451052816e-01
7.314744809378348478e-01
8.336761257038572959e-01
8.013021143963861004e-01
8.522571760468387048e-01
8.168843089029695914e-01
7.257496813736338259e-01
9.064422398032152550e-01
7.653655120388083155e-01
8.785740473513338200e-01
8.785740473513338200e-01
9.573843392665524199e-01
8.107130497176636696e-01
9.063953190544118410e-01
7.371236449033029547e-01
8.142289407001097601e-01
7.376846297469685787e-01
7.771045939943640457e-01
7.778284512931098460e-01
8.213713806511708793e-01
9.687281887363502486e-01
8.728357841808151996e-01
8.203583788110530017e-01
7.709241941143788468e-01
8.403440137485097550e-01
9.607464612877828491e-01
9.260047441887347963e-01
8.121168233360706035e-01
9.405117473565172137e-01
8.614680196018437153e-01
8.619903963159987192e-01
8.066909199288219146e-01
7.782654171549278077e-01
8.240164473854066918e-01
9.145237688656867592e-01
8.813755837912941038e-01
7.358167358437009975e-01
8.698567955636240523e-01
8.001011974592664444e-01
9.452140690408189494e-01
8.437221744643514931e-01
7.338782001819506018e-01
8.239053564490146364e-01
7.887490156983698597e-01
8.335634653699669494e-01
9.154887654851624479e-01
9.154358439563193839e-01
8.773795264104059521e-01
7.484143577293893568e-01
8.591776325203051012e-01
8.665879864425514167e-01
8.032209559121762377e-01
8.032209559121762377e-01
9.524444606698552196e-01
7.861096866179324572e-01
8.553760825502791931e-01
9.200686322732212208e-01
8.416105324791064435e-01
7.367065426314798327e-01
8.264504878453842185e-01
7.708762141790007627e-01
8.453000872969042012e-01
8.448843207813341305e-01
9.398258887582251475e-01
9.183293241008579910e-01
8.427391183910434291e-01
8.303997236883940980e-01
8.285043915701270079e-01
7.358634875844901613e-01
8.666463798257978413e-01
8.199242622555241722e-01
8.852616738456109413e-01
8.777339120072183976e-01
7.861364153596428483e-01
9.523712025506182455e-01
8.926947316873405924e-01
8.114640056762183473e-01
7.696428228867402410e-01
8.772865347106922895e-01
8.148037803358549880e-01
8.280133837853644874e-01
8.009920243549669694e-01
6.932295896247336886e-01
8.055419730980998283e-01
8.976341616915045618e-01
8.410883809370287567e-01
8.516398305830146231e-01
8.120933339745715074e-01
8.120933339745715074e-01
6.861432065539067038e-01
7.689053655230041473e-01
8.930996233058590139e-01
7.968739648393602382e-01
8.872558023205373567e-01
8.426468232715738083e-01
8.729795189548412715e-01
9.106580811227495964e-01
8.245439520582195092e-01
8.748939578362957548e-01
9.163153358412420291e-01
8.303783058750278112e-01
7.710545477601749020e-01
9.641088425476995738e-01
8.593299151520470414e-01
8.548857390597427441e-01
9.164914969033020054e-01
7.845767142993191889e-01
8.067987300022293473e-01
7.733951369875506909e-01
8.041120332648173941e-01
8.082385145365573731e-01
8.337671582295878014e-01
7.854221614723621014e-01
8.846677722823163004e-01
8.296858109611973120e-01
8.033551390372386525e-01
8.633367651732506420e-01
8.245770450970193455e-01
8.069700783459023974e-01
7.709099045922913618e-01
8.758404145039727640e-01
7.835244666380108969e-01
7.371509174371853046e-01
8.393786584946453244e-01
7.640252177807779210e-01
9.228882674469182090e-01
8.487201462130781193e-01
8.313355597177939371e-01
7.825548038555469876e-01
8.395005049599164604e-01
7.523821323659395377e-01
8.458277055166727454e-01
8.175964253745564569e-01
8.331896101241086372e-01
8.747153607280635512e-01
7.655491525239341843e-01
7.400705703720018569e-01
7.989353953997225810e-01
8.261893876930271885e-01
8.987229858776601965e-01
7.520779121750138518e-01
8.500914121281628599e-01
7.361680343280726513e-01
8.523799459179979277e-01
9.137120781378106349e-01
8.285443729176349414e-01
8.893838142160656046e-01
8.172877603783847977e-01
9.258914830054604250e-01
9.280338163600534429e-01
9.589642786285318410e-01
8.085733030405272137e-01
8.999509910535854473e-01
9.645757815285279646e-01
8.241236335425839998e-01
7.775134472797855523e-01
7.528740303482518437e-01
9.153217407981714127e-01
8.303692481610559506e-01
8.947661278043941291e-01
7.127054332689136684e-01
7.821076371381523451e-01
8.064679684672124704e-01
8.629339538178762981e-01
7.990118808300381570e-01
9.354618832494328018e-01
8.248276974583798049e-01
7.354489969659421256e-01
8.384117383198789186e-01
9.443960056718515572e-01
9.405285371647158499e-01
8.895214449288483261e-01
7.538640253667379110e-01
8.089149193976165053e-01
8.247334517008914068e-01
8.247334517008914068e-01
9.753236390409864009e-01
7.976006973565266112e-01
8.396593277862214322e-01
8.970693250873450486e-01
7.878070819232464439e-01
9.225735549566980165e-01
9.504963879689255490e-01
8.433764521529899527e-01
7.573045184869191537e-01
9.273541890955655509e-01
8.719714249015955154e-01
8.670656134248277969e-01
7.850307583837603520e-01
8.459000811570829281e-01
8.124561563591100599e-01
9.087977290643559636e-01
8.211575927729104496e-01
7.977236289227650490e-01
8.742444126642121560e-01
8.305485696802813456e-01
8.932171817343874665e-01
8.180342951448844602e-01
7.482736310944197999e-01
8.415604718656595207e-01
8.238360253724426041e-01
8.777914723245218154e-01
8.157363574874636480e-01
8.182161028588877949e-01
8.762853406654047550e-01
7.278574822480653461e-01
7.349454823396057712e-01
8.738410984544803251e-01
8.886251989150394381e-01
8.572207603778008167e-01
9.710113841943756041e-01
8.024133512369149290e-01
8.455746451026293631e-01
9.507389754206185817e-01
9.296844345596986248e-01
7.455943740865530467e-01
9.530616684342263500e-01
8.309953932657156983e-01
8.119351364327374032e-01
8.197303599514973449e-01
8.267261883935503874e-01
8.504458855193458566e-01
8.474771002628775918e-01
7.472373146623918494e-01
8.296621382945418288e-01
7.946566200222269227e-01
8.676574024124956708e-01
8.455832495007410410e-01
8.373544703245487941e-01
9.351878096974955978e-01
9.702265705802012308e-01
8.491748646199498429e-01
8.612678297198956834e-01
9.335343466951712132e-01
8.447074097451332531e-01
9.235370718821102054e-01
9.906215711126468149e-01
8.069883904656262041e-01
7.659934630911190423e-01
9.171583857382648031e-01
9.412409397310314008e-01
8.179184436686361970e-01
7.707218104868515107e-01
9.278393474005619534e-01
7.481215914198179329e-01
8.858783899826694341e-01
8.288279375125298110e-01
9.207087755111476035e-01
8.562965565616434960e-01
9.315202459888951569e-01
8.444852214555189640e-01
8.829007608889077874e-01
8.795007044020877185e-01
7.833252653923271636e-01
8.953451258671363266e-01
9.068987972670351505e-01
9.278021028283479632e-01
8.571200282595586861e-01
9.419489614040081893e-01
9.009011826131400058e-01
9.066063220892826013e-01
8.589126064344849709e-01
9.425842661645088549e-01
9.018279398944023528e-01
8.616826621244596529e-01
9.613515082832180259e-01
8.823738379623945471e-01
8.372323182121695906e-01
7.970925146217266999e-01
9.011519607706147683e-01
8.284756329319461488e-01
8.690710658362565955e-01
8.488969655634108769e-01
8.118773165081432097e-01
8.521104501635391459e-01
7.723957826165177565e-01
9.251989364825849993e-01
8.236919716114190493e-01
7.463812899216396568e-01
7.463812899216396568e-01
9.149013522293866219e-01
7.951116193726932568e-01
8.929468426926916447e-01
6.896519972602340731e-01
8.767544339921115037e-01
8.563359531866048258e-01
9.022386045281728384e-01
8.472650268908684668e-01
7.944514476299393557e-01
9.583064369242115799e-01
9.293591705352601817e-01
7.827503813879640449e-01
8.625307913629621792e-01
8.552146430548319689e-01
8.646585029041179427e-01
8.488629131622398294e-01
9.552416648061460291e-01
8.163209541124109014e-01
9.435978562356523991e-01
9.211707730449764098e-01
7.596423903170258507e-01
9.572481135528968510e-01
8.615896493113210930e-01
7.400526787741934509e-01
9.908199636520456099e-01
9.027590498668639496e-01
8.494835978181497493e-01
9.754173270793248252e-01
9.858460251204358427e-01
7.995285092770755275e-01
8.955465352259761591e-01
7.759114895330530004e-01
9.722650397479140061e-01
8.265137043243242498e-01
8.832790930270667529e-01
7.897546843064701116e-01
8.244044057944992510e-01
8.035284248617347025e-01
9.198118600685584179e-01
8.001893179465914274e-01
8.297604276510830434e-01
9.369144261595615530e-01
8.724130613148325386e-01
8.844814150749916726e-01
8.021674832694587476e-01
9.135906826369100120e-01
8.884679773088079990e-01
8.736722234648076624e-01
7.438282250761741876e-01
7.890996321773035005e-01
8.862697925072139382e-01
8.039395618109340669e-01
8.446042031105085446e-01
8.967755957792632460e-01
9.473827113094107633e-01
9.693384675643139659e-01
8.754824670886797167e-01
8.520967939979408046e-01
8.975690770747234426e-01
8.232168773134216355e-01
9.509587952349936035e-01
7.970291210179037966e-01
9.275894123669196079e-01
7.355572017061392520e-01
7.909398122893674943e-01
9.561637610833122469e-01
8.746881625765281498e-01
8.609285045227034194e-01
7.478870206382787211e-01
8.579547450850365520e-01
9.112625548007904364e-01
8.762424804338388995e-01
8.928794548969432032e-01
8.472064226454715241e-01
8.517976860733738054e-01
9.439989671977667696e-01
9.375905401831707842e-01
8.297754463921213075e-01
9.304398928068323693e-01
9.562378508133362320e-01
9.301485388875203597e-01
9.137498488028895638e-01
9.223821799940420396e-01
9.625761112307144041e-01
9.574457365789044161e-01
9.528751943850035655e-01
8.802299495825061104e-01
9.583003816152215748e-01
7.810515358222460680e-01
8.570784429890826450e-01
8.469237489443507405e-01
9.040152762457808189e-01
8.485319972708590397e-01
9.455841945386389558e-01
8.009821064563724669e-01
8.106432170774029444e-01
9.237962993735600037e-01
8.089215524495810827e-01
8.861034899531792242e-01
9.131371405876244074e-01
8.441030377884355396e-01
8.830546447883277361e-01
8.495653721059445163e-01
8.238288322021437571e-01
8.695673200189858454e-01
8.099114742380498777e-01
8.354375819252074509e-01
8.778661395575156901e-01
9.089151176651976138e-01
8.368674314322882557e-01
8.782892556287470454e-01
9.310837293642676427e-01
8.913072755461993735e-01
8.055824498436227055e-01
8.491055602183865680e-01
8.570183903764835298e-01
9.508877414927278116e-01
7.688496557139433696e-01
8.876172632213347180e-01
9.862770860244634008e-01
9.050634194325100079e-01
8.007771784380365299e-01
8.637534316101610488e-01
8.510471143108805370e-01
7.707283055599949417e-01
8.093494909634403323e-01
8.973347798524722307e-01
7.771912127895993505e-01
8.764153759225024043e-01
8.886819225322994953e-01
8.433338719214524826e-01
7.972375839506752326e-01
8.453892344166438200e-01
9.223282988727400378e-01
9.490087814319807524e-01
8.997852228474938485e-01
9.380040332912999990e-01
8.857303729271093218e-01
8.800511916230894238e-01
8.329092893764189487e-01
8.807332329653596581e-01
7.619418824084394082e-01
7.819446854648945955e-01
7.549343503430114843e-01
9.165807893028742326e-01
9.433779047538304319e-01
8.967512988895844916e-01
8.036758058605109056e-01
9.517819604175944415e-01
8.613841892753411056e-01
9.144730787131267746e-01
8.973884800027770448e-01
9.741606498509991496e-01
9.567334041876568440e-01
7.551133258112325830e-01
7.863381581639677931e-01
9.081203457833354475e-01
9.390611903300184471e-01
9.259392911833107531e-01
8.810135002762146117e-01
9.410450671843739734e-01
8.636035642914723365e-01
9.378414802483108215e-01
7.273565763079216095e-01
8.720618254344008058e-01
8.207746578375429980e-01
8.445189478946413253e-01
8.445189478946413253e-01
9.146597705666446032e-01
9.435022508560607646e-01
8.350958980726507219e-01
8.431515203202527564e-01
8.705869285632703569e-01
8.471897787192533835e-01
8.520102920704769600e-01
9.054927963800387669e-01
8.373524835357784024e-01
8.476558936833146207e-01
8.446513391793181169e-01
9.005941201940859120e-01
8.651841260778655451e-01
8.239381518934697501e-01
8.352531319858924608e-01
8.771712764225563230e-01
9.679364225636052366e-01
9.675001979032376020e-01
7.787203115573674284e-01
8.417141261557267162e-01
8.370920480523768026e-01
8.635657346749288088e-01
8.435618563474341913e-01
9.478814731372680047e-01
9.027073536086992478e-01
9.123497166703186112e-01
8.431908448614109375e-01
8.896718095008109284e-01
8.962680572106637156e-01
8.475579911983437409e-01
9.427414039499195653e-01
8.981748853631775775e-01
8.091116596146752382e-01
7.928394938643974488e-01
9.259263010004491479e-01
8.483338140977479958e-01
9.197073054464468544e-01
7.841695814978661971e-01
8.446351416041926186e-01
9.298945604899071515e-01
8.372372706413302446e-01
7.564246678109304289e-01
9.223277637868175782e-01
8.850559000336083448e-01
8.850559000336083448e-01
8.016182075730724499e-01
7.969584797719556635e-01
7.969584797719556635e-01
8.717662733759909965e-01
9.274942479631788084e-01
7.837984624886509266e-01
9.124646558900058047e-01
9.327070164131360253e-01
9.761573690944952419e-01
9.145215606378224171e-01
8.349163236795642540e-01
9.222566761322787965e-01
9.643898604175051847e-01
9.575997859073286378e-01
9.560655084052988029e-01
9.442346234616063594e-01
8.456004766804814388e-01
8.456004766804814388e-01
9.526063963999930051e-01
9.440770841004602065e-01
8.733287905074899049e-01
9.039139429829555761e-01
9.081650498186584208e-01
8.399690712339650256e-01
9.481475918302260109e-01
8.463317409480669573e-01
8.275362960646681643e-01
8.251457736346067273e-01
8.781679522262606508e-01
9.123670389727775998e-01
9.123670389727775998e-01
8.488458104470207877e-01
8.658483737026850813e-01
9.066035348396686011e-01
9.189076166187032380e-01
8.744282065897971412e-01
9.935642874353356468e-01
9.646461478053064420e-01
8.392200532089650888e-01
8.891708988151345583e-01
8.578527083033277156e-01
9.508685136932467641e-01
9.241147597017224102e-01
9.172776520627378138e-01
9.757141749077169468e-01
8.566725212468092598e-01
8.666557712267696223e-01
9.115579055037376088e-01
9.782808656368280342e-01
9.792428347406132438e-01
9.507387269884719494e-01
9.428243528133938289e-01
9.286177197113939519e-01
9.091287700269298222e-01
8.432407521132204709e-01
8.775975256169288308e-01
8.337004164935174488e-01
8.199033881458366313e-01
8.739393798894345977e-01
8.293453953175018434e-01
8.529068824631022006e-01
8.677786782422394207e-01
9.285315980217240250e-01
8.520097385003385648e-01
8.437567543135447989e-01
9.664401816008828527e-01
9.252794512125366300e-01
8.495575385654927647e-01
9.668769819030728074e-01
8.556407349119586891e-01
8.660999062642944502e-01
8.495263935745100969e-01
8.129023632324342552e-01
9.794796461166009882e-01
9.768762792191103550e-01
8.953046215066378100e-01
8.298251095360266172e-01
8.078689725515350029e-01
8.127523017439381992e-01
9.124689533935620434e-01
9.243249826629703625e-01
9.416297578884643693e-01
9.767275024894167545e-01
8.224771273948358052e-01
8.635583612533094255e-01
9.440696662404908235e-01
8.518788027103726401e-01
8.874216917243522573e-01
8.302308914170823950e-01
9.479247514118346318e-01
9.115894157478896531e-01
8.663430432683904003e-01
9.268662449730400432e-01
8.810627192104221184e-01
9.632618539198064544e-01
7.541251870623848497e-01
9.412983028873416202e-01
9.486219434816584029e-01
9.893087465668262137e-01
8.372328152552286351e-01
9.840912696516459501e-01
8.839613569855437891e-01
9.178526221570814103e-01
9.431141796808949485e-01
8.686479744059711905e-01
9.945099388415935548e-01
9.677033651792368296e-01
8.901526250676906615e-01
8.598645216930758117e-01
9.308449142085289951e-01
9.549195472450140443e-01
8.366588938236984019e-01
9.467287246540716517e-01
7.862958932364846332e-01
8.703036531828706179e-01
9.226026620134948342e-01
8.669846117108845895e-01
9.154811914870324419e-01
9.423316455180752449e-01
8.101887567695558179e-01
9.805839199972398168e-01
8.790801777342684975e-01
9.453059996939856546e-01
9.246701219118651505e-01
9.684907633204924426e-01
9.123357249572068284e-01
8.291307294870782219e-01
9.510870197577752094e-01
8.478484715683084483e-01
8.929583214998291218e-01
8.942360082337779126e-01
8.699627613908123003e-01
8.570810759590604677e-01
8.993562740791203325e-01
7.781843398941586942e-01
8.983979826634692634e-01
8.939150308808029299e-01
8.498087458835309471e-01
8.498087458835309471e-01
8.621889818996940624e-01
8.292325075261421929e-01
9.215368123858308502e-01
8.411602269866550463e-01
9.922014527493966396e-01
9.777475840263886164e-01
8.394946300795530503e-01
8.622096933255138929e-01
9.874153799778098151e-01
9.732897958987928311e-01
8.693443581228001982e-01
8.161242656630407488e-01
9.141022344870756156e-01
8.359519768218163227e-01
7.523834911644081691e-01
9.884966116118616419e-01
8.763761712357855949e-01
9.680155525745798295e-01
9.958362457549220226e-01
8.643506287015308986e-01
9.185112904818891755e-01
8.266637011769294441e-01
8.795518942031701481e-01
8.544163650450307124e-01
9.806040644299102160e-01
7.941613224487874545e-01
8.241569744885534066e-01
8.532792124869897910e-01
8.353480392531146270e-01
9.590324837156828375e-01
9.814171198670820218e-01
9.271497828137840180e-01
8.920602891679848545e-01
9.377923242686567740e-01
8.395620461983165361e-01
9.265170604344336036e-01
8.059952292959465803e-01
9.146329060921354337e-01
9.040903254037819803e-01
9.141048210820987840e-01
9.579138347310728330e-01
9.036632412576508511e-01
9.608275468138324227e-01
9.359737243081401870e-01
9.480924023869568007e-01
9.136118318565116247e-01
9.524792500719672095e-01
8.495272184919397951e-01
9.953090508456351460e-01
9.676926461533316148e-01
8.369843994336636506e-01
9.319533153235232126e-01
9.051038490507230527e-01
9.841109668736758298e-01
8.784805043704384531e-01
9.386959387973612401e-01
8.107259312430045162e-01
9.072669968543367602e-01
9.280643868349114367e-01
8.944693487755892569e-01
8.771987108593257698e-01
9.185117003295919513e-01
8.632102361894802289e-01
8.202903788165706311e-01
9.758684007636515556e-01
8.640324816103448491e-01
9.118663141261398319e-01
9.597265128259742095e-01
8.383014557823667001e-01
9.920434029691883593e-01
8.999660889242896422e-01
8.591922878583273526e-01
9.528420794672723959e-01
8.965777356642056217e-01
9.215678062752635791e-01
7.893534019630498166e-01
8.352776359760565317e-01
8.826802752761998550e-01
8.755484695275181917e-01
8.913835112574221009e-01
9.094401415289570245e-01
9.663256616665876209e-01
8.491299237894650576e-01
8.171829731521691453e-01
9.764284755625688428e-01
8.194074461854149449e-01
8.133462378210354338e-01
9.305843516861888043e-01
8.588789564746009964e-01
9.639220382919968522e-01
8.978977930087354009e-01
9.091821677661170442e-01
9.530701054251438098e-01
8.127552747349455764e-01
9.213867741439868420e-01
9.665336863084468266e-01
9.615200235809403528e-01
8.110207486109309860e-01
8.110207486109309860e-01
9.279963069918492069e-01
8.727083452364992056e-01
9.288126355001543599e-01
8.936364735581016072e-01
9.310801609118332101e-01
9.766417489178386147e-01
9.295614004200876135e-01
8.765194095953785514e-01
9.289859644749951517e-01
9.118041561715896082e-01
8.593773930706409825e-01
9.558062675920879769e-01
8.086273137355818319e-01
8.946390003055576523e-01
9.118359647671432366e-01
9.613738503740048014e-01
8.249241863215062143e-01
8.422444823463306474e-01
9.459409441674959673e-01
8.722927435027284515e-01
8.847947306864316630e-01
8.798193751045794153e-01
9.289928302660451775e-01
9.106810541896247502e-01
9.480966029506782133e-01
8.429507753787768287e-01
9.835592163260231668e-01
8.376973474669346942e-01
8.536124007119317847e-01
8.321955588979386143e-01
9.360257921494962163e-01
9.627489531461588257e-01
9.580972363294574246e-01
9.865386360922939746e-01
9.760080661446759454e-01
9.596502327707916447e-01
7.728716386726975918e-01
8.206418967560678013e-01
9.681203889398491969e-01
9.269243711428876153e-01
7.979819326396978552e-01
8.705060413317640133e-01
9.236486035292882368e-01
9.407811732639111968e-01
9.784931087234416403e-01
7.894756583904380953e-01
9.865659911941332405e-01
7.884511771193563057e-01
8.083659644242695563e-01
8.929382140020445391e-01
9.219591627198270301e-01
8.958011451146405957e-01
8.958011451146405957e-01
9.518041960331560247e-01
8.794382874253594551e-01
9.344604047228124433e-01
8.621188030565138938e-01
9.547942476414086332e-01
7.360764696209466385e-01
9.649599827665396035e-01
9.477773695236112461e-01
9.909515898719716276e-01
9.144514053690100397e-01
9.725916910084262401e-01
8.798543199314636798e-01
7.868252536255477825e-01
9.555264012471855750e-01
9.358899562764412261e-01
8.697521727973986927e-01
9.490147355920848238e-01
8.237716490809285919e-01
9.754412585056762008e-01
9.153617918804396458e-01
8.601094413657492943e-01
9.375267613366782271e-01
8.595469061919964737e-01
9.195186575483563773e-01
9.436511032022404377e-01
8.900567833795522965e-01
9.071423701617538082e-01
8.736321236386166422e-01
9.820377274056232286e-01
9.009656332909887766e-01
8.904368313274018121e-01
8.369160561939438248e-01
9.133586632486011547e-01
9.105126205920276439e-01
9.636773426111904239e-01
8.273562636306275309e-01
9.749803846379235805e-01
9.223215503419843753e-01
9.145762672064635668e-01
8.703472397711365938e-01
7.759439452006459126e-01
8.468855742423122557e-01
9.759348370543869944e-01
9.533941991183699782e-01
9.677368814732631996e-01
9.659071840675480525e-01
9.058105566942697973e-01
8.553876057945677402e-01
9.396315112149159487e-01
9.131740991279063691e-01
8.150307253230534288e-01
8.775946227061344196e-01
9.340907519848316021e-01
8.372850126010397132e-01
8.179011331934028517e-01
9.567428020584671788e-01
8.314648343126328500e-01
8.370884710193305933e-01
9.788701215919130005e-01
9.683505013512747617e-01
9.348519486705934023e-01
8.723031185877763161e-01
8.542262704953097474e-01
8.445296841987094405e-01
8.877728660832019392e-01
8.413940075850872002e-01
9.529185812742532180e-01
9.620896505654111808e-01
8.496879558112061526e-01
8.975262434309926318e-01
8.627810059135052612e-01
9.249666803866628539e-01
9.629892055940874052e-01
8.960842536247666246e-01
9.170895167162296246e-01
8.833125716834029362e-01
7.605743003566858285e-01
9.210135584583871715e-01
8.754618934666485996e-01
9.615393436281920447e-01
9.616224518733518245e-01
9.362472879780292523e-01
9.050333552681220084e-01
9.411159119963939945e-01
9.232464654974503748e-01
8.381373383910778463e-01
9.205977144700195902e-01
9.059205727086484528e-01
9.512769318424018072e-01
8.090146132811421031e-01
9.721662546491971479e-01
8.644633160046019116e-01
9.284996663666104100e-01
9.713958803624519467e-01
8.881425940795171226e-01
9.226311199521608497e-01
8.598259086961475006e-01
9.411261236268484431e-01
9.360015449005335553e-01
8.863716833935219030e-01
8.985628098030600253e-01
9.680471560942212061e-01
9.181287411039762425e-01
9.570084551409824281e-01
9.326556770236658078e-01
9.167020239600514042e-01
8.386842091846339331e-01
9.395743651243472216e-01
9.008821491568772544e-01
8.277090625299967641e-01
8.277090625299967641e-01
9.150319142505524139e-01
8.852705428514755503e-01
9.538570950037618124e-01
8.658205184372353980e-01
8.932097783508879951e-01
9.856537255319155477e-01
9.406874171165208187e-01
9.165617373343496466e-01
8.359684399127269572e-01
9.042350771876835891e-01
8.780082592907697547e-01
8.323395347757338580e-01
8.879135274960044955e-01
9.274800912409314479e-01
8.966087717803118418e-01
9.252850825637763954e-01
8.431031845558437654e-01
9.957448960116678238e-01
9.800533316749160395e-01
8.772521270916453506e-01
9.318907565935572457e-01
9.318907565935572457e-01
9.395769796722728273e-01
8.635825446142048056e-01
9.486864215122066124e-01
9.401364653279036254e-01
8.792065062143353815e-01
8.274377159336947507e-01
9.419159531800883611e-01
9.745379632715523988e-01
8.482808440269937744e-01
9.837592751845696259e-01
9.354369010086156511e-01
9.668306320440211987e-01
9.606305589499407604e-01
8.435110966742591643e-01
8.118341516782121570e-01
9.423604644365060068e-01
8.228832287829751513e-01
8.524087744558146440e-01
8.861723192645661884e-01
9.390744193906152004e-01
8.901673027870397048e-01
9.630818607337712223e-01
9.042719444216932301e-01
8.885196379306642411e-01
9.676942052561151586e-01
9.430014575104863628e-01
8.444658135348347416e-01
9.597767437289700387e-01
9.280181025038027887e-01
8.559530210226680147e-01
8.620558195913581301e-01
8.874437915391474307e-01
8.966518842801917133e-01
9.335748307701478010e-01
9.539038318139414496e-01
9.721189512770743724e-01
9.694569850064743699e-01
9.687513214975127518e-01
9.757130912500048270e-01
9.473099412221146487e-01
9.568481261634136370e-01
9.733610763526355791e-01
9.430122754303299493e-01
8.901880363158722886e-01
8.676358440026706864e-01
7.979998585850268666e-01
9.525282620915723752e-01
8.695374217009389506e-01
9.261458903235078033e-01
9.598495586208095620e-01
9.443800707830871666e-01
9.327822907482895554e-01
8.757544373432866180e-01
9.754139248801656503e-01
9.576608648246287547e-01
8.336056427639501054e-01
9.714107842468185927e-01
9.464266708377240267e-01
8.851013769979514390e-01
9.170893864917187832e-01
9.695153603632283845e-01
9.370014607320336086e-01
9.698721454921299667e-01
9.274124706972588505e-01
9.158552306682642419e-01
8.337711921475725596e-01
9.179706878762627920e-01
9.200344002032784241e-01
8.994445754116694447e-01
9.269417761077456408e-01
8.616770502664364839e-01
9.639094346529020196e-01
9.531223893053092366e-01
9.414364693610244306e-01
9.874105557155643531e-01
9.000821194474402098e-01
8.462776807265494083e-01
8.827948722705599716e-01
8.734461342964238151e-01
9.458719400704476143e-01
9.894579288220030078e-01
8.176358547724602577e-01
9.334487323385467494e-01
9.765393578570783495e-01
8.926548555833285770e-01
9.653451611898176132e-01
9.522220312852736068e-01
9.706448651353379864e-01
9.766848303848492119e-01
9.078071918346147795e-01
8.576518979382049546e-01
9.950110255050947927e-01
9.950110255050947927e-01
9.061348071023147543e-01
9.126389429358238159e-01
9.572040705941792238e-01
9.938677706360992126e-01
9.804008722715803481e-01
9.197972597843727671e-01
9.820509706813007611e-01
8.750032414468074116e-01
8.757418890969405068e-01
9.882769064590836150e-01
8.965631784006410365e-01
8.681439802338254408e-01
9.292030743432682094e-01
9.350323341669886101e-01
8.952184811513446139e-01
9.038587907886304063e-01
9.416958478004135991e-01
9.480714690410048107e-01
9.778908953604880105e-01
9.778908953604880105e-01
9.321969964052839730e-01
9.792679372190628007e-01
8.661266401584333252e-01
9.200633040829906406e-01
9.571396590496148438e-01
8.541138751320549449e-01
8.739162021237434352e-01
9.313368332378210157e-01
9.405487436622416153e-01
9.680902066712108178e-01
8.712775253012422505e-01
8.827661006462677040e-01
9.049539471483639685e-01
9.632411265473453943e-01
9.254413233728667754e-01
9.547763044632787688e-01
8.563489961845228704e-01
9.552800024562515535e-01
8.660026895148914550e-01
8.737907075513411392e-01
9.245914299979943740e-01
9.265564010006960283e-01
9.257469090678728252e-01
9.204135696460860050e-01
7.767280646702986457e-01
9.155687375005090445e-01
8.550284036257155273e-01
8.871957294697794261e-01
8.391958526468945578e-01
9.206675403394819490e-01
9.802636269673924430e-01
9.424079795226818490e-01
9.049305127262740056e-01
9.435523623823808270e-01
9.884953348285128172e-01
9.912878824620672269e-01
9.867713748887417813e-01
9.119412820143427689e-01
9.715158713959334280e-01
9.715158713959334280e-01
9.811264622305964078e-01
8.592232327819866455e-01
8.101605310795426673e-01
9.715128192962110276e-01
9.019643298219506278e-01
9.019643298219506278e-01
8.785322219379742004e-01
9.493523732375007684e-01
8.611601787967877453e-01
9.939419097351765986e-01
9.550483475888924545e-01
8.625914334362786429e-01
9.330634058612702342e-01
9.411833342113804513e-01
9.552970917145902074e-01
9.634484746025031576e-01
9.163414218607588424e-01
8.924052793565716568e-01
9.234616974166124370e-01
8.466292390999146100e-01
9.628187842748784364e-01
9.573435048932128488e-01
9.235719755603504222e-01
9.516357519827706168e-01
9.279904723268832534e-01
9.116773941674284343e-01
9.054091615332527931e-01
9.326262452604160424e-01
9.137032648245846378e-01
8.733560950698270320e-01
9.616092424471656130e-01
9.389253292432582221e-01
9.832326968424806024e-01
9.339222289792995513e-01
9.310164194055835507e-01
9.795304342696512512e-01
9.927192144256588024e-01
9.749087585294315961e-01
9.285513961441451691e-01
9.853029087612832360e-01
9.414374860937340106e-01
9.230175601822100395e-01
8.408748831552973479e-01
9.513359478429546101e-01
9.883072814797706496e-01
9.480886494329240355e-01
8.656907914974805163e-01
9.148865053410175641e-01
8.893825143685677448e-01
9.591211525076516198e-01
8.753076130552678302e-01
9.319291649288755641e-01
9.708912976821759688e-01
8.713223011186971290e-01
9.046199517064256179e-01
9.765169819868684264e-01
8.650256027919220880e-01
9.121145097425216175e-01
8.938413157474700554e-01
8.785241877504490482e-01
9.692938283571523872e-01
8.824061693649754012e-01
9.955758309131491623e-01
8.939602055536586267e-01
9.057835415020647485e-01
8.843268781491705477e-01
8.601879892452588550e-01
9.942321224685064518e-01
8.845223054951500963e-01
9.390005792819058339e-01
8.883582394317406372e-01
9.812539783793463588e-01
9.730247452432203570e-01
9.458745833415179716e-01
9.037509988663395832e-01
8.925212896074840030e-01
9.227701892500339564e-01
9.510026990333968477e-01
8.913663946941967620e-01
9.343601446251740272e-01
9.165433075542483987e-01
9.749322390401740090e-01
9.592252521810216148e-01
9.652576355937596553e-01
8.828978799303461855e-01
9.281442476923535967e-01
9.873871227828996400e-01
9.204169336043698246e-01
9.170477160824798135e-01
9.807139475086927849e-01
9.383548223108918451e-01
8.735512052817981932e-01
9.418279680592431813e-01
9.407240660699127677e-01
9.346747851251727690e-01
9.681148170465327940e-01
8.841490484566763008e-01
9.444133306658135663e-01
9.705630339909484539e-01
8.237107583662154342e-01
8.825421091242126037e-01
9.808634285089036231e-01
9.618706097621784190e-01
9.785870043622062475e-01
9.250305201336912475e-01
9.188368073535654323e-01
7.531448510329199486e-01
8.750357181277701457e-01
9.154424468750034238e-01
9.380835420694068061e-01
9.856225381229347660e-01
9.766554349938936230e-01
9.168804704603480404e-01
8.724818961539414497e-01
8.778203514636850890e-01
9.899873485769443704e-01
9.778538192859758116e-01
9.506363186840736113e-01
9.247356118605507547e-01
9.672950005612526159e-01
9.655277678846948541e-01
9.581324031964734145e-01
9.197863708413002160e-01
9.911030695842507621e-01
9.682533049388499791e-01
9.464991407874377982e-01
9.126355341179818170e-01
9.104285175656595674e-01
8.858902237834369586e-01
8.880678247837295869e-01
8.609280378951233992e-01
9.398400808104091508e-01
8.933360395757016237e-01
8.999116710503254346e-01
9.587947709189720280e-01
8.560147652277820818e-01
8.836662965783420587e-01
9.307802311945118090e-01
9.179107988058036183e-01
8.379867506235669783e-01
9.069290688953529633e-01
9.551594315364163590e-01
8.982135471093597445e-01
9.187878101062736391e-01
9.324659041398706272e-01
9.147862564615761860e-01
9.551388847625555956e-01
8.861612367754877484e-01
9.419863419412970451e-01
8.777800983056925910e-01
9.626585043199880065e-01
9.021461866822592102e-01
9.440655753558986341e-01
9.640354269928840258e-01
9.666956812736520188e-01
9.840764718473391515e-01
9.253326175889932115e-01
9.621483726363280198e-01
9.859059181648800463e-01
9.185112521024747512e-01
9.487035406074088018e-01
8.813978575852803310e-01
9.367168061164543591e-01
9.675067251785831601e-01
9.835698978347624521e-01
8.649889862676627406e-01
9.906941298976930099e-01
9.324582925317344007e-01
9.638513068992276001e-01
9.161634874238168136e-01
9.551229919260083578e-01
9.647014927086071667e-01
9.585688991301254402e-01
9.450612083747471637e-01
9.592665076849887784e-01
9.727341092536464506e-01
8.860097312583349316e-01
9.176142734801248091e-01
8.947393805250114518e-01
9.174660995655380402e-01
9.594144766939628477e-01
9.218889068720703683e-01
8.918501648288014172e-01
9.367822052528635979e-01
9.894771566639050109e-01
9.035027837015787711e-01
9.854553188052159740e-01
9.873012388239079673e-01
9.067731710500296360e-01
9.152804936833651706e-01
9.334250570044587691e-01
9.808831422684906043e-01
9.394650050373392070e-01
9.787248522771252457e-01
8.920074614388272538e-01
9.815161401465708479e-01
9.926804461944778168e-01
8.891120382777429887e-01
9.765023058954811486e-01
9.355407346932835821e-01
9.728511964707188264e-01
9.504008782091234453e-01
9.272975972525203670e-01
9.783836291572372001e-01
9.793953433223071547e-01
9.470465554419912335e-01
8.114800513176533281e-01
9.074655549220586037e-01
9.786723883336500007e-01
9.527641796165999821e-01
9.553364672382943512e-01
9.049372583565408190e-01
8.913116079681845383e-01
9.594581118040540479e-01
8.683277285477025709e-01
9.290458380075692357e-01
9.119602566896608531e-01
9.151634870408748013e-01
8.757881860872930302e-01
9.937479652585176071e-01
9.442114382079576096e-01
9.629904643563970135e-01
9.597281462455615753e-01
9.187793910410065878e-01
8.936684772355295570e-01
9.205510027509752335e-01
9.949567703871071700e-01
9.185746548733983996e-01
9.957263628128966149e-01
8.884003264471750372e-01
9.256729822952591835e-01
9.233825557876246259e-01
9.416644298650975742e-01
9.934334011938688036e-01
9.630982512210324309e-01
8.836457787510915152e-01
9.488829739982227451e-01
9.250299364004161973e-01
9.306409983959997856e-01
9.409886069662900532e-01
9.682209278581264122e-01
9.531093428893262498e-01
9.727834285892715815e-01
8.425682186633729476e-01
9.234661659232019648e-01
9.583138659485708200e-01
8.801917927545213072e-01
9.143940873898062094e-01
9.608605094474631514e-01
8.762861871011996540e-01
9.868533008998874312e-01
9.453150238795176019e-01
9.798162762144696503e-01
9.701830816968316507e-01
9.501179649452303755e-01
9.359349876332866414e-01
9.946894757073375670e-01
9.563109900664218399e-01
9.514439574895352525e-01
9.201545570542112307e-01
9.567836178257688173e-01
9.799630890763978419e-01
9.461359471856284342e-01
9.664907236420660075e-01
9.693435329709554349e-01
9.604111503740871969e-01
9.269102862493088235e-01
9.579384821346004220e-01
8.296967651205132688e-01
9.027973265048542251e-01
9.615534734027464392e-01
9.902090791408711956e-01
9.955304672134643873e-01
9.399111620263491673e-01
9.494693257803208386e-01
9.352597980747403561e-01
9.937800593130011739e-01
9.627889985434492370e-01
9.919996570925343482e-01
9.221785685731428428e-01
9.472451290079108022e-01
8.421310625172994113e-01
9.305543967978907594e-01
9.165015571042092191e-01
9.545240727207902065e-01
9.417900420412019802e-01
8.935902213797841664e-01
9.656006065277048522e-01
9.529888404632950172e-01
9.445075829092040021e-01
9.069698854222375539e-01
9.511247214220952539e-01
9.618790608055644009e-01
8.672665508010054536e-01
9.380947933423323670e-01
9.904141344625377874e-01
9.689449978700723776e-01
9.381316680560659593e-01
9.466241182214172323e-01
9.048208397239290157e-01
9.951984505548640003e-01
9.381835706344532344e-01
9.903300314217343692e-01
9.766461419765426477e-01
9.830022469099629623e-01
9.228165584462282300e-01
9.228165584462282300e-01
9.944164213215800352e-01
9.792481592073120078e-01
9.182849842662096362e-01
9.562325602994548035e-01
8.594375325227010531e-01
8.984610692378780517e-01
9.886284820689705821e-01
9.234335418684042063e-01
9.029552782897678487e-01
9.792948426840784037e-01
9.533335049887552426e-01
9.135532069313412329e-01
9.915908915412156022e-01
9.930330237267488425e-01
9.183092154420168240e-01
9.377613648833039717e-01
8.976939005444586339e-01
9.867320656375927479e-01
9.708104648472936082e-01
9.282831732260448110e-01
9.395862371595572471e-01
9.801252464912958429e-01
9.928478791230755940e-01
9.923549368984464492e-01
9.599684472420654258e-01
8.772540204055465640e-01
9.608942750476699990e-01
9.403900650117158477e-01
9.824392056645171456e-01
9.619348989902447578e-01
9.236545988853978040e-01
9.871902888993268066e-01
9.628351663636831592e-01
9.901516967683340331e-01
9.552404536710698002e-01
8.670818056878674129e-01
9.492205118239818162e-01
9.663127972635151552e-01
9.695875538831200124e-01
9.933712060145788447e-01
9.862918825396655986e-01
9.702123393099759685e-01
8.799795495243317722e-01
9.650148805031966148e-01
9.744581475323718101e-01
9.855067499766000383e-01
9.912811170276123462e-01
9.546707996034268229e-01
9.103668451926210103e-01
9.716921347983011881e-01
9.716921347983011881e-01
8.985248008868834679e-01
8.990224662320026594e-01
9.906139791154138230e-01
9.927311637211632123e-01
9.626937927861868305e-01
9.640342685678480183e-01
9.831672964063468134e-01
8.770048773816803145e-01
9.843691068303915825e-01
9.837177627429427584e-01
9.584871070098686108e-01
9.522290395851528144e-01
9.522290395851528144e-01
9.816441641949708030e-01
9.893548969442658159e-01
9.776084381356660025e-01
9.067268166952600073e-01
9.777446812774519547e-01
9.127107603906046140e-01
9.547658938590696254e-01
9.122764884074944236e-01
9.350748329839804196e-01
9.801681787389787681e-01
9.927943954144019534e-01
9.329796513344852382e-01
9.851476487942579796e-01
9.208258634300136025e-01
9.913095410557043463e-01
9.656995564985716429e-01
9.932318795683936496e-01
