phi_1
5.935439149403235248e+00
2.993963152978803777e+00
2.989720704713549893e+00
3.779523915140884149e+00
4.576825703341527607e+00
5.791990719824351430e+00
1.944262352357872814e+00
4.506549857354340993e+00
4.416960998874037259e+00
4.580679466120758825e+00
4.539246267994645478e-01
6.065323629805792649e+00
4.873397698349447360e+00
1.242275829327097014e+00
3.865430871299744719e+00
5.513630196906942338e+00
3.033518958229972640e+00
4.115147847269021497e+00
3.684412950331739101e+00
3.874293616702937371e+00
3.014998528576056103e+00
4.396465809278090831e+00
3.554922182576868650e+00
2.169662342121341680e+00
4.788471581670901145e+00
1.136420358580024548e+00
3.572387697305443588e+00
1.934987673361669991e-01
1.934987673361669991e-01
2.383466118288078306e+00
1.710506444723440822e+00
3.875120792476503429e+00
4.701211254555786923e+00
5.799530888884676827e+00
1.141885049694076670e+00
5.886627118049107210e+00
1.931048953671071544e+00
1.736053310502850167e+00
8.491875437311184882e-01
2.136814183833228853e-01
1.898046222008771267e-01
3.135367804254016733e-01
6.584057673442789138e-02
2.445007611055689978e+00
5.795831651023760855e+00
1.382985664864095909e+00
5.228077430454375119e+00
5.676567980279461523e+00
7.043243458710097826e-01
2.458946835637227935e-01
2.253724496563656032e+00
1.511389130891602761e+00
4.702900337381581863e+00
2.886748845702229005e+00
6.974289185806252789e-01
6.974289185806252789e-01
5.120654934218977772e-01
3.705669969407523467e+00
2.983977596540059452e+00
5.383365511861700980e+00
5.848095330620101784e+00
4.047583081066427724e+00
4.470227627003255932e-01
1.823495531803587255e-02
5.817213118611357814e+00
1.946754432710362082e+00
2.329873607485740905e+00
1.758433399045712164e+00
1.758433399045712164e+00
4.302463976327203454e+00
2.541346152605797215e+00
2.129726192542825913e+00
5.297366013170988097e+00
1.286483944647905275e+00
7.452360875302499466e-01
2.210010914512221092e+00
2.116215199366788369e+00
6.282965878739710242e+00
6.243834996210199328e+00
5.565812362064637142e+00
1.944969089384846583e+00
2.419344744809787784e+00
8.276555545701791416e-01
4.869484054460661682e+00
4.758479195825781716e+00
2.827216298758838064e+00
8.544880541314459066e-01
5.640042851365898002e+00
4.501933917902578131e+00
1.282974107662409047e+00
4.105338794266765845e+00
3.812698666834934969e-01
7.177625338246844677e-01
6.244161869555538757e+00
1.736870981675709302e+00
5.899662719200143179e+00
4.678244541163834924e+00
2.229599157213542071e+00
4.634212500980803284e+00
4.081387329513527007e+00
3.899616036841043076e+00
2.362484963281520578e+00
5.139545394685644197e+00
2.933279527827936661e+00
5.727505914538303600e+00
2.374034723104978539e+00
5.261501984190765313e+00
6.050301908346907176e+00
2.899966111130586555e+00
3.355110526448505492e+00
5.988492191905542938e+00
1.573123636443343187e+00
4.509880037174903045e+00
5.688605631225815529e+00
2.227818059132504303e+00
5.681238712105741939e+00
4.164714003474449200e+00
3.915153875611953271e+00
1.738902728664401209e+00
6.171548000387091726e+00
3.863600390807226947e+00
5.984563956411848906e+00
4.110899512500491682e+00
6.053724068464481967e+00
3.899960036074555880e+00
7.345756720654073035e-02
2.021834142899159303e+00
5.492679338964703284e+00
1.645909872250925332e+00
6.056179521495681506e+00
2.208057571526840235e+00
5.202249139538502654e+00
1.077650657619835251e+00
3.042145872020242336e+00
4.226875142157764387e-01
1.670177121947983956e+00
5.274235436662868537e+00
5.485012018422142255e+00
6.725094799106274834e-01
4.629969771322070216e+00
3.183873831970163604e+00
6.232650515309483552e-01
4.462926485306568658e+00
1.318164191428948584e+00
5.786767240557575853e+00
4.273359448291358831e+00
5.021428860337451283e+00
5.222838974045066252e+00
3.219866544358872762e+00
1.589721245989945686e+00
9.174202494324079638e-01
5.388306087329018723e+00
5.809472346237143370e-02
1.217919607853933606e+00
5.090574710389576651e+00
5.797529799947550799e+00
1.002910540928008132e+00
4.611842133930228016e+00
3.527329909308910327e+00
5.349011747678291684e+00
3.980635655193799138e+00
5.196402464519695563e+00
3.900548163495244580e+00
5.025655154141605685e+00
1.869261014881592686e+00
6.011773274875019446e+00
2.684986715929561285e+00
2.747614177879198039e+00
2.976615067797951042e+00
4.596232061795029189e+00
1.403410317132737006e+00
4.479610378104191604e+00
4.231779106024267989e+00
2.850657316812839071e-01
2.477045818581423475e+00
2.490614868765209877e+00
5.205303519234968590e+00
1.235092058356419997e+00
2.154305706430173828e+00
4.160353660096120620e+00
3.305091524070709941e+00
4.880100636113287038e+00
4.801406457855775578e+00
4.648246807160623106e-01
3.131145750261357108e-01
2.598570558038423073e+00
6.146983232421336041e+00
2.183623785483774782e+00
4.391153008732216811e+00
3.163150819609826581e+00
2.803702516232371877e+00
2.430350609884435187e-02
4.595571544286000787e+00
2.764013083774020885e+00
2.578847086019401047e+00
4.544244260056584217e+00
5.545246997214144713e+00
4.673222611420852601e+00
2.667210237612900769e+00
2.521240457800098866e+00
5.722538152340665540e+00
4.231115484531205340e+00
5.098979091283510456e+00
4.766249973605043877e+00
1.127835709520230267e+00
1.418397837684491236e+00
4.994902144855704051e+00
4.514376936381704120e+00
4.962315120402228885e+00
3.725379135440515022e+00
7.350378081117598938e-01
2.796442199013100094e+00
4.475119574513735543e+00
2.808150248075907740e+00
2.162425427070546746e+00
7.854485000528956817e-01
5.032321092739972634e+00
2.116536301420220312e+00
3.726324788450768644e+00
3.340780393029331385e+00
5.929367095441220314e+00
5.028781672865763497e+00
5.246152387309221510e+00
1.710016457851667226e+00
3.781798869073822011e+00
4.796377816002300065e+00
4.163224197807424254e+00
6.169466658377642077e+00
6.202918037924380457e+00
2.112063755643905694e+00
1.503002119059575037e+00
5.357115391034939833e+00
9.196603282626236719e-01
3.764678253397998553e+00
4.428646719815659161e+00
3.681240813227717901e+00
1.785096318370513302e+00
5.507825712397423246e+00
1.513144237409296267e+00
2.010774572254028669e+00
3.317457383074200017e+00
2.288124728815445152e+00
8.791140894316686882e-01
5.704928871822759540e+00
4.368722294588220478e+00
5.416373956053399219e+00
3.332449994217097533e+00
9.772917098351427967e-01
2.816815064138832980e+00
6.628202412826498247e-01
8.802774787054685746e-01
1.060311032118220531e+00
4.742225079809775146e+00
5.449055570028877860e+00
4.739587988396811724e-01
8.129470651842396478e-02
4.941996099755128213e+00
3.105390559823112184e+00
4.968939990220642144e+00
2.051565428907235145e+00
5.585855432374369656e+00
6.210304725228515288e+00
5.896929281686704272e+00
2.314502638308910676e-01
6.279609955637515561e+00
9.580906027920823576e-01
1.474516077423763782e+00
4.951968197459333254e-02
5.034913214722965158e+00
5.606959546680131190e+00
2.678250247381594562e+00
6.067053096286023184e+00
5.042113836515889069e+00
5.771386986323797430e+00
4.324644512959086029e-01
4.657601255698899045e+00
1.062667217156475274e+00
9.789067593218181429e-02
4.974592697888757797e-01
5.062922358244256849e+00
3.272556777092701541e+00
2.923720221290745158e+00
3.662030147652053369e+00
2.551195982648858163e+00
2.005643716700779677e+00
2.721604591087796621e+00
2.571207694817914557e+00
5.640327209435906042e+00
4.685933917689971473e+00
3.036303382459886180e-01
9.416605839331415595e-01
2.087712467798187532e+00
3.183673196834627905e+00
2.375542620463678034e+00
1.021594730675444040e+00
7.641992637031416180e-01
2.330328979878999007e+00
5.331580626139774459e+00
5.921361893387349085e-01
3.832438943122893349e-01
8.774246014225024481e-01
7.291873473358814195e-01
4.248460164897897684e+00
5.148413967742153652e+00
1.523451443185543042e+00
4.276112234894711150e+00
2.262722307624560614e+00
3.621012964020594360e+00
6.022224803776332180e+00
3.350755152762389333e+00
1.664090440366121193e+00
1.664786079531594076e+00
4.466740290430435856e+00
4.466740290430435856e+00
2.321432245047741816e+00
1.128851584514112716e+00
5.138645281924397956e+00
3.499380831972074724e+00
4.774105071674241252e+00
1.886748695165815448e+00
1.086040141644607715e+00
3.603495419758923290e+00
5.423799955042193588e+00
2.465317046690525871e+00
5.957046130125019268e+00
3.361673290709925155e+00
4.081152615422020347e+00
5.652113235673207114e+00
4.067973091547758102e+00
2.410999356207279121e+00
2.972390258198300828e-01
3.789527572041606618e-01
1.903861663720398667e+00
1.426474925998713061e+00
5.226124882871496347e+00
6.269611388552255526e+00
6.228443377237873335e-01
2.576499408841648631e+00
9.393545091683499493e-01
5.382610240558437731e+00
2.370578207493760914e+00
3.877573813177268125e+00
5.021470665621251328e+00
3.367975951049074101e+00
2.020270977452412353e+00
3.825162403635960384e+00
9.883197270698902415e-01
5.353136662347417030e+00
5.483159303472439738e+00
2.016322340530395607e+00
4.924680657305362530e+00
5.842947926382770163e+00
3.895527770082907182e-01
4.708505331213789447e+00
6.443384123480395687e-01
4.238476271891872926e+00
4.398085661712436867e+00
3.129938650047010995e+00
9.640970524324927737e-01
4.889059713079843661e+00
2.621649292555741084e+00
5.197137724317773433e+00
2.769150546400499735e+00
5.933428398544728033e+00
3.902677853493183857e+00
4.605281783788895744e+00
2.374761725079466146e-02
2.318535181693313518e+00
4.793626102290462043e+00
3.257749598947983216e+00
7.226770001535545163e-01
2.870150460832464390e+00
1.887706114179916739e-01
3.270775362850753876e+00
3.980499129322005114e+00
2.522710235056553785e+00
1.559812152543989860e+00
1.158953702579699652e+00
1.371220278564033279e+00
3.887492299809065077e+00
4.281065333893222302e+00
5.173644632426293910e+00
4.023282091855660880e+00
2.022972644833346934e+00
5.246209233007153472e+00
4.903451556597165251e+00
5.059619415339760451e+00
1.133686977118570027e+00
4.819264873399777827e-01
4.636860512392559919e+00
2.062612291229832806e+00
2.418336059571068120e+00
3.041233669205318790e+00
4.493349063676287614e+00
3.237535313616969113e+00
2.257591017021564284e+00
1.121464085114544318e+00
1.997408342261399739e+00
6.039020528470887328e+00
2.405147207738110637e+00
4.320004249662321882e+00
1.772028727193877273e-01
1.007664208867920408e+00
2.362064356244829355e+00
2.171791314120762095e+00
4.900960166330488477e+00
4.431422807261362173e+00
1.824485184261577686e+00
1.395223648290174978e+00
4.402961331311484372e+00
5.524024326892844172e+00
1.231343990325287407e+00
4.244526628412598868e+00
5.416970803478262653e+00
4.885269278797483850e-01
4.257196965730596361e+00
5.878892839087091815e+00
3.203201127641398749e+00
6.177922389701627992e+00
2.935799117000435388e+00
2.935799117000435388e+00
1.461922492132007534e+00
1.583405475035766230e+00
6.686121766459276472e-01
1.185389834872021098e+00
6.201831306924060705e+00
5.649697860957999751e+00
3.585984281623633141e+00
4.848056487599761155e+00
1.923579726517496979e+00
4.217958153827090939e+00
5.204179997211104691e-01
4.315102723984869826e+00
4.972544732871260642e+00
1.489829236452155925e-02
5.460277453009203086e+00
1.892812685625354874e+00
1.673979351731436083e-02
3.495456060998596293e+00
4.274206354170301481e+00
3.492856418209597802e+00
8.538472416154769817e-01
5.416399100948847689e-01
2.025592003239191641e+00
1.601490388789691188e+00
5.489406784024097874e-01
5.485413069843983358e+00
3.384383421440894768e+00
1.232312258316744291e+00
1.501931047816093212e+00
3.428664985395883047e+00
2.052835858312116457e-01
4.929707997412370091e+00
2.918174103961399979e+00
7.037385088723793203e-01
5.465896922543871383e-01
1.978494991038690642e-01
6.236267156678358958e-01
4.084858284809611106e+00
3.030584503575695976e+00
4.965529552777280031e+00
1.597861432158160788e+00
1.438076393221253468e+00
5.229974417180574875e+00
1.363561255233792124e+00
5.738203551598813235e+00
5.971089503609530169e+00
1.550476965747738411e+00
1.912724601069493602e+00
5.174091734841227641e+00
6.062714624415725950e-01
5.634409031345564145e-01
1.988050567767436050e+00
1.836538875841482010e+00
4.801821578411768598e+00
5.652000943271755062e+00
4.823146935680890479e+00
3.710634907273766547e+00
7.620584800272345305e-01
3.479672989854429410e+00
2.170208602865127290e+00
4.465669288597198694e+00
6.403892795002956717e-01
1.136108102443126988e+00
4.124473056502095503e+00
5.650041214224877706e+00
3.459523046448064854e+00
5.541305883101943053e+00
5.541305883101943053e+00
3.182778029906555783e+00
5.320309736548578528e-01
5.696317822341292469e-01
7.345438428279456033e-01
5.967117246090349880e+00
3.781538248680086589e+00
2.030965159295455180e+00
3.930216094990252707e+00
4.229747130384940768e+00
2.989146467140006536e+00
3.260595286963153150e+00
6.085326123302264634e+00
1.296084624273726504e+00
6.761322370350129063e-01
2.457345536748526627e+00
1.642511117206558069e+00
2.423726276274742020e+00
1.541951894369946174e-01
4.800319191208460623e+00
5.676793984535299487e+00
3.442968509562126744e+00
1.868220809274177441e+00
2.284485178661743277e+00
5.419402401922894796e-01
4.726977435633954450e+00
2.405669488167102799e+00
4.091225904470274344e+00
9.252572093552871024e-01
5.172804023285229036e+00
6.066988828951956236e+00
1.091886397492292105e-01
1.104628253886293265e+00
3.252357247549064301e+00
7.433040140274762564e-01
5.298254601220328652e+00
1.458395735279417238e+00
3.479966376899145786e+00
5.500139642044802990e+00
2.949707644661032191e+00
2.641711479248913363e+00
1.565963098510907869e+00
4.435833901160410875e+00
5.647038424417062608e+00
4.180509250968523105e+00
5.194353399365612134e-01
5.954356636382789780e+00
4.717081800312403317e+00
2.330772321985822515e+00
2.634970426977279345e+00
2.117565400952749144e+00
4.047302224443653174e+00
3.733485753637792559e+00
1.702721797429539663e+00
2.366373518085310934e+00
5.054721124337734572e+00
6.792634938315238458e-01
3.601867651321449149e+00
1.089122473595113050e+00
3.759457969100019614e+00
5.656629440383444951e+00
2.194097806272118589e+00
2.728869926076928465e+00
2.600721849769771055e+00
2.001639529669814621e+00
4.994573424908497650e+00
5.265650497570773858e+00
4.187369996670664563e-01
4.001563048452966953e+00
3.416341679935160691e+00
7.796261062240557038e-01
5.007696381699933141e-01
2.394101515636098299e+00
4.518715594225186649e-01
5.502936151321851099e+00
2.684437991173298954e+00
1.828065994098411196e+00
4.436133733244820299e+00
5.045401816792349337e+00
3.299415143794493410e+00
5.963422910696405843e+00
2.260312122305625948e+00
4.792154298506597243e+00
4.144637894613026674e+00
1.595100487167711023e+00
5.385543603475142937e+00
1.525847371357348159e+00
3.578838781131227442e+00
5.750248321535513796e+00
6.099917762857427483e+00
3.078408253599649314e+00
5.016673440152506380e+00
1.769242114284859113e+00
1.057476990480628487e+00
3.813948266345237315e-01
5.954409553192417270e+00
4.302071695530429452e-01
2.763387545253410238e+00
2.763387545253410238e+00
4.358167110511571352e+00
3.188423098499802766e+00
2.396744307351887926e+00
6.131000535894415293e-01
2.220094340135888800e+00
6.578561900768402637e-01
5.927184325944811150e+00
2.504140593709298201e+00
4.069829587156941209e+00
6.141908050693761112e+00
4.230780378621362914e+00
4.326458803368407047e+00
3.853237934382313323e+00
5.795174828617458473e+00
5.386843345211540068e+00
3.480586436599574895e+00
1.201321834189110760e+00
1.556016048308306310e+00
3.003354951316248744e+00
4.542567039030008580e+00
1.448785852770782867e+00
2.427991241268342648e+00
9.887893271344996293e-01
2.873716017833435998e+00
2.720662299106288984e+00
3.383408612018971695e+00
6.075405242648725945e-01
5.085661406519431438e+00
5.389615188579371718e+00
4.083158977776989218e+00
2.715046907511531771e+00
2.744458256312945821e+00
4.990712566106858539e+00
4.600346428927159614e+00
5.883502930749979321e+00
1.182131204037234262e+00
3.242204369234120254e+00
5.361565303104720570e+00
2.334780231536118578e+00
5.533499337906908622e+00
5.533499337906908622e+00
5.204866249500328834e+00
4.086190746551668695e+00
1.678884568302585478e+00
3.253184548794371356e+00
4.131140747661923740e+00
1.832302091518062781e+00
1.369185295248822598e-01
2.548687193722313893e+00
5.748980800673420433e+00
8.542058291486558375e-01
5.179935096564421748e+00
1.666973470827987747e+00
2.335552062206708968e+00
5.762577338199827537e+00
5.973080232236154252e+00
4.332789429527172942e-01
5.437972427780046303e+00
1.266459581416713220e+00
4.891281927670781293e+00
8.473709446306409987e-01
6.257137197746188484e+00
5.011065542079817803e+00
5.741700724310903503e+00
1.112318677591559890e+00
3.268168303172446443e+00
9.777894174662460358e-02
3.624795272587668205e+00
2.698489816952584164e+00
2.987805709520488406e+00
3.995344545151535698e-01
4.959592671266838337e+00
8.474544184882706332e-01
1.363798707384249909e+00
1.208803934018881421e+00
8.694848774702705896e-01
2.080933263105661624e+00
4.331082188847046766e+00
1.412296676111804317e+00
3.493062187385898465e+00
5.125452868525597339e-01
3.459707668763185584e+00
6.192681534603081239e+00
3.154369502110032641e-01
3.801841184012259234e+00
3.889043113965962917e+00
5.546092695663254801e+00
5.414890854210748117e+00
6.028298332367651113e+00
5.462997494706507418e+00
5.462997494706507418e+00
6.125056875493140041e-02
1.521401481627716379e+00
1.058842110467379527e+00
2.419662637996466970e-02
2.758225076277641463e+00
4.891045135855664583e+00
5.476328351326021249e+00
2.888925761897477074e+00
8.838439995758173851e-01
4.682663096701466188e+00
1.462680333980913794e+00
3.764559155799132029e-01
6.674258066576053139e-01
1.792096166323332795e+00
5.681885123479438526e+00
5.046668244643042200e-01
3.822793417862066168e+00
5.966488891525248306e+00
1.935824024554570144e+00
5.105919887685812952e+00
4.883023577451175434e+00
3.021187580820534180e+00
2.012250603231475310e+00
3.166449630118707059e+00
7.619488435049053265e-01
4.469067116248711002e+00
2.179705035355071985e+00
5.921918491662877315e+00
5.590135793377772444e+00
3.387886695207043886e+00
2.980239948764928926e-02
4.477527051475728825e+00
1.375472163169844109e-01
1.733066802028979225e+00
4.651178087091691893e-01
1.492999076944449222e+00
1.563956076012573249e+00
2.339089814734105488e-01
5.818798013579570494e+00
6.190354970849528904e+00
2.296875282747443237e+00
3.196012939339543113e+00
1.492241277175272884e+00
4.104330257273112181e-01
5.739786283968240532e+00
1.444804560933922843e+00
4.670952236865396401e+00
1.633798536767834264e+00
3.382769197211140444e+00
5.380676646716335831e+00
6.847961538926687908e-01
8.499496157402450791e-01
5.362848292639378123e+00
8.301436137427637973e-01
1.124828204448565572e+00
1.888256060109823053e+00
5.507133108660046794e+00
5.380792999337758786e+00
4.878363106542963124e+00
2.026727098081968492e+00
3.454910129061250945e+00
1.928253989200470642e+00
3.771162848070228168e+00
5.543857778612192533e+00
2.882664624060042868e-01
5.718067081353472858e+00
1.163199026391215085e+00
1.921054676231960912e+00
3.898364913365938822e+00
5.086397437612726335e+00
4.786637145860809461e+00
4.158254859418214266e+00
3.932778028114183755e+00
4.408866786161797613e+00
3.645120606804727270e+00
1.278533924918773046e+00
2.445807377991933151e+00
5.050267342296397288e+00
4.913021572880698074e+00
3.586647045442878046e+00
4.277823321831196957e+00
3.634366341299253733e+00
3.035536585008983934e+00
5.055254751863520468e-01
9.401674792388270419e-02
5.254415817412439793e+00
4.078344926043386387e+00
3.055431189180938034e+00
2.700670898388738195e+00
3.124813021765294963e+00
3.490912172029457583e+00
8.461565762730733908e-01
2.287352763565287717e+00
1.423973063874889533e+00
2.150535403530534850e+00
3.851692088005156833e+00
4.517007494174580806e+00
2.901328657699625779e+00
3.638599156719308780e+00
3.739723235784636834e+00
5.892090319581294366e+00
2.939987810275091817e+00
3.511669320611945366e+00
4.845314770126968540e+00
2.209365373606186012e+00
3.246689127557213617e+00
3.766111161677996311e+00
3.057583399717476169e+00
1.007648579399071487e+00
2.066616806016018160e+00
4.089743924283517629e-02
5.161644622653426495e+00
6.042369763905107938e+00
1.042778543073026754e+00
1.042778543073026754e+00
2.197090929884591759e+00
2.782893246701789280e+00
6.213187990852124365e+00
3.550752724067624211e+00
3.655286953000667083e+00
6.490581352075341925e-02
2.441134709659843693e+00
5.214206725522349650e+00
2.542964233652952544e+00
2.236715444856523405e+00
1.165707727607086852e+00
1.859117213394210211e+00
2.661916127079717143e+00
4.617790827737213277e+00
5.341153929307350445e+00
2.294073271656049684e+00
4.945409705274846246e+00
4.342499874901966095e+00
2.582698391265267901e+00
1.213360959601763156e+00
4.532206300062997073e+00
5.182651509693009473e+00
1.650395709603911243e+00
2.621639068791653315e+00
6.716220022802250611e-01
3.290080916835695479e+00
5.194556920790615706e+00
5.194556920790615706e+00
5.301762443844456385e+00
4.230478841203222373e-02
5.362977250075013913e-01
3.953827340554660896e+00
4.755999420280231149e+00
5.591159373103857355e+00
5.714229779544669263e+00
3.913342697825623606e+00
3.854945411920462472e+00
3.606687324578326859e+00
2.986666716891619444e-01
1.993943563008503617e+00
3.449509350762196558e+00
1.911896827344813588e+00
3.299161360284759148e+00
3.956628476387836990e+00
3.989075532685957715e+00
5.407475373920969552e+00
4.809110144724902725e+00
1.282861300853056719e+00
3.549746624662647676e+00
3.176299247813663129e-01
4.410061893799442245e+00
4.180999549465760801e+00
1.243015395584574634e-01
3.433356341092696162e+00
5.932947483097231078e+00
5.255729359138188173e+00
5.328332174784206288e+00
8.719014105526854408e-01
5.470445861935805176e+00
2.631596530480624807e+00
4.009041735206015034e+00
1.409137164147857391e+00
5.903114172343825850e+00
4.597096633520440179e+00
1.183767834142165576e+00
3.053909693226438904e+00
5.255643937306758495e+00
3.615622779326979952e+00
2.893464191733031043e+00
2.636805846426735656e+00
1.408327194231118185e-01
6.838363218960985535e-01
3.583761855652765060e+00
3.583761855652765060e+00
5.746547227374895428e+00
4.068511167747141499e+00
4.836402553796986581e+00
4.767608901421112932e+00
5.121227953371422892e+00
1.655326799725207465e-01
2.678226806000358451e+00
1.488897249087895780e+00
6.244762316618166054e+00
5.900534546770037636e-01
2.681968174048362741e+00
1.763946987279277678e+00
5.619661477068762956e+00
1.667281010971952249e+00
3.192388326672335186e+00
3.471654149186500504e-01
1.492039777228823638e+00
3.981186327155584515e+00
5.105698443344081738e+00
2.420137289441383288e+00
5.304976451031813589e+00
1.288485144317892406e+00
9.693552213900797909e-01
8.251211492254046931e-01
5.321159070901279264e+00
3.425295975759129252e+00
4.896200249841741403e+00
4.248029285733078808e+00
5.529657242125725958e+00
3.947562960631627149e+00
2.447808866948509632e+00
5.427014482090779524e+00
5.655324001017599578e+00
6.024254624776243183e+00
5.309117295938271752e+00
8.520956626378062282e-01
4.610343604266485151e+00
3.232439956364678846e+00
4.298683122135806833e+00
2.682198718812040639e+00
4.998652364147481819e+00
5.956209414088570853e+00
2.379464687179870808e+00
4.533945488913396105e+00
1.846432590079334801e+00
1.951282196638274513e+00
1.827366130572729119e+00
5.026744081141313103e+00
3.207334822843762812e+00
1.882691159546112658e-01
1.273445645615476352e-01
5.169133369665146027e+00
6.226594974958610251e+00
3.358801405203785340e+00
1.184144747580408108e+00
4.861208175416146027e+00
7.226925630176914694e-01
1.453492186018203292e+00
3.042412324205356455e+00
1.624473768416129893e+00
1.901503507263406334e+00
1.000599684095775821e+00
5.704851480093693361e+00
6.705874343872739729e-01
4.374672856766535389e+00
1.029379687583539038e+00
5.237579768444687645e+00
5.682462926674820558e+00
4.344556084240898564e+00
3.878518121167048527e+00
1.958438937152076065e-01
3.364070516001193223e+00
4.909703527100253595e+00
2.962326716705522500e+00
1.644699386214096393e+00
4.776922265654881983e+00
2.950190533591818820e+00
5.010837824026245002e+00
2.077953090401239322e+00
5.703149911105087178e+00
4.812888317425505491e-01
4.824565190990247388e+00
1.933576086156302054e+00
2.324551145348969783e+00
4.551838522151536282e+00
1.999523088127286741e+00
7.243330036661355109e-02
4.172099652461329633e+00
3.696829531248849943e+00
1.582465524198624962e+00
4.968468573856775095e+00
6.012676587019995189e+00
9.934877923992857518e-02
4.044262472319865687e+00
4.084063547436997510e+00
6.082516584687112982e+00
5.497602688186855602e-01
2.635687471690207673e+00
5.168433393854356517e+00
7.508860375101606977e-01
2.776169457575605293e+00
1.592171892853022186e+00
1.556324070150411742e+00
2.614346680294824310e+00
2.040395534874182459e+00
2.870073748241658507e+00
4.107383100020170374e+00
1.632721740400378430e+00
2.425368366216391181e+00
3.368221081325149857e+00
2.921496745073271839e+00
2.227114305441151743e+00
4.776839035571620151e+00
5.217511191085360878e+00
4.119278534024816807e+00
1.130318923009229870e+00
1.891429085823475020e+00
5.415236092799463385e+00
3.035335140706362012e+00
1.972109205405974564e+00
5.797792949793846518e+00
5.792153219183259871e+00
4.894254552773236178e+00
8.503630960439654274e-01
4.191411242182109476e+00
1.282663239229838936e+00
6.268891819509612162e-01
6.703156490232808906e-01
7.031878881044049123e-01
2.985143399981186718e+00
5.548828020573761677e-01
4.891089887226041988e+00
6.257121000199378891e+00
1.283092952177691259e-01
5.811082831159431805e+00
7.471639735213262412e-01
5.800766940506246527e+00
1.621164295417799828e+00
1.411054931999061957e+00
3.400145849573364742e+00
2.580887203277157482e+00
1.803701456831106498e+00
5.875096966700607659e+00
3.065740232187472714e-01
6.196038899949645185e-01
4.877038641047080958e+00
3.191170951464555650e+00
1.279865022250650242e+00
1.121823056912351291e+00
1.394656291729382325e+00
5.525248982684329846e-01
1.502234495435752493e+00
2.700772085904500130e+00
2.084450521460471606e+00
2.898526329818690073e+00
4.739082859385939095e+00
4.618706863040093147e+00
1.099153541256960409e+00
1.940465811343077718e+00
1.321029436330110052e+00
6.976266555588388485e-01
4.316259135339993946e+00
1.424402601439153315e+00
5.942617546676307150e+00
5.340423806786001037e-01
5.983802828184871636e+00
1.049962540891343110e+00
2.133555642737951175e+00
5.293778625935867232e+00
2.720125698373900391e+00
2.189351445329082324e+00
6.105429341912794960e+00
1.665236734666929230e+00
6.260631552951512191e-01
4.952938503678186777e+00
5.508328026280324252e+00
2.201219310684651376e+00
4.627934628844739606e+00
2.889179761822227022e-01
4.530577809171465908e+00
5.324432253339901777e+00
1.494201389930611690e+00
1.396123745706845831e+00
3.690182253946249880e+00
5.511805155159291481e+00
3.524552712278273159e+00
3.539870326429446656e+00
4.945262188393384051e+00
5.324084966203095348e-01
2.364952566813478541e+00
1.770267579129907176e+00
4.216832423951034414e+00
4.105398049979762654e+00
3.856950367321047235e+00
3.001029655919325023e+00
3.819783425320277370e+00
1.951688108388152543e+00
4.292282984966659498e+00
1.835090822321548742e+00
1.742598869806792905e-01
2.620105766329148267e+00
3.512973699497583535e+00
5.656338300082888182e-01
3.484657821051942328e+00
2.285244055998552071e-01
4.859276458602399096e+00
2.406596220171628886e+00
5.945384189343251968e+00
5.822544733597878164e+00
4.456734589740551478e+00
6.944113150331068240e-01
2.105472081231402726e+00
4.523425243929926509e+00
3.029504501047526333e+00
5.925083638639113026e+00
2.913371944756578458e+00
2.683131435721550773e-01
4.821529290330651030e+00
4.636763261085601329e+00
5.053257503419537500e+00
1.425398858960726045e+00
3.289283244922952321e+00
5.082709446055681646e+00
3.512170761492152238e+00
4.537330612694834286e+00
1.050051596221079464e+00
4.427361456360303649e-01
4.219952392326211665e-01
5.030963560836772430e+00
4.767318538605413103e+00
5.823165462464927167e+00
3.947551302575670551e+00
2.637800272609528207e+00
5.340096532697967469e+00
2.675907117040800642e+00
2.971863645353307604e-01
1.973304433509866840e+00
3.665161582349675040e+00
5.225252456877050200e+00
4.303586187115650219e+00
2.003880831876792001e-02
2.638334770800719653e+00
1.982365652007809231e+00
4.851483123243349738e+00
2.335134542946653013e+00
3.125924413650231770e+00
4.850801041507013522e+00
1.359661833892593208e+00
4.948089448692628345e+00
4.806863889184278094e+00
1.534373709808522612e+00
4.138326547856135740e+00
2.809452107707587132e+00
4.998255168394837078e+00
1.284112593929592094e+00
1.388150967943424519e-01
3.378816301212721029e+00
1.473800220999541999e+00
3.050905541937954268e+00
5.159701573435558686e+00
4.119110779356677909e+00
2.822591432399457645e+00
5.539493658909737661e-01
2.849210614199790825e+00
5.184740081357450237e+00
7.866158690646383178e-01
2.773821912199093020e+00
5.335486190268068363e+00
5.197586584602327697e+00
2.780070326391292923e+00
2.471838591350660863e+00
2.471838591350660863e+00
2.470549146689107189e+00
5.444508774219143810e+00
3.921001866984076045e+00
1.408913591522884090e+00
2.059632343054978776e+00
4.213248288108273343e+00
6.227586829926133660e+00
1.322480724609403246e+00
2.734656558453380626e+00
2.734656558453380626e+00
1.135100245001220642e+00
1.873679616391250136e+00
2.487125478132835354e+00
2.645671715433307369e+00
2.344682233751003153e+00
1.782588311325740804e+00
5.537348650607434308e+00
9.849827289605750380e-01
1.343805406804183811e+00
1.576894384995513931e+00
2.560609186040348817e+00
3.527404441453645845e+00
1.017765102879528705e+00
3.455241839048461827e-01
3.076634703364231171e+00
6.006951030595093499e+00
1.363152099915718729e+00
3.502743279093563089e-01
1.544593838716470380e+00
2.649880475922127943e+00
4.429028760602824022e+00
2.005631920960642134e+00
5.229646915533674445e+00
2.463737233657333547e+00
4.983526799792848294e+00
2.203797060277430830e+00
1.499272538080684392e+00
9.810609095427738069e-01
5.129380533873861836e+00
5.211677570457293740e-01
6.160668016250090417e+00
4.734674190498813218e-01
3.182037294146077944e+00
4.775453005605775125e+00
4.652241602061486958e+00
1.801438670375036466e+00
4.127440264532607372e+00
3.904604441446679619e+00
3.536858853353570087e+00
5.307751811142881415e+00
1.889137881090853455e+00
1.889137881090853455e+00
6.038931521022991689e+00
7.655164430494121319e-02
5.509532038186481628e+00
4.043533518427853579e+00
5.719230088270621515e+00
5.373448709893104080e+00
3.994955574950278532e-01
4.386105015209866842e+00
1.631278107914820197e+00
5.758537976904221090e+00
2.238019582541694419e+00
4.015246203036795691e+00
1.026476918847014197e+00
1.035391904744379588e+00
1.869406345684678783e+00
4.996681205946990723e+00
4.911008992373342430e+00
1.048080962700967511e+00
3.173591140051010839e-01
5.306918441364588901e+00
2.619414792617078547e-01
8.769386858092715897e-01
4.713978013681168200e+00
5.094668372909946896e+00
4.370119925535293604e+00
3.357756555331257609e+00
9.702669838260362667e-01
6.011432543160891484e+00
9.694591143308413095e-01
5.907824738058798708e+00
1.555004011887790583e+00
2.438365954092562404e+00
3.661663565611773308e+00
1.010867803824913480e+00
1.237829080469251330e+00
1.237829080469251330e+00
1.781133379069537170e+00
4.995764533246935812e+00
2.954884232827208024e+00
2.720769210824233397e+00
7.114858806382997614e-01
5.851665862635270443e+00
3.243699498518006319e+00
2.224620072067203580e+00
1.623138143522186994e+00
3.361380646835457231e+00
4.340999817662096305e+00
4.003079118425265648e+00
6.183703957441589516e+00
4.763886827749503894e-01
2.006504328071237353e+00
4.327397911756043491e+00
3.926829745575605823e+00
3.003653173042659219e+00
4.752614323957986997e+00
2.300543804243341484e+00
1.166229634685187477e-01
2.112025665552883069e+00
5.682697026486223102e+00
2.772869651903357990e+00
1.291151385803959606e+00
4.887648502451781951e+00
1.188464840234281894e+00
5.424368774585873965e+00
4.584749611468806663e+00
4.495064088380150480e+00
8.796797431244227639e-01
5.030691138369748572e+00
5.752336173955253429e+00
2.617811842163124680e+00
2.759220302764820332e+00
3.399481378050224656e+00
2.380965942261708435e+00
1.947447090170088657e+00
4.544044843594347682e+00
2.824672712012656461e+00
5.793987275389625324e+00
4.769810137196729194e+00
1.795559083839258108e+00
5.623705395069363178e+00
2.132876666176144909e+00
5.489109393441275131e+00
3.620419909170911943e+00
2.247034691403237971e+00
5.589499576509671996e+00
6.255860579881947103e+00
5.385397395338004323e+00
1.804509500243165476e+00
1.091494028200877153e+00
3.941604027383084574e+00
3.491391250335593721e+00
5.577330322141371255e+00
3.616765470833813723e-01
4.605450131821496207e+00
3.074612156203075486e+00
5.336064360859795741e+00
4.788434719996883082e+00
3.597098894599901620e+00
4.197500094998250830e+00
3.177575007604618307e-01
1.453852712543706183e+00
1.306965741448541607e+00
5.055032745454232312e+00
3.915183115309649242e+00
5.925097923323408011e+00
5.560757875952289986e+00
5.144864482754955226e+00
1.334868398531011024e+00
6.096106035418777047e+00
3.316537739430526877e+00
4.954934566601468582e+00
6.233943582835568264e+00
4.804776903944179445e+00
4.814084714087551120e+00
3.188822433688778268e+00
5.509961122754308604e+00
5.109014338104652886e+00
1.240502388767719566e+00
4.704382968061650239e+00
1.478258519137150451e+00
8.156658583840261656e-01
2.906217043758257290e+00
2.906217043758257290e+00
1.051708499634118610e-01
1.294565344793722872e+00
3.965050046159865005e+00
1.991743886962847654e+00
3.524440642417035807e+00
5.105836017624100442e+00
1.059908423324775306e+00
1.338697892327057382e+00
4.861683662045582999e+00
3.752432204780627778e+00
3.400587172307254047e+00
1.610843896766301242e+00
4.028915644017095232e+00
3.069702540953382908e+00
2.861101481902998955e+00
1.865223224330311069e+00
5.984410760162758081e+00
9.582602235614512409e-01
4.602563915341724154e-01
2.279550168285453537e+00
2.216112132003630109e+00
3.293142378846874330e+00
3.013015290822131931e+00
1.419190091200563941e-01
4.052413148686509814e+00
3.519726052335364841e+00
9.723821772727561097e-01
3.082146092170390261e-01
5.650483709076465466e+00
4.288240133067319881e+00
4.712138140498079331e+00
5.894595826017080320e+00
3.073381447362439900e+00
5.005619832666937441e+00
2.624327536772780078e+00
5.351489848433835128e+00
4.888037757631543911e+00
3.918444241346203061e+00
1.038096042910936490e+00
5.379000129506652961e+00
3.038686709089974514e+00
4.415966142285189910e+00
3.635028884106672464e-01
2.798646815511958152e+00
4.755047359300831999e+00
1.280045547431323705e+00
1.733781343441867406e+00
3.811628262933034250e+00
2.555768457420306561e-01
8.647185110171928812e-01
6.086661338958661460e+00
1.414978946061324017e+00
3.621972485213142079e+00
2.808268406456617683e-01
5.690222173647551784e+00
5.471908414763938744e+00
7.617542224064450807e-01
1.999664544525776577e-01
5.411381717194974073e-01
3.664299102854222223e+00
1.937317951366726021e-01
1.480018747230881004e+00
2.917174107553137219e+00
4.093912918537194301e+00
1.368112906138607698e-01
4.182569329800758240e+00
4.385597480427434469e+00
2.907306270905436918e+00
3.706245978829015186e+00
2.823729052148676644e+00
5.014572690015474343e+00
1.955739058029269728e+00
3.651208876148083426e+00
1.458356459986684506e+00
4.450081801912473267e-01
1.784185524295116565e+00
2.798104365190623000e+00
1.576787503408316304e+00
4.180751742880183031e+00
3.974454797982632570e+00
5.106204869597068097e+00
9.429813103579398614e-02
1.654772743126454060e+00
3.686554722971671971e+00
5.223907082983100025e+00
5.952610565420536126e+00
2.046641012121011016e+00
5.315571131336648492e+00
3.534167433748728548e+00
1.054530404282603584e+00
3.400087238810046486e+00
2.009723530885892728e+00
3.836781963926075623e+00
3.598972605804613867e+00
5.237436182002275231e-01
4.948985028705640943e+00
7.049055263713421837e-01
2.839761463732374480e+00
3.364282318593292853e+00
1.964542457733386982e+00
1.965376044542427536e+00
2.062467183396899273e+00
4.934835854166901292e+00
4.934835854166901292e+00
3.009046800065728888e+00
2.054600783888208326e+00
6.428602587364640186e-02
6.105684294613860530e+00
5.985393624975966276e+00
3.444290393820039764e+00
2.597378942354808373e+00
2.455444180533774556e+00
2.498875111923068104e+00
4.432619301275191326e+00
3.357782848004223109e+00
4.060134149520981062e+00
1.257733437412945854e+00
1.201398501494796989e+00
3.571778946300160129e+00
5.508942493982320165e+00
6.021993117953496011e+00
2.537344524422081804e+00
5.842013188718952144e+00
5.490637779579900624e+00
5.307140242516648954e+00
3.787859307150302168e+00
6.170677295843774779e+00
4.005042220589945856e+00
1.685259074196496343e+00
3.498989128786656799e+00
5.047078460814893752e+00
3.872021793409448964e+00
8.162735958289868421e-01
1.693973831063326330e+00
4.660069027760362914e-01
4.076183346134904184e+00
1.544335036424928198e+00
1.789636591169507795e+00
5.018661361881147087e+00
2.476980010647453767e+00
2.323621878610898861e+00
2.328573693743475559e+00
4.561610232069756243e+00
4.040208564989271167e+00
8.010127726813820459e-01
3.734979071109841176e+00
3.063577708842011305e+00
2.504086543831336442e+00
5.460550701651786909e+00
2.013782977537708518e+00
9.766457228157765513e-01
3.358812430853071351e+00
3.415862490614566038e+00
9.640106211157615235e-01
7.994189594279683675e-01
3.918800635934668097e+00
2.308864396487244619e+00
5.158441627908870508e+00
6.998052176505193955e-01
3.976365554996726281e+00
5.908688686140646240e-01
4.479538726780140756e+00
3.963794566639864403e+00
1.881393655999819003e+00
5.354355171273049052e+00
4.779173018520103788e+00
3.736824381761813196e+00
4.416130673094842862e+00
4.905393624151427545e+00
4.477950501692746776e+00
7.342187126634636130e-01
2.227766353292526702e+00
1.682401040898081845e+00
5.213953276124264846e+00
4.317861113126237882e-01
4.569329019443403972e+00
3.696990385681968139e+00
3.534769804060294174e+00
2.788740664513866818e+00
2.988218165566383533e+00
4.272835431304899956e-01
2.715104172344728894e+00
5.193450481029677768e+00
4.690933253523365210e+00
5.568799197662441358e+00
1.798372656426987959e+00
4.338809425095145222e+00
3.742296112551600995e+00
2.247523028107833554e+00
2.250658504625848266e+00
4.324267014193007519e+00
4.624680348824218079e+00
5.104234766436711368e+00
1.110851653197890698e-01
5.987619021665454788e+00
2.071311565076960903e+00
4.575391669776278647e+00
2.520902231646445557e+00
3.907714137093127427e+00
1.115098846526104026e+00
1.587029788478802494e+00
1.149943814381124696e+00
5.910806564585096901e+00
7.618627643174722408e-01
1.043092863578596763e+00
3.840840784461126756e+00
4.748061908611775905e-01
1.344815638455467699e+00
4.718965210152081369e+00
1.902200363260000415e+00
2.406486014946782603e+00
1.187151868399452859e+00
3.221492471449986184e+00
3.888787019221848329e+00
5.659113185351825948e+00
2.543280792174680727e+00
1.527721932608910649e+00
5.005660094984602182e+00
5.475355063404770739e+00
4.002409589901145814e+00
2.957872018618738608e+00
4.839483313645720486e-01
2.062616060424520725e+00
4.224762769243453064e+00
1.734757504562409736e-01
1.968650352335185261e+00
5.245230285985007512e+00
6.132125522816279428e+00
5.196086893085199776e+00
3.422296930806163484e+00
3.282133860127309788e-01
4.507492332705821170e+00
2.168371498689733556e+00
3.829460122967032198e+00
3.073780198157018972e-01
1.546735356450072985e+00
5.558765770546059137e+00
3.750872542123883324e+00
1.666909350449202520e+00
1.183582370127643557e+00
3.943745267886492378e+00
7.316228416204282325e-01
3.065463714341136736e+00
2.772584455526907021e+00
6.939908878001581627e-01
1.303530252050506988e+00
5.539844993734508449e+00
1.369165718752988425e+00
5.969055595662098312e-02
5.085122834561354388e+00
6.249730439037816332e+00
4.801891765867276618e-01
3.319841557896973772e+00
4.417612697423340506e+00
5.756492675938435610e+00
3.289260503982438522e-01
1.757314667565799127e-01
5.631641586060171178e+00
5.926344684122125450e+00
3.002353281824293063e+00
2.677159477588061165e+00
8.464267807629486384e-01
8.645632107060734484e-01
4.614248397021869508e+00
2.136595084480418905e+00
1.094069680117248922e-01
1.367692434665382706e+00
3.043419934558835749e+00
4.456953630724425963e+00
2.326869993037153250e+00
2.913909465051700565e-01
2.913909465051700565e-01
2.995337302241360078e+00
5.448077155452876852e+00
1.929907570845839970e+00
2.451863910844931382e+00
4.958420260879108810e+00
3.240358826229855271e+00
4.050263578178405766e+00
3.197085702702156418e+00
6.082175790470571108e+00
1.117056123432058179e+00
4.113937582861206366e+00
3.525766152036398093e+00
4.874283355554268837e+00
1.745885022627929217e+00
2.186026472040031976e+00
2.721830725362046621e+00
5.899579335346741615e+00
5.296418892278088819e+00
3.642471630819255068e-01
3.681707499147085283e+00
7.168995047219421934e-01
1.426180370480446769e+00
3.140507566857543509e+00
4.154328537864852677e+00
3.883295296555382858e+00
9.003958167395831325e-01
1.120010992498281510e+00
5.006650170248468257e+00
2.145441291282585539e+00
6.275927119882759975e+00
1.316980220233745946e+00
6.155685203443022502e+00
5.304606489998207941e+00
4.760986004138133332e+00
5.050916904162987109e+00
4.311535997904863748e+00
1.129531844039394883e+00
2.846322558028838046e+00
2.834660385283761741e+00
3.323593518078352016e+00
3.588522325772897759e+00
1.991259036225054402e+00
3.269658877026665689e+00
5.395604946348294462e+00
5.395604946348294462e+00
1.781860598491103787e+00
5.480428732328751273e+00
5.480428732328751273e+00
4.503539848834172687e-01
3.207760483900367721e+00
4.998933965194266804e+00
4.285305035442013022e-01
5.112646345445416074e+00
1.973170162708210995e+00
5.259481413460741273e+00
5.094458710564094162e+00
3.530996718095301912e+00
5.053964690619561217e+00
4.302064079057171142e+00
2.245267946027373895e+00
3.618452973416471874e+00
5.972102163855003809e+00
5.972102163855003809e+00
3.920697490692410803e+00
3.876723037010691542e+00
5.942786042794668155e+00
1.446311865700330657e+00
4.828298237045405727e+00
2.560647220854107786e+00
5.515947795965637113e+00
5.317779233419419604e+00
1.240823881320005206e+00
1.390184323329575200e+00
4.272891310808279997e+00
3.070214241218899076e+00
3.070214241218899076e+00
5.210262888663146796e+00
4.950677523348190334e+00
2.801469068105532756e+00
4.511812685856575023e+00
5.377658413709388796e+00
6.252604760698562636e+00
1.832106650214626598e+00
5.944776100220359183e-01
1.235903885717471340e+00
4.616673840973110288e+00
3.103076646321170529e+00
3.426316555862385371e-02
5.351691949888232713e+00
1.943206448379784845e+00
5.998098790073276732e+00
4.071217419903021550e-01
4.760839293921305782e+00
4.727768481942273837e-01
1.010166370176452943e-01
5.429406955103134536e+00
7.740805853307453077e-01
2.799409998362108354e+00
2.668319967806358051e+00
5.858356098973113824e+00
5.738371941630386885e-01
4.643173429562978072e+00
5.762710942167847961e-01
2.164752298150718346e-01
2.895818218466931881e+00
9.697880064454729165e-01
3.497625350012446344e+00
6.189927159176007443e+00
2.789462834814440129e+00
3.611606265356715806e+00
2.420852607482030905e+00
2.302455995872341177e+00
1.897873276680815735e+00
1.029335916726856759e+00
4.162040869107007879e+00
1.980323033712677372e+00
4.048637042659454011e+00
1.957637320497916278e+00
8.430388106362389777e-01
3.076315767379147914e+00
2.582582794647453994e+00
3.589975526037640918e+00
2.804590037542366687e+00
3.075478835940621991e+00
3.138210908543845434e+00
2.494826804086294203e+00
2.061475893357490818e+00
4.921129077625796100e+00
4.778616642451934737e+00
3.255623116582082144e+00
1.384111922845027820e+00
1.902341948582446207e+00
1.883156817933606675e-02
2.817122008208826855e+00
3.400682233127796383e+00
4.302128118101421705e+00
6.102255603063529321e+00
1.688211068480667265e+00
3.786306123384850064e+00
1.708109079978109790e+00
4.321644109363132813e+00
2.761189465079599614e+00
2.738908408509503900e-01
1.235725004135355576e+00
9.082249178373178466e-01
2.270675022983223101e+00
6.257684225786505294e+00
1.004483668509141836e+00
5.079294792095259581e+00
1.227162186045710257e+00
4.691373590620139922e+00
2.514128026036539509e+00
5.273338303616586842e+00
5.173405668653884959e+00
2.021802847570789652e+00
5.632022431084976688e+00
2.276868519626411569e-01
1.491989588391390953e+00
5.323637698919713834e+00
4.112994582118762565e+00
2.340625384160370359e+00
4.595361831603772984e+00
4.689223657641893972e+00
2.448603940773548260e+00
1.193358625296577102e+00
3.471459755449039175e+00
1.200419706245467566e+00
3.530325186403386883e+00
4.241989990193850701e-02
4.824038887643971485e+00
6.389723329394190188e-01
1.521097046880757198e+00
2.899331082888455313e+00
4.986643847864448809e+00
5.413585294804715176e+00
4.468804350715298135e+00
3.858352766568532655e+00
4.899602316516872946e+00
5.701506980642705891e+00
5.033224997430570724e+00
1.222003220386317146e+00
1.757898081551211078e+00
3.229520779581359857e+00
3.229520779581359857e+00
4.939879924182449145e+00
4.888514552365366583e+00
2.447816448621441765e+00
3.384231558651923599e+00
3.040897991431798175e+00
2.572436006711456002e+00
1.940886418072365061e+00
2.571132536107089805e+00
3.128611255338945796e+00
3.069187599797590593e+00
1.696425128352009537e+00
5.143567351344350946e+00
3.062182457011910941e+00
2.606066632599130628e+00
2.793958501047786314e+00
2.248264658161938101e+00
3.831483614351436362e+00
5.592718135111664601e+00
2.194479216683937750e+00
4.621400754372221975e+00
6.147789112950986734e+00
4.684883328910824929e-01
1.592125914862239533e+00
1.136672008985916804e+00
3.875901759197713847e+00
5.168857351188342442e+00
5.183385722470331913e+00
3.424932355773421477e+00
3.530126092932933446e+00
2.963403454228224376e+00
3.495996435891863818e+00
6.080895609537455115e+00
5.923308991636412557e+00
2.835518381325957904e+00
2.823605832962712725e+00
3.588327422126171395e+00
5.483900166394012565e+00
4.880849728812545862e+00
4.297650942844596145e+00
1.062783437977129708e+00
3.309165173634262214e+00
3.945605451256982477e+00
5.881655462943705004e+00
2.918353649024297169e+00
4.290440603488158366e+00
5.593572279834750915e+00
2.231144513876913038e+00
1.141553447252663389e-01
5.606697698990807943e+00
1.895122494059419793e+00
4.220278625130706729e+00
2.456320618585555948e+00
3.568105008411575962e+00
5.603394132667877336e+00
1.315551188598142573e+00
5.552222334159037764e+00
1.503972505242045621e+00
5.010984198242397269e+00
1.479525033908450027e+00
6.021988857364870995e+00
1.185518621586270527e+00
3.369037190994674802e-01
4.804816501158567732e+00
7.114043804007534888e-01
5.800223818134829123e+00
5.432076882960776842e+00
2.558993160123689492e+00
6.063269841899136203e+00
6.072392396293273542e+00
5.570547063847955727e+00
1.259588159521127793e+00
5.399051346923414485e+00
3.937947567017612283e+00
5.101780696143540794e+00
1.327390765397020722e+00
3.302532760544013790e+00
5.395740268929598571e+00
6.191775943025794149e+00
3.888456839129796894e+00
5.685657808142003944e-01
3.466453566717029311e+00
2.355542017451615067e-01
1.928501834689836159e+00
3.837227242400196303e+00
1.071721351515773080e-01
2.807632486780311964e+00
2.451441792128154162e+00
2.634941745814844083e+00
2.636413121352475741e+00
5.257448790252585269e+00
4.068925109514241356e+00
5.174765629483351503e+00
2.150609389119644277e+00
5.614361717657849304e+00
2.017593828017261615e+00
1.383102197203003314e-01
3.566369814516670900e+00
5.327090116805736741e+00
5.327090116805736741e+00
4.631428787380071022e+00
4.717218200553826790e+00
1.030606784738761661e+00
4.220183722317857544e+00
5.644147479201969020e+00
2.673463024631196561e+00
2.676696784558316722e-01
6.035587230415884186e+00
5.777433309766069947e+00
6.010281920094011632e+00
5.422262925001668066e+00
4.211295719609696064e+00
5.133894535517813829e+00
4.878018601766457074e+00
4.774341468949935496e+00
2.763140929316101335e+00
2.100817283490044929e+00
2.379263492895715260e+00
1.879504438707945368e+00
2.275612321852333864e-01
2.397819103128995266e-01
4.060511560917261065e+00
4.684631346144707997e+00
4.674952572061565448e+00
5.476007008088596528e+00
5.455825195231625457e+00
3.159710199709742540e+00
3.977278689558643610e+00
2.363672763804427035e+00
3.728615349162117898e+00
1.920322262443045602e+00
2.891766381861067714e+00
1.427292814988006420e+00
3.177668446806771740e+00
4.722831543479975025e+00
8.302457768550368655e-01
3.321754032282635105e+00
3.279895578536813794e+00
1.741844658017114966e+00
4.693415898547504739e+00
4.103211083855843100e+00
1.696118752188988665e+00
1.941221327327735224e+00
1.582401321656767834e+00
4.680712850081071075e+00
4.684214167516989491e+00
1.570707324233883817e+00
1.562632741409307968e+00
4.770321262494801040e+00
1.655975713630077450e+00
3.727435641169015046e+00
3.415400007606031796e+00
3.415400007606031796e+00
4.151972485065229534e-01
8.734607572452937063e-01
8.399773791133640088e-01
2.948467410697466207e-01
3.946461743883117990e+00
4.626564310273489689e+00
3.829332762919331223e+00
2.618034518682778256e+00
3.255727794364071670e-01
5.947780196531290642e+00
2.870950021175840305e+00
3.300774828069193756e+00
4.542554762330967222e+00
4.684162414728863411e+00
4.551347224301931504e+00
5.537262009345996105e+00
6.026251420610780229e+00
1.922640337517474762e+00
2.963423305086731574e+00
2.343209944054404303e+00
1.261756973063740794e+00
2.185487621089471588e+00
9.073102316069929785e-01
4.125402197728979203e+00
3.937067376615609238e+00
6.175725032405203763e+00
3.629433857249144246e+00
2.118261326029234226e+00
3.459801521328658147e+00
3.393995502752906734e+00
3.259416740881992958e+00
5.512916548926227733e+00
7.911243963375618193e-01
2.709115903065992370e+00
5.034656743758691988e+00
3.300753422262432402e+00
3.130369119740892714e+00
3.990906694046978842e+00
2.140432929968500986e+00
1.189008385102539478e+00
5.886136505025185706e+00
1.708209169540017669e+00
3.482627526723866662e+00
1.550197812372070771e+00
5.626361649696577594e+00
1.407825298351837340e+00
2.314931477832624651e+00
5.237823493047077505e+00
5.574934423224917168e+00
2.434205591252014855e+00
5.206664375007457046e+00
2.465595379511603014e+00
2.167351974954858207e+00
2.822466937720587765e+00
4.355244496787620712e+00
1.720124897442349976e+00
2.912263498985206311e+00
5.438672304141300984e-01
3.805548076993471085e+00
2.642115319620065961e+00
5.258669940799283182e+00
6.506033288187644814e-01
4.555735182149431850e-01
4.105901690199543097e+00
1.958733569861413670e+00
1.181716234550673761e-01
8.739302054148812005e-02
6.037314994635780252e+00
1.386853147629802052e+00
1.891916323401400035e+00
2.905810198355503360e+00
1.976389939233142101e+00
1.706287988837349445e-01
3.635007553982943396e+00
4.155096047845806773e+00
4.695291899893918597e+00
5.896024112007724582e+00
1.308484635274324681e+00
3.936682810710711689e+00
2.452505982494807668e+00
2.173054606917828480e+00
3.197170292351196430e+00
6.194491776125030214e+00
3.674990191005178986e+00
8.705629871675224507e-02
2.721713279083425974e+00
1.790831744760966515e+00
1.638218778842022161e-01
3.447113200667292432e+00
2.746487882070312025e-01
2.475440519728318023e-01
5.311393928245413676e-01
2.904853879365209224e+00
4.377763403641280249e+00
5.653293973028020503e+00
2.178361947537986509e+00
1.129300257542551478e+00
4.342409029100765316e+00
1.674779182988656245e+00
2.833114156851822329e+00
1.522264933435819145e+00
1.397214296288241897e+00
2.891988273676524557e+00
1.653180094978323744e+00
1.653850840034635894e+00
1.667312575188653057e+00
6.154199089694036395e+00
7.003774647125995401e-01
3.989588206356147637e+00
2.734132267283717610e+00
2.734132267283717610e+00
2.524533037094183641e+00
5.931504047171197946e+00
6.088236853715217833e+00
5.535782030345140825e+00
2.334035303233477521e+00
2.255337809708473529e+00
1.268552601366240040e+00
5.036527071517244991e+00
8.409056638260592464e-01
7.406859526080200595e-01
4.779662244478227962e+00
6.225754357238280967e+00
5.440751518055595426e+00
4.253855120835368098e+00
4.824742518483002840e-01
4.056396703097636447e+00
1.144910848479693932e+00
4.675304099379925304e+00
4.124407688421918294e-01
2.082283073039363330e+00
5.202958859881137599e+00
5.202958859881137599e+00
2.017800319625791872e+00
1.729523540679984706e+00
4.850927911803852410e+00
1.819043514806867989e+00
6.274437980547027394e+00
4.297487610594844298e+00
2.470572831594804342e+00
4.886139549396444792e+00
1.645319393362294491e-01
2.558904360299097291e+00
4.172805397645989345e+00
4.894152601031231953e+00
1.527075210030684360e+00
3.516205458001750994e+00
4.246234294787488039e+00
1.572629837012254228e+00
5.823376553844187953e+00
5.431089808764713034e+00
3.194202262750707177e-01
4.880361119143294957e-02
6.077901760575456613e+00
5.546589689382302346e+00
6.013290365550630234e+00
3.844580415629384351e+00
6.136996691092566181e+00
1.569926686006119176e+00
2.866291351396998976e+00
9.650739307707123515e-02
2.659581066014222728e+00
5.911538703322853472e+00
8.150813315332330333e-01
6.130881676024670490e+00
5.964156290532943494e+00
5.489595531214033208e+00
5.978966920985279820e+00
1.038035480670828292e+00
3.468401888025781421e+00
4.902848161743321498e+00
1.679249788815811328e+00
7.480134242217992835e-01
1.909447284518625665e+00
3.020435512170868364e+00
3.109535434217299610e+00
3.916245153428744796e+00
2.731788107698420731e+00
4.197473169285089512e+00
5.577037072968469289e-01
9.253080528511210545e-01
6.200992430148170698e+00
4.546599218510218421e+00
5.134009948075817675e+00
3.654130422521169486e+00
1.034641400159229008e+00
4.802284004599464140e+00
2.033360779409107977e+00
5.871612047065760009e+00
7.244443844269783384e-01
4.769781570255672065e+00
1.272866560246139755e+00
3.915973199354226608e+00
4.892592668953810175e-03
4.885655032833904343e+00
2.830690316087526526e+00
4.380786681725322040e+00
3.104629625928765790e+00
2.799627216979825306e-01
2.361412279299935690e+00
2.069610866209149691e+00
6.165447741855933472e+00
2.577002897035601592e+00
2.014018309738265344e+00
4.125291402371047411e+00
5.969367048320617819e+00
5.075888025669501147e+00
3.661683431229878050e+00
1.338858572608479847e+00
6.211930770196620877e+00
7.315942063992775246e-02
3.342946398821800891e+00
1.879206747230501406e+00
6.226036216783051636e+00
1.106582308663671022e+00
1.939448995450495872e+00
1.782589562610496614e+00
2.983714936901010972e+00
5.998736373723427384e+00
1.699612249098386485e+00
4.526668618323470561e+00
6.113086947451361830e+00
2.961739545876243440e+00
2.376008274970800471e+00
1.006798834430348677e+00
1.006798834430348677e+00
6.421277943844954095e-01
1.872615148295144749e+00
3.742996369369129273e+00
3.697043166395319602e+00
5.114776545893030324e+00
3.731995292013254417e+00
4.385980547885637293e-03
5.081209169016288385e+00
4.264741007618011892e+00
3.395199363621848931e+00
5.393419282821947824e+00
3.671816156081138427e+00
1.206190197240965212e+00
4.148787280633500885e+00
2.392581524015866989e+00
2.468539749229158531e+00
6.413220565526245309e-01
4.501214504315036002e+00
3.869603791080104216e+00
3.869603791080104216e+00
5.149161525086433322e+00
2.478237066672653199e+00
9.480107057940756476e-02
4.614187202877589655e+00
1.508119210795930698e-01
4.283940945003923417e-01
3.434638875922691792e+00
5.375137979524576615e+00
1.639069644290145789e+00
5.116080638685478021e+00
4.697552809388062300e+00
2.171477306496996107e-01
2.044342595592087974e+00
3.066610545040173719e+00
4.193142937618353550e+00
3.166568356544960050e+00
4.608354527396674172e-01
6.009573669511191873e+00
3.376029659004142758e+00
4.487256361652897318e+00
1.860803286949369806e+00
3.350589671043241236e+00
3.829443698523543382e+00
4.314707932488438757e+00
4.234600053410206399e+00
3.827789937971502354e+00
1.870021382392707210e+00
4.973226824282713565e+00
4.051894002126378069e+00
2.327362653202722953e+00
3.909321437128302268e+00
3.077554322722697577e-01
1.864851856619120340e+00
2.476542334818914171e+00
3.025976125330004152e+00
4.543579656257263899e+00
4.156323341757373058e-01
1.731110458072954827e+00
4.171348379680895668e+00
4.171348379680895668e+00
3.082415584484207827e+00
3.302876876958873442e+00
3.480766842770620872e+00
7.042607776271481157e-02
6.244945029956142868e+00
6.244945029956142868e+00
8.138041658365340325e-01
3.222933964482047831e+00
5.890311270550038003e+00
5.669601021068692681e+00
2.678927983109280930e+00
3.548545325432348463e-01
1.931749858666616859e+00
3.644173231409269853e+00
3.812628893310652245e-01
3.951960056916012931e-01
5.728570560279075075e+00
6.214801189871481668e-01
2.338477637793769048e+00
4.872097350159549478e+00
2.904673877908276580e+00
5.414256103435985956e+00
5.003159566353148513e+00
3.820803159703109575e+00
6.252457384837004639e+00
1.435156697693660277e-01
3.612028402519345427e+00
7.760115700395253668e-02
2.851341778034644392e+00
3.058594986959750628e+00
4.890240322545427176e+00
3.820147605689343973e+00
3.631879960555191911e+00
5.820869096102696538e+00
3.037277147380399001e+00
5.398844400712513369e+00
1.316575848835075391e-01
5.785994726562284640e-01
4.841542512586064717e+00
4.337802189471186232e+00
5.515213715527598204e+00
1.491125195647251545e-01
4.439694483353190613e+00
8.736450580653887243e-01
1.337797233750562143e+00
3.024592812216814863e+00
5.509716756406419336e+00
3.712003861405273053e+00
2.967474538034466036e+00
3.946248025721541097e+00
5.108286691297729831e+00
3.760575817185687342e-01
4.354556070923136346e+00
2.089211278303011454e+00
9.186692241745761933e-01
5.263539353274121702e+00
3.794892088399431263e+00
6.148019469441609708e+00
5.906407760657413242e+00
1.371414092645816041e+00
1.689500448831546819e-01
3.724537129154326554e+00
9.941958933695769218e-01
6.222410776309136082e+00
3.535251486140113641e+00
1.530928519492600337e+00
2.998787321396626737e+00
1.208504268299015472e+00
2.629052594230341100e-02
3.306263981409336861e+00
1.386018263267985162e-01
2.779560808055103749e+00
4.582644087127218491e+00
2.859807038225337550e+00
1.073353713319209923e+00
5.620997016637757859e+00
1.803019114142617951e+00
5.540961728797360486e+00
5.605987487868993036e+00
3.695149836924144893e+00
1.880181962333145052e+00
5.321584626933006490e+00
4.419769284163258760e+00
2.212441933277951023e+00
1.948108964994132108e+00
4.688026426953285863e+00
1.845850325803679581e-01
2.174709878362079962e+00
5.591843403863388851e+00
2.765310365922726277e-01
3.711291083945945424e+00
4.107467356798730762e+00
3.039462709391724360e+00
3.595424503435516783e+00
5.827407802432616357e+00
1.839813380642331353e+00
3.769412885322015683e+00
3.806582899307618284e+00
2.967958917357439219e+00
3.750206678518566150e-01
3.024964767205409188e+00
1.633025549585074288e-01
8.311709845285308873e-01
2.668602913327033477e+00
1.846866454734364282e+00
4.332984095690795456e+00
3.422965015419533241e+00
4.461407787463169683e-01
4.455588697915381147e+00
1.466064335937335983e-01
3.505393545919686105e+00
4.531846682918791558e+00
2.020148541862621272e+00
3.405197473390269458e+00
4.465119224951243915e+00
6.374694061496954944e-01
4.624699091816212082e+00
1.053891344904064553e+00
3.132369058650505522e+00
4.689389829838331636e+00
3.197580278764191153e+00
2.788194301556449872e+00
5.184330371540395888e+00
4.587133530491348310e+00
6.129159784028367142e+00
4.065635562607092801e+00
1.775866574039076440e+00
2.361416778774163561e+00
2.576510452995112388e+00
5.398126225549467527e+00
3.893471624648221496e+00
2.127300553070902822e+00
4.710824970472170747e+00
5.725046970304027205e+00
1.771592863349823688e+00
3.606901467397729544e+00
5.368405939840552143e+00
4.297917701561205561e+00
5.923475116266896379e-01
1.221724021229770862e+00
4.918645541683588363e-01
3.564302680963976400e+00
4.878479946360897657e+00
4.319810101503278155e+00
2.310526319348982227e+00
7.475048504336747612e-01
3.064403252269100264e+00
2.826137723028596227e+00
3.694767285349572994e+00
1.671348916991390432e+00
6.034204909886550006e+00
5.892257578388026218e+00
1.826626437594347507e+00
3.040505030856161639e+00
1.756716217288309068e+00
4.579511089672685387e-01
2.096833999356736200e+00
2.001415987305831479e+00
2.478161570258386348e+00
3.433632167179933248e+00
6.274563705712510320e+00
4.638008138823135340e+00
2.442450755826548914e+00
5.164256799759732175e-01
3.940357023760463484e+00
6.009689969196679193e+00
5.078706302896396352e-02
3.997839282909343872e+00
3.321359841794099044e+00
4.344954565836843585e+00
4.998765338882884102e+00
3.242815096518556484e+00
1.519901861701985268e+00
2.998471649823555296e-01
5.170495458205057737e+00
2.431882210612531736e+00
1.988824745998302390e+00
3.554917853076873246e+00
1.079696018980042638e+00
5.545458390568200002e+00
4.470939818576172620e+00
5.816926824470543878e+00
6.679041743515057306e-01
1.314994047569763680e+00
3.071649093186518797e+00
2.585618560934136667e+00
4.919005743541561060e+00
4.782342517827320449e+00
5.115336068263763636e+00
6.197348470710931423e+00
8.814356007168377971e-01
5.411590417116069140e+00
6.153979131985805040e+00
4.382544117869966449e+00
2.656370188613818684e+00
4.485891341023935830e+00
1.831407837020144314e+00
4.940637674474807284e+00
1.311993249937232875e+00
2.640375087046095359e+00
2.706632276987281926e+00
9.496698811094201886e-01
3.853468690688457876e+00
6.057539566698196154e+00
4.762065941844781491e+00
4.004651896177364279e+00
2.700305558467068323e+00
1.396366535265378239e+00
2.610566383141126323e+00
4.295268448983852849e+00
4.117863606246348951e+00
5.292026350088660180e+00
3.441727809741782274e+00
3.000826582203906412e+00
1.875686890800986717e+00
2.974104577069327959e+00
6.127784023644980316e+00
2.940733582254393852e+00
4.878968908529293103e+00
2.453096351432275668e-01
7.990051877666930480e-01
2.437066399791877558e+00
4.711934631797944917e+00
2.227325475182642123e-01
1.246185065156040217e+00
4.097778438661082490e+00
5.054645779410439133e+00
2.641599970770583283e+00
2.182306576193822067e-01
5.682710716655515526e+00
2.426406508769110459e+00
3.524097254887492703e+00
3.531812598707627426e+00
4.858918260558841240e+00
1.402810885982788136e+00
2.678195355338818473e+00
6.087456094937113704e+00
4.846068735342937472e+00
3.531142416209145818e+00
3.003914695472484908e+00
4.677297059632829601e+00
3.000087864853858477e+00
3.262397831825971650e-01
4.377206683239150742e+00
1.364185580050255808e+00
3.386175019312651635e+00
4.919648929613703814e+00
2.754106876572951279e+00
2.555754934410376933e+00
1.620080977368538733e+00
6.523408339817713397e-01
4.257793939497386049e+00
4.693227905319453441e+00
3.031879842164407535e+00
2.313387907796711218e-01
4.929301829566655968e+00
1.041969695031967902e+00
4.578898307133203893e+00
1.516768605627859756e+00
4.130798273989518599e+00
2.114592995009141774e+00
3.910908436515613484e+00
3.055166166059194666e+00
4.669370897622406424e+00
4.888086538930156877e+00
3.883559737579894922e+00
2.929159125849839285e+00
2.836988435961281141e+00
5.153211854764481181e+00
1.347912551670484405e+00
2.505186588401835834e+00
4.185040416581523814e+00
3.745299722404921816e+00
4.797841061228185211e-01
4.933389876583627043e+00
4.859666697906244615e+00
5.089893669717440616e+00
1.043283937944073259e+00
5.588460748805976763e-01
3.772716065268192143e+00
4.051525382247950446e+00
3.975220160487803245e+00
5.764528893743761095e+00
1.071690948345871419e+00
3.652628710045508598e+00
4.748639115601213767e+00
4.205816637838232452e+00
3.324522884595812133e+00
6.005958419257888536e+00
2.835642897244134986e-01
2.435975849643218893e+00
3.043061705164932462e+00
5.040549299442619535e+00
6.396661692820195810e-01
6.714386090646335958e-01
2.276832203590286596e-01
7.267521610936356069e-03
2.814407759800472419e+00
4.577075253395545218e+00
5.341350438626308872e-01
7.838011665513722193e-02
4.756941912119621030e+00
5.226093580296388375e+00
3.317900380172457364e+00
1.214515613332994626e+00
1.003111736461107739e+00
1.003111736461107739e+00
1.613716607876219733e+00
2.911488626280107184e+00
4.535829630516550637e+00
2.760192864000540425e+00
2.187498233405509751e+00
1.612134370776274750e-02
2.724291958181776607e+00
4.746485234499999706e-01
1.117756014546618104e+00
5.673010135186411951e+00
4.784985335204166468e+00
5.403405577432779161e+00
4.152065554171651129e-01
5.743648673631688517e+00
4.883227369580716015e+00
3.633369544249184901e+00
4.181990453874181668e+00
3.085833722475562979e+00
3.609668473099793662e+00
4.707019222399607017e+00
4.976414517324845299e+00
5.220459189964551605e+00
5.291733173141928148e-01
1.668274347716941719e+00
6.286859673629363598e-01
6.032809380759554863e+00
2.511424895056304507e+00
2.682967667877740325e+00
2.016083073396629288e+00
1.453547865167569952e+00
1.414688402747908746e+00
1.938772753710344077e+00
5.190194845256323575e+00
6.192026200253176960e+00
5.491393048771229246e+00
5.491352857795891218e+00
1.646679730764974536e+00
5.092799049089465235e+00
2.466549955715191089e+00
2.998313738253814975e+00
2.023648584676358553e+00
4.804999867726390761e+00
1.234448954398854603e+00
6.024172582184616154e+00
2.932808306979305613e+00
2.705252532966174073e+00
6.028780814879031169e-01
7.231700263508589188e-02
1.076995061397303388e-01
7.132954797008563830e-01
7.132954797008563830e-01
4.563662241165854283e+00
1.995627689573700181e-01
3.100405190729007998e+00
5.862527523995391121e-01
3.523956535866605844e+00
3.641619483144691749e+00
5.858848853000845125e+00
2.836166160585472440e+00
5.271897688307701557e+00
5.995688426116616121e+00
2.638687390124868415e+00
5.993976635135834563e+00
5.993976635135834563e+00
6.201187209759995156e+00
3.750520982472522746e-01
2.969614975525177059e+00
2.165537805317132580e+00
5.141400668667555962e+00
5.896655649343570005e+00
2.632037117711405472e-01
2.069039845459407445e+00
1.063778232785455913e+00
2.941570482803033570e+00
4.882892387124995182e-01
4.225983936209740222e+00
2.566917185916924637e+00
2.126562406481779632e+00
5.842261311614486807e+00
5.168745149886722956e+00
6.101348327701690444e+00
