psi
8.601923485746066911e-01
7.866618750386233927e-02
1.970422857151028495e-01
1.168540262718611666e+00
1.206290618202037201e+00
2.837349659486584130e+00
1.025144754317430351e+00
2.119127389328199496e-01
2.143082821218388112e+00
6.405090824074939349e-01
9.988723038105992158e-01
8.617239921256142354e-01
1.814847355900672365e+00
7.720667836626429192e-01
1.745635416889988745e-01
2.473841305274044888e+00
2.269970200936379801e+00
2.176049976435768141e+00
2.697940293058336825e-01
2.945890635686796988e-01
2.142335586950171233e+00
3.597812793954233146e-02
2.020553137564624624e+00
8.679979521087866079e-01
1.376566223925377308e+00
2.654745900731791952e-01
5.575773588776544720e-01
2.853609527172419114e+00
2.767449123340002703e+00
2.885137039606108011e+00
3.841243692868249737e-01
3.587309967944234401e-01
6.620855982815180285e-01
1.907906741632371173e+00
9.042634265681428474e-01
2.799640691307178297e+00
2.288848312763843929e+00
1.549666792727093956e+00
1.799957553825799028e+00
2.141164545654896667e+00
2.078173462982780162e+00
2.787263753643434150e+00
1.205356730008615429e+00
2.579540616428714905e+00
3.086114901073170547e+00
2.860810211033941730e+00
1.773177877573399064e+00
7.343613642730082436e-01
1.328342569845005539e+00
1.546098470795267854e+00
3.009199551977364440e+00
1.571217985887596313e+00
2.843319988296341361e+00
7.176929255599802104e-01
2.395913328397898834e+00
1.477729286466356484e+00
1.523458256950039003e+00
1.127418774637696908e+00
8.478269173390695634e-02
1.592272148245306829e+00
2.226728620416242421e+00
2.508311979893838473e+00
2.023877350853193757e+00
2.799819388445052404e+00
2.993455098555076077e+00
1.644765183021723143e+00
2.341750478785523948e-01
1.828525071926257572e+00
2.376635380345124116e+00
1.701170976743172414e+00
8.378818559558325330e-01
2.236390921397979792e+00
2.081936664172152618e-01
2.435710520581676697e+00
3.108814923899738680e+00
1.559296324860798055e+00
2.274611004289146976e+00
1.942766748854044323e+00
2.346458020059051464e+00
5.407457041461914971e-01
1.555964243990457518e+00
8.720024313806412630e-01
1.564830918370767598e+00
1.751579871414684408e+00
9.173794867238376227e-01
2.009329970112857744e+00
2.887825140965074588e+00
2.439266838196071152e+00
1.280931463338663256e+00
9.585816547717795899e-01
2.675854912461209434e+00
3.012446752969709873e+00
1.587857344188685849e+00
8.257374069202312317e-01
2.448425801172459781e+00
8.606872460082899412e-01
2.076774973398583413e+00
7.853268852695762803e-01
1.505216709684672693e+00
1.157124172171576815e+00
5.426631762553081328e-01
2.414848081769751076e+00
1.451744011398150791e+00
5.957155248847495477e-01
2.824662172199822407e+00
1.761447876921983680e+00
1.771344902741293303e+00
1.942631398608550386e+00
9.355227840184056065e-01
4.042129379243431658e-02
1.814666287553876878e-01
5.918077817897433590e-01
6.075498673616239742e-01
2.657239455455680410e+00
2.396181610900010028e+00
9.374202890528228194e-01
2.056444477927411807e+00
1.453986830288550802e+00
1.680503520007786245e+00
5.275644130085849204e-01
1.372110188700031097e+00
1.865337700770549612e+00
2.756346644243328203e+00
1.964597020821218898e+00
1.913242687465762426e+00
3.838913547966358308e-01
4.422255237387982540e-01
1.961363772099470104e+00
3.109438756149336847e+00
3.013719490270456713e+00
1.605263869881669914e+00
2.812960394440183087e+00
4.904297635311309911e-01
2.594487665790938369e+00
2.671869130765023304e-01
1.494059231215660200e+00
2.397359471644763040e+00
2.509503194016792893e+00
7.298536083561324439e-02
2.894440424870168727e+00
8.284036820550898517e-01
1.495516549887514257e+00
3.024597234145429692e+00
1.742060144279089506e-01
6.942891688979968556e-01
2.777915001259434469e+00
2.038435306511982237e+00
2.041408191248547943e-01
3.099965279678159380e+00
2.168266708209250826e+00
3.116925400287398618e-01
1.323859733373179859e+00
2.745054091780852801e+00
2.887631311051548799e+00
2.636778828047784962e-01
8.117874114779648487e-01
7.221963175741098473e-01
3.295876926460303835e-01
1.587139794849803387e-01
6.987797494799625753e-01
2.306946883524021441e+00
1.475675873575556851e+00
3.010235769791949512e+00
2.973709745550456418e+00
6.356455889205111509e-01
1.216559265305878768e+00
2.917000529557802757e+00
2.098787198539294074e+00
7.088283716345367136e-01
2.929500918165317103e+00
5.113524994555220804e-01
6.326401923606644884e-01
1.513251909344883295e+00
2.187648908843185414e+00
3.075178169849507315e-01
2.342133991391352144e+00
2.360773143498703153e+00
2.742991590728857343e+00
2.510919444931196676e+00
1.586331209798543362e+00
2.570968444823872989e+00
1.924260968281537698e+00
4.843091285210849861e-01
2.448284447247114581e+00
2.323710781421091109e+00
2.072325445992892146e+00
2.119301861475997750e+00
6.154163114620615493e-01
1.249183391297335799e+00
2.948904606679392693e+00
9.807141089227061626e-01
5.322867488497605715e-01
2.711683758377157805e+00
2.383589391140795488e+00
2.440847597518164047e+00
1.856514384155194319e+00
1.109187169360970060e-02
2.925814682747348350e+00
4.893745400272463963e-01
1.956039978214600072e+00
2.680466143668658763e+00
1.482787715437042575e+00
2.618876863464926874e+00
2.306018320900528606e-01
8.432320156632826524e-01
1.604185693855467276e+00
7.138493020616855089e-01
2.488931824072690424e-01
1.071673730483111431e+00
2.181397170309637534e+00
3.080492997377280773e+00
3.571388209433897232e-01
1.541702828825262772e+00
2.619435389554536364e-01
1.676881701756845366e+00
6.331701581099485887e-01
1.886691578980518313e+00
3.057133384384938424e+00
4.684518936621119845e-01
1.726557594683101104e+00
8.419805847289570933e-01
2.398704827137257301e+00
7.636494357523553045e-02
2.772234815632919069e+00
7.005505210224993728e-01
8.736195966991997519e-01
2.107571711407451795e-02
9.164855352950852518e-01
1.752384858549008495e+00
1.916937756713982033e+00
3.724918660494188072e-01
1.421024885178111097e+00
2.800484683391479823e+00
1.259708690519427243e+00
1.389873872769976371e-01
1.180940398268826907e+00
2.761522165577497301e+00
8.985381766773949952e-01
2.279919594827034768e+00
8.898807283520038247e-01
2.277239435567784742e+00
1.366525072050083445e+00
1.941342563653055686e+00
2.955322560672376753e+00
2.787091632268453800e+00
1.609356821247268199e+00
6.619474281118393755e-01
1.334261481913550318e+00
3.054815055944696489e+00
1.981015094216785677e+00
2.916949184785782467e+00
1.249347367223006211e+00
2.179038855941687558e+00
1.971366876380727939e+00
1.153926718880647018e+00
1.138487656415696492e-01
2.243570181474108804e-01
2.860845798488266922e+00
2.506901646742272671e+00
1.319385557045035684e+00
2.416745889269072745e+00
1.826511068619412370e+00
2.724760468517092971e+00
2.461103017790058800e+00
2.343427821507844122e+00
2.043884267954054312e+00
4.566280731294068973e-01
2.632372689585586123e+00
2.165662029010344103e+00
1.163232228253991529e+00
2.170398110972318051e+00
2.320121638379269324e+00
1.669894004395011400e-01
1.844437127526150855e+00
2.476242722529748086e+00
2.118422177606318346e+00
1.049689331705697004e+00
2.129319470374325007e+00
2.382220978963777380e+00
8.257067091386938174e-01
5.686504154996038229e-01
2.544512384604064703e+00
3.335994105045808067e-01
2.520942197052475020e+00
8.112818672411168386e-01
2.899444660957844366e+00
2.325727471651620082e+00
1.602203905317828747e+00
2.440489298769967785e+00
1.278753690098069162e+00
2.972201290208980495e+00
1.346056084771264372e+00
5.605041413313645027e-01
2.448091142250392149e+00
7.987885353116656872e-02
1.048685981360556241e+00
7.661769325935408048e-01
2.805816164756903763e+00
2.037057923632315415e+00
1.521896377192131888e+00
3.083967015963756886e+00
2.987264632113930229e+00
2.094233576806757480e+00
2.176175827351857439e+00
2.937039511056232843e+00
3.122456804095624872e+00
2.598864922059344718e+00
1.389578237064465815e+00
1.194930173881769253e+00
1.635952582110594411e-01
1.270853447775639466e-01
2.683554697875059958e+00
2.425227357861013733e+00
2.149286218163749318e+00
1.879328536724693910e+00
2.731984125659042473e+00
2.183322547050851881e-01
2.742335791491925523e+00
7.145537575635219074e-01
1.123908156803232306e+00
4.470159563723988261e-01
1.305715797839993808e+00
2.216255411377752615e+00
9.034000251690624261e-02
2.191602038079605741e+00
1.608670724846185118e+00
1.398076457266166361e+00
2.640313449208083529e+00
2.263511807356893557e-01
2.543626675966637496e+00
3.849405658323905577e-01
2.703871791592042495e+00
6.479932533336830724e-01
1.360496010905195119e+00
9.733651156239897517e-02
2.666622703993189791e+00
1.144846337449958895e+00
1.366218540762801581e+00
1.273415788711178998e+00
2.850321793983777163e-01
2.216621141913776571e-01
3.137068013032896729e+00
2.191368211515539954e+00
1.493233077333077752e+00
2.281533527813093709e+00
1.865063449105709148e-01
4.497660600113721485e-01
2.843638776033400872e-01
2.471121550698813507e-01
1.777205497899707165e+00
1.978125581858680038e+00
1.539987304955856340e+00
1.058614630220586994e+00
2.242016343015974300e+00
1.194217219399265506e+00
2.138914759583444791e+00
2.665385276006738469e+00
2.877140415526511230e-01
2.804103653984599820e+00
2.987001339073526385e+00
2.836228557730319011e+00
3.104948190383789441e+00
2.069878263137680641e+00
1.264043223635060720e+00
2.684681135811274544e+00
1.386774478663113097e+00
2.623589607416646263e+00
1.276137296842144497e+00
1.477966683266418224e+00
1.701922794362593194e+00
2.439003437942779851e+00
2.808160217652996060e+00
2.455452363070644017e-01
2.659261836814788005e+00
1.634416025020424490e+00
2.462926318480140431e+00
2.505359010843793310e+00
1.624357869976655655e+00
3.078795925319696813e+00
3.317258554589042618e-01
1.519894206726317254e+00
2.591866122305427567e+00
2.875255756841736066e+00
2.516297313422986459e+00
1.243676630636684877e+00
2.873802874551486308e+00
2.957071927638304842e+00
4.828110998937393816e-01
2.037244498019862959e+00
8.252038088593049991e-01
2.458393183098102064e+00
3.723096610712068877e-01
1.829893105475833073e-02
1.291997597866243019e+00
2.504272024619403236e+00
2.197489240491383278e+00
2.124157474197874429e-01
1.617703711988986770e+00
1.997495786402544882e+00
1.753303751647888431e+00
2.685701671348045494e+00
2.999686812853210593e+00
3.046859817101770229e+00
1.241154029248390245e-01
2.107565678439499379e+00
1.840819179455102761e+00
2.055896250957396809e+00
9.334675850330156344e-01
4.528567750861842156e-01
3.596944026785128812e-01
2.625025169330861274e-01
2.425358741750796909e+00
1.507971117500441549e+00
1.008929299625565434e+00
5.317122859383579536e-01
1.233091381462828817e+00
8.399716959141504402e-01
2.403488498577644350e+00
1.275960096495430296e+00
7.030450876264913163e-01
2.510365527048460166e+00
4.471784373269462320e-01
4.625598374886453756e-01
2.504465488839057175e-01
1.282069123887981110e+00
2.667709079500370173e+00
9.096302748190595588e-01
3.232143892075258762e-01
3.050005049606290264e+00
1.946177908386635957e+00
2.807946070379060632e+00
1.703309768217129649e+00
2.175625899953308462e+00
1.337102139253282695e+00
2.088917623803088208e+00
1.450468289049468229e+00
1.632949770792331501e+00
1.821056940919562606e-01
3.030718332345394117e+00
7.918027975390286022e-01
2.356723795970652180e+00
2.978395167976039648e+00
7.614564805961157035e-01
2.672331328994734356e+00
2.258724232918962738e+00
9.588337294968065638e-01
1.951798591217031253e+00
2.251906320621620772e+00
1.690943566776293094e+00
2.395903111777024197e+00
1.682202654258005747e+00
1.896000235293462399e+00
1.742215456543389829e+00
9.755638958108562298e-01
9.350484460687368271e-01
7.997618254827725259e-01
1.279527083542860044e+00
2.801753280068196794e+00
2.539487266021815071e+00
3.482276932306659356e-01
1.381938334616672481e-01
2.768524614570008424e+00
3.015672672823903167e+00
1.267772625259721009e+00
1.005296929136997974e+00
2.977089673521522428e+00
2.257035685589318774e+00
1.934088651102911616e+00
2.565149843203352376e+00
2.925310937091762042e+00
8.922507351641574269e-01
5.667853954945208939e-01
4.077682346989286444e-02
1.484936893358914656e+00
1.614328155460363678e+00
2.991496940300088614e+00
3.007539055524154903e-01
1.217239133638159831e+00
2.202458170274910199e+00
2.207061775125564562e+00
6.234996810344938245e-01
7.658193068548055926e-01
1.702479351510213901e+00
2.033731034865967846e+00
2.672060338782288547e+00
8.276484362447840137e-01
2.756094016523217061e+00
3.790364534988073242e-01
2.790313248744804131e+00
6.847711274651283597e-01
8.085687215825219099e-01
1.667645179909746700e+00
1.021111708846148991e+00
2.195938346702216659e+00
2.418175287009160623e+00
1.459052609195210737e+00
7.056731006347036761e-01
1.391543776931745802e+00
1.794575588071634531e+00
1.170727600212585706e+00
1.502805879935721567e+00
3.061038248630177261e+00
4.139603181874900173e-01
7.711098073688298360e-01
3.075272280349095055e-01
6.504628417184153966e-01
1.867231117582857536e+00
1.260353614642944375e+00
1.744730495757679911e+00
6.766185897013967665e-01
2.160120114376981704e+00
3.019874975798589656e+00
2.389816249449662866e+00
7.677484032687298399e-01
2.675566915777718435e+00
3.603902224183055947e-01
3.896485632334981131e-01
2.425258142166716591e-01
2.625321779916562903e+00
3.032472668903902768e+00
8.166052967774374283e-01
2.436476791811987841e+00
1.676760360257757876e+00
4.645465005737505759e-01
3.080980527258899038e+00
2.015799739752688780e+00
2.240137915465342466e+00
2.549395435675751997e-01
1.957276242290421298e+00
2.756529824463803457e+00
2.979262065678148996e+00
5.820211181203269746e-01
9.997635016025652188e-01
3.600527044081979766e-01
2.012465972336798359e+00
5.386398140643665622e-01
1.687930029156317291e+00
2.504591564815770166e+00
2.479424601101733128e+00
4.143332180668997111e-01
2.225354104707782721e+00
3.001719948856495179e+00
1.876512852266600362e+00
2.489944813808040891e+00
8.779976572797164591e-01
2.191986813788617261e-01
1.400568388789547702e+00
1.146288269657857573e+00
2.339400326594798518e-01
2.393722293143736302e+00
2.049289816342416692e+00
1.613003333149059193e+00
1.749624453952218772e+00
1.595709326928458793e+00
2.815870398727324808e+00
1.695217392326227257e+00
7.577393463860110367e-01
1.949173677519024039e+00
1.375430675361680510e+00
2.077527802440776394e+00
2.920491701632065062e+00
7.608665269486487581e-01
1.863074088875672718e+00
9.323960291777944054e-01
2.828334648706316568e+00
2.575051101352774818e+00
1.992335312729499153e+00
1.607581210154797491e+00
5.250644524576623118e-01
8.590664695063564560e-01
2.148886221392166673e-01
6.397669484840633469e-01
2.737734689158197732e-01
1.089207738064585929e+00
2.126548803609075833e+00
1.635780220509374328e+00
6.390174944117673617e-01
3.460722224662032276e-01
2.482642400390794535e+00
2.733312693990860520e+00
9.337824340837086456e-01
1.405660153615515107e+00
1.234642827781933017e+00
3.100098172660862961e+00
2.048609952350498808e+00
1.331225940167201971e+00
2.593153689942740314e+00
1.342584686965379914e+00
9.331007172040282072e-01
2.755337193449958200e+00
2.372115002305001497e+00
2.434275242477002887e+00
1.286803121046452336e+00
2.947231349576368009e-01
2.517456081081688168e+00
2.835366928039760648e+00
1.079903183299261826e+00
6.236936822047862705e-01
3.256418484199887220e-01
2.608329601451884194e+00
2.498377075195050701e+00
1.279379362023501443e+00
2.312675087082328051e+00
1.645980333358185943e+00
3.543693795900713095e-01
1.787095548222231045e+00
8.181201564904502233e-01
9.114398562441929919e-01
7.257734604069737694e-01
2.669935202679602160e+00
2.596354808733223773e+00
1.546775417190054069e+00
3.121665930493320307e+00
1.618759820903737379e-01
2.141468564783435280e+00
2.552437132855245316e+00
1.510267743040429211e+00
1.737424739081941727e+00
1.125785283598860653e+00
1.383002461309845277e+00
5.641136948796465767e-01
2.692655211685147432e+00
1.880718461253618745e+00
4.028068976631398734e-01
1.495146650942043687e+00
1.921210684844145922e+00
2.591828561754887517e-01
2.075577055571281804e+00
1.303386695313973220e+00
2.822562549536563825e+00
6.620802647219559134e-01
8.572843411579202932e-01
2.528957950670903454e+00
2.549054457703107790e+00
1.416164739984110188e+00
3.044655090470163028e-01
1.773138484898106881e+00
2.307100751774851410e+00
8.667963370322419037e-01
1.821888243502436833e+00
2.039412500462644662e+00
3.086897624526063311e+00
2.854762798987850125e+00
1.823221082450174613e-01
2.368807072411096559e+00
2.033023765219774237e+00
1.352825110499897843e+00
2.485276617548120015e+00
8.287115185198904443e-01
2.400315209134554539e+00
3.083020251900836062e+00
1.702151216439605985e+00
1.053330735981654831e+00
1.593226675902790879e+00
2.464874670555816660e+00
9.297609298896716279e-01
2.604365276371452875e+00
2.779919035786837522e+00
1.655110166769211633e+00
2.608075965814349306e+00
1.330241197823585519e+00
1.963569162997290896e+00
2.106571514312350235e+00
2.212353183724950156e+00
4.639271635530906046e-01
7.405857474512421712e-01
7.813029540440195042e-01
2.335777745481892875e+00
1.093707319644658726e+00
2.542279883468271162e+00
2.873421784126076073e+00
2.725316383571824375e+00
1.507564118600479564e+00
1.185049254232668714e+00
6.916487433803655271e-01
2.999036804041256943e+00
2.649648131059424205e+00
7.219948402449276603e-01
1.353822773377547417e+00
2.242362132132715846e+00
1.927611074923612389e+00
1.061701039484729492e+00
2.008535088300364979e+00
1.115965948371241412e+00
2.149532899310170553e+00
1.117646585156969241e+00
2.371406919613574082e+00
1.449296937269202168e-01
2.107996453160467798e+00
1.051933603619771951e+00
2.385910869438594872e+00
1.570910760097983694e+00
1.586604564956362040e-01
2.165013780602759397e+00
2.036064142208206196e+00
2.377189954615088752e+00
2.909993908299524978e+00
1.203749856533061102e+00
1.392280963476806299e+00
3.880732129460961466e-01
2.954906987015594844e+00
1.358316315378029548e+00
5.370179710634953585e-01
7.542308837270274013e-01
1.710248199061676466e+00
6.955815523178283666e-01
1.022824975592947494e+00
3.138007358396453395e+00
1.820459978934357625e+00
2.019709586902803888e+00
3.040643963420702978e+00
1.604533434173698758e+00
2.488245438311565305e+00
2.264950871178515790e+00
6.349894909937097154e-01
2.001138196207874920e+00
2.460969728448064497e+00
5.478137807065814879e-01
7.846460599022354598e-01
2.852003745594728912e+00
1.669609959890814732e+00
2.494002439893752587e+00
3.034955240101376628e+00
1.275006403441619307e+00
2.521140459976032755e+00
1.611752878587014770e+00
7.409062335269341881e-01
2.048593814469392427e-01
2.487947217864360461e+00
2.566865943137747852e+00
1.381021295581220665e+00
6.552890487827864874e-01
3.033402323094567699e+00
1.203554613986466348e+00
3.037082163122474476e+00
1.768702195930996313e+00
1.256512274703879939e+00
1.825997936988620340e+00
1.272575834660081062e+00
1.674842483983245200e+00
5.787141301169473895e-01
2.241571340027270764e+00
5.979776815610080565e-01
2.973353567753062254e+00
1.059192868162170953e-01
1.036107338896052443e+00
2.424933792385024489e+00
1.593247032363960036e+00
3.281372667363157136e-01
2.181704630377399867e-01
5.645235274673243708e-02
6.624624357387750573e-01
3.140121612930005579e+00
1.291810229112316799e+00
2.952687068529402104e-01
4.417622102937697748e-01
3.147841973877408828e-01
3.075554993094493650e+00
2.922414135890183395e+00
1.381792374750971941e+00
1.401446854309836620e+00
1.444092714911975994e+00
7.070622217547402055e-01
1.814894537275685504e+00
1.702703312211143016e+00
2.306583774037776813e+00
7.481966221720609371e-03
2.838883765041223750e+00
1.766735246216404764e+00
1.494919740563886323e+00
2.779477218482093726e+00
2.280642343519553583e-01
2.665056873842727825e+00
2.927517996252932075e+00
2.340237833725649086e+00
3.136300785711262584e+00
9.302564390758759350e-02
9.015505902180169784e-01
1.899358436959600882e-01
1.777561477442463067e+00
1.850326930418165539e+00
2.594384715254776541e+00
2.011267847248133123e+00
7.386406743895371219e-02
1.140336617081107118e+00
1.283416881614081628e+00
1.042708729604611806e+00
1.180227075387505931e+00
2.632623100077348344e+00
1.762557883316704599e+00
1.580579808351625148e+00
1.309311510867549981e-02
7.955043436257605016e-01
2.619594581092660746e-01
1.470577845038167464e+00
8.351042035696921717e-01
2.625394775694406491e+00
4.417365199399903020e-02
3.523214947479943460e-01
1.353304600574827044e+00
4.157825611640175723e-01
2.135874447734789516e+00
2.256595586934775799e+00
1.357420143316799610e+00
3.089150085608215246e+00
2.484716727883314213e+00
2.032906633417662867e+00
3.131596364974296609e+00
2.493802387269803411e-01
1.881585454913235589e+00
7.711637861165197005e-01
1.424408081283724536e-01
1.812145881660630398e+00
1.198098115362489002e+00
1.214934087890574110e+00
9.012109283673112037e-01
9.086236359983104194e-01
2.598802485230975456e-01
1.923917388471005685e+00
2.167061576277085067e-02
2.864532734979308604e+00
6.654014880320375802e-01
1.314524023769803929e+00
2.514330804880410497e+00
2.380012683301973020e+00
2.481819007285001044e-01
9.885408418448548007e-01
1.978353210539733675e+00
2.570848036681994131e-02
2.128800660210536655e-01
2.832800553940019839e+00
1.315955761743271557e+00
2.420597822088920825e+00
3.100114861555051782e+00
3.117610474411540267e+00
1.648094876194812486e-01
1.975868365186391529e+00
2.328095785679209495e+00
2.906714930869155999e+00
7.179534559392761750e-01
2.739200763979308562e+00
6.588018229139582793e-01
1.508939696306586864e+00
1.947233418745442313e+00
2.675479346528033542e+00
2.295969578034920744e+00
4.794780319902712251e-01
5.784694267096223558e-02
2.664555757984743867e+00
1.066635013512369001e+00
2.867273939055518195e+00
2.623739278786504592e+00
2.212036210853238760e+00
1.429732242671025944e+00
4.468194689035913103e-01
3.128907493209182045e-01
9.458710634940360462e-01
3.596954740498845005e-01
1.963100494821099273e+00
1.344106177385137046e+00
3.066759321765831547e+00
1.683715534167758765e+00
1.529200617185317856e+00
9.203979179004737610e-01
6.969079968562061911e-01
3.708181911661703051e-02
2.144865250398516832e+00
2.303992762420883800e+00
8.459615663987638534e-01
1.603935365540446467e+00
4.704685993172588176e-01
2.011949683323317473e+00
5.509724888660150199e-01
2.656529666722172167e-01
1.537468808628140726e+00
2.377578127603402258e+00
5.701049938222986224e-01
9.691967798489500296e-01
6.817701146546112367e-01
3.103679908710339497e-01
1.061378864365207120e+00
2.174687739572648049e+00
2.957908729603436093e+00
3.262430568680853016e-01
2.721055114551247822e+00
2.222714702741801496e+00
1.263307805252171123e+00
2.144370198288831020e+00
1.214519183878622233e+00
2.210185540987304798e+00
1.935628573897813620e+00
6.164469870983042554e-01
2.950104287695770822e+00
9.496769744521940115e-01
2.512843058699187448e+00
2.180917794927999864e+00
1.895475052958399909e+00
2.157372034151902707e+00
1.243018747465315821e+00
2.545232773135773230e-01
1.421249096047167537e+00
1.705709277838545201e+00
1.275713963637485016e+00
4.518968831228346028e-01
4.678648527390792955e-01
5.085305054257388546e-01
2.984638034129733164e+00
4.224487733520104760e-01
2.564586037593243439e+00
4.781614685678103882e-02
6.551708636226836191e-01
2.357390774293018909e-01
7.731415052518958442e-01
6.887043138407505927e-01
1.407704972255005904e+00
7.668461708911549213e-01
2.725554463953343109e+00
3.488705722284393684e-01
1.732745020628992660e-01
2.396247319917217400e+00
2.082241817101700754e+00
2.444764563949481495e+00
2.677651947102652197e-01
3.058623990461733388e+00
5.472757941730017617e-01
7.691076859610568306e-01
2.135773345828824610e+00
2.284574465734171000e-01
1.526666132380457563e+00
2.681482727374742137e-01
2.905315334195046617e-01
2.536173426297965605e+00
1.935950328407713972e+00
2.991055288270654700e+00
8.035878830270573037e-01
1.206702177373299989e-01
1.992017281284245156e+00
2.523864278697004693e+00
2.029887675033144934e+00
4.080415240152592271e-01
1.605577480108509203e+00
2.333462021536416131e+00
1.213064732244667265e+00
1.724288787288998648e-01
1.239147912928739270e+00
2.908476972212236777e+00
1.042107505964610326e+00
2.990375935658996509e-01
4.263017580625799163e-01
1.504914642649958445e+00
9.320847729561978490e-01
2.941189192869635871e+00
2.509950983564624316e+00
1.721886395331871489e+00
4.175922759222837066e-01
1.479849149011893461e+00
3.078639783382107531e+00
1.055616462311049553e+00
2.219470926439080838e+00
1.428254813135078294e+00
9.812397598344444472e-01
9.037551905277272368e-01
2.519683091277393761e+00
6.710991782604476263e-01
1.935176284447129635e+00
2.534009592464370741e-01
9.162431383329667778e-01
2.866207421121562238e+00
1.243578458214285032e+00
1.831438717371392799e-01
2.073134734415099878e+00
1.298648278608296014e+00
1.905600766606648788e+00
2.261739106785976450e+00
2.075025406297990926e+00
1.349339914539595897e+00
1.501175314949701134e+00
1.061033816613011105e+00
1.181206926404941848e+00
3.072976946064558845e+00
3.003522784762858500e+00
1.391455445847901984e-01
4.374880553776790970e-01
1.404581321362864621e+00
1.002440104655630826e+00
6.362670186670862371e-01
2.915800636924824385e+00
2.423555898840142220e+00
2.887588719478184629e+00
1.163322212912098363e+00
5.810949551107590372e-01
1.959642986196019621e+00
1.197743983457822736e+00
1.973115245588383582e+00
4.786582872893492824e-01
1.495780863204261291e+00
2.762859289836789412e+00
2.111261134604434542e+00
1.112397046737280959e-01
4.527540957952038148e-01
2.397778997647222354e+00
2.258842298829832451e+00
2.359172803710455124e+00
2.270971319730826110e+00
2.083419265822343380e+00
3.826264784098323268e-01
6.734051098202401553e-01
1.790816124939905274e+00
2.869475735612380785e+00
9.531900464389108096e-01
3.089363296728058206e+00
1.922242894907548738e+00
1.810540804282311234e+00
3.133350306169332189e+00
1.979374448006707254e+00
1.297391413626278744e-01
8.873700476869218479e-01
2.029758555687230182e+00
9.864288381716588283e-01
8.447638793026761572e-01
2.964570350278699529e+00
2.801677745597780600e+00
3.103982244529843282e+00
2.094997040772733410e+00
1.052941316102589120e+00
2.337421069906057358e+00
2.963713550872696612e+00
1.384035342925731937e+00
2.729391252577220595e+00
1.765941267623965416e+00
4.932178413833820940e-01
1.505766984367415517e+00
3.087758905345492355e+00
1.551185813704655914e+00
1.302917272952535566e+00
1.974380373299900349e+00
2.151514083546464562e+00
9.928410237010244499e-01
2.164314726911759745e+00
2.599297529640441362e-01
1.172384241559484730e+00
4.508100810472672193e-01
9.566124299609816140e-01
2.709610299118241805e+00
6.665192158066250983e-01
2.533097719244927770e+00
1.102215519998659410e+00
1.954851937542456453e+00
1.283143710060883125e+00
5.757894156563480026e-01
1.512608945514854364e+00
7.317320522931106686e-01
1.234858342935986064e+00
7.429942397354708516e-01
1.162781744002925111e+00
1.861243441125300047e+00
4.719479312536929982e-01
2.304436572496704194e+00
2.104474487474356170e+00
1.228136643567196318e+00
1.958028756748968036e+00
7.835733160627629257e-01
1.581968685848567979e+00
2.443905701297335753e+00
2.732369491303165088e+00
7.456593633388829412e-01
1.105737254763833111e+00
9.313108154569611496e-01
2.823744394035044181e+00
1.871991223811523497e+00
3.025231286165178890e+00
2.504772329432054967e+00
1.787657646648963095e+00
1.751886934941117913e+00
1.976151034701736364e+00
2.283340150712460215e+00
2.960186652519242845e+00
1.609478433417068421e+00
2.254100487447008583e-01
2.639110608828044047e+00
1.791820764810436728e-02
1.533500909692019354e-01
1.883138859153156819e+00
1.534934626560250148e+00
2.225506146148203079e+00
9.014061866487940167e-01
2.817789363250320811e+00
2.285618510017576099e+00
2.320200978833124594e+00
1.524908076189049888e-01
2.766093242752946768e+00
1.577843594777341263e+00
2.326380080688086327e+00
2.819163624629076992e+00
6.408166481028598760e-01
1.312173330760457279e+00
1.824520307145309550e+00
9.863970296981876551e-01
3.034499933848610276e+00
1.121874096952409250e+00
1.948062186692527398e-01
1.510700563424222320e+00
4.768673513932094044e-01
2.461799801461615811e+00
9.850440024193648503e-01
5.992335275661163640e-01
5.773614137063320939e-02
2.069299164013746140e+00
2.078898726198044056e+00
1.378767350197348307e+00
1.131715905237363096e+00
1.309660511624938906e+00
5.887094674892399127e-01
2.780888774038009714e+00
3.058127116863421424e+00
2.842182602378717227e-01
2.463746059549892120e+00
2.936249222328644493e+00
2.514697636003821124e+00
1.616197229849802852e+00
2.282527993845506309e+00
7.037771763924758339e-01
2.626203122545382573e+00
3.052447277117200652e+00
2.717258780684434605e+00
2.769900614582825327e-01
3.279875137657449202e-01
1.264292281682241281e+00
1.279095149571906731e+00
7.072183445241599919e-01
1.235693346734045406e+00
8.825042469660679956e-01
1.668111405940867709e+00
7.649665099804284218e-02
1.980456381855456360e+00
3.589592533634197169e-01
1.690896173685201953e+00
2.966785011630485691e+00
2.675470091703294084e+00
2.641879924788916423e+00
2.223405444374094486e+00
2.104288388754425476e+00
2.662098343268950007e+00
1.760285635824862860e+00
1.983981166635739646e+00
3.128742514072532011e+00
1.721009242483449553e+00
2.624123441380232791e+00
1.830321036492868370e+00
1.828251407212444724e+00
1.697983812928828273e+00
2.786558084096248944e+00
1.027005004512668990e-01
1.395058487128823854e+00
1.907227877793712389e+00
6.249316242450878578e-01
8.959244395646418502e-01
1.012785784637533659e+00
1.507458409424720536e+00
1.416983679728970102e+00
2.201469676243411389e+00
6.348695644231068247e-01
1.400476018573095560e+00
2.483582267010485400e-01
1.021199976038658086e+00
2.553462872303856823e+00
2.144929840276434962e+00
2.767311979613298334e-01
2.986988299685889192e+00
2.390840736070198869e+00
1.233488203925146909e+00
6.617629473837353116e-01
2.141779852503520321e+00
1.218365894325471155e+00
2.944171359528784837e+00
2.770043047372749534e+00
2.058550043498511783e+00
3.092090150319293684e+00
2.597966251855044817e+00
2.945081919539685344e+00
7.639598320581242330e-01
2.494623313984925428e+00
1.565391085303345697e+00
2.385233224897751914e+00
1.916025825043056408e+00
3.085272049311667542e-01
1.609331777250653239e-01
2.708662750538893604e+00
1.657045638135167809e-01
2.466740433913864106e+00
7.359476585097886048e-01
9.640113784728754354e-02
1.629273969921092302e+00
4.378044095269968961e-01
7.967433687428242539e-01
2.800011577451443578e+00
2.305006446172076728e+00
1.758825751822300498e+00
7.682131189000277471e-01
1.044583552452270414e+00
1.401357066666198747e+00
8.019035618624353878e-02
1.515342999069897223e+00
5.567642166876618504e-01
1.511782646097747707e+00
9.285228610726592446e-01
2.763255934940714198e+00
1.747513452782430310e+00
5.106245278517723696e-01
1.813078840273161685e+00
1.204127936778224051e+00
3.049577232835261498e+00
1.594910838704178602e+00
3.319960168028511793e-01
2.230824544782934460e-01
2.228818240340497692e+00
8.424017580569054253e-01
2.736903204604451023e+00
1.474628176942131885e+00
5.878130210994999549e-01
2.397112069415733515e+00
2.766273333948341406e+00
3.055629599138037555e+00
2.603516357037348072e+00
1.865132043169801523e+00
8.044479822459902341e-01
3.031422297827506274e+00
2.932165853981221204e+00
1.023321429506067304e+00
1.336298406908865699e+00
1.058221870511487861e+00
7.763227831124721590e-01
1.180116845282954019e+00
2.841885737447928051e+00
2.040449544393134307e+00
2.181435671407080612e+00
4.900008140163780168e-01
1.950358324032379187e+00
1.161006729943465654e+00
1.328334020234958501e+00
2.315693587033978762e+00
3.100139850334597380e+00
1.998066545578720321e+00
1.392678168626552804e+00
1.180920225383977451e+00
2.009196800450414155e+00
1.559290053851771107e+00
1.570874139725988439e+00
1.334527730994192307e+00
1.232313846744544028e+00
2.917678878344312388e+00
2.025521199597460076e-01
1.000571241626249108e+00
1.782904667677994714e+00
2.794918093663676828e+00
1.148473291468250723e+00
1.590131996557470617e-01
3.547403446084125278e-01
1.303298030575118727e+00
2.323375033929032440e+00
3.051281325315052251e-01
1.361528798794878092e+00
1.249778673612726765e+00
1.071919289138359543e+00
2.076328747580902245e+00
6.907427062242726956e-01
9.189276106877627970e-02
7.459502559058437399e-01
1.467404407221063911e+00
2.254842778805444592e+00
8.951458448700594372e-01
2.905968678255871129e+00
2.157044734690944043e+00
7.492817013188490805e-02
2.322068308079341392e+00
3.687119380068893393e-01
7.982882824272562461e-01
1.113946283294151129e+00
1.598820593183150618e-01
2.297479586500121407e+00
4.621604881522102248e-01
1.497040797054306260e+00
1.775955489764225126e+00
2.910863183944608856e+00
1.228951955976357091e+00
4.546056916363970246e-01
2.911591877244828819e+00
3.088549222026890195e+00
6.436855780975733188e-01
8.800230040604110071e-01
2.352177231631248588e+00
1.728320416224629952e+00
2.089955098141255796e+00
2.362222447227792177e+00
8.527604903841071726e-01
2.030823800821502711e+00
1.252101929306378869e+00
1.367839412806300392e-01
2.916507588868266776e+00
2.962391837974510000e+00
2.373860646846909450e+00
3.005688899019702376e+00
1.385757334155433451e+00
2.383525667203062248e+00
1.770899725291903426e+00
2.750682364006284075e+00
2.741527618069000471e+00
1.840667910867844315e+00
2.424490835090750362e+00
1.664733781686910330e+00
5.884300785017072544e-01
1.160233983781196354e+00
2.176089734174734502e+00
2.326115467445602381e+00
2.470825212218374922e+00
3.430925624945637686e-01
1.201992299085827831e+00
2.189950207221998735e+00
1.616489505141752936e+00
8.891347513020357862e-01
1.853252992777286723e+00
2.892402580538798951e+00
1.524725387953311362e+00
2.516681755699272660e+00
5.753005973072621293e-01
9.225886206494892106e-01
3.093931323734313565e-01
2.795133079145672106e+00
1.004147995402508098e+00
3.056822803382646558e+00
1.874308288275960743e+00
1.313558286060694247e-01
1.417969682683774213e+00
1.030596219895581145e+00
3.933089996933318844e-01
5.875023546831668053e-01
5.923896962826606938e-01
2.746686280100759880e+00
2.824560231832836887e+00
6.515248990151371045e-01
5.197536245724341253e-01
1.028240665658453068e+00
1.150395733777631602e+00
1.047022639419554313e+00
1.298640183888599475e+00
1.707170662667639505e+00
2.082989456535484063e+00
1.343759203102583788e+00
6.334524599577616710e-01
1.109048076311152764e+00
7.884615080804130427e-01
1.795448101962263898e+00
7.123732097916189998e-01
2.257472728811182439e+00
1.568378228173696654e+00
1.860816873532026072e+00
1.590742167795059725e+00
7.812426895634211332e-01
1.421521555198677955e+00
3.044241708791881607e+00
2.871696732176179268e+00
1.943828855999200078e+00
4.621489798193433862e-01
1.820898261461940004e+00
1.235340988682070762e+00
2.271027623834912301e+00
2.008944207447686203e+00
5.242862958649745497e-01
1.864531311273158298e+00
3.081906108393792643e+00
2.033152401480850191e+00
2.973762626819506649e-01
1.240772162122906863e+00
1.080724127734682849e+00
1.430689676415691558e+00
2.750117327979801463e+00
1.436530755459934250e+00
2.096416295656678308e+00
1.072654863145244830e+00
1.681089567392985096e+00
2.519913787087324941e+00
2.876450042580488975e-01
2.984129177509261766e+00
2.361065468319984095e+00
5.366057493911953191e-01
1.160206498073622194e+00
1.238184251881720765e+00
3.154921527833578487e-01
6.667332224552618980e-01
1.103103679977685436e+00
4.677274326475729938e-01
4.614908834488483103e-01
1.346803111345074466e+00
2.712698309878129432e+00
1.386698829200262217e+00
1.802930333095263293e+00
7.093769987142851674e-01
1.436814209029847911e+00
1.445459703327457213e+00
3.077277229929249014e+00
1.740330536806643735e+00
1.524005286516110225e-01
2.026064459410933605e+00
3.067950031842605618e+00
1.776564992870222737e+00
2.110936686721090805e+00
1.437765933468543089e+00
1.475621756202700308e+00
8.768075283450585955e-01
7.826705736443154704e-01
1.714545166881877858e+00
1.177779047542933943e+00
5.013636823465285053e-01
1.003627308257127648e+00
1.178468635242518880e+00
1.248752589661771495e+00
1.137919470674073397e+00
2.798089733449731220e-01
1.084749952593709876e+00
1.259150773033405502e+00
1.214761323279375915e+00
4.442481756299915263e-01
1.764517810555204402e+00
6.989573476886836723e-01
2.760321664476295567e+00
3.026927456126604632e+00
1.536731957216192379e+00
2.152923890182219413e+00
2.579470542667298805e+00
4.522722299043151206e-02
1.513805755519813223e+00
2.071387507432653763e+00
9.332625971097417983e-01
2.738142628074773377e+00
9.889977470646436064e-01
2.400603332025881553e-01
7.785492579475208341e-01
2.719308334329744170e+00
1.560774507772281217e+00
2.449197180767625603e+00
1.859711500488969937e+00
2.649700491189417306e+00
1.634852901042221918e+00
1.636513318708320508e+00
2.296484716342872989e+00
2.050535781655258294e+00
3.110295551138898329e+00
3.134771517802337204e+00
2.472234968841264813e+00
5.888692602054099723e-01
1.974398722321327515e+00
2.577400959029268801e+00
8.006471558030099356e-01
8.594473444742850576e-01
1.228999193801608714e+00
1.779080750207666650e+00
3.133848204799230874e+00
2.455525128380750211e+00
2.562179339535565425e+00
3.034049844381504712e+00
1.464107120087523528e+00
8.477456241876618614e-02
1.013157054767337417e+00
7.026160233270057898e-01
2.879009704903635392e+00
1.830708138382622474e+00
2.054825967365675243e+00
1.523126270864625154e+00
3.008336212525922537e+00
1.810327512214932044e+00
1.998905880843650396e+00
1.556172310051445962e+00
2.085159349261123118e+00
2.290784025138644431e+00
1.405311486104228458e-01
2.823665741211058844e+00
8.876939278795693555e-01
2.874345843449704896e-01
1.344038894980698284e+00
2.094756340675789641e+00
2.480240733977853385e+00
1.916493500120997284e+00
7.081158583697322317e-01
1.769868939768433069e+00
3.175979012163167026e-01
3.117215613315667877e+00
2.486899029704499942e+00
2.584130024161932049e+00
9.056520292525670479e-01
7.372757641433490550e-01
1.018631107051418905e+00
7.890824809843532961e-01
8.403206167547118133e-01
1.431840691659790110e+00
5.413210523335554303e-01
3.077748957102972138e+00
7.307678743872869642e-01
2.667805945220412589e+00
2.907681949546117472e+00
3.901624081588929704e-01
2.952385361944342979e+00
9.964476830022773735e-01
2.097323842709925668e+00
2.104685002018932050e+00
8.083964879828078876e-02
2.757355733268715969e+00
7.811166995976109861e-01
1.401974286703677297e+00
1.009645550643893247e-01
2.525587508230544564e+00
1.071430694426632080e+00
2.526839058656710435e+00
1.053005364711723901e+00
1.306414823344503651e+00
2.986138706288109734e+00
3.052634894341843985e+00
1.259734079915463267e+00
1.284995718705144396e+00
1.385202027673000824e+00
3.068917431736499779e+00
8.400115955916739319e-01
1.091744448614455631e+00
1.955953436843365090e+00
2.880609063522460378e+00
9.921414705938520484e-01
1.925246129930096695e+00
2.970217756365728157e+00
2.845020380901448487e+00
2.210930698812606288e+00
1.353320570966392467e+00
2.546805926370016682e+00
5.622129845711737461e-01
2.339811712090560825e+00
5.395834005527830879e-01
2.324047295191078888e+00
2.591468108356238087e+00
1.207815112664367918e+00
1.609687408286265109e+00
6.616796840797590784e-01
1.766170321780610730e-01
1.705203744330048510e+00
2.806841647662103423e+00
9.548794322057563289e-02
1.350954746958188180e+00
2.235749795920004335e+00
2.197221081041424995e+00
1.263001525415259119e+00
8.454649824263873459e-01
6.632063295690278082e-01
2.525783241293034109e+00
2.783959385163854439e+00
2.445713255808290132e+00
1.988525231394368875e+00
6.059009616048287583e-01
3.257345963523540777e-01
1.872252842477798884e+00
1.851492117953311922e+00
2.077260180196130790e+00
2.704182786368567903e+00
