ra
5.520330400000000637e+00
5.377432400000000001e+00
3.820866099999999932e+00
5.501656699999999844e+00
5.473202599999999585e+00
4.402415400000000645e+00
5.312332200000000171e+00
5.377807500000000296e+00
5.662798999999999694e+00
5.357635400000000381e+00
5.477352099999999169e+00
5.266443499999999389e+00
5.371105599999999924e+00
4.166753100000000209e+00
5.412622200000000383e+00
3.897066300000000094e+00
5.286412099999999725e+00
5.303527299999999833e+00
4.338229000000000113e+00
4.118702599999999769e+00
4.581369800000000048e+00
5.470270600000000094e+00
5.405071200000000076e+00
5.373762799999999729e+00
5.282324299999999084e+00
3.749696600000000046e+00
5.482736499999999680e+00
5.309381700000000315e+00
5.435127500000000111e+00
5.436937099999999745e+00
5.428503299999999143e+00
4.289541299999999779e+00
3.965311699999999995e+00
5.200912399999999991e+00
4.263690000000000424e+00
5.237564099999999279e+00
4.802132599999999307e+00
5.552873200000000509e+00
5.510142500000000609e+00
5.014525099999999291e+00
5.383565499999999560e+00
5.144085700000000649e+00
5.412729399999999913e+00
5.444455800000000067e+00
5.460718599999999867e+00
5.472519300000000086e+00
4.216888900000000717e+00
3.761827400000000043e+00
3.827426099999999831e+00
5.566485500000000641e+00
5.101878100000000416e+00
4.357156999999999947e+00
5.271506999999999721e+00
5.257688400000000151e+00
4.411789800000000206e+00
5.578060200000000357e+00
5.336173699999999798e+00
5.316533399999999965e+00
4.209939000000000320e+00
5.490918499999999369e+00
5.572383900000001056e+00
4.308030800000000049e+00
5.474152600000000035e+00
5.235015299999999705e+00
5.322430900000000520e+00
5.274001900000000020e+00
3.875237799999999844e+00
4.064602100000000107e+00
5.507588200000000711e+00
5.462247699999999817e+00
5.638261200000000528e+00
5.369866599999999934e+00
5.295199299999999276e+00
5.126070999999999600e+00
5.408008699999999891e+00
5.288743000000000194e+00
5.540618400000000499e+00
5.333943900000000404e+00
4.273701100000000253e+00
3.580320099999999783e+00
5.287972299999999848e+00
5.292105199999999954e+00
3.565234300000000189e+00
5.314887900000000442e+00
3.825744999999999951e+00
5.427273500000000084e+00
5.606607099999999733e+00
5.404929799999999673e+00
5.349517299999999587e+00
5.466499500000000289e+00
4.972256099999999179e+00
5.523461700000000363e+00
5.363811000000000107e+00
5.384941999999999673e+00
5.575103799999999943e+00
5.449220099999999789e+00
4.762215400000000542e+00
5.348521599999998877e+00
5.693429900000000821e+00
5.210218599999999256e+00
5.575316299999999892e+00
5.373346400000000855e+00
3.776558300000000035e+00
5.552857500000000002e+00
5.485665100000000294e+00
5.363580000000000680e+00
5.519434600000000302e+00
5.514728700000000039e+00
3.906219099999999944e+00
5.273941999999999908e+00
5.489384499999999889e+00
5.462000599999999650e+00
5.433089200000000396e+00
5.271756599999999793e+00
5.542680100000000110e+00
5.534481099999999820e+00
5.555373900000000198e+00
4.109709699999999799e+00
5.489576800000000034e+00
5.445167299999999599e+00
4.314736599999999811e+00
5.307893800000000439e+00
5.160274399999999595e+00
5.143404900000001057e+00
5.355259600000000120e+00
3.923420500000000199e+00
4.290649700000000344e+00
5.310694200000000365e+00
5.542422799999999761e+00
5.053403499999999937e+00
5.371656900000000512e+00
5.434848699999999866e+00
5.271806500000000284e+00
3.580379799999999335e+00
5.598915700000000051e+00
5.562854100000000024e+00
5.710669000000000217e+00
5.443591600000000419e+00
5.361406599999999578e+00
5.577843099999999943e+00
4.862836099999999995e+00
5.635646900000000237e+00
5.585751600000000039e+00
5.389010900000000603e+00
5.261607599999999607e+00
5.547041400000000344e+00
5.488060299999999891e+00
5.567693099999999617e+00
5.099708500000000200e+00
5.565841099999999209e+00
3.598210500000000867e+00
5.595063699999999862e+00
4.261832499999999690e+00
4.945566099999998855e+00
5.322401799999999739e+00
5.483984600000000320e+00
5.434561300000000372e+00
5.430727899999999941e+00
5.369492600000000060e+00
5.578930000000000611e+00
5.320718400000000514e+00
5.139923200000000136e+00
5.335597700000000110e+00
5.268296900000000171e+00
5.445944599999999802e+00
4.301656300000000321e+00
3.982178300000000171e+00
5.523905000000000065e+00
4.133613900000000285e+00
5.324057099999999210e+00
5.587670300000000090e+00
5.389531900000000597e+00
5.488622200000000007e+00
5.340485100000000429e+00
5.575461999999999918e+00
5.410944399999999987e+00
5.448193999999999981e+00
5.494603999999999822e+00
5.385443700000000611e+00
5.505509799999999565e+00
5.502576400000000589e+00
4.191614399999999740e+00
4.119267800000000257e+00
4.904672399999999932e+00
4.173835000000000406e+00
5.544477900000000403e+00
4.021036799999999189e+00
5.377415499999999682e+00
5.367154799999999781e+00
4.401368999999999865e+00
5.487096900000000055e+00
5.572447000000000372e+00
4.528598699999999866e+00
5.105871499999999230e+00
5.231228400000000889e+00
5.421929900000000302e+00
4.309201700000000024e+00
4.537560799999999617e+00
4.190630099999999914e+00
5.321417099999999678e+00
4.116660099999999822e+00
5.455713300000000210e+00
5.423586799999999819e+00
5.455039000000000193e+00
5.498140799999999828e+00
5.206252499999999728e+00
5.574403000000000219e+00
5.488608900000000901e+00
5.220462500000000006e+00
3.917638300000000129e+00
5.434760099999999206e+00
5.498865900000001083e+00
5.363875799999999749e+00
5.416919200000000600e+00
5.232921299999999221e+00
5.465254599999999741e+00
3.645589900000000050e+00
5.491498799999999569e+00
5.310171200000000091e+00
5.187269299999999639e+00
5.128019899999999964e+00
4.294626899999999914e+00
5.472691200000000755e+00
5.465620400000000600e+00
5.491311799999999188e+00
5.428045599999999915e+00
5.364408100000000346e+00
3.975085899999999839e+00
5.494813899999999585e+00
5.375595099999999071e+00
5.420332499999999776e+00
5.158187599999999762e+00
5.363751999999999853e+00
4.676410699999999920e+00
5.453711300000000151e+00
5.513513599999999570e+00
5.481092600000000203e+00
4.351064299999999996e+00
5.431805599999999679e+00
5.359620200000000168e+00
5.337730400000000763e+00
5.235194700000000090e+00
5.419567299999999754e+00
4.237522799999999812e+00
5.110201999999999245e+00
5.485742700000000305e+00
5.405524999999999913e+00
4.294400500000000065e+00
5.541622799999999849e+00
5.417999100000000290e+00
5.610025299999999326e+00
4.541626400000000174e+00
5.511884099999999620e+00
5.619139800000000129e+00
5.620077700000000398e+00
5.434768799999999622e+00
4.311416099999998863e+00
5.535481200000000435e+00
5.475689299999999982e+00
5.537987300000000168e+00
5.430130300000000076e+00
5.469311700000000442e+00
5.611902099999999116e+00
3.671289300000000200e+00
5.513093799999999156e+00
5.499270799999999682e+00
4.733098200000000588e+00
5.426195900000000627e+00
5.390832299999999577e+00
5.323139000000000287e+00
5.451897400000000005e+00
3.828383000000000091e+00
5.510132200000000147e+00
5.531515200000000299e+00
5.516050599999999804e+00
4.999953299999999601e+00
5.382547399999999982e+00
5.256218500000000127e+00
5.467627499999999863e+00
4.334277900000000017e+00
5.262734299999999976e+00
5.295719599999999971e+00
5.368896900000000194e+00
5.546795499999999990e+00
5.558305599999999735e+00
4.122985299999999853e+00
5.376762000000000263e+00
5.323011000000000159e+00
5.630915599999999799e+00
4.448729000000000156e+00
4.767350600000000327e+00
5.384453999999999851e+00
5.356955400000000367e+00
5.418416900000000425e+00
5.159683900000000989e+00
5.338654000000000011e+00
5.240843900000000666e+00
5.204685500000000076e+00
4.389151700000000211e+00
3.645110400000000084e+00
5.563113200000000091e+00
5.353062800000000010e+00
4.879192200000000312e+00
4.299039600000000405e+00
5.527752099999998947e+00
4.505601200000000084e+00
4.156201099999999649e+00
5.229014499999999899e+00
4.514821000000000417e+00
5.417356400000000960e+00
3.673060800000000015e+00
5.426716899999999733e+00
3.900715299999999885e+00
5.597814499999999249e+00
5.318207300000000082e+00
5.349499400000000904e+00
5.529171099999999228e+00
5.610351699999999830e+00
5.142000200000000021e+00
4.288376600000000316e+00
5.426875400000000127e+00
3.860978300000000196e+00
4.307955399999999990e+00
5.520871900000000387e+00
5.124166400000000010e+00
5.516564700000000876e+00
5.201483099999999915e+00
5.432147099999999895e+00
5.468083599999999933e+00
5.446564900000000264e+00
5.104822900000000274e+00
5.110726200000000219e+00
5.424443000000000126e+00
4.360981800000000241e+00
5.200485999999999720e+00
5.370740000000000514e+00
5.542661599999999744e+00
5.467724300000000426e+00
5.339272700000000427e+00
5.432134400000000696e+00
5.402059300000000341e+00
3.857383200000000123e+00
4.339344999999999786e+00
5.344608100000000306e+00
4.417676400000000392e+00
5.364906200000000958e+00
5.472135900000000497e+00
4.220813599999999610e+00
5.566907299999999559e+00
5.531574299999999056e+00
3.982067400000000035e+00
5.470863099999998980e+00
5.623283400000000043e+00
5.278852599999999562e+00
4.304586399999999813e+00
5.208321499999999382e+00
5.481984800000000213e+00
5.703472799999999232e+00
5.530255699999999663e+00
3.837089900000000053e+00
5.529772099999999746e+00
5.486688400000000243e+00
5.412038500000000418e+00
5.399687000000000126e+00
5.508821199999999862e+00
5.392624900000000387e+00
4.373093800000000364e+00
5.060812999999999562e+00
5.626807599999999354e+00
5.455429299999999593e+00
5.348561799999999700e+00
5.321256200000000547e+00
3.838707400000000103e+00
4.365157900000000701e+00
5.433980299999999986e+00
4.769117099999999887e+00
3.658408399999999894e+00
5.427794699999999750e+00
5.608627700000000438e+00
5.541979699999999731e+00
3.960168100000000635e+00
5.633988500000000066e+00
5.556385999999999825e+00
3.827301900000000145e+00
5.446618299999999913e+00
5.076729000000000269e+00
5.607513099999999362e+00
5.326502699999999813e+00
5.059919700000000020e+00
3.822103600000000156e+00
5.112524900000000372e+00
5.462445500000000287e+00
4.329115700000000011e+00
5.525808500000000123e+00
5.440913300000000064e+00
5.575294799999999995e+00
5.532972099999999394e+00
5.072487999999999886e+00
4.255264300000000333e+00
5.451066800000000434e+00
5.523957099999999620e+00
5.520324300000000406e+00
5.547435400000000350e+00
4.351238099999999775e+00
5.520322099999999566e+00
5.444388400000000239e+00
5.497486900000000176e+00
5.453263300000000591e+00
5.284181099999999631e+00
4.285047900000000354e+00
5.525364399999999954e+00
5.212305799999999323e+00
5.401814400000000127e+00
3.809771299999999972e+00
5.496819900000000203e+00
5.146969000000000349e+00
4.020632199999999656e+00
5.474505599999999639e+00
5.219487499999999613e+00
4.470421499999999604e+00
5.347586100000000009e+00
5.528666499999999928e+00
5.071884999999999977e+00
4.024721700000000624e+00
5.387030900000000067e+00
5.198824799999999691e+00
5.285163200000000394e+00
5.375716200000000278e+00
4.493735599999999941e+00
5.331518199999999652e+00
4.862526899999999763e+00
3.908907999999999827e+00
5.376072100000000020e+00
5.413368199999999852e+00
5.202053099999999652e+00
5.630165700000000051e+00
5.559121499999999827e+00
5.580903199999999842e+00
5.432077800000000067e+00
3.700357100000000177e+00
5.432993899999999599e+00
5.291950800000000399e+00
4.520534699999999795e+00
5.556471199999999833e+00
5.605123299999999809e+00
5.259275899999999559e+00
5.421241700000000385e+00
5.406984800000000035e+00
5.445806000000000147e+00
5.519688000000000372e+00
5.148561400000000177e+00
5.396708199999999955e+00
4.943946799999999975e+00
5.564592400000000438e+00
4.132726500000000414e+00
5.546354900000000754e+00
4.080013700000000298e+00
5.489379399999999798e+00
5.602456799999999681e+00
4.101397600000000310e+00
5.410817099999999158e+00
4.032132899999999687e+00
5.190579799999999189e+00
5.316193300000000121e+00
5.421437799999999640e+00
5.472931700000000177e+00
5.364051599999999809e+00
5.494549600000000034e+00
5.413883499999999849e+00
4.466463000000000072e+00
3.674939499999999803e+00
5.432364299999999702e+00
5.560965300000000333e+00
5.606589600000000395e+00
5.485058900000000293e+00
5.387318600000000401e+00
4.539162300000000094e+00
5.544855200000000650e+00
4.399419899999999828e+00
3.997463000000000211e+00
5.415592799999999762e+00
5.540524200000000121e+00
5.575696800000000231e+00
5.279051599999999844e+00
5.412258900000000317e+00
5.218714900000000156e+00
5.195765299999999698e+00
5.467425300000000377e+00
5.446439999999999948e+00
5.162398999999999738e+00
4.659341799999999978e+00
5.486036799999999936e+00
5.375232900000000313e+00
4.098294499999999729e+00
5.662425700000000894e+00
4.960892699999999600e+00
4.635421700000000200e+00
5.507029900000000922e+00
5.533463600000000149e+00
5.505860299999999263e+00
5.350123899999999821e+00
5.021128400000000269e+00
5.456452299999999589e+00
5.458282600000000429e+00
4.011785599999999619e+00
5.251077600000000345e+00
5.101462899999999578e+00
5.517686699999999611e+00
3.591869899999999838e+00
5.478732299999999888e+00
5.463575399999999860e+00
5.436869599999999636e+00
5.383324799999999577e+00
4.284174299999999214e+00
5.494588399999999595e+00
3.919655699999999854e+00
5.469439000000000384e+00
5.362376099999999646e+00
5.264211200000000090e+00
3.868460699999999974e+00
4.832856800000000064e+00
5.440283400000000213e+00
5.479856400000000960e+00
4.347231999999999985e+00
5.500036999999999843e+00
5.402511600000000414e+00
4.136976100000000045e+00
5.269172700000000376e+00
5.152393299999999954e+00
5.550330200000000325e+00
5.535731099999999572e+00
5.442007000000000261e+00
4.341490300000000246e+00
5.487699500000000619e+00
5.401049900000000292e+00
4.875529900000000971e+00
5.481991700000000023e+00
3.972697900000000004e+00
5.109583599999999670e+00
5.339913899999999991e+00
5.429744900000000207e+00
5.593453399999999576e+00
5.480561799999999373e+00
5.446351700000000129e+00
5.361259000000000441e+00
4.023962299999999992e+00
3.910498599999999936e+00
5.182058000000000497e+00
5.725632800000000522e+00
5.516436699999999860e+00
3.869231699999999829e+00
5.315384599999999793e+00
5.362356899999999982e+00
5.479347100000000026e+00
4.290346800000000016e+00
4.953194599999999781e+00
3.865248400000000029e+00
5.285306799999999861e+00
5.354686700000000243e+00
5.256463100000000388e+00
5.354141099999999653e+00
5.522535999999999667e+00
5.370890300000000117e+00
4.354833499999999802e+00
5.228124600000000122e+00
5.329866400000000226e+00
4.609149000000000385e+00
5.139035699999999984e+00
5.309172199999999897e+00
4.510617700000000063e+00
5.502951200000000043e+00
4.297488000000000419e+00
4.102455299999999916e+00
5.648767900000000175e+00
5.190201599999999971e+00
5.438852699999999984e+00
4.082236599999999882e+00
5.477017100000000305e+00
5.700746800000000114e+00
5.090726300000000037e+00
5.548359500000000111e+00
4.966210299999999300e+00
5.147122300000000372e+00
4.319155499999999925e+00
4.220096800000000314e+00
5.497372200000000042e+00
5.621227799999999775e+00
5.439657700000000595e+00
5.540230200000000771e+00
5.555986200000000430e+00
4.333499200000000329e+00
5.279574299999999276e+00
5.439897599999999223e+00
5.060768700000000564e+00
5.229376700000000433e+00
5.531687100000000079e+00
5.509988500000000400e+00
5.556400400000000239e+00
5.061635099999999277e+00
5.589400700000000555e+00
5.581391700000000178e+00
5.340566500000000438e+00
5.291389599999999582e+00
5.010953299999999722e+00
5.380781299999999767e+00
5.309449200000000424e+00
5.554651599999999689e+00
5.322132500000000377e+00
4.283255300000000432e+00
5.498882599999999066e+00
5.272462100000000262e+00
3.834735100000000063e+00
4.663249099999999814e+00
5.649963699999999811e+00
5.461308800000000296e+00
4.221506800000000226e+00
5.390337799999999291e+00
5.154788199999999598e+00
4.240031799999999684e+00
5.396435600000000221e+00
5.463866999999999585e+00
5.244857599999999564e+00
5.247591899999999754e+00
5.412998499999999602e+00
4.319422699999999615e+00
4.033542100000000019e+00
5.453721200000000380e+00
4.172100799999999943e+00
5.481168499999999888e+00
5.433913200000000110e+00
5.332819200000000315e+00
3.916917000000000204e+00
4.911684600000000067e+00
5.408415200000000311e+00
5.612318400000000373e+00
5.385310200000000158e+00
3.915205499999999894e+00
3.955974599999999786e+00
5.209413900000000375e+00
4.526920900000000358e+00
5.396182600000000384e+00
4.303950700000000573e+00
5.578916300000000383e+00
5.306481900000000529e+00
5.542826200000000370e+00
5.641902299999999926e+00
5.193565800000000010e+00
4.231122100000000330e+00
5.356826599999999772e+00
5.310401500000000219e+00
5.729490099999999586e+00
5.171188199999999568e+00
5.231434400000000373e+00
5.235662800000000061e+00
4.594845699999999589e+00
5.345899900000000038e+00
4.174825199999999903e+00
4.889298499999999770e+00
5.582250599999999174e+00
5.569687100000000335e+00
5.402282099999999865e+00
5.418461900000000497e+00
4.169513100000000527e+00
4.932741799999999621e+00
5.287820400000000198e+00
3.853088899999999928e+00
5.309954000000000285e+00
5.477930599999999650e+00
5.209704000000000335e+00
5.059648799999999724e+00
5.311462299999999637e+00
5.451883300000000432e+00
4.230059500000000305e+00
5.110560800000000015e+00
3.963150399999999962e+00
3.579159200000000762e+00
5.508730400000000138e+00
5.384655000000000413e+00
5.119829700000000372e+00
5.518291299999999566e+00
5.556584099999999360e+00
5.625634900000000549e+00
5.550871199999999561e+00
5.487318199999999813e+00
5.487887899999999597e+00
5.401830400000000587e+00
5.508057900000000728e+00
3.628918999999999784e+00
5.366234900000000252e+00
5.241364099999999304e+00
5.278834999999999944e+00
3.651083600000000207e+00
4.775928200000000068e+00
5.340671300000000343e+00
5.546461800000000331e+00
4.037467799999999940e+00
3.621075400000000055e+00
5.377175599999999278e+00
5.325874200000000336e+00
5.459976499999999788e+00
5.410882299999999923e+00
5.126866299999999654e+00
5.507074499999999873e+00
5.595681800000000372e+00
5.409955000000000069e+00
4.037740699999999627e+00
5.266404399999999875e+00
4.838670800000000050e+00
5.373269299999999582e+00
5.438947799999999333e+00
5.122461500000000001e+00
5.464818599999999194e+00
5.277412299999999945e+00
5.240869100000000280e+00
4.310610500000000123e+00
5.362339500000000037e+00
4.936662799999999685e+00
5.352795999999999665e+00
4.326040199999999558e+00
4.331877400000000655e+00
3.838245500000000199e+00
5.453606200000000293e+00
5.346645999999999788e+00
5.565422700000000056e+00
5.556948900000000080e+00
5.189912000000000525e+00
5.488813900000000245e+00
5.339081400000000421e+00
4.232167999999999708e+00
5.426283899999999605e+00
5.263841099999999606e+00
4.316334000000000337e+00
4.087508699999999884e+00
5.042718599999999718e+00
4.354479099999999825e+00
5.366368799999999162e+00
5.383752400000000549e+00
5.502109800000000384e+00
5.294246900000000089e+00
5.149694799999999795e+00
5.395980100000000057e+00
5.479306099999999624e+00
5.570856400000000264e+00
5.216073599999999644e+00
5.560424399999999601e+00
5.509483099999999745e+00
5.508397699999999730e+00
5.602848000000000717e+00
3.896792800000000057e+00
5.464447100000000113e+00
5.281505100000000397e+00
5.248163700000000098e+00
4.267802699999999838e+00
5.431795700000000338e+00
5.319645999999999653e+00
3.874360199999999921e+00
5.541180900000000520e+00
5.149887699999999846e+00
5.489961100000000371e+00
5.474466299999999563e+00
3.873554799999999965e+00
5.447621400000000946e+00
3.948637900000000034e+00
4.059619399999999878e+00
5.167276799999999781e+00
5.501770699999999792e+00
5.315474100000000313e+00
5.533620200000000544e+00
5.479127599999999987e+00
5.424879900000000532e+00
5.466646700000000081e+00
4.781308100000000394e+00
4.108013500000000207e+00
5.390190200000000154e+00
5.140587499999999643e+00
5.442518899999999604e+00
5.597935800000000128e+00
5.346767400000000947e+00
4.335481599999999602e+00
5.426910799999999924e+00
4.294506100000000437e+00
4.272768100000000402e+00
4.271650400000000403e+00
5.541758399999999973e+00
5.440512599999999921e+00
4.374017299999999331e+00
5.403303199999999862e+00
4.227405100000000360e+00
5.437280599999999353e+00
3.707671400000000173e+00
5.375386400000000009e+00
4.415547000000000111e+00
4.906722499999999876e+00
3.888660499999999853e+00
5.221741200000000305e+00
5.364691299999999607e+00
5.451374200000000059e+00
5.585575500000000027e+00
5.538508000000000209e+00
5.452423600000000370e+00
5.369769799999999371e+00
5.469220599999999877e+00
5.336955099999999952e+00
5.489479000000000219e+00
4.226379599999999570e+00
5.501695299999999733e+00
3.947162000000000059e+00
5.397041800000000222e+00
4.318095900000000320e+00
3.876591499999999968e+00
4.310434900000000624e+00
5.379910500000000262e+00
5.452102899999999863e+00
3.946156400000000009e+00
5.546134499999999967e+00
5.445139700000000360e+00
5.320908799999999772e+00
5.456430200000000674e+00
4.500734400000000690e+00
3.938409000000000049e+00
5.475400200000000162e+00
4.390396400000001087e+00
3.620858800000000155e+00
4.166342099999999604e+00
5.507886300000000013e+00
5.451331800000000172e+00
4.177366499999999760e+00
3.890892299999999970e+00
5.382302600000000048e+00
5.274425299999999872e+00
5.026028599999999180e+00
4.128083000000000169e+00
3.972896500000000053e+00
5.511366299999999718e+00
5.388500600000000418e+00
5.410666899999999835e+00
5.265106600000000192e+00
4.990465400000000606e+00
5.470763900000000568e+00
5.297673000000000521e+00
5.540009900000000265e+00
5.379763299999999582e+00
5.273796299999999881e+00
5.228430900000000214e+00
4.807014999999999816e+00
5.577261599999999042e+00
5.312288699999999864e+00
5.401372900000001032e+00
5.418322400000000094e+00
5.270660000000000345e+00
5.491930799999999557e+00
5.442835400000000767e+00
5.586027999999999771e+00
5.478687400000000096e+00
5.415115499999999749e+00
4.941357199999999672e+00
5.579107900000000342e+00
5.377289599999999226e+00
5.466338900000000223e+00
5.587911700000000259e+00
4.786222200000000093e+00
3.843958300000000161e+00
5.038905599999999652e+00
4.212470099999999107e+00
4.187662800000000018e+00
4.711367799999999662e+00
5.348070800000000347e+00
5.083594699999999911e+00
4.101272200000000367e+00
5.252642599999999717e+00
5.351005900000000537e+00
5.460182900000000394e+00
5.387474100000000377e+00
5.486785399999999591e+00
5.567980900000000233e+00
5.190991900000000214e+00
5.608541299999999730e+00
3.800812599999999986e+00
5.702130499999999991e+00
5.476832599999998941e+00
5.284411399999999759e+00
5.571067099999999606e+00
3.755421300000000073e+00
5.570963500000000401e+00
5.514117200000000274e+00
5.487952599999999848e+00
5.506992200000000004e+00
5.445419700000000418e+00
4.970338700000000109e+00
3.885729700000000175e+00
4.436011299999999657e+00
3.755234800000000206e+00
4.966204099999999677e+00
5.338841500000000018e+00
4.311963999999999686e+00
5.442441999999999780e+00
5.371875099999999570e+00
5.345893000000000228e+00
5.296264299999999814e+00
5.233691099999999707e+00
5.047278400000000609e+00
4.754116799999999365e+00
5.324815799999999655e+00
5.228839200000000353e+00
5.596128199999999886e+00
4.162842200000000048e+00
5.619890900000000578e+00
4.184390099999999890e+00
5.434894700000000078e+00
5.463863700000000101e+00
4.424634700000000365e+00
3.807977800000000190e+00
4.291376299999999588e+00
5.241203400000000734e+00
5.513583999999999818e+00
5.386956099999999026e+00
4.079960400000000043e+00
5.375331899999999941e+00
3.990120200000000672e+00
5.548349700000000162e+00
5.629295700000000124e+00
5.451633300000000126e+00
5.500014099999999573e+00
5.515787300000000393e+00
5.512647300000000250e+00
5.563943400000000317e+00
5.277563299999999735e+00
3.610385299999999908e+00
5.273271799999999843e+00
4.383857400000000126e+00
5.521538500000000127e+00
5.506615299999999991e+00
5.504347199999999773e+00
4.069682499999999870e+00
5.604759800000000070e+00
5.681479000000000390e+00
5.212024800000000013e+00
5.038935000000000386e+00
4.365385999999999989e+00
4.812890400000000568e+00
5.534382599999998931e+00
5.376809200000000288e+00
5.497688899999999990e+00
5.365301200000000215e+00
5.155812000000000062e+00
5.479653299999999838e+00
5.179013600000000217e+00
5.357950700000000843e+00
4.011918599999999557e+00
3.633212200000000003e+00
5.227079500000000323e+00
4.316950799999999866e+00
5.091385599999999734e+00
4.842532299999999346e+00
5.399649799999999722e+00
5.528420400000000789e+00
4.099670999999999843e+00
5.452014299999999203e+00
4.275909400000000637e+00
5.531266600000000366e+00
5.550084200000000578e+00
4.193828899999999749e+00
4.048045100000000396e+00
5.348511199999999910e+00
4.189159700000000264e+00
5.483087699999999565e+00
5.137734200000000584e+00
5.529040700000000363e+00
3.756784699999999866e+00
5.473167100000000396e+00
5.481105799999999917e+00
5.586668399999999757e+00
5.439579700000000351e+00
5.452242000000000033e+00
5.316037500000000193e+00
4.447917499999999968e+00
5.259769300000000314e+00
5.451871900000000437e+00
3.637665600000000055e+00
5.346652599999999644e+00
5.356718800000000336e+00
4.216144100000000172e+00
5.442427900000000207e+00
5.327271400000000767e+00
5.238196299999999361e+00
5.182408999999999821e+00
4.280343399999999576e+00
5.383959899999999799e+00
5.486940200000000267e+00
5.572032199999999769e+00
5.525206500000000354e+00
5.412833299999999959e+00
5.292181600000000152e+00
4.306828599999999341e+00
4.444953800000000399e+00
5.405426199999999959e+00
5.389101499999999767e+00
5.543803500000000106e+00
4.143364000000000047e+00
4.858212299999999928e+00
5.539121400000000861e+00
5.359428499999999929e+00
5.517118599999998985e+00
5.476388400000000267e+00
4.128349899999999906e+00
5.308931099999999681e+00
5.420295200000000868e+00
5.245132099999999298e+00
5.619449400000000594e+00
5.482693900000001008e+00
5.348509800000000425e+00
5.212423499999999876e+00
4.329055700000000506e+00
5.484652999999999778e+00
5.235704900000000883e+00
5.390906200000000759e+00
5.370505500000000154e+00
5.463429200000000208e+00
5.387007200000000218e+00
4.974856499999999571e+00
5.425881400000000632e+00
5.480046499999999376e+00
5.115002900000000352e+00
3.880201500000000081e+00
5.344683200000000411e+00
4.891172100000000356e+00
5.370575700000000730e+00
3.591300599999999843e+00
5.726382300000000036e+00
5.213783699999999577e+00
4.366141400000000061e+00
3.926107899999999873e+00
3.834979000000000138e+00
4.098585500000000437e+00
4.956942200000000298e+00
4.250045700000000259e+00
4.168300100000000619e+00
5.418331700000000417e+00
5.493325800000000037e+00
4.402641499999999652e+00
3.880552600000000130e+00
5.323610000000000397e+00
5.520941500000000168e+00
5.387458900000000384e+00
4.089458799999999172e+00
5.419287500000000257e+00
5.501200700000000943e+00
5.258541000000000132e+00
5.389703700000000097e+00
3.715033700000000216e+00
5.510487300000000310e+00
4.362028900000000320e+00
4.525825199999999882e+00
5.207917799999999708e+00
5.125769799999999599e+00
5.095004900000001058e+00
5.431731000000000087e+00
5.476791900000000268e+00
5.460251000000000410e+00
3.925197100000000106e+00
5.363908799999999921e+00
5.245502600000000015e+00
5.424561299999999697e+00
5.521799299999999633e+00
3.718640199999999840e+00
4.369243400000000221e+00
5.555754799999999882e+00
5.672027800000000397e+00
5.333679400000000292e+00
5.456772599999999862e+00
4.866650199999999593e+00
5.384107599999999216e+00
4.740339700000000711e+00
5.505296799999999990e+00
5.144025900000000817e+00
4.231928900000000660e+00
5.424528800000000039e+00
3.820301600000000963e+00
4.939560900000000032e+00
5.334019699999999808e+00
4.236407500000000326e+00
5.516631299999999349e+00
4.537262499999999754e+00
5.475476800000000033e+00
5.493129299999999660e+00
5.380471299999999957e+00
5.540221599999999746e+00
5.530218500000000148e+00
5.173236599999999186e+00
4.253622499999999640e+00
3.507649700000000870e+00
5.017020699999999778e+00
5.346608100000000086e+00
4.437731400000000548e+00
4.342811199999999872e+00
4.416656400000000815e+00
4.055365000000000109e+00
5.339052999999999827e+00
5.299392100000000383e+00
5.268987999999999339e+00
4.270194499999999671e+00
5.326509699999999903e+00
5.487400000000000055e+00
5.321493199999999923e+00
5.166262099999999968e+00
5.399040199999999956e+00
5.460771400000000497e+00
5.510505700000000395e+00
5.399417500000000203e+00
4.322206700000000623e+00
4.339616999999999614e+00
5.484436099999999925e+00
5.413349099999999581e+00
5.519135499999999972e+00
5.441721599999999270e+00
4.318293599999999621e+00
5.061203099999999289e+00
4.279700400000000293e+00
5.409888400000000708e+00
4.202920500000000281e+00
3.990708000000000144e+00
4.919058699999999895e+00
5.339932799999999702e+00
5.410760999999999932e+00
5.484809200000000828e+00
5.451760400000000395e+00
5.539202999999999655e+00
5.492763899999999921e+00
4.947631799999999913e+00
5.398479900000000775e+00
4.340312200000000509e+00
5.598899099999999684e+00
5.419210999999999778e+00
5.541956200000000443e+00
5.432847599999999666e+00
5.512761900000000992e+00
5.445182700000000153e+00
5.505314599999999281e+00
4.403892900000000665e+00
5.123500400000000177e+00
3.594694500000000126e+00
4.382222399999999851e+00
3.751280099999999784e+00
5.102712000000000359e+00
5.378375300000000081e+00
5.299808999999999770e+00
5.137499799999999617e+00
4.138508100000000134e+00
4.281547999999999909e+00
4.077991700000000108e+00
5.062329499999999705e+00
5.362566799999999745e+00
5.405509499999999967e+00
5.077830699999999808e+00
5.243831500000000645e+00
5.168601100000000059e+00
5.367039700000000302e+00
3.839922899999999917e+00
5.361812300000000420e+00
5.449804199999999987e+00
5.384205299999999639e+00
5.196375999999999884e+00
5.268688100000000318e+00
5.313100200000000051e+00
4.347433500000000173e+00
5.294529900000000566e+00
3.751008300000000073e+00
5.536864500000000078e+00
3.838916100000000053e+00
3.654679900000000092e+00
5.398916000000000714e+00
5.146359099999999742e+00
5.422221500000000027e+00
5.349350199999999944e+00
3.796177199999999807e+00
5.517598500000000072e+00
5.447322400000000009e+00
5.559974799999999995e+00
4.380248199999999592e+00
3.881777000000000033e+00
5.290691999999999950e+00
4.327222599999999808e+00
5.289468699999999579e+00
5.621288900000000588e+00
3.748094899999999896e+00
5.304416900000000545e+00
5.545643000000000100e+00
5.531953299999999629e+00
5.542989099999999780e+00
3.821253500000000969e+00
4.214856100000000438e+00
5.399246200000000329e+00
5.235781900000000100e+00
4.431996299999999778e+00
3.999908200000000136e+00
4.253365600000000413e+00
5.319914900000000557e+00
4.393989599999999385e+00
5.311484799999999673e+00
4.947905999999999693e+00
4.427344399999999958e+00
5.529973799999999606e+00
5.506031299999999185e+00
5.549986600000000436e+00
5.512319799999999326e+00
5.531757599999999719e+00
4.702550399999999797e+00
5.361710300000000373e+00
3.865164500000000114e+00
5.232686099999999563e+00
4.945503000000000426e+00
5.349922099999999681e+00
5.299577900000000064e+00
3.669853900000000113e+00
5.452907999999999866e+00
5.598689199999999921e+00
5.495091000000000392e+00
5.469233599999999917e+00
4.305611500000000369e+00
5.487331099999999573e+00
5.496739999999999959e+00
5.363464099999999846e+00
4.560745999999999967e+00
5.516105200000000153e+00
4.211393700000000351e+00
5.530200400000000016e+00
5.466261900000001006e+00
5.260970600000000275e+00
5.367795700000000281e+00
5.200601999999999947e+00
5.201068499999999872e+00
4.148698699999999739e+00
5.476156300000000421e+00
5.535667700000000302e+00
5.201268599999999687e+00
5.527531500000000264e+00
5.476403999999999606e+00
4.999258900000000949e+00
5.173190400000000189e+00
5.460768900000000592e+00
5.339685799999999816e+00
5.311905400000000554e+00
5.207719599999999893e+00
5.296010500000000398e+00
5.288981999999999850e+00
5.360009400000000035e+00
3.797554700000000061e+00
5.535128900000000129e+00
4.826101900000000278e+00
4.350914700000000579e+00
3.835767500000000219e+00
5.410732599999999337e+00
5.633726300000000187e+00
3.838072200000000045e+00
3.689211499999999866e+00
5.286211100000000052e+00
5.580117500000000064e+00
4.081401099999999893e+00
5.333562599999999598e+00
3.842644400000000182e+00
4.170129600000000103e+00
5.469032700000000524e+00
4.280212900000000431e+00
3.710392699999999877e+00
5.700687300000000235e+00
4.416796100000000003e+00
4.018184900000000503e+00
5.084938300000000133e+00
3.750704900000000119e+00
3.739277200000000967e+00
5.516176500000000260e+00
5.371627499999999777e+00
5.400075900000000928e+00
5.373516400000000637e+00
3.866173499999999930e+00
5.473724999999999952e+00
4.069983699999999871e+00
4.754227200000000764e+00
5.453508900000000992e+00
5.356500800000000062e+00
5.501955899999999566e+00
5.209335699999999569e+00
5.528387799999999963e+00
5.332996800000000093e+00
5.158894999999999342e+00
5.355404000000000053e+00
5.471904099999999715e+00
5.203874400000001010e+00
3.856436099999999811e+00
5.203141099999998964e+00
4.240028599999999592e+00
5.501885599999999599e+00
5.347221299999999289e+00
5.277478400000000569e+00
3.967580100000000165e+00
5.253055200000000369e+00
3.845465299999999864e+00
4.287964999999999804e+00
3.799158799999999392e+00
5.274369000000000085e+00
5.558521800000000290e+00
5.485399500000000650e+00
5.105672799999999789e+00
4.914051699999999911e+00
5.229329100000000174e+00
5.260630400000000151e+00
5.373961600000000338e+00
4.667823499999999903e+00
4.108456600000000236e+00
5.128107099999999363e+00
5.438103800000000376e+00
5.547164900000000287e+00
5.632405599999999346e+00
5.360282599999999675e+00
5.478687400000000096e+00
5.611018900000000365e+00
5.593693499999999652e+00
4.973108400000000096e+00
4.401217900000000682e+00
4.254837900000000062e+00
5.503434200000000054e+00
5.590322600000000364e+00
3.550914399999999915e+00
5.442070200000000746e+00
5.295737500000000431e+00
5.162736699999999956e+00
5.445394499999999915e+00
5.071719299999999819e+00
5.432109600000000427e+00
5.455219699999999783e+00
5.384999200000000208e+00
5.301727299999999587e+00
4.058398799999999973e+00
5.544620300000000057e+00
5.326315400000000366e+00
5.514939100000000316e+00
5.487251900000000404e+00
5.126042599999999894e+00
5.483913300000000213e+00
5.482451499999999811e+00
3.895798699999999837e+00
5.272850499999999663e+00
5.404474999999999696e+00
4.747475399999999901e+00
5.346690399999999954e+00
5.229022399999999848e+00
5.214457900000000201e+00
5.493794199999999961e+00
5.377096299999999829e+00
5.219991099999999662e+00
5.402864900000000858e+00
5.376858499999999985e+00
5.138221800000000172e+00
4.798819700000000132e+00
5.042438599999999660e+00
5.098135599999999990e+00
5.515151000000000359e+00
4.948167299999999713e+00
5.056686499999999640e+00
4.371639599999999071e+00
5.502740799999999766e+00
4.700013700000000405e+00
5.405854200000000276e+00
5.248274000000000328e+00
5.152493499999999393e+00
5.334149199999999702e+00
4.901511700000000360e+00
4.339309700000000269e+00
3.902810399999999902e+00
5.381947300000000212e+00
5.527455299999999738e+00
3.996233199999999819e+00
5.521788800000000386e+00
5.564228900000000699e+00
5.416263500000000342e+00
5.119473000000000162e+00
3.852792800000000017e+00
4.824517199999999839e+00
3.946743600000000018e+00
3.823444499999999913e+00
5.355110099999999207e+00
5.391843999999999859e+00
4.077840600000000038e+00
4.771230400000000316e+00
5.506635000000000169e+00
5.469719600000000348e+00
3.969077799999999989e+00
5.537197599999999831e+00
5.228768799999999217e+00
4.027341500000000352e+00
5.331014599999999604e+00
4.192535499999999971e+00
4.048573200000000760e+00
5.282059400000000515e+00
4.879016400000000253e+00
5.429317199999999843e+00
5.233587200000000550e+00
5.214331900000000353e+00
3.913899799999999818e+00
3.728755200000000158e+00
5.601725700000000252e+00
5.441001700000000163e+00
5.039706999999999937e+00
4.333860700000000676e+00
5.463522599999999230e+00
4.842651100000000319e+00
5.530564299999999989e+00
4.389557400000000165e+00
4.286048499999999706e+00
5.485826900000000172e+00
4.438389700000000104e+00
5.438421099999999342e+00
5.354424800000000317e+00
5.411797700000000155e+00
5.319272799999999357e+00
5.490551200000000520e+00
4.249585800000000191e+00
5.288519400000000203e+00
5.225868599999999198e+00
4.291687300000000427e+00
5.482586300000000357e+00
5.488238599999999856e+00
4.339405900000000038e+00
5.098470200000000396e+00
5.073104500000000350e+00
5.572619999999999685e+00
5.419087599999999227e+00
5.470551799999999965e+00
3.979334900000000008e+00
5.340474000000000387e+00
5.120581200000000166e+00
5.117356500000000530e+00
5.496030000000000193e+00
5.252546899999999575e+00
4.354019400000000317e+00
4.414287100000000130e+00
5.294143499999999669e+00
5.502192900000000719e+00
5.557037900000000086e+00
4.187355499999999786e+00
5.426260400000000317e+00
5.472875900000000904e+00
4.284626599999999286e+00
5.511735800000000296e+00
5.392528999999999684e+00
5.491508999999999752e+00
5.472163100000000391e+00
4.237273700000000254e+00
4.422667099999999074e+00
5.634577099999999561e+00
4.028111700000000184e+00
3.774081600000000147e+00
3.614963499999999996e+00
4.332598400000000183e+00
5.418324400000000374e+00
5.291238599999999792e+00
4.274189700000000869e+00
5.466503099999999726e+00
5.066295099999999607e+00
4.292405200000000143e+00
5.458969899999999598e+00
5.329923800000000433e+00
4.442726099999999789e+00
5.365471700000000510e+00
5.527048899999999598e+00
4.971454600000000390e+00
4.347025099999999753e+00
5.422548199999999596e+00
4.393014400000000208e+00
5.506748700000000163e+00
5.129269100000000137e+00
5.415504900000001065e+00
5.522348400000000268e+00
4.230968200000000401e+00
5.405731299999999351e+00
3.931023000000000156e+00
5.355728299999999997e+00
5.297754699999999595e+00
5.418766099999999142e+00
4.952840000000000131e+00
3.845536599999999972e+00
4.219705300000000214e+00
5.482438900000000004e+00
4.125843600000000500e+00
5.267373499999999709e+00
3.686950700000000580e+00
5.247823599999999367e+00
5.474461799999999378e+00
5.480358999999999980e+00
5.021188700000000615e+00
5.505629700000000071e+00
4.369013500000000327e+00
4.096702099999999902e+00
4.888447700000000395e+00
5.364460500000000742e+00
5.332004000000000410e+00
5.199559099999999212e+00
5.445339399999999941e+00
5.508044400000000174e+00
5.277562699999999829e+00
4.403623500000000135e+00
4.180214299999999383e+00
4.283261200000000102e+00
5.353206400000000365e+00
4.614751499999999673e+00
5.460312300000000008e+00
4.851197499999999607e+00
3.872829700000000042e+00
5.191912999999999556e+00
4.042326999999999337e+00
4.100344200000000328e+00
5.520321199999999706e+00
5.176172499999999843e+00
5.481240299999999621e+00
5.307508799999999916e+00
5.335017099999999068e+00
5.382482300000000386e+00
5.400783099999999948e+00
5.530553000000000274e+00
5.322766699999999851e+00
5.342856299999999337e+00
5.330917700000000536e+00
5.138622599999999707e+00
4.040655799999999687e+00
4.394753900000000435e+00
5.500164200000000392e+00
5.045642900000000708e+00
5.441322799999999127e+00
4.356620799999999960e+00
5.095579200000000419e+00
5.437600700000000842e+00
5.462200799999999745e+00
3.690430399999999889e+00
4.398843099999999673e+00
4.313142299999999096e+00
4.886323499999999598e+00
4.228917400000000271e+00
5.464158300000000246e+00
4.667129599999999101e+00
5.486495699999999864e+00
5.060857600000000289e+00
5.367533599999999794e+00
5.619413299999999722e+00
5.430190000000000516e+00
5.551608800000000343e+00
3.783080200000000115e+00
5.446655200000000363e+00
5.442207900000000542e+00
3.801068599999999797e+00
5.327632000000000367e+00
5.487444899999999848e+00
5.416048299999999927e+00
5.440501399999999599e+00
3.775908799999999843e+00
5.396868799999999133e+00
5.190052800000000133e+00
5.267248500000000000e+00
4.580070599999999992e+00
3.899992800000000148e+00
4.935012799999999977e+00
5.470028199999999785e+00
5.342213000000000100e+00
5.312373299999999965e+00
5.534007500000000412e+00
5.501675800000000116e+00
5.482253000000000043e+00
5.487412400000000190e+00
3.996654100000000209e+00
4.837655999999999956e+00
4.519981999999999722e+00
5.526546999999999876e+00
5.236914099999999905e+00
5.530343199999999904e+00
5.245202900000000668e+00
4.595881400000000561e+00
5.453077999999999648e+00
4.105355499999999935e+00
4.360741700000000165e+00
5.412077899999999886e+00
4.460421499999999817e+00
5.556526500000000368e+00
3.964004000000000083e+00
5.268301400000000356e+00
5.340155799999999786e+00
5.474949900000000369e+00
5.437524900000000549e+00
4.813502899999999585e+00
4.312619399999999992e+00
3.973345999999999822e+00
4.407697999999999894e+00
4.190481500000000636e+00
4.963635400000000253e+00
4.255297200000000224e+00
4.142519200000000623e+00
5.293065999999999605e+00
5.265545099999999756e+00
4.399528299999999170e+00
5.387784400000000140e+00
4.476612399999999603e+00
5.608255100000000049e+00
5.456476699999999624e+00
5.285004500000000327e+00
4.337935800000000341e+00
4.030121699999999585e+00
4.992670000000000385e+00
4.241327799999999648e+00
4.402154000000000345e+00
5.611707700000000187e+00
5.212658099999999628e+00
4.564934300000000000e+00
5.190688300000000588e+00
5.265824499999999908e+00
5.485398700000000183e+00
4.180408600000000696e+00
5.527779799999999355e+00
4.280944400000000094e+00
4.101666799999999391e+00
3.777620799999999779e+00
5.012904799999999383e+00
3.835991100000000209e+00
5.503269000000000410e+00
5.118700800000000051e+00
5.508879099999999696e+00
3.949114900000000095e+00
5.534559500000000298e+00
5.379638599999999826e+00
5.041018499999999847e+00
4.313654799999999234e+00
5.524006800000000439e+00
5.345258199999999960e+00
5.275754700000000241e+00
5.431409599999999394e+00
5.419174599999999842e+00
5.304617799999999939e+00
5.522591799999999829e+00
5.404683400000000582e+00
5.498051700000000430e+00
3.953075099999999953e+00
5.561058100000000337e+00
5.453176100000000304e+00
5.587734700000000387e+00
5.347597600000000284e+00
5.287533400000000050e+00
5.411855700000000269e+00
5.502873600000000032e+00
5.439048000000000549e+00
5.334812599999999350e+00
5.189554700000000409e+00
5.308451799999999388e+00
4.040101800000000409e+00
5.006482199999999771e+00
4.360166400000000664e+00
5.515151699999999657e+00
5.114397199999999977e+00
5.430493799999999815e+00
5.015339099999999384e+00
5.391982700000000683e+00
5.294728599999999119e+00
5.410888500000000434e+00
5.393880199999999903e+00
5.332629900000000589e+00
5.610375599999999352e+00
5.574848600000000154e+00
5.363130800000000420e+00
5.452923700000000373e+00
5.281078900000000687e+00
4.307673900000000167e+00
5.492655700000000252e+00
3.696813800000000150e+00
5.372781800000000274e+00
3.743852899999999817e+00
5.373944200000000393e+00
5.470004799999999889e+00
5.364570400000000738e+00
5.358787300000000364e+00
3.715417899999999829e+00
4.347870300000000299e+00
5.356440199999999763e+00
4.265387200000000156e+00
4.400838200000000811e+00
5.476411599999999602e+00
5.279165100000000166e+00
4.143180700000000272e+00
5.497048600000000285e+00
5.151545699999999783e+00
3.811014600000000030e+00
5.583224799999999988e+00
5.589723000000000219e+00
5.385883799999999333e+00
5.067779400000000045e+00
5.240541499999999964e+00
5.381133799999999745e+00
5.324481099999999856e+00
5.309660900000000794e+00
3.910602400000000145e+00
4.298111200000000132e+00
5.322907200000000394e+00
5.286231199999999575e+00
5.379558199999999957e+00
4.306455899999999559e+00
5.427253200000000000e+00
5.406645900000000005e+00
5.445597499999999869e+00
4.955216100000000345e+00
5.414024600000000298e+00
5.375968299999999367e+00
5.539242500000000291e+00
3.864731200000000033e+00
5.406548599999999816e+00
5.313345799999999564e+00
5.454762699999999853e+00
5.118883699999999592e+00
5.432517500000000332e+00
5.487008400000000563e+00
5.564227599999999718e+00
4.509769599999999379e+00
5.441655100000000189e+00
4.232501400000000302e+00
4.194468900000000389e+00
5.466054899999999606e+00
5.359257300000000335e+00
5.486510400000000232e+00
5.485630200000000123e+00
5.312520799999999710e+00
5.444494599999999629e+00
5.155962899999999571e+00
5.447178199999999748e+00
5.588974799999999910e+00
3.992595600000000022e+00
5.474464099999999611e+00
5.370634700000000095e+00
5.369523000000000046e+00
5.570191300000000290e+00
5.437404500000000418e+00
5.336834299999999587e+00
4.277319000000000315e+00
5.420846499999999679e+00
3.714405399999999968e+00
5.535633799999999383e+00
5.135952600000000423e+00
3.693176799999999815e+00
4.351867900000000233e+00
4.274068599999999662e+00
5.001352900000000545e+00
5.274621200000000343e+00
5.370557400000000037e+00
5.232309200000000438e+00
5.405207900000000620e+00
5.524572400000000272e+00
5.375780799999999360e+00
5.313573299999999833e+00
5.517146799999999907e+00
5.582241299999999740e+00
5.568333599999999883e+00
5.137586200000000325e+00
4.277437400000000167e+00
4.184698200000000590e+00
3.972626299999999944e+00
5.425959500000000268e+00
5.593326599999999260e+00
3.993463399999999996e+00
4.024168300000000364e+00
5.524441799999999958e+00
3.772509400000000124e+00
5.037789400000000306e+00
4.222366799999999643e+00
4.874641099999998950e+00
5.483119099999999690e+00
5.383947900000000786e+00
4.894911099999999848e+00
5.705807599999999091e+00
4.508367900000000539e+00
5.660100500000000423e+00
5.466835900000000414e+00
5.482579999999999565e+00
5.297857700000000669e+00
4.216592700000000526e+00
4.542534800000000317e+00
5.525186200000000269e+00
4.394900500000000321e+00
5.363565599999999378e+00
4.204693799999999371e+00
5.196083900000000533e+00
5.120539099999999344e+00
3.843479199999999985e+00
4.372094699999999889e+00
5.415803799999999946e+00
5.392004700000000206e+00
5.294591900000000351e+00
5.420491300000000123e+00
4.405219999999999914e+00
5.297777599999999865e+00
5.335527099999999301e+00
5.493336199999999891e+00
4.365616900000000022e+00
4.235260299999999312e+00
5.344723999999999364e+00
5.460733099999999673e+00
5.417449300000000356e+00
4.735086599999999812e+00
4.318713599999999708e+00
5.376060700000000026e+00
3.577732500000000204e+00
5.055466700000000202e+00
5.574157399999999818e+00
5.245498300000000391e+00
4.295739799999999775e+00
5.453643900000000322e+00
5.502934999999999910e+00
4.217921900000000335e+00
5.206584000000000323e+00
5.343526100000000056e+00
3.585842700000000161e+00
3.859869300000000170e+00
3.660003800000000140e+00
5.002054099999999615e+00
4.214443199999999834e+00
5.509275399999999934e+00
4.719179200000000129e+00
5.490152900000000002e+00
5.263036099999999884e+00
3.877977899999999867e+00
5.306521100000000324e+00
3.944663900000000112e+00
5.585373099999999980e+00
4.880522299999999980e+00
5.312562200000000345e+00
5.346003400000000738e+00
4.953961399999999848e+00
4.255105099999999752e+00
5.405889000000000166e+00
5.420107100000000067e+00
4.933810000000000251e+00
5.568862799999999780e+00
5.504553099999999866e+00
5.415486900000000325e+00
3.883765100000000192e+00
4.278072299999999828e+00
5.427303599999999228e+00
5.351888800000000224e+00
5.289682099999999387e+00
5.409622599999999615e+00
5.025014700000000722e+00
5.313987799999999595e+00
5.644978599999999069e+00
5.464310399999999568e+00
4.123819100000000404e+00
5.443460199999999638e+00
3.864859699999999787e+00
4.233293799999999329e+00
3.659390699999999885e+00
5.201850399999999652e+00
5.002264900000000125e+00
5.367290200000000233e+00
5.509195000000000064e+00
5.375702099999998929e+00
4.230908699999999634e+00
5.189478299999999322e+00
3.665182199999999835e+00
5.467138400000000509e+00
5.449093799999999099e+00
4.507026999999999894e+00
5.385306400000000160e+00
5.444146099999999322e+00
5.375233999999999845e+00
4.150024600000000063e+00
4.770076300000000380e+00
3.831618999999999886e+00
3.659562999999999899e+00
5.467857300000000365e+00
5.633246999999999893e+00
4.161180399999999224e+00
5.467776399999999981e+00
3.895808800000000183e+00
5.396421299999999199e+00
5.447150599999999621e+00
5.283785199999999627e+00
5.489700400000000258e+00
5.587540399999999963e+00
5.571232599999999202e+00
4.360495900000000091e+00
3.948752499999999888e+00
4.773359700000000316e+00
4.318505400000000272e+00
3.802463599999999833e+00
4.331080299999999994e+00
5.484126200000000395e+00
5.497144900000000334e+00
5.473965799999999327e+00
5.417229700000000037e+00
5.208128700000000499e+00
4.273908799999999175e+00
5.578916400000000664e+00
4.938852200000000359e+00
4.232251699999999950e+00
5.325647100000000300e+00
5.600688299999999842e+00
5.429193200000000274e+00
5.272700799999999965e+00
5.393788400000000927e+00
5.519024700000000117e+00
5.658605299999999616e+00
5.374369799999999309e+00
5.442694799999999944e+00
5.458242399999999606e+00
4.589791200000000515e+00
5.623988099999999157e+00
5.469115500000000019e+00
5.191821400000001141e+00
3.557199600000000128e+00
5.365055599999999814e+00
4.751606999999999914e+00
5.546504900000000404e+00
5.228651199999999832e+00
5.295809700000000397e+00
5.333442500000000308e+00
4.095553899999999636e+00
5.440255500000000133e+00
3.831261000000000028e+00
4.056057400000000257e+00
5.499100299999999386e+00
5.184899699999999889e+00
5.476179000000000130e+00
4.182746400000000087e+00
5.489809200000000722e+00
4.125083100000000336e+00
5.293853099999999756e+00
5.067470400000000375e+00
5.208211399999999713e+00
4.560964700000000427e+00
5.480112400000000328e+00
4.508981000000000350e+00
3.827779399999999832e+00
5.402182700000000892e+00
5.559690999999999939e+00
5.426166799999999846e+00
4.191392999999999702e+00
5.346252299999999735e+00
4.460060000000000358e+00
3.865147700000000075e+00
5.458451499999999790e+00
5.292557600000000306e+00
5.589933900000001010e+00
5.456339599999999734e+00
5.444746099999999700e+00
5.392744600000000332e+00
5.422696000000000183e+00
5.181812500000000377e+00
3.881954900000000208e+00
4.420112600000000391e+00
5.489830699999999730e+00
5.353116299999999939e+00
5.379092599999999891e+00
4.554966400000000526e+00
5.185250700000000101e+00
5.468946200000000424e+00
5.483499600000000029e+00
4.655274499999999982e+00
5.503254799999999669e+00
5.556819599999999859e+00
4.904656000000000127e+00
5.374495200000000139e+00
5.496911400000000114e+00
5.272453800000000079e+00
3.669167600000000196e+00
5.633953500000000503e+00
5.517822299999999736e+00
5.564407000000000103e+00
5.447794499999999651e+00
3.778838700000000106e+00
5.153351500000000307e+00
4.321659799999999940e+00
5.499318899999999566e+00
5.274120599999999826e+00
4.101041700000000567e+00
5.305162300000000108e+00
5.345893700000000415e+00
5.723615500000000189e+00
5.534703499999999998e+00
5.335381400000000163e+00
5.008612699999999585e+00
4.323007800000000067e+00
4.780459699999999756e+00
5.303922000000000025e+00
4.340868000000000393e+00
5.468183799999999373e+00
5.514281600000000338e+00
5.425558500000000173e+00
4.276097299999999990e+00
4.263242400000000210e+00
5.527842599999999607e+00
5.665474699999999864e+00
5.192576800000000325e+00
5.450117599999999562e+00
5.427238100000000287e+00
4.811580499999999816e+00
5.343405999999999878e+00
5.286635999999999669e+00
5.542949299999999191e+00
5.541852200000000117e+00
5.382512900000000045e+00
4.422699999999999854e+00
3.634104499999999849e+00
5.445621199999999718e+00
5.282902200000000548e+00
5.289404599999999235e+00
5.435922799999999278e+00
5.185486799999999619e+00
5.356638300000000186e+00
5.462293700000000918e+00
4.277499800000000185e+00
4.277091300000000373e+00
3.879808800000000168e+00
4.973478900000000813e+00
5.438486799999999732e+00
4.261501799999999562e+00
5.316404400000000585e+00
3.790939100000000117e+00
4.637062599999999257e+00
5.385538999999999632e+00
4.193801099999999948e+00
5.367359800000000014e+00
4.063112600000000185e+00
5.346266400000000196e+00
5.428629800000000394e+00
5.454955599999999905e+00
5.471884700000000379e+00
4.991375800000000140e+00
5.203755200000000691e+00
5.168878699999999604e+00
5.423637699999999562e+00
4.595513300000000356e+00
4.376700399999999824e+00
3.835586000000000162e+00
5.229007199999999855e+00
5.384126099999999582e+00
4.642264900000000694e+00
5.332479400000000425e+00
5.370732199999999956e+00
5.209159400000000772e+00
4.739258300000000368e+00
5.497412999999999883e+00
4.334387600000000340e+00
4.376932700000000231e+00
4.459325999999999901e+00
5.501980900000000396e+00
5.451637800000000311e+00
5.363622400000000567e+00
5.221277999999999864e+00
5.406900299999999326e+00
4.163620700000000063e+00
5.424987500000000296e+00
5.418402999999999636e+00
3.739508499999999902e+00
5.424395699999999820e+00
3.762425599999999815e+00
5.031681500000000362e+00
4.744962700000000311e+00
4.436795799999999623e+00
5.476531700000000669e+00
5.427954899999999583e+00
5.472319099999999992e+00
5.505530499999999883e+00
5.231166899999999842e+00
4.363208599999999215e+00
4.734788899999999856e+00
5.497599199999999797e+00
5.295551799999999254e+00
5.421252800000000427e+00
5.087405400000000633e+00
4.306000800000000517e+00
5.340936599999999146e+00
4.231716800000000056e+00
5.374130599999999980e+00
5.377489700000000816e+00
5.593280200000000590e+00
4.337844400000000711e+00
4.943232800000000537e+00
4.180808299999999811e+00
5.446792900000000159e+00
5.479953100000000354e+00
5.401861799999999825e+00
4.278915200000000141e+00
5.492156200000000155e+00
3.889451000000000214e+00
5.256628000000000078e+00
5.511770200000000841e+00
4.302037200000000006e+00
5.499843900000001007e+00
5.591214199999999579e+00
4.287523099999999587e+00
5.382974400000001047e+00
5.289522299999999788e+00
5.034416300000000177e+00
5.276946999999999832e+00
5.329145600000000371e+00
5.630155499999999869e+00
5.386831800000000392e+00
5.294759400000000227e+00
5.482915499999999831e+00
5.435036099999999593e+00
5.185883500000000090e+00
5.172677700000000378e+00
4.248287400000000602e+00
4.481511499999999870e+00
4.017697599999999980e+00
5.506974900000000339e+00
4.852010299999999887e+00
5.306741299999999661e+00
4.681422699999999715e+00
5.341535700000000553e+00
3.844512200000000046e+00
5.572873900000000269e+00
5.227506299999999051e+00
5.273925400000000430e+00
5.367325900000000871e+00
5.310670400000000235e+00
5.223394100000000151e+00
5.173678800000000244e+00
4.478581900000000005e+00
4.400104100000000074e+00
4.801038899999999998e+00
3.688051600000000985e+00
5.286883800000000022e+00
4.153347600000000028e+00
5.411362900000000309e+00
3.724812099999999848e+00
3.828292400000000040e+00
4.139534900000000128e+00
5.487031299999999057e+00
5.228127200000000308e+00
5.531001599999999740e+00
5.332412099999999988e+00
5.531100599999999368e+00
4.342890699999999882e+00
5.405969899999999662e+00
4.132836700000000363e+00
5.150311299999999370e+00
4.266477000000000075e+00
4.340433499999999611e+00
5.506056899999999921e+00
5.189182899999999599e+00
5.000813099999999345e+00
5.410709200000000330e+00
5.299444400000000499e+00
5.456778299999999859e+00
4.115676799999999247e+00
4.384639599999998971e+00
5.459952999999999612e+00
5.419623400000000757e+00
5.374444600000000349e+00
5.272756399999999566e+00
3.828856200000000598e+00
5.436804300000000367e+00
5.517356200000000932e+00
5.670156300000000371e+00
4.932450399999999568e+00
3.900503599999999960e+00
5.391759400000000646e+00
4.329665599999999337e+00
4.162328800000000051e+00
5.107971199999999712e+00
4.547037099999999832e+00
4.247021299999999222e+00
5.583979300000000201e+00
3.763385599999999886e+00
5.148807200000000250e+00
3.844508400000000048e+00
5.474305300000000152e+00
4.956354799999999727e+00
5.462495500000000170e+00
4.449153800000000381e+00
2.719725700000000135e+00
5.494029599999999292e+00
4.988975400000000171e+00
5.336494999999999322e+00
3.764589500000000033e+00
5.164728599999999226e+00
5.122964299999999582e+00
5.484265399999999957e+00
5.306150700000000775e+00
5.059728699999999968e+00
4.236566400000000066e+00
5.284440599999999932e+00
4.308676900000000032e+00
4.227329400000000348e+00
5.164850200000000058e+00
5.546057599999999255e+00
5.313003900000000002e+00
5.394824800000000309e+00
4.207963900000000201e+00
5.074712100000000170e+00
5.390294800000000386e+00
5.365026599999999313e+00
5.329997000000000540e+00
3.722153599999999951e+00
3.801981099999999891e+00
5.090241599999999700e+00
5.396371700000000438e+00
4.925147700000000128e+00
4.360025000000000261e+00
5.256642900000000118e+00
4.321779499999999885e+00
5.439274099999999557e+00
5.414040100000000244e+00
5.290285700000000091e+00
4.992147400000000346e+00
4.293219699999999861e+00
4.031751899999999722e+00
5.483584699999999756e+00
5.418547599999999242e+00
5.322251399999999855e+00
3.840441400000000005e+00
4.388486400000000565e+00
5.417652499999999982e+00
5.216873800000000116e+00
5.445415299999999625e+00
4.346986099999999631e+00
5.201806000000000374e+00
5.187541699999999700e+00
5.406964900000000185e+00
4.250459400000000443e+00
5.303456699999999913e+00
5.316048799999999908e+00
4.042527100000000040e+00
5.433138800000000046e+00
5.241081900000000182e+00
4.978819699999999848e+00
4.325141700000000533e+00
5.472618299999999714e+00
4.883594999999999686e+00
5.309884900000000130e+00
5.310834599999999739e+00
5.386958500000000427e+00
5.581505499999999564e+00
5.440679900000001012e+00
4.732455999999999996e+00
4.381300500000000042e+00
5.442599600000000315e+00
5.561882500000000285e+00
5.584289700000000245e+00
5.558677099999999704e+00
5.525174299999999761e+00
5.236768600000000440e+00
5.430536499999999656e+00
3.817249400000000126e+00
3.816824299999999948e+00
4.369974900000000773e+00
4.184073399999999943e+00
5.316094999999999793e+00
4.882987400000000200e+00
4.332264900000000196e+00
4.335865300000000033e+00
5.285598900000000100e+00
4.173289500000000096e+00
4.597158000000000300e+00
5.296483199999999947e+00
5.572662000000000226e+00
5.564339200000000041e+00
5.414527299999999599e+00
4.672391799999999762e+00
5.314454300000000408e+00
5.240783600000000320e+00
4.108195200000000824e+00
5.475738699999999959e+00
5.401144900000000248e+00
3.871016800000000035e+00
4.943808999999999898e+00
4.044149799999999573e+00
5.410927700000000229e+00
5.265168400000000304e+00
5.035749199999999703e+00
5.318569799999999681e+00
5.319516899999999993e+00
5.560563000000000144e+00
5.391413899999999870e+00
5.464364500000000291e+00
5.124109699999999989e+00
5.517648099999999722e+00
5.451253900000000208e+00
5.541501199999999905e+00
5.383913300000000568e+00
5.215730000000000643e+00
4.416847999999999885e+00
5.483082600000000362e+00
5.445558300000000074e+00
5.448095799999999933e+00
4.973538600000000365e+00
3.833556499999999811e+00
5.358631400000000156e+00
4.381708799999999293e+00
5.614498000000000211e+00
3.764169100000000157e+00
5.177272099999999710e+00
5.089886400000000144e+00
3.875391700000000217e+00
5.267695800000000261e+00
5.555676799999999638e+00
4.278441099999999331e+00
5.461523099999999964e+00
5.339940900000001101e+00
4.173984700000000103e+00
4.293851300000000037e+00
5.406668100000000088e+00
3.878493799999999325e+00
5.514196499999999723e+00
4.321413899999999586e+00
4.443633900000000914e+00
3.621727799999999942e+00
3.607292199999999838e+00
5.532542000000000293e+00
5.439335699999999996e+00
5.076803700000000141e+00
5.390289700000000295e+00
4.360603599999999247e+00
3.963410600000000006e+00
5.428200900000000217e+00
4.673908100000000232e+00
5.327545699999999940e+00
5.563113600000000325e+00
4.297007700000000874e+00
5.335253699999999988e+00
5.344094000000000122e+00
4.395407299999999573e+00
4.324183500000000180e+00
5.173731500000000594e+00
5.466088899999999917e+00
5.010442199999999957e+00
3.889236299999999869e+00
4.181684299999999688e+00
3.827482499999999899e+00
5.415980199999999911e+00
5.515096700000000851e+00
5.388852899999999835e+00
4.331227400000000394e+00
5.299279099999999687e+00
4.134213800000000383e+00
4.989464199999999572e+00
5.432753199999999616e+00
5.383934599999999904e+00
5.285053300000000398e+00
4.995295500000000111e+00
4.256369599999999309e+00
4.326579799999999310e+00
5.455054600000000420e+00
4.038649700000000564e+00
3.891715099999999872e+00
3.799926099999999973e+00
5.207748200000000161e+00
5.202633299999999572e+00
5.364170599999999567e+00
4.412204299999999968e+00
5.446721000000000146e+00
5.394223600000000118e+00
4.372064800000000417e+00
5.419889099999999793e+00
5.549092199999999586e+00
5.428704399999999985e+00
5.355860900000000591e+00
5.490641799999999684e+00
5.590112099999999806e+00
5.235042199999999646e+00
4.901556700000000433e+00
5.473041000000000267e+00
5.360556099999999269e+00
3.679240899999999925e+00
5.467814499999999356e+00
4.252887799999999885e+00
4.302542299999999820e+00
5.510520200000000202e+00
5.479082499999999634e+00
5.242134100000000352e+00
5.392968599999999668e+00
5.029530900000000138e+00
4.329991899999999561e+00
5.401396100000000366e+00
4.314164299999999841e+00
5.374985599999999586e+00
4.408797599999999761e+00
5.303994199999999992e+00
4.017448299999999861e+00
4.023356999999999850e+00
3.856953299999999363e+00
5.351693599999999051e+00
5.500074200000000246e+00
5.383537600000000367e+00
5.486467199999999877e+00
5.477986399999999811e+00
4.027113299999999896e+00
4.015842000000000134e+00
5.149529099999999637e+00
5.140167800000000398e+00
5.394067299999999676e+00
5.544491299999999789e+00
5.017338099999999024e+00
5.253927299999999967e+00
4.183720200000000666e+00
5.364858800000000372e+00
5.337311200000000255e+00
5.402237400000000633e+00
5.128886099999999892e+00
5.349460599999999566e+00
4.302601200000000681e+00
5.219545700000000288e+00
4.194636100000000312e+00
5.524102100000000348e+00
4.763914399999999993e+00
5.288084999999999702e+00
4.250736400000000081e+00
5.299815200000000281e+00
3.832903899999999808e+00
5.240339800000000103e+00
5.436240399999999973e+00
5.268762999999999863e+00
4.940902300000000302e+00
5.178105300000000355e+00
5.456017299999999182e+00
5.422177999999999720e+00
4.297229699999999930e+00
5.422854499999999689e+00
4.208806799999999626e+00
5.487728899999999577e+00
5.190020699999999820e+00
5.352775499999999909e+00
5.409198700000000137e+00
4.574161199999999816e+00
5.566439400000000148e+00
5.196147200000000410e+00
5.142084800000000122e+00
5.013618199999999803e+00
4.918175399999999975e+00
5.042381800000000247e+00
3.906566999999999901e+00
5.389955400000000729e+00
5.542515700000000045e+00
3.639930300000000063e+00
5.457266699999999915e+00
5.288111699999999971e+00
5.476363300000000045e+00
4.168931200000000281e+00
3.670384900000000172e+00
4.857179000000000357e+00
5.371057799999999993e+00
3.771938599999999919e+00
4.208855200000000352e+00
5.297883699999999862e+00
5.203455599999999848e+00
5.056678800000000251e+00
4.914620900000000070e+00
4.275418100000000443e+00
5.222031099999999704e+00
5.344484400000000690e+00
5.550254200000000360e+00
5.436517900000000125e+00
5.385556700000000419e+00
4.331798899999999897e+00
3.958091899999999885e+00
5.419771800000000361e+00
4.295799299999999654e+00
4.507336799999999144e+00
4.352646599999999033e+00
4.249968700000000155e+00
5.287549299999999342e+00
4.792613499999999860e+00
4.883129900000001022e+00
4.316017099999999829e+00
3.795116399999999945e+00
5.263961599999999130e+00
5.533001000000000502e+00
3.942163100000000142e+00
4.922475600000000284e+00
5.420629299999999873e+00
5.435583099999999668e+00
5.140185999999999922e+00
5.508027099999999621e+00
4.961483699999999608e+00
4.052830100000000435e+00
5.199704500000000174e+00
5.311023600000000400e+00
5.010251499999999858e+00
5.259589700000000256e+00
5.405799199999999693e+00
5.471931400000000778e+00
4.149572100000000319e+00
5.241113700000000541e+00
4.205151100000000142e+00
4.992050200000000437e+00
5.490975599999999623e+00
3.715954700000000166e+00
5.342472900000000635e+00
5.100905000000000022e+00
5.396092000000000333e+00
4.674978799999999879e+00
5.412963700000000600e+00
3.917300599999999910e+00
5.163257200000000324e+00
5.480806299999999354e+00
5.182597900000001090e+00
3.825084599999999835e+00
3.772606800000000149e+00
5.021879599999999222e+00
4.952144200000000218e+00
5.312790000000000568e+00
4.332966500000000387e+00
4.437034299999999654e+00
5.432299900000000292e+00
5.398006400000000760e+00
5.112866999999999607e+00
5.313370800000000393e+00
4.983870300000000420e+00
4.428775199999999579e+00
5.463758200000000009e+00
4.942579000000000278e+00
4.198357700000000747e+00
5.197865700000000366e+00
3.966820100000000071e+00
5.616374400000000655e+00
4.438286499999999357e+00
5.066272200000000225e+00
3.778880700000000203e+00
5.380849400000000671e+00
5.426329299999999911e+00
5.375774299999999783e+00
4.358641000000000432e+00
5.172926699999999656e+00
5.513555400000000439e+00
4.994133599999999618e+00
5.491877999999999815e+00
5.459737699999999805e+00
5.183597799999999367e+00
3.862480899999999995e+00
5.023162899999999986e+00
3.613762200000000036e+00
5.231162599999999330e+00
5.095063099999999068e+00
4.440605900000000439e+00
4.036463399999999702e+00
4.747010500000000022e+00
4.424135599999999613e+00
5.391859600000000086e+00
5.390866099999999328e+00
4.812238099999999186e+00
5.450889599999999113e+00
5.318408500000000316e+00
3.568291400000000113e+00
5.424196599999999258e+00
4.053895699999999991e+00
3.933141800000000021e+00
4.145925800000000550e+00
3.973808500000000077e+00
5.126144200000000595e+00
4.253865099999999622e+00
5.187400299999999298e+00
5.460198600000000013e+00
4.266357799999999756e+00
3.691865299999999905e+00
5.408976400000000240e+00
5.385085500000000636e+00
5.538366299999999853e+00
5.224750299999999292e+00
5.493909799999999954e+00
3.790910900000000083e+00
5.404030099999999948e+00
5.496815200000000345e+00
5.370243399999999667e+00
4.401613399999999565e+00
5.396457299999999790e+00
4.477559799999999868e+00
4.277187000000000516e+00
4.943821299999999752e+00
5.397653299999999987e+00
4.116491000000000788e+00
4.028688400000000058e+00
5.519291700000000134e+00
4.663520200000000671e+00
5.490305099999999605e+00
4.435006600000000354e+00
4.607352699999999857e+00
4.760139700000000751e+00
5.221169000000000615e+00
5.383781700000000114e+00
4.170074800000000081e+00
5.488800900000000205e+00
4.424889699999999593e+00
4.525856000000000101e+00
4.996905800000000397e+00
5.287326099999999585e+00
3.994386299999999945e+00
4.560734899999999925e+00
5.454771299999999989e+00
5.279830300000000420e+00
5.040504799999999896e+00
5.101798900000000359e+00
4.729456200000000443e+00
5.164396799999999566e+00
5.349542900000000323e+00
4.964733599999999747e+00
4.156429900000000011e+00
5.487915700000000285e+00
5.425440299999999993e+00
5.248463300000000054e+00
5.483671000000000184e+00
4.028272099999999689e+00
5.353279799999999256e+00
4.383478400000000441e+00
5.366451099999999919e+00
5.283305900000000221e+00
5.016384400000000632e+00
4.327175700000000624e+00
5.547195900000000179e+00
5.518445700000000009e+00
5.178218599999999228e+00
4.278328199999999804e+00
5.335931500000000050e+00
5.651220900000000213e+00
5.483196700000000590e+00
5.614616599999999735e+00
5.817860500000000101e+00
3.856718700000000943e+00
3.809871600000000136e+00
5.469799700000000264e+00
5.402162299999999640e+00
5.510521299999999734e+00
4.248038099999999595e+00
5.497493500000000033e+00
5.598993499999999734e+00
3.693581399999999793e+00
5.354553900000000866e+00
3.903253299999999371e+00
5.093123699999999587e+00
4.368447100000000027e+00
4.328674600000000261e+00
4.080937999999999732e+00
5.534412000000000553e+00
5.647878700000000585e+00
5.697386200000000400e+00
5.545140100000000238e+00
5.363472999999999935e+00
5.568280699999999861e+00
5.627285400000000770e+00
5.530399899999999924e+00
5.596091400000000604e+00
5.552375900000000364e+00
5.383280499999999691e+00
3.726458899999999907e+00
5.447059400000000551e+00
3.945292600000000149e+00
5.616496400000000833e+00
5.337437699999999730e+00
5.478844900000000351e+00
5.503129300000000335e+00
5.185012600000000305e+00
5.362205900000000192e+00
3.498483100000000068e+00
4.427409199999999601e+00
5.404265000000000541e+00
5.688824199999999998e+00
5.551989999999999981e+00
5.136978799999999623e+00
3.656034099999999842e+00
5.493776600000000343e+00
5.480049500000000684e+00
4.262805300000000130e+00
5.579290799999999884e+00
3.873726000000000003e+00
5.477408600000000405e+00
4.418411400000000100e+00
4.110409599999999664e+00
5.783025199999999977e+00
5.418867400000000778e+00
5.559163900000000602e+00
5.272789700000000579e+00
4.416888600000000054e+00
4.357521799999999779e+00
5.025909799999999983e+00
5.634287999999999741e+00
4.207507900000000411e+00
5.499798300000000140e+00
5.635566500000000367e+00
5.549462999999999369e+00
5.460545099999999152e+00
5.581651299999999871e+00
5.579008800000000434e+00
5.654108599999999818e+00
5.471794799999999626e+00
3.608489699999999800e+00
4.573280400000000689e+00
5.261101599999999934e+00
5.496272099999999661e+00
5.234544699999999828e+00
5.777997700000000236e+00
4.656059200000000509e+00
5.605913200000000707e+00
5.588080799999999293e+00
4.626344600000000362e+00
5.522648700000000410e+00
5.361936000000000035e+00
5.483759899999999909e+00
5.541597900000001076e+00
4.216353800000000263e+00
5.491309700000000404e+00
3.783746499999999902e+00
5.545708499999999930e+00
5.524385400000000779e+00
5.476430900000000435e+00
3.804462800000000033e+00
5.440788999999999653e+00
5.034016499999999894e+00
5.527067099999999122e+00
5.861542100000000310e+00
5.500180000000000291e+00
4.335519200000000239e+00
5.298393299999999861e+00
5.362195800000000290e+00
5.414655100000000054e+00
5.370280099999999557e+00
5.096013000000000126e+00
5.440388999999999697e+00
3.692957300000000220e+00
5.621035900000000751e+00
5.390565399999999840e+00
5.551425199999999727e+00
5.439947400000000322e+00
5.708223000000000269e+00
5.387355400000000571e+00
5.637010599999999982e+00
5.272438499999999806e+00
4.853587499999999721e+00
4.006572900000000104e+00
5.569766900000000298e+00
5.318459299999999779e+00
5.634128999999999721e+00
5.565491500000000258e+00
5.406025299999999589e+00
5.112220099999999157e+00
5.603025899999999559e+00
5.190029900000000751e+00
5.181475500000000345e+00
5.637705099999999803e+00
3.745022699999999816e+00
5.786057600000000356e+00
5.394320700000000635e+00
4.176309299999999780e+00
5.254589900000000924e+00
5.120043800000000367e+00
4.454090400000000116e+00
5.437737699999999563e+00
5.430491299999999910e+00
5.571799500000000016e+00
5.331195700000000315e+00
5.372407099999999325e+00
5.279887099999999833e+00
5.515374200000000116e+00
5.492198400000000369e+00
5.606505400000000527e+00
5.370342900000000697e+00
5.503364399999999712e+00
5.456111700000000120e+00
4.260860100000000372e+00
5.124957599999999225e+00
5.416730900000000126e+00
5.386534499999999781e+00
5.584979299999999647e+00
4.363695700000000066e+00
5.669878099999999144e+00
5.352153200000000055e+00
5.462777700000000181e+00
5.503334500000000240e+00
3.854018400000000177e+00
3.762355599999999800e+00
5.308004099999999781e+00
5.673317099999999336e+00
5.255522100000000307e+00
5.471789499999999862e+00
5.589903600000000417e+00
3.708008899999999830e+00
5.344145799999999724e+00
5.706999800000000178e+00
5.303494000000000597e+00
4.091795900000000152e+00
5.467671099999999562e+00
5.079661200000000321e+00
5.039382999999999946e+00
4.770414099999999991e+00
4.325706400000000507e+00
5.585754799999999243e+00
4.057719200000000193e+00
5.336125499999999633e+00
5.331950400000000201e+00
5.589387999999999579e+00
5.638343700000000958e+00
5.506541700000000539e+00
5.286591900000000344e+00
5.377302700000000435e+00
5.833357200000000020e+00
4.090774599999999595e+00
4.412581600000000215e+00
5.277713600000000227e+00
5.634001699999999779e+00
5.364624400000000293e+00
5.453517599999999632e+00
4.286578200000000116e+00
5.341490799999999872e+00
3.670230699999999846e+00
5.435434099999999269e+00
4.455315900000000440e+00
5.164718799999999277e+00
5.514767700000000161e+00
4.619416600000000095e+00
4.376037799999999756e+00
5.629054299999999955e+00
3.956414800000000120e+00
5.707072900000000892e+00
5.112493399999999966e+00
5.760370700000000177e+00
3.816588400000000103e+00
5.063014299999999857e+00
5.534726999999999286e+00
3.827723000000000209e+00
5.340187399999999585e+00
5.542821199999999671e+00
5.497157500000000141e+00
5.306902500000000522e+00
5.358272000000000368e+00
5.355893700000000202e+00
5.306554000000000215e+00
5.663602299999999978e+00
5.225199099999999319e+00
5.327948999999999380e+00
5.335213900000000287e+00
4.326701500000000422e+00
5.586924299999999732e+00
4.240724900000000019e+00
4.389727999999999852e+00
5.373345800000000061e+00
4.044451800000000041e+00
5.500702000000000425e+00
5.538841400000000803e+00
5.272843499999999572e+00
5.519472600000000284e+00
5.645981199999999589e+00
4.343076599999999843e+00
5.621401600000000442e+00
5.447465599999999242e+00
5.335497599999999174e+00
5.164782399999999996e+00
5.340803199999999862e+00
5.490129699999999779e+00
5.531478599999998913e+00
4.400116800000000161e+00
5.495813899999999919e+00
5.370950200000000230e+00
5.347733999999999988e+00
5.600499100000000396e+00
5.265292299999999592e+00
4.357854699999999859e+00
5.106996400000000769e+00
5.468346599999999391e+00
5.126092400000000993e+00
5.259567099999999051e+00
3.844150099999999792e+00
5.498325000000000351e+00
3.951724000000000014e+00
5.629786799999999758e+00
5.331413400000000635e+00
3.834436499999999803e+00
5.590157300000000440e+00
5.388895599999999675e+00
5.506162899999999638e+00
5.492811399999999900e+00
5.297841499999999648e+00
5.489677900000000221e+00
5.261738200000000809e+00
5.612697900000000573e+00
5.407426499999999692e+00
3.815234999999999932e+00
3.718662000000000134e+00
3.909991900000000076e+00
3.962190300000000054e+00
3.823029500000000080e+00
5.508927500000000421e+00
5.305423600000000128e+00
5.476795500000000594e+00
5.465278099999999917e+00
5.550702200000000808e+00
5.447710700000000017e+00
5.350781500000000079e+00
3.869737999999999900e+00
5.430877699999999919e+00
4.074768299999999677e+00
5.333839599999999237e+00
5.533802500000000180e+00
5.312552499999999789e+00
5.197227999999999959e+00
5.389417599999999808e+00
5.373950900000000530e+00
4.700326300000000401e+00
4.294323900000000194e+00
4.069292100000000190e+00
5.514032499999999892e+00
5.481462600000000407e+00
5.098475200000000207e+00
5.419550400000000323e+00
5.272345900000000363e+00
4.427387699999999704e+00
5.199772599999999301e+00
4.398392000000000301e+00
4.286591800000000063e+00
5.514751200000000075e+00
5.681195500000000287e+00
4.974651799999999291e+00
5.485289700000000046e+00
4.253903799999999791e+00
5.487736599999999854e+00
5.125282999999999589e+00
4.943198100000000039e+00
5.570796900000000385e+00
5.536678599999999228e+00
5.703565700000000405e+00
3.662726600000000943e+00
5.383804600000000384e+00
5.375031700000000079e+00
5.438395900000000616e+00
4.390857200000000127e+00
3.735552199999999878e+00
5.386375900000000883e+00
5.151951400000000625e+00
5.510855599999999299e+00
5.481114900000000567e+00
5.369933699999999810e+00
5.194136099999999701e+00
5.389632700000000831e+00
4.217275599999999791e+00
5.573951100000000380e+00
5.574253700000000755e+00
4.158728899999999840e+00
4.815578499999999984e+00
4.341401599999999306e+00
5.445683299999999782e+00
5.374905799999999623e+00
4.256437799999999605e+00
4.074891100000000321e+00
5.664781900000000370e+00
5.460454000000000363e+00
3.599189400000000205e+00
5.463436499999999363e+00
5.277406000000000041e+00
5.496470999999999663e+00
5.492218299999999331e+00
4.286310400000000520e+00
5.476545800000000241e+00
5.259070900000000215e+00
4.630206499999999892e+00
5.556530900000000273e+00
5.479959400000000258e+00
5.474818299999999915e+00
5.247745899999999963e+00
3.906414199999999948e+00
5.529272100000000023e+00
4.179561500000000152e+00
5.552462000000000231e+00
5.510863999999999763e+00
3.470846499999999057e+00
3.792907899999999888e+00
5.566871500000000417e+00
5.235007600000000316e+00
5.432585099999999834e+00
3.522457899999999142e+00
5.474821900000000241e+00
5.528393599999999353e+00
5.641000799999999593e+00
5.595697200000000038e+00
5.598583200000000204e+00
4.963389799999999852e+00
3.690026700000000215e+00
5.391666200000000408e+00
5.476149900000000237e+00
3.837955000000000005e+00
5.633152400000000171e+00
5.477501499999999801e+00
4.446742500000000042e+00
5.777443500000000398e+00
3.948795800000000078e+00
5.592416400000000287e+00
5.816705500000000306e+00
5.413921900000000065e+00
5.199593000000000131e+00
5.589242099999999880e+00
5.514293999999999585e+00
5.543749199999999711e+00
5.439036699999999946e+00
5.562508700000000417e+00
5.180921900000000413e+00
4.584213200000000654e+00
4.344014700000000673e+00
5.590049900000000349e+00
5.361199899999999907e+00
5.008062899999999651e+00
3.685608000000000217e+00
5.314330200000000559e+00
5.466427999999999621e+00
5.407927199999999601e+00
5.564378800000000069e+00
3.640556899999999985e+00
5.587703799999999887e+00
4.889474099999999268e+00
5.164138300000000292e+00
5.507060900000000814e+00
5.344549500000000286e+00
5.183607099999999690e+00
5.399312000000000111e+00
4.321076099999999975e+00
3.659121799999999869e+00
5.454428300000000007e+00
5.585089099999999362e+00
5.595544300000000248e+00
5.030426599999999304e+00
5.704086700000000398e+00
5.040677999999999770e+00
5.381250200000000206e+00
4.226310500000000303e+00
4.958476700000000292e+00
4.399714999999999598e+00
3.848334100000000202e+00
5.548499299999999579e+00
5.403366499999999739e+00
5.400334400000000201e+00
5.432988700000000115e+00
5.560104800000000402e+00
5.391126599999999769e+00
5.228682599999999070e+00
3.738425400000000121e+00
5.590311900000000556e+00
5.470714300000000030e+00
5.624236699999999978e+00
5.593368400000000129e+00
5.574638799999999783e+00
5.489160199999999712e+00
3.946117600000000003e+00
5.533672700000000333e+00
5.225874000000000130e+00
5.617535299999999232e+00
4.204922700000000013e+00
5.430490100000000098e+00
5.467001899999999637e+00
5.383806200000000430e+00
5.365069899999999947e+00
5.206096999999999753e+00
5.469312500000000021e+00
5.261798299999999706e+00
5.431545800000000312e+00
5.511289900000000408e+00
5.262789700000000792e+00
5.502814200000000433e+00
5.453482900000000910e+00
5.285048899999999605e+00
5.601027499999999826e+00
5.531546499999999256e+00
5.487413500000000610e+00
5.255392700000000694e+00
5.453176100000000304e+00
5.306183900000000619e+00
5.328110999999999819e+00
5.634657900000000552e+00
5.234806800000000315e+00
5.127423199999999959e+00
5.551326099999999819e+00
4.770153400000000765e+00
4.311064299999999960e+00
3.854376999999999942e+00
5.490525800000000345e+00
5.374755400000000627e+00
5.391476100000000216e+00
5.312308100000000088e+00
5.460488599999999693e+00
3.921654100000000032e+00
5.491332700000000067e+00
5.664276700000000275e+00
5.231371499999999841e+00
4.285118700000000835e+00
3.802306499999999811e+00
4.355112400000000328e+00
5.481893799999999040e+00
5.246521999999999686e+00
5.416259400000000390e+00
3.882620800000000205e+00
5.416044000000000302e+00
5.499793599999999394e+00
5.532122400000000439e+00
5.483353599999999162e+00
