phi_12
4.692797761990562755e+00
4.692797761990562755e+00
5.698296749102467196e+00
2.743022864427442364e+00
1.686303327972856980e+00
1.389976970276877166e+00
1.131581454033059542e+00
5.969045756135272107e+00
1.877285828354229968e+00
2.239688122412865745e+00
7.060612667493564309e-01
4.381469618018121182e+00
3.037327202139488591e+00
3.037327202139488591e+00
9.174325784913860415e-01
1.840189316937245634e+00
1.120594674483626069e-01
1.532737352019094779e+00
5.794385696989632351e+00
5.608292135479292284e+00
6.281623286134954576e+00
4.795155159342241902e+00
3.741948512336525368e-01
5.748618776120958174e+00
6.074097534966127476e+00
4.692390228997556534e+00
4.855857359873515300e+00
4.861932205853192634e+00
1.270327497414207141e+00
2.545733145926570185e+00
2.545733145926570185e+00
5.016377385221731267e+00
5.016377385221731267e+00
5.893151748426762815e+00
5.893151748426762815e+00
3.965035683214596762e+00
4.449941642321860513e+00
1.495047060654034032e+00
4.020736401432592366e+00
4.684959932203483390e+00
2.945062159094037124e+00
1.235741422300529191e-01
3.475589477230952795e+00
3.159039718242617756e+00
3.447353100244860080e+00
3.555013414176884989e+00
9.291019855501292390e-01
2.265333114592044339e+00
2.793643183499160632e+00
4.146779908704304241e+00
4.146779908704304241e+00
4.146779908704304241e+00
2.748731826750649088e+00
4.900163617912060232e+00
1.569776815569849271e+00
3.024795853637061605e+00
3.033462458358795466e+00
2.042143509805494972e+00
2.042143509805494972e+00
3.853107554820359049e+00
4.367653074978232297e+00
2.119464801577630286e+00
5.258646859362130499e+00
5.258646859362130499e+00
4.729176067797273397e+00
3.053802207944806391e+00
3.053802207944806391e+00
3.477880657539398346e+00
3.414728232193014357e+00
3.414728232193014357e+00
2.747742786287798999e+00
3.816661385711080712e+00
3.605877076423896987e+00
1.447095549067128006e+00
3.230598485853178659e+00
1.686585591239285975e+00
2.556811660717555501e+00
2.351008255834275751e+00
8.005309806783891258e-01
4.045675663400309374e-01
4.994625100979686039e+00
2.737640845061204864e+00
2.737640845061204864e+00
3.516230584205807030e+00
3.377943353451053010e+00
3.186230043485692165e-01
4.390769005084249055e-01
6.301865216177688911e-01
3.645193115392664218e+00
4.202222394122607341e+00
4.202222394122607341e+00
4.446762313525839616e+00
4.446762313525839616e+00
4.028547118092201451e+00
9.134818906432655705e-01
4.767534316758289314e+00
2.657217449921407404e+00
3.389201625658047057e+00
5.917040644928783788e-01
1.083382084162675563e+00
2.568249861526874067e+00
4.109330304328786099e+00
6.765254432203748891e-02
6.041907584624824246e+00
4.771899690981312503e+00
1.991950240854235998e+00
2.949422264555847217e+00
1.529177714832219204e+00
2.605616172399416453e+00
2.807150281188741658e+00
1.271300941041674237e+00
1.271300941041674237e+00
1.271300941041674237e+00
1.271300941041674237e+00
1.950804368873285677e+00
5.844159398476461043e+00
5.797031505150526343e+00
3.610200039171018283e+00
6.052497856559644340e+00
6.052497856559644340e+00
3.486832145792611914e+00
3.961099260527633614e+00
3.961099260527633614e+00
4.285477240899523643e+00
1.580160811215207683e+00
1.580160811215207683e+00
5.554101378787336785e+00
3.967933072646923964e+00
6.025164101998683464e+00
6.025164101998683464e+00
3.097932317407253500e+00
1.180560717235134942e-02
3.890133396326140858e+00
5.235904030719969349e+00
2.596328342801682343e+00
5.787512008444239520e+00
1.905550831828780822e+00
4.196112708181118478e+00
4.394956248305678659e-01
5.094510967542801305e-01
1.005041110660261472e+00
3.370423034940172702e+00
6.043602731995409982e+00
1.920346193234648835e+00
3.096157748633541207e+00
4.139597461478956575e+00
6.590599389085565196e-01
4.515840553118703582e+00
1.788815397448070721e+00
6.238339418784653034e+00
3.396582792148146179e+00
1.023011809269992689e+00
1.023011809269992689e+00
5.857648945330414136e+00
3.678375503010172132e+00
1.656077727748483719e+00
6.279485256300148421e+00
4.645976729860779898e-03
4.645976729860779898e-03
1.168749210499957947e+00
2.131450476752215994e+00
2.131450476752215994e+00
3.789634802345049458e+00
3.789634802345049458e+00
3.148816998138124212e-01
3.148816998138124212e-01
3.002318092582190734e-01
6.208559711386761215e+00
6.208559711386761215e+00
5.368879801281164710e+00
4.438073200436774002e+00
5.807498112721443562e+00
3.827910394033131158e+00
3.122970274703067872e+00
4.862692781597736769e+00
5.465593107259843819e+00
3.775502576954353540e+00
3.420127930785256343e+00
3.420127930785256343e+00
1.237870933005977697e-01
1.903101849704699200e+00
2.056615043843130763e+00
3.786080655549604934e+00
8.958874811337311783e-01
4.152503531286873439e+00
5.010046669295006971e+00
6.221895787125162336e-01
3.545478790450055318e+00
5.116090119124193869e+00
8.827575986520121987e-01
5.839144583175225556e+00
2.964714866150133687e+00
2.964714866150133687e+00
1.389553714840413789e+00
4.519205392534967558e+00
2.838578456277262241e+00
2.838578456277262241e+00
4.712990166854741148e+00
4.712990166854741148e+00
5.194586528661886859e+00
4.997488578362938583e+00
5.302521844199095113e+00
5.302521844199095113e+00
5.056713884330001463e+00
3.351122896100280357e+00
3.068586201821973614e+00
2.653749601123493118e+00
2.653749601123493118e+00
6.287612161362841068e-01
4.691944493744065525e+00
2.907796504153187911e+00
5.329785622987235350e+00
4.492787864519462993e+00
5.738107055567593484e+00
4.414884103396664372e+00
6.054288618892631479e-01
5.846253042069992745e+00
1.148506641491731539e+00
5.404129047462994606e+00
2.534955717973003120e-01
5.251502862649662262e+00
3.476058005720750188e+00
2.657082278063692127e-01
3.077025794616099041e+00
5.226916295524485889e+00
5.634464298119230996e+00
5.634464298119230996e+00
4.319735885379736295e+00
7.903907621953084606e-01
6.206902596668980365e+00
6.051005057099758666e-01
1.453394741354076203e+00
5.788100269895441130e+00
5.788100269895441130e+00
1.976408168554184330e+00
1.497899280328279570e+00
1.497899280328279570e+00
1.122152902534130803e+00
1.146126531356675970e+00
4.774871192216111560e+00
5.828514835796883453e+00
5.794013853894604438e+00
3.427590908720465013e+00
3.775847423282822302e+00
4.535118101790978073e+00
4.488045726152407155e+00
4.488045726152407155e+00
6.267222087205206904e+00
5.381798704076600437e+00
4.493057101143684839e-01
3.841614330926818255e+00
1.922589513508940806e+00
4.583813369498785484e+00
3.462051925098798222e+00
4.328007789837153396e+00
3.923746281589855389e+00
3.591667870657014205e+00
3.397835191606474403e+00
4.953386271066056779e+00
4.873650152630444765e+00
4.873650152630444765e+00
1.011206873689519892e+00
7.021260833764588760e-01
5.525984064744728919e+00
6.022449958917249546e+00
6.022449958917249546e+00
4.242667579840360581e+00
5.875846370357519000e+00
4.782119892329463884e-01
2.573790774252216806e+00
1.708602652516978848e+00
3.870678345430675904e-01
1.282910832349720476e+00
5.326382285067014166e+00
5.345964608962951559e+00
5.345964608962951559e+00
4.299369805419260615e+00
4.299369805419260615e+00
4.011288318849292267e+00
3.358861542488812191e+00
5.786012465226924029e-01
3.310492232223132714e+00
2.677112739529913021e+00
2.048476429664087828e+00
4.466039595507364623e+00
1.062386540729087114e+00
5.872744906915643881e+00
2.381713881807071775e+00
5.486159804351165015e-01
5.486159804351165015e-01
2.101587269849619410e+00
1.061514162725101906e+00
4.095997662126388938e+00
1.060197469616062094e+00
5.022295548317911695e+00
7.796621119428978064e-01
3.937363859850302461e+00
2.744896034538646390e+00
2.744896034538646390e+00
3.757010674879703860e+00
3.081157636459293414e+00
5.572102379652100090e+00
1.744335797456431081e+00
1.744335797456431081e+00
5.741514819315565177e-01
5.337100182955339278e+00
5.304257610316824412e+00
6.233289478291243135e+00
3.084621800531694991e+00
2.614510764771320606e+00
2.805161031426121721e+00
3.338657899226768588e+00
3.881409456844255867e+00
4.331245403078709089e+00
5.218684788685007625e+00
5.144406285673337464e+00
2.778413505191672517e-01
5.429984821974972675e+00
2.464080258047314231e+00
5.931784776655652180e+00
2.075485493440023532e-01
6.459607424358093652e-02
2.892541158066020301e+00
5.077023990541509768e+00
5.077023990541509768e+00
4.752421800319064360e+00
4.752421800319064360e+00
5.239705242807748853e+00
1.021901359422308309e+00
3.825594108476564781e+00
5.395252637142396779e+00
1.106942417414197521e+00
2.597387497572508863e+00
2.597387497572508863e+00
1.363729823936709940e+00
4.115849242540753572e+00
2.690838770800954904e+00
5.135474293902089649e+00
4.719944058646682095e+00
1.199317735399392237e-01
1.199317735399392237e-01
5.354016336320059466e+00
3.746602699081511112e+00
5.348918543830383676e+00
4.743476541621772569e+00
1.262444652233496001e+00
6.142905264768688811e-02
5.870100710214502193e+00
2.531435769804210700e+00
2.531435769804210700e+00
1.852832127616461211e+00
5.116293898213684521e+00
3.631106024644625396e+00
1.847070879430825263e+00
4.340008776566807391e+00
9.623270465623989800e-02
8.363520567261257810e-01
7.319812013394675354e-01
7.319812013394675354e-01
1.285210868952933572e+00
4.322165021066740387e+00
6.466727329166888083e-01
4.261987408318541171e+00
5.098908243474009616e+00
1.104233524464309113e+00
4.228034096887691717e+00
1.218063884795312690e+00
3.291991353811853482e+00
1.262508458008379852e+00
1.148588383770664745e+00
8.288798325753593543e-01
6.247708935243009520e+00
1.552258862654684712e+00
3.379650408981900611e+00
4.081095198863823881e-01
4.081095198863823881e-01
4.081095198863823881e-01
2.477088174753885041e-01
3.950465445719320901e+00
3.788712425014625573e+00
3.788712425014625573e+00
5.892094334509000220e+00
5.533907196426872233e+00
3.254792779956809490e+00
2.623695219365802522e+00
2.890392633725178850e+00
9.860106443738584359e-01
3.037830309832456610e+00
3.037830309832456610e+00
3.037830309832456610e+00
3.471779450477858742e-01
9.853753241921343609e-01
5.716765765504718821e+00
1.250393838214382214e+00
3.979970771859368650e+00
4.350663376580909514e+00
4.530656541674806803e-01
4.530656541674806803e-01
7.988062397972638395e-01
6.348835574335252030e-01
2.472707272038813464e+00
3.835533108260040791e+00
2.602142907521796111e+00
2.605513740592356076e+00
3.448627914168274078e+00
3.448627914168274078e+00
6.003044169044756906e+00
5.774338612460068632e+00
3.195768010824113770e-01
3.195768010824113770e-01
2.439524048475654461e-01
2.439524048475654461e-01
4.659042580490920571e+00
3.762513933237542574e+00
1.318779374035385921e-01
1.318779374035385921e-01
1.318779374035385921e-01
4.543960431496239849e+00
4.983153732863428331e+00
6.201223328514532618e+00
2.961752854950754354e+00
4.807800399948761516e+00
4.807800399948761516e+00
2.655615941355072174e+00
2.112163277242615766e+00
1.202794984308150461e+00
1.630891214911419362e-01
2.808589080158551798e+00
2.236090273697970865e+00
1.432361028407876269e+00
4.320381966555537190e+00
1.869667329796165678e+00
1.105503240188411951e+00
2.057549019195411777e+00
2.057549019195411777e+00
3.775290112326344705e+00
5.457452304106528373e+00
4.242657116733482781e+00
4.242657116733482781e+00
4.242657116733482781e+00
1.615629590799198434e+00
1.615629590799198434e+00
3.539499397343411236e+00
2.175001721058484883e+00
4.621203215386160856e+00
4.621203215386160856e+00
1.936611044617019550e-01
3.540111156758320110e+00
1.970806005775287639e+00
2.134440564748775415e+00
8.320032866922213444e-01
4.378981932451177173e+00
4.378981932451177173e+00
2.124524319611908130e+00
5.480563007798887831e+00
4.426139725642053158e+00
1.486775252350525989e+00
1.431088115522868298e+00
7.707042378884523259e-01
2.555870427436184755e+00
1.406919738068143522e+00
3.030777637778344857e+00
5.870227645713512743e+00
3.347847513632698835e+00
2.608986015858756780e+00
1.385057607437808702e+00
1.248021564706734310e+00
2.332699248311767448e+00
4.090749386069297167e+00
2.009069261485709745e+00
2.408431766705732890e+00
2.434637975689904810e+00
1.266570966411530108e+00
4.333609713437382993e+00
4.030981872111572883e+00
2.547073897367222894e+00
2.547073897367222894e+00
1.205208212467384410e+00
1.862247979361784322e+00
2.506602228532464949e+00
3.374583972750688776e+00
4.348376763502620257e+00
4.751970453667472505e+00
5.805820683056412079e+00
1.227476946351018228e-01
2.590080110260919888e+00
3.358396095217383692e+00
4.429908319527276817e+00
5.980761972888683609e+00
1.567836613901867571e+00
1.567836613901867571e+00
5.529325602776193449e+00
5.529325602776193449e+00
5.288018167237718004e+00
5.905263134356752985e+00
5.559352292838201315e+00
3.504338784437560417e+00
2.616269195913129675e+00
5.631457202759619918e+00
3.931645405401764659e+00
3.931645405401764659e+00
3.931645405401764659e+00
3.177074582069274733e+00
4.306871875541680161e-01
2.757645725665515801e+00
9.088177283533049877e-01
3.218690993331317696e+00
5.549174189921280309e+00
3.287896616486950307e+00
1.295619375403312068e+00
2.649871911318988360e-01
5.014898031530028888e+00
3.115818034304767004e+00
3.115818034304767004e+00
1.592135539634526697e+00
3.789704703822338594e+00
1.450443206972650056e+00
1.450443206972650056e+00
5.585350626775914762e+00
5.585350626775914762e+00
1.425533893977844357e+00
4.645178332070500460e+00
5.555179658896875594e+00
4.066014415461961740e+00
2.038737450837744714e+00
2.038737450837744714e+00
4.453091072851600885e+00
7.370093380380822179e-01
7.370093380380822179e-01
3.924333089090379367e+00
4.896298464921537530e+00
2.509612725122635002e+00
3.135372197379284298e+00
1.936206496364762053e+00
5.995091957713241548e+00
1.784487566216881094e+00
4.112067639894453563e+00
4.112067639894453563e+00
1.072220082728043700e+00
3.315019576531864409e+00
6.155999416714148964e+00
4.953129629297093217e+00
4.897363627584176982e+00
4.979280188714545474e+00
8.328024282202541873e-01
1.387633541676371651e+00
5.252324208494314028e+00
1.398964433588382406e+00
5.832027643112091653e+00
5.832027643112091653e+00
2.031008294830781491e+00
4.657261216440759632e+00
4.524682629041599569e+00
4.513838612864584654e+00
2.979890057430975236e+00
1.946076941706106345e+00
1.946076941706106345e+00
5.283252142751952540e+00
2.110275354136418979e+00
1.341147877003769473e+00
4.160605644662491720e+00
5.006297489947964863e+00
4.201591361955918202e+00
4.280040618651526074e+00
5.305036949883035646e+00
1.590847370638669211e+00
4.724395985216948368e+00
2.477695842075263499e+00
4.087504928796176884e+00
6.053173536642898478e-01
4.776122434280893891e+00
4.776122434280893891e+00
2.381683472393115508e+00
9.091341589152251990e-01
3.102375330260015218e+00
4.230239087178380153e-01
3.856962350119701455e+00
6.240634089200903567e+00
1.576969892543975682e+00
4.907669241870165067e+00
5.394939485819001845e+00
5.394939485819001845e+00
2.724153784241051035e+00
2.724153784241051035e+00
1.125168764619430606e+00
6.155925192899061038e+00
4.171627352131460853e+00
4.171627352131460853e+00
3.777995974282007285e+00
5.341859514406676723e+00
3.271573558966033080e+00
4.995495339573191029e-01
3.647809322373379848e-01
1.402942198223881221e+00
1.642322711140309810e+00
3.459607621192565041e+00
3.444992194110626293e+00
1.175898556307658271e+00
1.332892240198808365e+00
2.586580663986621786e+00
2.586580663986621786e+00
1.036616250709919917e+00
1.036616250709919917e+00
1.244534999548962073e+00
7.141896070336979374e-01
4.349078441790620531e+00
2.998417163360141746e+00
2.998417163360141746e+00
5.400146494700428512e+00
5.690102919812127347e+00
2.596643540139148776e+00
1.395059660135365309e+00
4.596591019680528412e+00
5.517895738402768480e+00
2.592894202204603094e+00
4.312088329933844832e+00
5.592419489172520741e+00
3.002698668275968874e+00
3.002698668275968874e+00
3.835576721377623954e+00
6.097095269503818749e+00
6.097095269503818749e+00
4.165870238670812964e-01
2.970654525546128077e+00
4.975488362516637508e+00
4.975488362516637508e+00
1.471931159599971783e+00
5.023364594683985551e+00
5.923033804825739601e+00
6.144713294482947674e+00
6.144713294482947674e+00
6.144713294482947674e+00
5.880136979317375889e+00
4.184380578319876420e+00
1.531532200087351914e+00
1.531532200087351914e+00
5.660861123937637629e+00
2.775558665414779025e+00
3.789250017965009487e+00
3.122842510824709539e+00
3.257135154200640592e+00
3.257135154200640592e+00
2.899726356089498580e+00
4.875482684311485571e+00
1.338256548364108900e+00
3.661030772740388795e+00
1.172490310205908770e+00
3.161186688530440936e+00
3.652562332290790525e+00
4.155975568519795438e+00
2.289821271026056593e+00
4.859349195531583732e-01
3.573597117622100416e-01
9.303968172166210415e-01
9.303968172166210415e-01
4.650425547581836128e+00
5.631356062345377111e+00
7.827870971155578284e-01
3.367483125361868002e+00
3.123217437726947932e+00
4.529193165371368401e+00
3.408279956995999171e+00
2.389431069316316769e+00
3.402990490290825676e+00
2.648924709124940602e+00
2.232394713117910712e+00
4.220861551609103479e+00
1.364878415263812705e+00
1.364878415263812705e+00
2.913054660773691240e-01
2.915915397610462811e+00
2.494086109057005007e+00
5.613113782770006582e-02
6.103046682790330912e+00
5.250753150670846026e+00
4.258025801653172238e+00
1.666376396659343673e+00
1.666376396659343673e+00
2.006842872377221809e+00
2.747004571860692135e+00
1.161507093773517241e+00
3.277392097000106919e-01
1.089851536946315091e+00
3.190929095760559164e+00
3.025566693522472761e+00
3.025566693522472761e+00
4.855068947863028228e+00
1.499323824772851310e+00
6.120617495292606236e-01
5.415362729322155566e+00
5.456586079669568434e+00
5.657381422811662119e+00
1.570373233098880439e+00
5.115687208536972008e+00
4.560658805832350282e+00
1.795404615246823710e+00
6.200911685219650415e+00
5.126154029092380604e+00
5.126154029092380604e+00
6.892615702015136847e-02
7.783565463249146887e-01
7.783565463249146887e-01
5.698236463027991583e+00
2.832345607929699138e+00
2.832345607929699138e+00
1.585408993358519592e+00
4.356013702072983662e+00
5.163796660811192929e-01
3.380041594671872929e+00
5.347076210278171260e+00
4.639709534797086476e+00
7.339033851264830099e-01
3.176646957829850848e+00
1.302103658704450106e+00
5.466357011216797623e+00
1.400670835320129815e+00
5.806557628420491390e+00
9.776384398334323489e-01
6.268532543683699387e+00
3.699954023463115860e+00
1.051817226849226294e+00
4.091329261092548464e+00
4.091329261092548464e+00
3.139979628404621970e+00
3.474474684124814750e-01
4.566455402005016317e+00
3.407525709206281395e+00
3.407525709206281395e+00
2.288052907866778174e+00
4.293661463391909905e+00
4.293661463391909905e+00
5.208710630523804674e+00
6.685497851732635777e-01
1.915309414436111579e+00
1.878138872481284416e+00
1.607416426325116277e+00
3.277914268211205240e+00
3.185051925970721065e+00
2.582694846960734036e+00
2.582694846960734036e+00
6.085949979416281685e+00
3.938017270529395319e-02
1.985282463670676067e+00
1.676351443497925864e+00
5.985605618512944481e+00
4.226414932295245563e+00
4.944344861548849224e+00
3.130023813960028711e+00
5.375816161239404423e+00
2.307550991819156128e+00
5.931366496119857779e+00
5.931366496119857779e+00
7.199753204962862085e-01
6.018462826656792330e+00
6.018462826656792330e+00
6.177398735841320487e+00
3.099162060493006798e+00
5.467816474099205237e+00
4.101922526360713306e+00
1.813898411839251157e+00
4.717395472286479041e+00
1.785726463866623426e-01
2.928994366988471043e-01
9.283063826140314223e-01
2.116027045506648108e+00
1.704530657644570901e+00
5.465098821974669896e+00
3.063726586971758703e+00
2.386876727336993298e+00
1.496778352259985567e+00
5.411833805560203103e+00
4.643899307211992067e+00
5.282368242762172983e+00
2.374075033585627104e+00
4.933874062679914019e+00
3.703229037737780782e+00
3.653115656222161611e+00
1.829554808408421662e+00
1.209112779336694476e+00
5.792872721413006687e+00
5.952278670759977963e+00
6.202266847683368667e+00
6.202266847683368667e+00
3.629374756939066415e+00
3.629374756939066415e+00
3.629374756939066415e+00
2.632766637336395821e+00
3.113239687233231301e+00
1.341407834962386580e+00
4.484645339195584057e+00
5.166946831045422073e+00
1.249373771123932997e+00
4.859815796303800006e+00
2.877742462775795484e+00
3.509739014671731105e+00
2.819083143506751821e+00
9.501685261465842025e-01
4.881651982197681150e+00
5.223908714316593205e+00
5.223908714316593205e+00
5.469625798451399845e+00
2.707674880786497429e+00
1.371005070769102607e+00
1.732996455115167089e+00
5.619849168992840482e+00
1.774664988832865831e-01
1.720929596064972422e+00
5.469372139265859190e+00
8.974303047210457907e-01
7.612663391808549562e-02
1.521622385472032546e+00
3.600605628112480971e+00
2.594420468072903940e+00
4.157025775719816352e+00
4.973097244771294889e+00
4.973097244771294889e+00
4.973097244771294889e+00
2.615317149893817472e+00
6.251738173045485070e+00
3.668002141528445392e+00
4.610141159497659125e+00
4.664673124338892585e+00
4.664673124338892585e+00
5.734880611495119851e+00
3.724729191981159815e+00
2.852050221628916749e+00
5.126626730194487891e+00
1.802036157374812042e+00
2.716839190464449327e+00
2.716839190464449327e+00
5.242278674205772759e+00
6.857930985375180200e-01
1.760078986542001234e+00
1.209531875032542336e+00
5.164827849177648922e-01
3.329914095914188632e+00
2.866477151177158511e+00
4.931968919410015140e+00
4.378841650411416708e+00
9.561113849472752113e-01
4.763589670681409594e+00
9.993846468142385531e-01
1.522757810387427524e+00
1.522757810387427524e+00
8.391254342695584345e-01
6.068012703568055777e+00
5.634396140694089894e+00
4.029051574808024228e+00
6.143069284030006072e-01
4.444892840735263917e+00
3.896132460047899926e+00
3.896132460047899926e+00
4.458108410856704396e+00
2.791085894500803910e+00
3.739452421453484110e+00
5.162172276975817375e+00
1.658357626805961216e+00
2.974234910268496623e+00
4.583035740781236989e+00
3.407267029945844072e+00
2.965866598651470731e+00
2.965866598651470731e+00
5.579363443790741783e+00
1.731566155046889266e+00
2.016775083681413783e+00
1.371696524484971036e+00
5.512486086019481313e+00
3.737270997005145645e+00
3.825143616426647242e+00
1.588854025824550931e+00
2.394486259788036087e+00
3.696660540964073594e+00
2.791421370159881121e-01
3.504262042105960706e+00
4.059138433057225548e+00
2.871265441432942822e+00
2.662905211388952864e+00
2.662905211388952864e+00
3.808202821609647959e+00
2.207588692582730161e+00
5.946434537161627176e+00
4.593415567396100796e-01
4.244339029694701004e+00
5.195858768147818552e+00
1.921177654250025624e+00
1.542378038525096917e+00
4.419824918761737109e+00
5.864264025270403913e+00
3.315486507620823531e+00
1.853806377806729522e+00
4.921945251522860332e+00
2.986737810983213670e+00
4.182150141193093695e+00
4.960036934272519238e-01
4.740971225407272449e+00
2.426724254749595744e+00
4.074477179252115278e+00
4.074477179252115278e+00
4.074477179252115278e+00
9.694704021796808346e-01
9.694704021796808346e-01
9.694704021796808346e-01
3.877349251368066518e+00
3.877349251368066518e+00
2.258445388689813704e+00
5.355418149073403633e+00
3.611778376452935202e+00
4.345378246025770608e+00
3.715459712933517622e+00
6.266782515726933234e+00
6.266782515726933234e+00
1.180323271705274735e+00
5.672985982799116922e-01
2.448516349139610249e+00
4.335910249779225012e+00
4.335910249779225012e+00
1.327818574976622257e+00
5.193987744364369163e+00
1.586335478807842758e+00
3.202073049951303929e-02
5.369457912624052476e+00
5.369457912624052476e+00
2.122762877142431837e+00
4.451358146537041982e+00
6.022928289445166783e+00
3.091141675139678080e-01
1.020456699368448072e+00
1.020456699368448072e+00
3.383777611613347780e+00
3.884823144718568155e+00
2.331375972921863049e+00
3.886292903430971890e+00
3.886292903430971890e+00
5.962820647332372381e+00
1.505730324234591411e+00
3.170346441303398599e+00
5.656257490261081822e-01
4.243817059637916778e+00
5.107117426876653710e+00
1.535606715681983703e+00
9.177143506076338442e-01
9.177143506076338442e-01
7.625836529687578524e-01
3.015456777385207010e-01
5.179591596003301213e+00
3.300324212893686493e+00
1.498232068364683700e+00
2.387563875350493081e+00
3.254936565935929504e+00
3.254936565935929504e+00
2.383601040977914476e+00
4.701626266898376372e+00
2.488682642458992067e+00
2.488682642458992067e+00
1.310969304403791114e+00
5.705404376294760382e+00
4.371006084684224469e+00
4.671617070705395669e+00
4.671617070705395669e+00
5.147496320162039396e+00
6.309925667189285603e-01
1.297306062397399984e+00
1.297306062397399984e+00
5.142048649056634169e-01
5.608340507412377995e+00
3.892656327711327080e+00
5.138231250315849152e+00
5.402398303092820875e+00
5.623412233513176872e+00
5.567521156795370713e-03
5.819005730263731024e+00
5.918553863717161967e+00
2.943851018502698924e-01
2.395558538705592433e+00
3.260238103093072159e-01
2.585139173462828399e+00
1.603381442471423668e+00
1.764641416240058103e+00
1.764641416240058103e+00
3.449905125623134783e+00
5.042985229958516058e+00
6.196763767656136679e+00
1.102574618910684645e+00
4.839780353384443679e+00
3.389764055333055914e+00
4.160827883747264089e+00
4.160827883747264089e+00
9.259805127487408249e-01
1.763217948539389957e+00
1.356356449083798044e+00
3.206309695757552980e+00
4.576429903732538662e+00
1.887523310472598359e+00
8.059591847010787458e-01
9.157622300111644131e-01
2.735834795739500169e+00
2.735834795739500169e+00
6.604125449638212908e-01
6.604125449638212908e-01
2.258228996468061578e-01
4.341262936296164554e+00
4.341262936296164554e+00
5.621267175977835429e+00
5.621267175977835429e+00
6.153369575571220551e+00
5.927631089409851839e+00
5.714666928835583803e+00
2.124479809334062441e+00
5.687959598096424152e+00
5.687959598096424152e+00
3.389442332400606883e+00
3.389442332400606883e+00
3.389442332400606883e+00
6.126068673644720075e-01
6.126068673644720075e-01
3.953996370683272144e+00
3.953996370683272144e+00
1.521930628019408482e+00
3.029107044209576660e+00
3.029107044209576660e+00
5.056214577118248954e+00
4.666943196735465094e+00
4.666943196735465094e+00
4.666943196735465094e+00
3.215761579655706193e+00
3.215761579655706193e+00
1.299685803867278167e-01
1.523214683162444461e+00
2.695698097613858035e+00
2.695698097613858035e+00
4.190729864509561864e+00
2.226201509451078753e+00
3.049715349660448105e+00
2.799450120949456000e+00
4.737293684574048314e+00
4.737293684574048314e+00
4.737293684574048314e+00
1.669845350509520099e+00
3.727525251294280917e+00
2.756457604028983877e+00
3.463800364011182076e+00
3.065086114083987123e+00
5.844983886473990253e+00
3.616432594850870763e-01
4.146857086798982017e+00
3.657235330890471037e+00
4.115930781252692405e+00
4.393065794345820230e+00
2.646641720856783841e+00
2.646641720856783841e+00
2.927903971546271134e+00
2.376592875621867496e+00
4.335837391246678330e+00
2.844260511230968902e+00
1.472511746340309458e+00
4.473573650830961590e+00
2.681381993712114387e+00
4.330877630588346072e+00
9.156024184511135644e-02
9.156024184511135644e-02
2.629844257221725545e+00
1.563612744159108336e+00
1.302419829362800208e+00
5.515773288794500573e+00
1.537852653425678895e+00
1.061434009207954610e+00
4.902127229794444929e+00
1.673455775708557303e+00
8.624987823126382125e-01
9.208978778262252307e-01
3.496952792100999741e+00
8.713136125166377477e-01
5.985633951438948941e+00
2.061107145627762538e+00
2.061107145627762538e+00
2.061107145627762538e+00
4.208392801554608376e+00
4.208392801554608376e+00
2.144166832015756086e+00
1.905558933470300698e+00
5.264571675908585213e+00
1.864722635805904805e+00
3.040486616689344057e-01
1.820719857975792833e+00
2.519761486261133054e+00
4.132950483338921899e+00
1.774828642847634086e+00
5.804168187359748821e+00
5.215590725064156885e+00
2.254836662090655253e+00
5.261887350353352311e+00
2.921306890378081000e+00
4.828697193718189951e+00
4.828697193718189951e+00
4.828697193718189951e+00
2.734873251824852414e+00
1.766520142468825938e+00
1.012943360223380607e+00
3.309819539824920387e+00
3.309819539824920387e+00
5.250423136645762767e+00
2.911439203756116090e+00
2.453799984116015853e+00
3.715137947447632705e+00
3.410219676388997812e+00
5.920097086801576758e+00
3.455569668188033017e+00
2.292829872877006459e+00
3.276645490639061631e+00
3.276645490639061631e+00
1.829416292391162102e+00
5.358199918021377961e+00
1.893376848477577923e+00
3.245600437673863414e+00
3.245600437673863414e+00
4.156592683152630308e+00
5.884242874075822805e+00
5.884242874075822805e+00
1.094945232394616413e-01
4.099240681195723823e+00
4.099240681195723823e+00
5.907476730330640358e+00
5.097550468734423745e+00
1.132451671899937118e+00
4.673998156529393988e+00
4.673998156529393988e+00
3.487183288941500869e+00
4.604285942323513403e+00
4.604285942323513403e+00
4.888178499545228206e-01
3.432688947236592902e+00
2.307743092168628607e+00
2.307743092168628607e+00
3.381633899933427223e-01
4.041028880071549700e+00
5.992583074497218831e+00
8.430453438316471981e-01
5.926606064725559619e+00
7.241997898086226515e-01
1.443093866226143662e+00
2.876149438709464601e+00
4.536259033272446395e+00
9.272853405626956258e-01
5.034722778847728009e+00
3.780610051621176027e+00
5.009970584406441496e+00
2.828951252349630074e+00
3.262371003372976030e+00
4.310002236767820349e+00
4.310002236767820349e+00
1.817293059723344095e+00
2.952897947397980172e+00
4.098717684657399829e+00
3.785632854508600875e+00
1.070976716427725212e-01
1.070976716427725212e-01
5.604295218130333822e+00
5.604295218130333822e+00
2.476128835643647275e+00
1.248076233084129960e-01
5.745119383992259188e+00
3.213718236832546538e+00
5.327325243028075086e+00
4.312931585417902447e+00
5.991591761139105188e+00
3.931412835049223897e+00
4.414832665017928370e+00
1.759460846631615061e+00
3.025423769013663833e+00
3.025423769013663833e+00
1.886476752033644733e+00
3.061664042196410751e+00
5.683292951952048533e+00
4.858716316525420353e+00
8.954579263041098081e-01
5.295013216929535638e+00
4.413003336177177438e+00
2.444002462600516346e+00
2.798897969715662182e+00
2.798897969715662182e+00
3.118512086780218517e+00
2.425876437381525363e+00
1.641681527283218811e+00
7.598043770674500763e-02
7.598043770674500763e-02
4.023764464335829238e+00
3.649230020473758440e+00
2.663823012562554382e+00
4.333331723787400946e+00
4.333331723787400946e+00
3.891969789316577444e+00
5.848436938995160261e+00
5.848436938995160261e+00
3.639925986403759861e+00
1.562529681202956766e+00
2.859657492077565699e+00
4.215950149589697826e-02
5.155032895543300242e+00
3.140110276360335018e+00
3.966992751671237549e+00
5.249939974093758011e+00
4.222547308917409481e+00
4.921258073273317990e-01
1.854523062611020734e+00
3.668761343662545471e-01
4.268457132189447556e+00
1.842147789677111902e+00
1.028569584163887551e+00
5.197467117102175571e+00
2.314460395678236970e-01
1.783623529936017915e+00
8.028692035233160329e-01
1.646638564570819252e+00
3.478250627498369330e+00
5.276793843268002604e+00
4.918941267865650224e-01
4.918941267865650224e-01
3.323846200156020281e+00
3.323846200156020281e+00
5.409374251318144644e+00
2.049341498435890419e+00
4.134255995363949054e+00
3.575377024582064855e+00
4.637404768710503333e+00
5.026996202720638074e+00
3.907653828634345405e+00
1.591747898082614743e+00
2.116765207617158140e+00
2.524522327977334779e+00
5.019449567077143293e+00
5.546816309494099428e+00
1.304520501477995031e+00
3.475359227431698450e+00
3.139974166360863794e+00
6.268536683344132499e+00
6.053728632080052741e+00
6.053728632080052741e+00
2.941597388642112954e+00
4.129216779240805213e-01
4.652080955550671248e+00
1.409753401709820775e+00
3.556450115957263236e+00
3.556450115957263236e+00
5.430322443938417010e+00
1.911815392292844029e+00
3.387528894590784656e+00
3.387528894590784656e+00
5.704181780137414393e+00
4.843148419478419342e+00
3.791248747947551401e+00
3.791248747947551401e+00
4.567350227483392366e+00
4.657121032505938119e-01
2.284348922987440744e+00
4.794535510808090706e+00
1.417674999619196186e+00
1.521540306848431889e+00
1.521540306848431889e+00
5.239843046206932087e+00
1.939443498553089951e+00
1.689484001319693451e+00
6.813425935911711084e-01
4.575229678203902139e+00
5.583156327571407118e+00
2.661898208810868027e+00
4.992786233005959140e-01
3.775262396723728653e+00
2.070649169588055116e+00
8.593608340516333266e-01
8.604419246583614456e-01
1.934990782440297652e+00
5.119381452703345659e+00
5.619070821458199028e+00
2.529844248094645032e+00
1.602113789864100468e+00
1.419304418194281547e-01
1.419304418194281547e-01
6.575152676089703052e-02
4.156954932552081594e+00
4.938323147512586053e-01
6.012855122749607872e+00
1.543967340033654434e+00
4.486423869904604622e+00
4.486423869904604622e+00
4.486423869904604622e+00
5.120160345536371338e+00
2.723395818129837664e+00
4.868394275297009521e+00
3.304381796721293618e+00
1.071450463010896081e+00
3.521162638745473306e+00
2.397463818365800581e+00
2.397463818365800581e+00
3.978138752288289393e+00
3.978138752288289393e+00
9.392956470597726426e-01
3.348151556639451520e+00
2.948539956861460087e+00
2.948539956861460087e+00
5.324598223313326883e+00
1.001491426632570431e-01
2.950533801639585008e+00
4.327048764805711656e+00
4.327048764805711656e+00
4.188755026576308715e+00
5.190748241316004652e+00
6.110979779726593897e+00
3.330242390232980298e-01
3.330242390232980298e-01
9.380025204648712034e-01
1.382717123813206328e+00
4.877590394441287280e+00
3.072114144361484112e+00
2.376658466137200887e-01
3.737962438052591096e+00
4.422067131632203107e+00
3.273520357747392584e+00
5.795247874570655711e+00
8.149729516181245526e-01
5.562402869781716497e+00
3.200690988418792848e+00
2.947670679152520901e-01
2.947670679152520901e-01
7.444126858375912370e-01
3.076297767275612660e+00
4.333917703646798181e+00
2.193222930369705725e+00
1.204492147358162235e+00
5.459115210474753788e+00
2.477607444765802303e+00
2.477607444765802303e+00
4.567151757809921442e+00
4.567151757809921442e+00
3.940357419433487163e+00
5.802767743290000446e-01
3.299042624937804646e+00
3.299042624937804646e+00
1.892254225528109179e+00
1.096023471381655678e+00
8.477561033989049477e-01
3.418279036352159128e+00
1.541562718993199355e-01
2.985104302888679229e+00
4.531733618023920052e+00
4.091004601605047419e+00
2.852224145612806350e+00
2.852224145612806350e+00
6.266493413159443193e+00
6.266493413159443193e+00
7.395212552947002527e-01
2.658744281044268298e+00
7.626162472265104464e-01
4.902964264048148557e-02
4.529486896257711948e+00
2.844759273353980600e+00
1.916187656088368829e+00
4.460285575545902326e+00
5.785347401041651239e+00
4.977518253777788004e+00
4.977518253777788004e+00
5.978486572056992188e+00
5.978486572056992188e+00
5.513038031782297566e+00
5.284240381767833838e+00
3.109183199239397677e+00
2.308146262449899844e+00
1.139335975338835460e-01
1.139335975338835460e-01
1.139335975338835460e-01
2.541676118061627410e+00
2.099441800973649297e+00
1.701271414331870346e+00
1.409702887360408718e+00
4.901883087067660405e+00
3.074321385836289000e+00
1.243730476285191955e+00
1.243730476285191955e+00
5.304638004082918440e-02
5.304638004082918440e-02
2.856837657931018182e+00
2.045814145179271903e-01
3.209591696785491166e+00
3.209591696785491166e+00
3.145394516868565749e+00
3.483194241630445998e+00
2.517912441548844082e+00
2.431073930453381493e+00
4.836523719859013859e-01
2.626166892352799209e-02
3.097845470609548180e+00
2.548794988596907451e-01
2.384221938235692839e+00
5.221572418058165965e+00
6.008735782351103616e+00
3.330917353401135816e+00
5.215150332262108002e+00
5.215150332262108002e+00
3.625351509998452126e+00
1.427870097734635246e+00
3.322070562645176306e+00
5.019166399185595040e+00
2.584632688291375491e+00
1.493278165021728610e+00
2.598457442331013612e-01
5.822112967793691141e-01
5.822112967793691141e-01
2.838023389019420417e+00
5.891945353389139051e+00
5.891945353389139051e+00
3.435535685086023250e+00
3.435535685086023250e+00
5.311143550614803033e-01
3.746605796297216795e+00
4.502559916717694399e+00
4.502559916717694399e+00
5.877662252431777645e+00
2.956919277847301242e+00
5.260222671539760420e+00
3.951754449517393741e+00
2.999184514697463388e+00
3.818875689992463074e-01
5.215327044100712683e+00
2.087418298725420840e-01
4.070254954027405225e-01
4.070254954027405225e-01
3.947717873236724628e+00
3.947717873236724628e+00
2.385364790265300350e+00
2.385364790265300350e+00
5.467648792811472980e+00
2.300031495103512569e+00
3.426900340162296388e+00
8.386290738967375757e-01
8.386290738967375757e-01
8.386290738967375757e-01
3.000252741013214042e+00
1.528262969291489526e+00
5.139189834675504720e+00
8.466052794002291160e-01
8.285417697965394845e-01
4.553891200863548150e+00
5.114548096653221521e+00
5.114548096653221521e+00
2.651061300598020587e+00
1.274511996610801612e+00
5.231826507152820938e+00
2.907188672454519285e-01
1.944117897181678378e+00
5.155359683808754534e-01
5.419947241191099607e+00
4.875836589450929459e+00
3.728691824415724998e+00
4.646493112346792742e+00
3.428226266439888814e+00
5.662425241539464693e+00
2.978215532528280640e+00
3.309446983087291017e+00
2.603746546262826755e-01
1.798938558186211623e+00
2.807396280406638578e+00
2.609424498361993638e+00
2.609424498361993638e+00
3.592206586544342439e+00
1.778102983855784913e+00
1.066885195306774614e+00
1.066885191929349164e+00
1.066885191929349164e+00
4.540952592864705650e+00
4.220431549647203795e+00
1.009862199907212599e+00
3.937666181221262551e+00
1.809192988719943163e+00
3.589836225809653669e+00
2.494348805814009751e+00
1.688420305794809062e+00
4.233441889195879604e+00
3.391413860376103262e+00
3.391413860376103262e+00
3.728331320164885554e+00
4.046501572750109688e-01
4.046501572750109688e-01
4.118741456135785461e-01
1.698003531917791964e+00
5.232445193991887677e+00
1.153125048275593700e+00
5.234567904385784232e+00
1.968612565446447249e+00
4.880018376278420611e+00
3.108182741750500355e+00
1.986143527604538495e+00
6.261262067523681196e+00
3.639941465369247897e+00
1.978247882960580739e+00
1.401517336854497531e+00
5.340560821008304426e-01
5.340560821008304426e-01
5.340560821008304426e-01
5.129301351018655808e+00
3.814009852689959068e+00
4.124030875297031606e+00
2.895232741849242952e+00
2.895232741849242952e+00
4.495694257237681235e-01
3.873405451468816096e+00
3.873405451468816096e+00
6.392694360314422897e-02
6.392694360314422897e-02
6.392694360314422897e-02
5.467260515713916469e+00
5.636504881470446593e-01
1.316937428679975375e-01
2.382204859494645000e+00
1.914713355634012348e+00
1.207945322930447096e+00
3.093196034571049413e+00
5.843166832690478429e+00
5.869116800335643092e+00
5.812503558066212328e+00
5.912673159971665982e+00
8.270334551541713708e-01
2.044972542646775082e+00
2.789365755309353379e+00
2.789365755309353379e+00
2.789365755309353379e+00
3.728684957566164915e+00
5.844649220449329441e+00
5.844649220449329441e+00
1.827441350373649465e-01
4.918590281130447828e+00
2.352781804591540737e+00
5.539399041978460225e+00
4.517656179490928459e+00
5.890919684115466737e+00
3.487893121803437690e+00
2.609055006448953495e+00
3.033280745681600776e-01
3.033280745681600776e-01
5.993767198840396659e+00
2.181160859407542230e+00
7.237168799305881972e-01
3.119973871994448977e+00
6.144189474529052397e+00
3.704019626751440697e+00
1.075722285784073584e+00
5.288537223324135894e+00
2.871465341350019518e+00
5.283219554763112225e-01
5.292439310049499746e+00
5.343654607715543570e+00
2.451837620836344378e+00
3.678882952629928038e+00
3.678882952629928038e+00
1.580327308089886085e+00
1.346522237965832369e+00
7.283894169387017392e-02
2.424642081458117548e+00
3.510401012573691748e+00
3.510401012573691748e+00
2.833003950704364726e-01
2.570387723606482488e+00
4.279688525274722544e+00
4.279688525274722544e+00
4.364380981877509669e+00
3.914538721563262325e+00
5.877292066389948388e+00
5.877292066389948388e+00
2.995049393259213488e+00
3.860137077517763249e+00
4.444373083555195336e+00
6.274328791827965546e+00
3.678585685761544877e+00
3.047612036808242220e+00
9.407177509668808169e-01
9.407177509668808169e-01
1.229551225083488353e+00
4.968045296966635327e+00
1.073478786284210035e-01
4.977730845266306048e+00
7.914726465642826225e-01
7.914726465642826225e-01
4.416958918099822995e+00
4.416958918099822995e+00
4.141136738217062963e+00
1.307607885261804270e+00
6.241472006168753417e+00
2.484707361164614436e+00
2.458426296823580159e+00
2.458426296823580159e+00
2.458426296823580159e+00
1.996635834918900843e+00
1.996635834918900843e+00
4.343900775228692446e+00
4.343900775228692446e+00
4.343900775228692446e+00
2.232949477575504105e+00
2.779450742975509314e+00
2.779450742975509314e+00
4.960522400865089665e+00
4.960522400865089665e+00
4.813119700812741542e+00
4.456292012546972714e+00
2.418223122528256219e+00
2.966217977255579896e+00
5.946974203835761585e+00
1.971133552695529534e-01
5.981677792823857587e+00
5.990944302382887887e-01
2.196104179726935168e+00
1.791332121900884422e+00
1.791332121900884422e+00
2.323228175145449548e+00
1.584672043780269934e+00
6.206647424383933576e+00
4.894842562176708434e+00
6.426172223841993825e-01
5.261738954548262015e+00
2.246879709284304028e+00
2.891700954610727514e+00
5.167124954289952221e+00
1.976270274502900826e+00
4.653788496382845197e-01
3.732145896392028206e+00
3.172568037374284611e+00
2.141703316980063221e+00
2.554676012919895989e+00
2.522085145713006238e+00
4.497995668110465473e-01
4.497995668110465473e-01
2.100926866776584134e+00
3.468034786973640315e+00
3.468034786973640315e+00
1.844075485172486761e+00
2.899569859261560634e+00
3.155099964659484613e+00
6.172844407371202297e-02
6.172844407371202297e-02
2.861374486634927009e-02
4.609303190243517201e-01
4.183563964118627965e+00
1.712545068926721203e+00
1.366709333576791252e+00
3.460580980618878755e+00
6.952021870454363484e-01
2.172590994529065789e+00
4.490220602207697809e+00
1.606839997698027656e+00
1.780838490995881207e+00
5.529096181385925846e+00
3.031862395831875112e+00
3.031862395831875112e+00
1.366990044039237961e+00
1.366990044039237961e+00
3.393305668241324735e+00
2.042823127725038379e+00
2.808934074780862211e+00
2.802780768351046170e+00
6.857439866600956169e-01
4.431035674322837181e+00
4.412488435744748472e+00
5.242449148057086283e+00
5.242449148057086283e+00
3.220827934368232448e+00
3.372288775093921220e+00
2.773727006680992702e+00
5.780933449936600077e+00
5.780933449936600077e+00
5.780933449936600077e+00
6.346457159890895872e-01
6.346457159890895872e-01
3.472106134276354172e+00
3.472106134276354172e+00
3.473264045830128932e+00
1.176098095623023143e+00
1.948858508643149134e+00
3.677285637199965596e+00
3.677285637199965596e+00
1.258495214658103656e+00
4.257830777588008431e+00
4.793020276470905117e-01
3.880453035538887985e+00
1.881226106102042328e+00
4.731213956173223600e+00
4.731213956173223600e+00
1.039007299430223519e+00
3.458049051038047939e-01
3.072722550492747562e+00
5.776268086182139605e+00
6.966602370193089033e-01
1.875270159597226760e+00
1.063040054473636392e-01
4.558311106523830758e-01
6.065435040714692860e+00
4.037962709049582877e+00
4.037962709049582877e+00
4.037962709049582877e+00
5.094343968573648240e+00
5.448142180093936915e+00
3.517843395521532024e+00
1.993797854578020834e+00
3.333170888439725754e+00
2.873777259757295255e-01
4.569751841004078941e+00
5.207860506260249878e+00
5.207860506260249878e+00
4.696202240620744206e+00
1.388783227117121655e+00
4.977947725533585555e+00
7.716561566760505864e-01
3.719218127809779784e+00
5.110168903861106671e+00
3.627078622441559208e+00
3.627078622441559208e+00
2.054842129637931780e+00
3.312339296795154375e+00
2.490550543582862097e+00
2.717159375099357010e+00
3.047847578392540058e+00
3.265572579886732996e+00
1.796482246596921017e+00
3.959236800438161730e+00
1.108887134394994423e+00
5.264420500441771011e+00
5.120250219479784093e+00
5.120250219479784093e+00
4.405837389998122688e+00
3.498751373023162525e+00
3.441424034788305164e-01
3.252734272940634330e+00
3.252734272940634330e+00
4.227938097575498766e+00
1.024724406489505135e+00
2.261071631993720743e+00
5.196418582882766479e+00
4.327126736952457087e+00
4.327126736952457087e+00
5.721843630996496621e+00
6.524756320054740932e-01
2.552191465376266066e+00
3.184773333882175095e+00
1.193731198081087630e+00
1.975765628586704015e+00
3.523367677394871222e+00
3.523367677394871222e+00
6.884999341037321141e-01
5.439785432143771082e-01
6.075465740705198847e+00
6.075465740705198847e+00
2.626251721659620841e+00
4.996484216596975614e+00
4.996484216596975614e+00
1.843324430032075911e+00
1.389149944147233029e+00
1.285978605825941257e+00
1.285978605825941257e+00
5.116604872172491270e+00
2.493423832875574231e+00
1.855216404913488049e+00
1.855216404913488049e+00
2.211004457181437122e+00
1.098218406913704648e+00
3.769334146067507163e+00
2.293708704898094197e+00
3.970484860933699789e+00
3.970484860933699789e+00
1.382423416485058398e+00
1.382423416485058398e+00
4.466721656240172145e+00
1.117125035133054611e+00
1.117125035133054611e+00
4.680036067946099720e+00
5.714224867793276097e+00
4.176751935252100978e+00
5.334369276106230018e+00
1.993072901922555262e+00
4.316824162991936831e+00
4.717729134221513299e+00
4.717729134221513299e+00
1.093992600338243415e+00
1.930065678415235908e+00
1.076014998094855457e+00
4.667862842297631154e+00
3.525615651852762600e+00
3.096008193497224781e+00
2.618813298504957032e+00
6.170493078692556921e+00
4.565935062506229158e+00
5.617128875959862100e+00
2.842830729073702933e+00
2.842830729073702933e+00
2.096340954502434073e+00
9.851007705304000162e-01
4.721782616504276220e+00
1.871812037429867459e-01
3.815414968983140143e-01
3.092700935358106751e+00
3.092700935358106751e+00
5.431192278699537468e+00
3.218792307165033173e-01
4.572865693328689751e+00
2.127302260177558857e+00
3.421431474291502184e+00
4.199127203189752855e+00
3.552989969395128345e-01
4.623816520593092783e+00
2.595313422288894945e+00
2.595313422288894945e+00
2.595313422288894945e+00
2.380707293019141524e+00
4.559619333962015020e+00
4.219751850302801977e+00
2.698682027493839009e+00
3.907859707083826351e+00
3.907859707083826351e+00
5.933300519998078393e+00
2.421720499633044810e+00
4.426888122993048569e+00
4.426888122993048569e+00
2.076642284464298438e-01
5.301269819750245915e+00
3.958847405364391836e+00
1.861372972606835541e+00
1.706076430579180113e-03
1.381399908526276477e+00
3.805794436660916880e+00
1.635699770780691731e+00
2.179957779336811896e+00
3.270799282514645689e+00
2.350974772564671245e+00
2.350974772564671245e+00
2.350974772564671245e+00
1.786162107095627505e+00
1.960473121413768061e+00
1.960473121413768061e+00
5.818333854136215066e-01
1.796199138600204304e+00
5.615734129907878014e+00
5.758589852021900768e+00
5.054840011598785487e+00
2.513651886218126741e+00
3.204224374542500531e+00
2.991671778043120788e+00
3.926705675275977470e+00
2.331107562919500165e+00
5.290553332085679017e-01
4.307181615877331282e+00
1.575732594879592385e+00
1.575732594879592385e+00
1.275461062158484316e+00
1.435074024160180706e+00
5.405164096290936193e+00
3.457927351364160629e+00
1.328669542261383008e+00
1.328669542261383008e+00
1.023339439590496891e+00
2.814746292314467269e+00
2.359523435392356649e+00
2.547944921030537380e+00
3.862393124826867918e+00
3.991297021200692186e+00
1.312771183809781306e+00
1.312771183809781306e+00
5.319489979771917731e+00
7.912774467200347495e-01
4.450201526836807808e-01
4.450201526836807808e-01
4.313564453005164445e+00
1.931335928881060093e+00
1.312363261226356492e+00
1.312363261226356492e+00
6.213214739127329800e+00
3.933356945381468961e+00
3.906846259425284185e+00
3.483853942431698325e+00
8.140766693930957532e-01
5.203636981109168502e+00
1.949300353994616763e+00
3.333507815143848863e+00
4.985208141951654182e-01
9.266108831747897900e-01
5.317445163377692019e+00
3.459780614844728763e+00
3.013795856162804210e+00
2.385029578486637103e+00
6.161380892977537549e+00
6.161380892977537549e+00
5.045704187049995681e+00
2.365408526144039847e+00
2.048293459556111529e+00
2.082377673808800012e+00
5.813874650246385833e+00
5.813874650246385833e+00
3.959098424590540066e+00
1.186585767541949110e+00
5.927161709785611521e+00
5.927161709785611521e+00
3.562877184687491816e+00
3.987443675958826539e+00
1.701439666977749399e+00
4.437186522021669965e+00
4.901395217392403580e+00
1.852433088205988621e-01
3.848548630742356647e+00
6.211447377407716353e+00
2.733563306293057327e+00
2.215408987832096610e+00
5.103099967317423769e+00
6.252972995137930035e+00
6.015784998284387619e+00
6.015784998284387619e+00
6.015784998284387619e+00
6.051121841928963629e-01
2.181915238254024114e+00
5.978263889467389625e+00
2.699344401884355094e+00
3.701041294732279940e+00
5.364090077579300342e+00
4.933020383541633969e+00
3.682621851255527989e+00
4.209423754171953469e+00
5.214345471104897101e+00
6.063558922065409362e+00
6.063558922065409362e+00
3.813549547302246268e+00
2.540619786651724610e+00
1.718335228613747878e+00
5.221952938625692653e+00
1.738751898696341280e+00
4.206644228824528042e+00
1.523232708981164363e+00
2.172659922979229385e+00
1.491896122052378093e+00
1.491896122052378093e+00
5.830840914819920506e+00
1.921335763631166760e+00
2.237543019401848188e+00
3.081726974707334588e+00
5.747284415631266352e-01
5.811602894164657584e+00
2.395026911851088514e+00
2.395026911851088514e+00
1.597319842398333245e+00
1.597319842398333245e+00
2.293191497434144743e+00
2.293191497434144743e+00
2.819562526782435796e+00
4.542087968147726862e+00
1.352559552183899116e+00
3.600569553724428662e+00
3.600569553724428662e+00
4.188981565064657353e+00
3.903833878586040029e+00
3.903833878586040029e+00
1.053628441844117303e+00
6.059638032203609193e+00
5.328894573345904107e+00
3.086601636463804699e+00
2.986897547194539815e+00
6.017368003566527790e+00
2.464503851082166727e-02
1.864020071032160830e+00
1.864020071032160830e+00
4.265226064295091213e+00
9.420705299854640336e-01
9.420705299854640336e-01
2.118716090207771074e+00
3.549885120999210386e+00
3.549885120999210386e+00
4.406825066764390009e+00
3.073517252368267449e+00
3.073517252368267449e+00
2.363007253276107889e-01
2.558276558703260761e+00
5.373082432922833718e+00
2.559605613803900059e+00
2.559605613803900059e+00
6.166918286830257223e+00
5.697010666900379050e+00
3.335283418712405634e+00
2.704672038131889611e+00
5.354582185261199001e+00
5.887372284143375545e+00
6.166182028651722824e+00
1.548719664630640036e+00
6.056933230786178957e-01
5.566616155594099169e+00
1.015612641639645819e+00
5.114553281437660637e+00
2.933122639769888185e+00
2.933122639769888185e+00
3.314986512158507814e+00
4.311145283550171570e+00
3.327696709443573653e+00
4.851884856872784368e+00
3.592074304410460273e-01
1.769959634154330219e+00
1.510322767841613123e+00
2.333339049495108064e+00
2.333339049495108064e+00
3.561834988157710047e+00
2.624079753392202896e+00
3.332283878589436199e+00
6.556854319047988877e-01
6.556854319047988877e-01
2.015789641202522020e+00
2.015789641202522020e+00
1.030548420862175268e-01
6.820435900931220985e-02
6.820435900931220985e-02
5.482007796809265088e+00
7.237026739812929543e-01
7.237026739812929543e-01
7.237026739812929543e-01
1.583064694408637951e+00
1.254881642757694760e-01
5.571630542367691064e+00
5.571630542367691064e+00
1.390735382036052847e+00
1.749215131063175610e+00
4.522960515302257845e-01
1.759440282363037511e+00
3.715905753269467926e+00
4.063250670260071473e+00
5.966325959762954767e+00
5.736760754855129818e+00
2.419949619963096765e+00
4.132715437677502379e+00
4.915868729582702379e+00
4.915868729582702379e+00
4.992332379080329119e+00
4.992332379080329119e+00
2.987334337398163786e+00
2.987334337398163786e+00
2.987334337398163786e+00
3.755501364381459872e+00
1.902088299268709148e+00
5.380456894725795358e+00
5.380456894725795358e+00
3.228749433886428211e+00
5.625057628530550247e+00
1.741098213417666685e+00
4.557594593210553491e+00
1.940344617743807287e+00
1.940344617743807287e+00
7.681631688484589215e-01
1.218146418836143496e+00
3.208476611752471008e+00
3.208476611752471008e+00
3.694354920586196744e+00
3.694354920586196744e+00
1.910566323503102293e+00
3.180029305531918205e+00
3.879243005766272123e+00
3.879243005766272123e+00
4.895743761014667683e+00
2.676323501368170987e+00
2.676323501368170987e+00
5.412006687522090687e+00
5.592560330627168952e+00
2.468760696108661001e+00
1.785610172454217048e+00
1.785610172454217048e+00
5.293941737980552453e+00
3.755769565270449251e-01
3.006358353737250244e+00
3.006358353737250244e+00
1.915098134522340789e+00
4.032287620158253816e+00
2.614477161587839493e+00
3.357454932605968612e+00
2.461636608390869618e+00
4.030978175695999255e+00
1.505475414959747127e-01
3.256200519169058172e+00
1.923149742456788713e+00
3.994721689194308922e+00
3.862890488038496883e+00
3.862890488038496883e+00
4.601654831341028817e+00
2.537041849686822115e+00
1.312368392657693006e+00
1.702152795312348754e+00
4.178585137671493754e+00
4.178585137671493754e+00
2.055347154861741021e+00
8.013441661307777464e-01
1.769611218692565879e+00
3.225850168563288545e+00
3.225850168563288545e+00
5.524388309810584374e+00
3.950229236096148178e+00
4.275706833405857665e+00
4.693772901322757818e+00
4.693772901322757818e+00
5.941601951600295806e+00
3.883681834299819169e+00
5.820362172058445083e+00
4.033210702810600123e-01
5.721268725897825647e-01
3.196894568741548870e+00
5.437504600500007612e+00
3.674253103493836825e+00
1.431745411161930326e+00
1.431745411161930326e+00
1.431745411161930326e+00
1.064135051243353391e+00
1.064135051243353391e+00
4.754330798443557882e-01
3.823239664851642239e+00
3.070500878201556372e+00
4.572241282505940418e+00
1.456395739040732273e+00
5.510493055836599652e+00
3.154076630589774055e+00
3.154076630589774055e+00
5.753760450193420972e+00
1.017579103449914202e+00
1.701998136762554736e+00
2.855354861626809626e+00
3.213889231060048868e+00
3.731537237858256084e+00
3.731537237858256084e+00
3.039462964623226959e+00
5.693164210728405727e+00
1.944008078992357502e+00
6.252745879474135293e+00
4.562241878687657959e+00
4.562241878687657959e+00
4.949054716534385001e+00
5.410926076785846028e+00
5.787968431177752393e+00
1.673167278532337043e+00
4.185811206169577581e+00
1.097047092236260069e+00
3.334400474881661580e+00
5.306681806971099924e+00
1.286086921687839280e-01
1.286086921687839280e-01
2.476985355832706848e+00
2.476985355832706848e+00
1.157842577660874728e+00
5.729826070841013141e+00
5.729826070841013141e+00
6.008655835759004304e+00
5.717721926915364072e+00
4.622624230430628423e+00
1.736313645019343488e+00
3.424583636127680908e+00
3.891029859971017579e+00
4.533818505393433895e+00
2.420745988057745102e+00
4.129998144893997747e+00
5.077920248795061653e+00
3.627351053936774594e+00
1.602894022957811693e+00
3.918995241484439784e+00
2.149701731346372213e+00
2.206696792374196470e+00
2.206696792374196470e+00
2.968730358250557533e+00
6.130384941303521629e-01
3.726964673092255875e+00
3.251995265429504123e+00
3.251995265429504123e+00
4.795666554361264211e+00
2.291163286792251785e+00
2.291163286792251785e+00
4.850974033946650721e+00
4.850974033946650721e+00
4.900243368084468365e+00
4.140438096356576225e-01
2.510019922385571256e+00
4.815047473903154795e+00
4.255825538773727601e+00
8.419942426354494192e-01
5.497295421270313120e+00
1.678900924936131522e+00
1.678900924936131522e+00
5.030551425616335948e+00
1.895090693266964887e+00
7.392200407558026098e-01
1.379735057620303129e+00
2.456113078694176721e+00
5.709988729709334798e+00
1.042541044690642238e+00
3.150054196245666294e+00
3.150054196245666294e+00
5.187582375652947775e+00
2.630402671131921721e+00
3.074261854356412194e+00
3.241424761617372141e+00
6.104857784805602705e+00
9.725999873761520531e-01
2.734921521513456799e+00
2.734921521513456799e+00
1.833563858127933210e+00
1.833563858127933210e+00
3.094999264455911003e+00
2.377359634823376755e+00
4.202440037222831215e+00
3.342569402917786814e+00
3.342569402917786814e+00
1.133900565511879233e+00
1.133900565511879233e+00
1.626939846269585210e+00
1.515629254439158302e+00
1.515629254439158302e+00
3.581224461966016737e+00
3.514604706138463097e+00
4.533774152723464290e+00
5.619893897395655813e+00
4.235930351841052044e+00
2.561105668420936343e+00
2.561105668420936343e+00
4.795105016047729762e+00
3.744756254888038427e+00
1.880084118192584031e+00
3.905115886192528585e+00
3.167957059740613701e+00
1.841944697368067096e+00
3.296022220436144679e+00
5.261526880745908130e+00
1.282377141058674397e+00
4.968200506882671341e+00
5.890817988332016419e+00
1.484461880685965296e+00
4.443221641660088039e+00
5.724454020822368427e+00
5.724454020822368427e+00
1.525551760398540457e+00
1.106145452087357484e+00
4.502134436988576738e+00
2.574293964555782299e+00
3.179655000627013006e+00
1.747285484398226840e+00
4.061169222305408333e+00
4.061169222305408333e+00
4.061169222305408333e+00
2.270868856084824472e+00
1.382564449787007377e-01
1.859372578042091384e-01
9.648830554029319551e-01
4.259036472057604605e+00
5.157768653698001415e+00
2.844247052140977394e-01
2.067857097378841491e+00
1.582459750048679004e+00
2.701811146495043836e+00
5.620949360892936397e+00
3.559623630212770173e+00
2.645160553925986591e+00
1.794840834759852122e-01
1.794840834759852122e-01
1.692816212929543651e+00
2.633124986973958137e+00
5.568803860748932522e+00
4.050554290592825346e+00
5.578747073641589616e+00
5.756653478616175157e+00
5.756653478616175157e+00
5.756653478616175157e+00
5.750075938667573716e+00
1.849428528587432341e+00
1.849428528587432341e+00
2.290301602598584729e+00
3.928414037444249551e+00
3.928414037444249551e+00
1.614249412608468770e+00
2.528782513727336756e+00
1.565708948401196787e+00
5.126582629597763230e+00
5.126582629597763230e+00
2.489664015867739000e+00
5.131142410842747026e+00
3.193243902722347816e+00
4.224821930238669587e+00
4.702926851020455601e+00
4.691748422138654284e+00
4.691748422138654284e+00
5.540093217211842003e+00
5.540093217211842003e+00
3.652049074117927230e+00
2.076568044378894307e+00
2.076568044378894307e+00
5.160949147756032751e+00
2.733788898786333466e+00
2.733788898786333466e+00
2.930432596220012176e+00
2.930432596220012176e+00
2.930432596220012176e+00
3.213387392750477467e+00
3.542188082733188192e+00
4.068817251709051064e+00
3.106780779573053763e+00
2.805076561027494364e+00
4.070544223256952421e+00
4.070544223256952421e+00
5.047458411628852559e+00
3.594002429980808877e+00
1.064759452148571039e+00
5.115642568582672745e+00
1.154253574046988362e+00
7.081583964147211141e-01
4.877753257795585107e+00
1.492296543810562648e+00
5.409268458767088283e+00
4.996000727852299761e+00
1.398220286582898098e+00
1.470766532889911549e+00
3.981098374150012997e+00
3.981098374150012997e+00
3.265549350306538479e+00
5.961754095151658106e+00
1.302976062085548614e+00
1.590456239652913162e+00
6.179190559319183151e-01
1.592553907713702088e+00
4.835860607964574065e+00
1.625873028469475789e+00
3.393085305962827647e+00
1.384520029856012746e+00
1.384520029856012746e+00
4.578381728374650628e+00
3.300085576320555880e+00
3.300085576320555880e+00
3.300085576320555880e+00
8.962964791957565014e-01
3.110643509963262776e+00
3.765579566282236890e+00
2.806971785103378192e+00
9.450459652332463545e-01
9.450459652332463545e-01
7.457355043451763255e-01
4.683344638624940437e+00
1.482855695603765955e+00
1.482855695603765955e+00
1.290874077535885123e+00
1.290874077535885123e+00
3.777931283849460087e+00
9.945255780360148234e-01
5.244668427255636534e-01
4.040263135246973114e-01
6.127564612060712790e+00
1.874293630214504347e+00
2.381985479171939257e+00
3.287244071174095783e+00
5.476436061105732556e+00
5.476436061105732556e+00
5.476436061105732556e+00
1.777091537331857207e+00
3.668489524706600058e+00
1.663921503137105073e+00
9.894876384372264244e-01
5.968970219574269542e+00
5.968970219574269542e+00
5.968970219574269542e+00
3.408842784230684764e+00
1.249877688561598310e+00
2.993867468932737363e+00
1.123564350697689118e+00
1.315906815140686081e+00
3.018782413750767279e+00
3.018782413750767279e+00
1.208943978043842904e+00
2.031327631902651198e+00
2.212409742161725479e+00
2.212409742161725479e+00
4.558596990325691323e+00
2.203274329052387515e+00
1.523243213447166511e+00
4.215986536562145837e+00
4.215986536562145837e+00
1.985328362765302446e+00
1.818069393348840768e+00
1.818069393348840768e+00
3.222472837519818611e-02
2.595621956988632739e+00
2.747386749182520127e+00
3.762515300273765018e+00
2.097985135884639529e+00
3.609251796172883164e-01
8.096808038711422739e-02
7.212680221381443380e-01
3.575273168691243786e+00
6.169575444752139148e+00
3.011596339959071056e+00
3.011596339959071056e+00
1.774286523446597208e+00
3.945905349425577580e+00
1.303735192192413628e+00
1.303735192192413628e+00
3.625732640601304624e+00
5.153625767504713018e+00
5.242438883043067932e+00
3.736320237390509558e+00
1.938370662384580001e+00
4.880301089327420350e+00
4.880301089327420350e+00
2.064424480520280714e+00
2.064424480520280714e+00
1.767627922582886368e+00
1.767627922582886368e+00
6.807832185167148054e-02
2.736518333701752681e+00
1.539103335355742397e+00
3.775893877217542993e+00
5.235546392630675783e+00
3.296072713214088346e+00
5.090580365560364307e+00
5.090580365560364307e+00
3.448556504369598930e+00
3.448556504369598930e+00
4.231101647821445155e+00
8.873529674932970623e-01
8.873529674932970623e-01
2.170757452154036038e+00
2.013599025283797417e+00
3.795036135932424948e+00
3.687580611487196958e+00
1.994688177033655530e+00
5.125695186440920814e+00
9.084070028803884478e-01
5.710566295567987005e+00
5.788597653804846033e+00
5.199471315772031588e+00
2.118471203373798240e+00
2.118471203373798240e+00
2.914198253965389451e+00
1.841354327390968049e+00
1.308163716830408774e+00
2.470941862511820908e+00
4.261248159148175674e+00
1.072308823838109104e+00
2.865360694722318136e-01
1.168533512845978617e+00
4.745673879283877739e+00
5.800683026586395563e+00
8.016883001757005855e-01
8.016883001757005855e-01
4.402009502337281610e+00
4.017794351323624724e+00
4.017794351323624724e+00
5.142366658306523952e+00
4.437011741865710235e+00
2.364127899466066829e+00
3.995794791608072938e+00
1.597884458410596897e+00
1.597884458410596897e+00
1.597884458410596897e+00
1.597884458410596897e+00
1.406946062645665130e+00
7.529538113641519592e-01
3.790771234199683093e+00
2.738562844540734176e+00
5.129372624023346816e+00
7.778721441000799406e-04
4.688224027855795839e+00
6.235885940289198182e+00
5.902941295701821467e+00
2.562444582384997727e+00
4.518517546318874700e+00
6.014260221572366838e+00
4.959253152839973033e-01
6.180102897364863068e-01
6.180102897364863068e-01
2.589148060061378764e+00
2.589148060061378764e+00
7.310235172609313992e-02
3.730673766010315084e+00
1.578565617244759078e+00
3.830134932019019889e+00
5.989575220927496169e+00
8.548844751867693548e-01
4.941971636783716093e+00
5.655445948173055015e+00
2.107438103428099119e+00
2.107438103428099119e+00
2.226112407702542650e-01
2.157836574586396328e+00
2.638786546481404205e+00
2.638786546481404205e+00
2.748734105213435974e+00
5.308091602776656259e+00
1.106897174687434759e+00
4.037723761639303355e+00
5.160094282940490551e+00
4.088851821241861195e+00
2.823114813912239285e+00
2.007462238887460781e+00
1.195845884546292481e+00
5.326213130216132186e+00
3.473988775069632773e+00
6.371094898846877408e-01
5.675671214785400487e+00
4.972818332207030956e+00
5.430270126835244682e+00
4.297763029220989850e+00
5.272441843240751602e+00
4.180607498824457480e+00
9.162247745768028473e-01
9.162247745768028473e-01
2.514895733138510892e+00
2.514895733138510892e+00
2.448396144322751766e+00
4.188087219493366042e+00
2.010530176185433060e+00
5.214673378979544083e+00
3.148869870064479048e+00
3.148869870064479048e+00
5.227827029385140989e+00
5.837241637353324464e+00
3.612303173340368212e-01
6.196207437008957264e+00
6.196207437008957264e+00
6.196207437008957264e+00
3.244195359384745014e+00
3.244195359384745014e+00
3.001710670694243799e+00
3.001710670694243799e+00
4.425435211178605499e+00
5.451189106359032976e+00
6.254092456770572461e+00
4.878725934754171156e+00
3.711738299373801730e+00
3.761290177272865520e+00
5.631200339542008493e-01
4.383860162170710062e+00
4.383860162170710062e+00
7.211297036459493048e-01
3.434696514924191035e+00
3.434696514924191035e+00
3.434696514924191035e+00
3.704102412700196023e+00
3.044152389658465019e+00
2.433678625876292134e+00
2.433678625876292134e+00
2.646910913876689087e+00
2.646910913876689087e+00
4.324479938743439611e+00
4.324479938743439611e+00
3.090255528417892861e-01
5.001352057777086912e+00
5.001352057777086912e+00
7.932799557601325491e-01
1.409327068613439149e+00
1.409327068613439149e+00
4.687181914200560406e+00
7.352112121374410059e-02
7.352112121374410059e-02
5.631441509630697340e+00
5.631441509630697340e+00
4.946486292977236410e+00
6.990918389119187282e-01
3.540828744475290613e+00
3.569644355752930487e+00
5.008163728284940497e+00
5.008163728284940497e+00
2.476800548090496087e-02
2.476800548090496087e-02
3.478945954551959208e+00
3.478945954551959208e+00
3.488163123091644113e+00
3.488163123091644113e+00
1.708292984759526290e+00
1.500180311762080443e+00
1.500180311762080443e+00
4.746634767842371261e+00
1.613584919258301831e-01
8.625807595571629433e-03
8.625807595571629433e-03
3.626865627540103887e+00
5.027666117630467113e+00
5.027666117630467113e+00
5.027666117630467113e+00
4.007367569170545707e+00
4.007367569170545707e+00
5.099302837810448352e+00
5.099302837810448352e+00
2.784146932926036655e+00
4.822270951383687887e+00
3.081085547963265281e+00
1.164905860970962603e+00
1.164905860970962603e+00
2.127400114010568721e+00
6.005300067799490549e+00
1.797117051323458670e+00
3.820039796255281672e+00
1.269382015503763173e+00
1.269382015503763173e+00
1.590905236874974760e+00
3.973763049111239010e+00
3.973763049111239010e+00
1.505530385083390765e+00
2.710890338257572196e+00
2.654400057499363808e+00
6.103037531297502483e+00
5.336336086176019400e+00
5.336336086176019400e+00
5.336336086176019400e+00
3.366120052624304915e+00
3.366120052624304915e+00
2.579934002892128042e+00
4.346950566111846825e+00
4.905817388396321199e+00
1.775379115715292500e+00
1.775379115715292500e+00
7.363862375048531028e-01
4.329262967141480623e+00
4.329262967141480623e+00
5.012132278168325961e+00
3.014828058448877801e+00
3.014828058448877801e+00
1.867524572449976716e+00
2.484139199228874162e+00
2.097861502141808998e+00
5.286442341659547850e+00
3.462704783121373531e+00
5.039850569202486419e+00
1.472118467530304509e-01
1.049888661089328323e+00
1.987769839691956308e+00
4.359858493402771984e+00
4.359858493402771984e+00
4.795431748923810744e+00
4.795431748923810744e+00
5.741599414586769257e+00
3.071860311945407318e+00
6.059745573675160202e+00
2.488795933858869436e+00
3.051255333356320598e+00
4.986776296052991775e+00
1.502759286496188729e+00
1.502759286496188729e+00
1.201720559535249144e+00
3.344685892068975264e+00
3.538109352054887413e+00
8.416564543329445591e-01
1.908741016461129147e+00
1.908741016461129147e+00
2.822061907708066197e+00
3.374932688080111820e+00
4.024127770655144154e+00
5.471262697990911583e+00
5.471262697990911583e+00
4.941614921912560909e+00
4.941614921912560909e+00
5.254940247887948779e+00
3.894042071285985229e-01
5.117886193726739030e+00
3.152854534542587572e+00
4.250459149745054788e+00
8.075001600657529810e-01
2.121755432720136447e+00
6.175686093119683306e-01
6.175686093119683306e-01
1.404459523767037865e+00
5.636254479099347847e+00
6.062479843357800213e+00
2.149742512162006403e+00
2.149742512162006403e+00
9.296368893905929687e-01
4.126215450500871462e+00
1.131696633293568510e+00
5.877019417282371982e+00
5.584460809416321725e-01
5.159906319484750981e+00
3.380586683435608641e+00
5.036948453704727768e+00
7.042630222808193841e-01
8.768245439227015936e-01
3.172175065211286338e+00
5.265093327590946615e+00
1.378723057610445890e+00
2.502461633575599809e+00
2.502461633575599809e+00
1.088970524032162768e+00
5.559141466633799489e+00
5.559141466633799489e+00
1.548523158490550777e+00
1.824284408213171282e+00
5.604480655292291225e+00
5.643238424425489619e+00
4.330639394104335516e+00
4.330639394104335516e+00
1.407225093604500543e-01
2.848059520570481062e+00
2.529247542318509456e+00
4.195814335424116415e+00
6.054217124243856496e+00
4.919678524046915413e+00
4.919678524046915413e+00
3.384302946550845625e+00
2.769436196904898395e+00
5.429824878110149911e+00
5.429824878110149911e+00
2.590860971069562702e+00
1.287898088943970620e-01
2.363533337229740461e+00
4.510513909787324138e+00
5.547948225629581565e+00
4.445516446043943581e+00
3.756103194192705441e+00
8.305531339207713470e-01
2.124141595078091971e+00
1.809651663955535117e+00
3.689293546249364231e-01
1.229863929316440618e+00
3.302081170113890352e+00
1.634345730426357113e+00
4.625927751136789112e+00
4.525995967593276603e+00
4.525995967593276603e+00
1.256311222602584099e-01
5.610746270542352754e+00
3.729288208734471866e+00
1.481109466821818099e+00
1.481109466821818099e+00
4.098368087717958019e+00
2.644647027971306130e+00
1.103890717520809472e+00
4.648197083938345742e+00
2.767938805651428691e+00
2.159776369568533028e+00
2.159776369568533028e+00
2.512945745852196655e+00
2.768477390663013793e+00
2.172759564053495573e+00
2.172759564053495573e+00
4.687433049420403286e+00
1.614271085311055565e+00
5.447991345962011067e+00
5.447991345962011067e+00
4.104793111413570728e+00
5.779538705359413164e+00
3.534667085044172818e+00
3.534667085044172818e+00
6.189629195943739504e+00
6.189629195943739504e+00
5.035423500601508451e+00
3.538220777589867971e+00
3.538220777589867971e+00
3.979535112938936692e+00
5.981329037356014844e+00
5.030409496756589327e-01
2.887111702579105099e+00
2.887111702579105099e+00
4.552059918073224409e+00
3.263539544021485383e+00
3.688801780346562253e+00
5.063686327415572563e+00
4.677502076990736946e+00
3.308977157104548095e+00
1.437842121096325920e+00
3.700331941520859313e+00
4.497897069005935222e+00
1.632952613934477437e+00
4.947776770636628796e-01
3.129933921155175103e+00
4.548576435850148592e+00
1.020696705342660326e+00
4.281129583827483209e+00
5.912392383586540845e+00
1.191039167292142764e+00
6.107227091142815922e+00
6.107227091142815922e+00
2.767397315747330389e+00
2.091619161357377799e+00
1.498077756594256016e-01
3.204356032540442989e+00
3.204356032540442989e+00
3.204356032540442989e+00
4.722871736070864301e+00
3.869678941031202690e-01
4.151132661700369653e-01
3.841196674610247164e-01
1.706875728962103711e+00
1.706875728962103711e+00
1.570705420970742061e+00
5.352094096836355064e-01
5.352094096836355064e-01
5.352094096836355064e-01
2.388933399008849712e+00
2.776689563461536836e-01
6.031122769457097021e+00
6.031122769457097021e+00
1.156860201941185995e+00
2.809797466979212732e+00
2.809797466979212732e+00
4.981414094213910460e+00
5.584080599191672434e+00
3.592828769904032882e+00
2.931082648703330129e+00
4.166601365728278772e+00
1.387429522077341160e+00
3.368772395006626397e+00
1.824493176799658833e+00
1.272701809547616358e+00
2.091518249408482966e+00
1.920772829207180843e+00
2.407266794468565063e+00
2.426060594507648549e+00
2.215995163546441660e+00
1.981309627675207574e+00
7.178075764635964973e-01
3.893714000382433760e+00
3.779374295436316977e+00
4.004936418887111160e-01
4.569889527171612009e+00
6.470638203990873860e-01
6.470638203990873860e-01
6.470638203990873860e-01
1.315854703847408214e+00
1.802045910103946769e+00
3.723966445048685792e+00
5.321870235909869962e+00
6.041082035602161060e-01
6.041082035602161060e-01
4.348651384468000813e+00
4.583509677612735977e-01
4.583509677612735977e-01
2.113966196395690389e+00
3.616132377489555960e+00
1.078052198576211262e+00
2.621268507445553730e+00
3.257697641979576120e-01
3.275736601476568310e+00
2.227937629451608892e+00
4.778771638196971594e+00
4.778771638196971594e+00
1.186846097828481827e+00
4.039819925792208721e+00
2.261434093586426997e+00
8.846425359412661837e-01
3.861543325045008856e+00
4.865030702432841636e+00
4.152749348038184962e+00
4.152749348038184962e+00
3.002013982682344650e+00
3.212469350163793091e+00
4.898019759846238941e+00
2.541941738176324961e+00
2.114216290716713686e+00
6.257470938838099350e+00
4.005396006117708296e+00
4.005396006117708296e+00
1.097646240584477129e+00
5.286526437537750756e-01
5.247689574650812538e+00
9.502513189582687536e-01
3.696487027556433436e+00
1.427696390030835705e+00
1.230144626826517928e+00
5.148179410974145220e+00
5.148179410974145220e+00
4.530887846085843051e+00
8.758305151821570433e-01
4.383707241505472751e+00
3.852405742667907251e+00
4.190979717526340131e+00
4.190979717526340131e+00
2.638093510823052767e+00
2.638093510823052767e+00
3.603769913707271400e+00
4.958255041325428714e+00
5.282339443162419990e+00
5.282339443162419990e+00
5.282339443162419990e+00
5.298990194954137145e+00
4.684287008019280663e+00
1.436124536116806460e+00
1.782001399547268772e+00
2.143973569457900741e+00
2.729145540906574574e+00
2.729145540906574574e+00
1.551838973145128309e+00
1.551838973145128309e+00
1.004593220609513587e-01
1.004593220609513587e-01
5.171223445528640994e+00
4.097039652400447096e+00
4.097039652400447096e+00
2.358699439296400691e+00
2.358699439296400691e+00
3.614954706091023873e+00
9.524908136220362476e-01
2.498129691639698002e+00
2.438275407208088108e+00
4.796072988583548025e+00
2.292920174844954140e+00
2.965945534423248819e+00
5.236036594365244490e+00
4.359035992165153139e+00
4.547601848956818182e-01
4.634245645845652462e+00
4.634245645845652462e+00
4.520298995187956415e+00
4.072411751040732497e+00
4.072411751040732497e+00
6.117031564043063696e+00
6.117031564043063696e+00
3.252752246555605797e+00
4.125208232503850603e+00
4.125208232503850603e+00
4.783878467438959170e+00
8.709892045241174330e-02
5.019879270731962606e+00
2.649155174273636337e+00
2.649155174273636337e+00
2.649155174273636337e+00
3.071855419044824842e+00
5.494371094591478766e+00
4.000066113709124238e+00
4.555888102008305851e-01
4.555888102008305851e-01
2.992160010095614719e+00
5.329321406601508215e+00
6.363174617546381029e-01
4.848785069772867828e+00
6.666224695910432096e-01
3.316982731342322133e+00
3.316982731342322133e+00
6.123947115662081941e+00
4.494920204616239090e+00
2.796579101494139352e-01
5.329504213072893126e-01
1.292769777780360840e+00
6.144734285624728010e+00
4.243276067689730091e+00
2.749115335805818461e+00
7.004780023819385804e-01
7.004780023819385804e-01
7.004780023819385804e-01
4.153403168059521811e+00
4.153403168059521811e+00
6.104088461736596471e-01
5.116551968645816295e+00
5.116551968645816295e+00
4.840475030147156410e+00
5.136161925574244336e+00
4.384867947117559339e+00
1.241514789823949805e+00
2.813184289863621679e-01
2.813184289863621679e-01
2.070790556409742855e-01
2.070790556409742855e-01
3.570846271403394390e+00
3.435539204357859866e+00
4.458673196376395254e+00
3.301219203409030190e+00
6.181031596997483391e+00
6.181031596997483391e+00
4.906347983025638015e+00
4.906347983025638015e+00
4.217333067501696675e+00
3.188339788516713735e+00
3.188339788516713735e+00
3.090955827011560686e+00
6.993301347114005972e-01
2.551796159614501125e+00
6.097286160989598081e+00
5.013245184921379938e-01
6.174314764407723644e+00
1.180745500702613304e+00
9.313849372620643940e-01
1.454635578235148607e-01
2.747006829653619420e+00
5.941982839834711427e+00
1.924998062805219901e+00
3.790952259647123235e+00
1.915347863366458459e+00
2.511028618603439178e-01
3.994614603179087897e+00
5.577295634767721194e-02
2.103867506288539246e-01
2.877294820732851477e+00
2.877294820732851477e+00
1.039503975393676338e+00
1.791372119387788731e+00
1.791372119387788731e+00
2.126979194664622597e+00
2.126979194664622597e+00
4.140620078765770096e+00
4.949552089083965711e+00
2.408064972975948681e+00
4.077703208742986085e+00
8.444434729791331362e-01
3.416842508571052761e+00
2.801256332171729646e+00
5.780025285310233407e+00
5.787278850408121400e+00
4.951961640308385704e+00
4.951961640308385704e+00
1.635426977022605310e+00
2.919807458256200583e+00
3.090870614304850328e+00
6.310446208246998090e-01
1.488934684347775317e+00
5.119697362372791716e+00
5.119697362372791716e+00
5.119697362372791716e+00
4.792753901100652136e+00
5.101319395323202777e+00
5.101319395323202777e+00
4.742247079889649441e+00
4.895587764359489391e+00
2.599442579774775997e+00
5.803438373560007690e+00
1.404185918366740449e+00
3.543167840557815307e+00
3.543167840557815307e+00
3.543167840557815307e+00
3.875091376365757512e+00
6.254739805836448063e+00
3.703116398534831877e+00
1.890005090205130411e+00
2.979743424853616984e-01
4.533610044648428428e+00
5.279889283752636331e+00
2.032297956942963779e+00
2.032297956942963779e+00
1.014325292316909932e+00
1.014325292316909932e+00
8.644845490561774426e-01
8.644845490561774426e-01
8.644845490561774426e-01
3.772236547026201592e+00
3.668829334944246234e+00
1.018118057057847969e-01
6.047502704849640587e+00
3.358197833005856836e+00
5.323286443641956467e+00
5.323286443641956467e+00
1.408485746404352312e+00
2.517873029415349517e+00
2.517873029415349517e+00
4.937292021043746537e+00
4.937292021043746537e+00
4.581972590438332382e+00
4.581972590438332382e+00
1.796407161920078099e+00
5.043442251783983643e+00
5.043442251783983643e+00
2.605173152809483916e+00
2.605173152809483916e+00
3.540639853643627433e+00
2.179206164236053081e-02
2.102192923178695383e-01
2.102192923178695383e-01
3.217782799509558145e-01
1.037553946827312501e+00
1.776369378836133217e+00
4.212176147364136369e+00
2.955701642098400139e+00
2.955701642098400139e+00
1.868951441327352470e+00
1.557790681087920071e+00
2.051960078283663613e-01
4.373231386407920418e+00
2.873003103987027185e+00
3.729392680312483943e+00
3.729392680312483943e+00
9.651934996761484253e-01
9.651934996761484253e-01
2.812343445134022346e+00
1.667334510925532420e+00
3.183217973043090510e+00
3.203447548423117741e+00
5.844113989634017514e+00
6.249365327197582864e+00
3.342264995022551144e+00
3.342264995022551144e+00
5.804840499457098346e+00
2.866370082277160947e-01
5.531976888696011230e+00
5.107588359699851921e+00
4.929819402134599571e+00
4.929819402134599571e+00
5.017821939313243718e+00
6.101947906493419005e+00
1.796378695084698718e+00
6.045318390728735558e+00
2.953792128836666198e+00
3.955492759431350258e+00
8.055082393678474340e-01
4.289204097915862990e-01
6.211050177689738661e+00
5.859526831991369589e-01
6.156802776885708539e+00
2.943257907201706214e+00
2.152808818125771240e-01
4.614315022931058524e-02
