phi_2
1.815185804451688867e+00
1.815185804451688867e+00
2.497084211981380975e+00
5.714767170218135739e+00
2.369151457080581835e+00
5.343902985504622727e+00
2.261965431907560387e+00
2.246769678661603820e+00
4.226639707181803374e+00
5.153348028636838052e+00
2.801066805103801016e+00
2.992674685919810784e+00
2.182319942207126218e+00
2.182319942207126218e+00
9.231256973542656397e-02
5.659948226158322271e-01
4.091744292657887527e+00
3.542876272285803374e+00
5.267005408281852041e+00
8.805819474517315726e-01
2.485621632126976621e+00
3.830222816300024480e+00
3.926296029985125280e+00
3.748887368891091754e-01
1.409046941995272029e+00
5.319584700476523764e+00
9.006356032659939004e-01
3.823820168091367488e+00
4.990042251602749168e+00
5.168087056361351905e+00
5.168087056361351905e+00
1.215110295079732339e+00
1.215110295079732339e+00
5.865074200153156170e+00
5.865074200153156170e+00
4.979475599435718713e+00
2.606935894232821127e+00
2.590100253019883780e+00
3.411421959075887855e+00
5.210772297182743706e+00
1.269791224268612240e+00
1.195848795477711057e+00
2.364421143061859354e+00
3.743865817857249922e+00
6.266955251959063666e+00
3.355122619159852437e+00
6.183593742875563848e+00
5.272361169175647788e+00
2.908469561144315207e+00
3.176615001677483008e-01
3.176615001677483008e-01
3.176615001677483008e-01
4.376174087852389150e+00
3.511798268737240214e+00
6.565628318997420720e-01
2.466815569067499325e+00
4.780172216698924004e+00
3.447717037111193150e+00
3.447717037111193150e+00
2.110386012925260957e+00
1.919159962142096276e+00
3.084844062433111489e+00
2.977934409210156730e+00
2.977934409210156730e+00
4.428818745196789308e+00
3.534044229197562004e+00
3.534044229197562004e+00
2.350288593267780612e+00
5.037523532954891081e+00
5.037523532954891081e+00
4.831729031472455027e+00
4.353859527262160078e+00
1.981977421565609632e+00
7.424897324592727443e-01
2.561725756871055637e+00
1.621672569163314037e+00
3.338312867145802443e+00
4.595969647342606379e+00
5.397244714063003102e-01
1.509060240046383505e+00
3.068293828581634131e+00
3.773078535955206814e+00
3.773078535955206814e+00
3.739859353438718337e+00
5.252983669946198475e-01
3.998227336206849891e+00
7.919606046479721329e-01
3.088683941540697475e-01
1.032206715354242910e+00
2.447683585255671090e+00
2.447683585255671090e+00
6.206391229355455508e+00
6.206391229355455508e+00
6.061608509062788031e+00
1.078661187062385451e+00
1.155997717081481468e+00
1.348104044721063488e-01
3.467642122014916950e+00
1.133314253001369565e-01
2.896632663900785332e+00
5.793185889681823575e+00
3.460268237133045766e+00
4.344770368782077341e+00
3.642240622511163650e-01
4.130644755774687482e+00
4.433507094291918804e+00
5.174693314492088803e+00
2.305960573316774287e+00
6.086083268890081222e+00
3.014624366285495682e+00
4.874538632980132569e+00
4.874538632980132569e+00
4.874538632980132569e+00
4.874538632980132569e+00
5.664411712391415499e+00
4.565894347508961282e+00
4.045697446163550204e+00
2.607050409493648857e+00
3.662740501827026485e+00
3.662740501827026485e+00
3.682325796549541064e+00
5.695704036141120419e+00
5.695704036141120419e+00
6.460271852384433799e-01
5.733844729308148480e+00
5.733844729308148480e+00
5.164249667421342060e+00
4.741288233378699424e+00
1.008764226840471068e+00
1.008764226840471068e+00
1.328621365374198504e+00
3.933990981122199582e+00
3.568558691955123319e+00
2.477966789703838657e+00
4.153563591991268567e+00
1.426148995226824034e+00
1.303815356393497105e+00
4.352102296372077461e+00
6.618617534354322984e-01
5.384765026415597511e+00
6.766817589436602276e-02
2.326170236771663014e+00
4.285159360480646384e+00
1.233235188497492807e+00
6.102079227669475969e+00
2.291945016619200359e+00
2.319733138044863807e-01
2.436355390833270462e+00
2.646394830459414038e+00
3.397489192246330170e+00
3.828173378418039174e+00
5.837135107797871925e+00
5.837135107797871925e+00
1.927883281786497705e-01
6.220109865254189963e+00
1.616564143879965165e+00
6.732030552562244807e-01
1.793068649089249789e+00
1.793068649089249789e+00
1.976737960295261942e+00
3.104771511136480200e+00
3.104771511136480200e+00
4.406357177977880291e+00
4.406357177977880291e+00
4.597025049932339513e+00
4.597025049932339513e+00
8.567762832250078731e-01
4.042685437057372155e+00
4.042685437057372155e+00
3.411463463499472937e+00
4.888113777175515651e-01
6.824119746749559567e-01
5.874542383797140666e+00
1.653577033919229500e+00
4.220670250881378038e+00
3.230718670060873432e+00
5.552264841140095442e-01
2.146083493070946702e+00
2.146083493070946702e+00
4.952595185112489418e+00
3.021619658914170614e+00
4.095432164246705753e+00
5.200494020669484740e+00
2.938358353762716035e+00
2.518070335008006921e+00
2.314683563303717051e+00
6.073652212502185677e+00
6.016695194809384084e+00
1.277523090195284539e+00
4.789253521658666912e+00
1.586328180925005604e+00
2.974938626845496259e+00
2.974938626845496259e+00
3.676475367923527582e+00
3.405659928159953331e+00
1.208264220925538091e+00
1.208264220925538091e+00
2.428646913266920393e+00
2.428646913266920393e+00
3.371611757041436341e+00
4.032291056464965884e+00
4.008520481349425069e+00
4.008520481349425069e+00
2.825495712527640535e+00
2.516558441175648753e+00
7.457030632967427408e-01
4.117655893535795641e+00
4.117655893535795641e+00
1.217042784919971865e+00
1.249165671285775936e+00
5.056046276847713017e+00
4.595806232630220478e+00
4.401505454244484028e+00
7.145822418474168103e-01
4.639441900191147994e+00
1.711697427909657954e+00
4.428501105388759740e+00
5.301901202555986181e+00
5.075232630520779331e+00
6.004753669018843887e+00
2.685881633752295272e+00
9.637791274077560644e-01
1.847909879567041003e+00
3.787615033508058726e+00
2.103216774703668079e+00
5.760059054200752371e-01
5.760059054200752371e-01
4.411643733769329501e+00
8.628368598456503946e-01
4.314087785033340339e+00
5.483301278310355187e-01
3.228610899373429710e+00
4.795541960496338518e+00
4.795541960496338518e+00
6.004843803061213237e+00
1.409425867036839364e+00
1.409425867036839364e+00
3.414814609550585800e+00
4.964288561852757908e+00
5.707235391224332766e+00
1.000947017423264640e+00
2.246511094662283270e+00
4.600918470237057356e+00
4.538313629264405513e+00
4.826254694921296107e+00
3.543613471122399439e+00
3.543613471122399439e+00
5.795442144490525749e-02
2.441333053391604224e+00
3.804498022034950910e+00
2.033649835189471844e+00
2.413581612324897208e+00
6.140069282634090797e+00
4.717719635445508430e+00
5.711341514279268949e+00
6.200693466778631091e+00
4.153479043128053938e+00
3.247136365358201715e+00
1.410582068316813320e+00
4.464023918825237303e+00
4.464023918825237303e+00
2.923068935744893793e+00
2.796693383960645818e+00
1.556208640487804828e+00
4.440445888030681409e+00
4.440445888030681409e+00
2.864094094266881996e+00
4.480462501244371509e+00
5.508092446562873334e+00
1.482277792967525265e+00
5.551799437656933733e+00
4.920701417314289117e+00
2.040537507640953763e-01
4.345875233381505609e+00
3.418398312548551310e+00
3.418398312548551310e+00
6.264234413383961808e+00
6.264234413383961808e+00
1.735068631523111193e+00
8.127254693945573649e-02
3.728662041462889487e+00
6.227147931743666653e+00
6.017605942179126366e+00
1.303435681713949634e+00
2.227534044256909596e+00
5.945922396447354430e+00
8.133818651999895621e-01
4.024353565328661730e+00
4.652773366247322961e+00
4.652773366247322961e+00
2.519027666816235467e+00
5.570667961238576105e+00
1.049948824879826326e+00
2.060034054169323170e+00
3.231889075354045016e+00
5.456988168220691549e+00
2.928633667939962493e+00
3.864990725142340988e+00
3.864990725142340988e+00
1.774178765253001444e+00
5.372368744476164970e+00
7.081242896498798345e-01
4.181013509079834378e+00
4.181013509079834378e+00
4.990990218286309954e+00
3.818495333522175628e+00
3.127541575705730992e+00
3.134867085978203960e+00
3.734586420971135468e+00
1.333446499856665746e+00
4.836070726803463060e+00
6.037838471897233994e+00
2.427425567785000737e+00
5.356776591051080061e+00
6.385697582888916202e-02
1.642538363014134362e-01
1.898996130942073535e+00
1.818437147032746282e+00
1.179800958188885751e+00
3.790871128124909895e+00
2.900548069818665198e+00
3.245972306475753744e+00
2.500444613794821080e-01
3.798261109075019792e+00
3.798261109075019792e+00
6.110474548234750003e+00
6.110474548234750003e+00
6.071990014071911190e+00
1.987715716552230560e+00
6.171864683060580781e+00
3.195912877931302187e+00
3.640845700817022745e+00
1.552970626141273236e+00
1.552970626141273236e+00
5.020581186530601592e+00
5.008791826636363353e+00
5.637357086078255364e+00
1.215312466768160959e+00
4.410293811928926999e+00
5.133622824424558750e+00
5.133622824424558750e+00
3.050096305494429672e-01
3.885655125672212495e+00
2.978577642303157802e+00
4.939008881002496132e+00
5.264428084841753730e+00
5.835415714455454150e+00
6.256285111459051862e+00
5.682037576432234616e+00
5.682037576432234616e+00
9.616727171909849048e-01
3.860238942892975089e-01
7.327129667241125688e-01
3.739673515031946671e+00
6.314991409930481581e-02
1.595835837088868558e+00
3.457399970653241006e+00
1.319973810643925383e+00
1.319973810643925383e+00
4.044370691641230309e-02
2.058048065811147964e+00
2.633617474575055795e+00
1.507839290479399352e+00
3.082105388969829107e-01
3.733609873111120248e+00
4.076881452635076286e+00
2.155982059881136337e-01
9.155688142590827638e-01
4.954410630541797644e+00
5.556936960526726921e+00
6.438970489923319107e-01
5.334076531195758086e+00
3.734359173624715922e+00
2.530017091909131821e+00
3.445341916216274836e+00
3.445341916216274836e+00
3.445341916216274836e+00
2.712652160015682767e-02
2.024219228878941124e+00
5.751779105083231869e+00
5.751779105083231869e+00
8.032895378419331323e-01
5.208745653560707289e+00
2.725608284693571193e+00
5.543577390106792180e+00
2.845244823242206067e+00
3.364639993238888849e+00
4.865972892024109875e+00
4.865972892024109875e+00
4.865972892024109875e+00
4.529784533167450000e+00
1.949398704030791407e-02
3.962613350187348171e+00
7.213260320578251950e-01
2.767682447178943406e+00
6.048450078986911116e+00
3.510543589215290083e+00
3.510543589215290083e+00
4.677072700055933119e+00
1.564832813665156586e+00
6.195399026120076869e+00
5.810035112250338862e+00
3.314201148690997467e+00
8.834749438878635175e-01
2.557972478549007889e+00
2.557972478549007889e+00
2.248542707527544593e+00
5.154439562717351819e+00
5.654692654635445237e+00
5.654692654635445237e+00
4.823602985985977476e+00
4.823602985985977476e+00
5.831616733492416493e+00
7.212993136808707462e-01
2.846526005140628257e+00
2.846526005140628257e+00
2.846526005140628257e+00
1.033991404693717087e+00
2.815974768176340959e+00
5.711560962546562870e+00
5.204116441631494894e+00
5.830319427729383719e+00
5.830319427729383719e+00
2.664738193991293969e+00
5.098340159770784474e+00
4.190250962297274562e+00
9.653838944720938287e-01
2.187670992378844659e+00
1.978927564418512475e+00
1.018492496406977033e+00
5.001529384056116356e+00
1.376885251650383779e-01
1.277354999385992507e+00
2.835911845577868462e+00
2.835911845577868462e+00
4.061079260332121521e+00
3.210359555023081235e+00
1.610967694445505138e+00
1.610967694445505138e+00
1.610967694445505138e+00
2.228898982816994945e+00
2.228898982816994945e+00
8.783533422505129806e-02
1.382339318378609683e+00
3.349053486891389042e+00
3.349053486891389042e+00
5.895634711399436512e+00
4.698284592156136696e-01
3.676415154513232864e+00
4.496656901031883535e+00
1.058220082810859886e+00
1.978577140082476760e+00
1.978577140082476760e+00
1.992562168038713111e+00
2.660766022314620116e-01
4.059803368132309132e+00
4.769050795603686055e+00
1.133561720320298782e+00
3.801281458916582423e+00
4.025549070969917764e+00
6.086354885671545922e+00
5.721357532844950633e+00
1.199939881442392497e+00
8.456504047637576349e-01
2.825223320920848380e+00
1.384299740774208587e+00
5.443204233100365386e+00
3.674574572431807074e+00
3.705840314163705518e+00
3.146234163580670540e+00
4.502244345020974592e+00
6.809682358208952735e-01
2.704422753334515761e+00
5.768315656424329418e+00
3.416380820255200845e+00
6.046073965742975176e+00
6.046073965742975176e+00
4.754172125485036204e+00
6.025872687784322501e+00
3.695755397540993137e+00
5.598472462646374659e+00
4.356547284061099923e+00
1.045640469047499188e+00
6.779140526682825296e-01
4.190754508754269914e+00
2.422199262867412273e+00
2.579632025599449818e-01
3.505150144890120334e+00
3.949025970934435747e+00
4.204378976183643424e+00
4.204378976183643424e+00
4.348305401142567916e+00
4.348305401142567916e+00
3.707743607255729046e-01
2.032378151531730737e-01
5.184934633811417726e+00
5.456719414598737217e+00
2.293024316589892919e+00
2.819136309696283149e+00
6.260685419439814048e+00
6.260685419439814048e+00
6.260685419439814048e+00
4.099991730324514805e-02
3.995735417378075915e+00
1.559873002102312611e+00
2.788813427705973069e+00
6.082004913958282799e+00
6.007348728861832576e+00
3.915799339818008207e+00
5.969338996290677102e+00
4.065282414815209577e+00
3.965817480245070747e+00
3.071163374851957784e+00
3.071163374851957784e+00
2.882783496771338605e+00
1.266138684511607160e+00
7.165656252236125567e-01
7.165656252236125567e-01
5.987258358042760520e+00
5.987258358042760520e+00
6.275297885807766818e+00
3.811755551443117618e+00
4.301664510257362295e+00
1.078850624336947561e+00
5.966000126695576000e+00
5.966000126695576000e+00
3.023653181831269521e+00
5.704169886660405808e+00
5.704169886660405808e+00
4.278619123460084772e+00
1.769459889116012263e+00
1.606070102956683954e+00
4.141262195003836410e-02
5.652229743782012150e+00
3.416325697421171981e-01
4.015595265020595050e-01
5.228488206601921817e+00
5.228488206601921817e+00
4.793438779964727559e+00
6.276506473513506101e+00
2.369270136882409616e+00
2.598540842315150812e+00
2.177833641676730991e+00
1.917103291850086322e-01
1.113259114979386233e+00
6.191040090488524328e+00
4.535667062040601216e+00
4.495196338631620492e+00
2.482621715982524790e+00
2.482621715982524790e+00
3.156703205514703292e+00
5.389468091300596342e+00
7.840872344588998288e-01
6.253715946902092426e+00
3.944958862011986866e+00
4.108421534711043321e+00
4.108421534711043321e+00
5.715984071845786829e+00
6.211430829555893318e+00
2.110277883082037675e+00
2.683237821760451780e+00
2.230277389406349897e+00
3.531361906721378396e+00
4.018566796509883687e+00
4.066983914652873899e+00
1.215145804114227346e+00
4.539591060460475447e+00
5.808477949899563342e+00
7.751886714833844394e-01
4.405287428798486893e+00
2.121130365104953341e+00
2.121130365104953341e+00
6.040622236560384550e-01
2.000945303218738758e+00
1.393219603206841128e+00
3.699562195569070511e+00
2.761219204445694686e+00
5.149612120228150403e+00
2.921569877118583847e+00
3.132230027846453879e+00
3.044330957806385740e+00
3.044330957806385740e+00
5.251686500338069052e+00
5.251686500338069052e+00
5.588446060870390752e+00
2.467897579704125377e+00
2.996375369251738974e+00
2.996375369251738974e+00
5.421220190509506764e+00
2.652602205822384818e+00
4.136369165367415057e+00
4.761772337597331095e+00
8.735913682610130238e-01
4.410336561903387853e+00
1.516098594542670597e+00
1.439397238432258419e+00
2.292768809350260284e+00
5.534574191346864680e+00
5.267576890393765865e-01
9.820874023983217072e-01
9.820874023983217072e-01
6.230580302450725583e+00
6.230580302450725583e+00
9.821425055654469105e-01
4.394509478128756363e+00
2.889634974123495681e+00
6.036991194147097950e+00
6.036991194147097950e+00
4.717248829909275187e-01
3.387522456312069163e+00
2.289368068488926156e-01
1.428654855467757834e+00
3.239067238277588245e+00
2.809186686568967417e+00
1.718035757157238663e+00
3.275169639736579708e+00
1.105481095840511685e+00
5.991208676556333046e+00
5.991208676556333046e+00
2.633752868005117875e+00
2.460733905932473320e+00
2.460733905932473320e+00
6.191766692832542773e+00
4.766591456108849378e+00
5.180590944686631616e-01
5.180590944686631616e-01
3.476794663104923799e+00
2.471899540592190192e+00
2.837224380851965932e-01
6.272175811240661147e-01
6.272175811240661147e-01
6.272175811240661147e-01
1.125253098841628940e+00
1.636364459495058377e+00
5.404589702120365935e+00
5.404589702120365935e+00
4.313713273285713967e+00
5.892122894664711730e+00
7.542555462725424320e-01
2.407144144872724212e+00
4.162889709779545200e+00
4.162889709779545200e+00
3.560802730558947804e+00
3.813589990143532393e+00
4.504817440293057196e+00
3.113233195784580687e+00
3.856046620034739192e+00
5.440685791882380329e-01
2.470056778798571884e+00
3.655764247664459177e-01
3.338524971605039138e+00
3.183662276093534693e+00
1.370202769300524537e+00
4.143116785824751958e-02
4.143116785824751958e-02
1.534264599232418647e+00
3.518873426371547986e+00
8.519596122748689382e-01
1.291660877072803970e+00
3.269931385483772601e+00
2.829404575131349020e+00
2.443626688876005204e+00
1.553320489150602057e+00
5.015480520126966546e+00
3.405920853570779894e+00
9.839769510677625064e-01
6.114333200578395022e+00
1.064174994169887256e+00
1.064174994169887256e+00
4.648421882891265788e+00
5.952133039354976951e+00
2.051232838942151915e-02
1.220510021356217223e+00
3.870979369785155555e+00
5.208949092239537393e+00
3.594840958223002758e+00
2.286835584018133360e+00
2.286835584018133360e+00
2.332184046025757240e+00
5.077709670626871841e+00
5.852093462322813799e+00
1.462810567379974280e+00
3.144062747649263301e-01
5.143653085939860148e+00
9.882648138389225068e-01
9.882648138389225068e-01
3.288068702764050943e+00
2.561531704312288937e+00
2.734661751347177372e+00
2.658276959367494641e+00
2.244279977158907258e-01
3.340864262676780161e+00
4.954864680142794242e+00
4.873046957764659126e+00
2.735060613654551886e-01
4.950077043100407970e+00
1.352804687617359392e+00
4.765540339529021452e+00
4.765540339529021452e+00
3.975705290466701847e+00
3.477373670240311299e+00
3.477373670240311299e+00
5.359445770802146569e+00
2.849182953927723361e+00
2.849182953927723361e+00
2.725103467054831086e+00
3.107710189769463227e+00
1.474648204243488081e+00
8.566388486563045745e-01
4.058089884384730617e+00
4.004457791104147901e+00
1.188427143052523505e+00
4.938487286139655374e+00
6.072582508234326326e+00
1.457723575140065897e+00
4.998604424296037685e+00
5.872459002618627188e+00
6.246977847696563835e+00
1.442405023297990141e+00
2.076862715880878341e+00
2.179614980000316393e+00
3.635779970690763196e+00
3.635779970690763196e+00
1.096338498849904752e-01
6.123486971452722472e+00
6.277167240570029172e+00
1.505445466981750968e+00
1.505445466981750968e+00
2.622981592860856637e+00
5.229800962643695428e+00
5.229800962643695428e+00
2.356882373121660379e+00
2.630647969992505608e+00
6.553913084335949435e-01
9.354598988660418613e-01
3.497098680668728754e+00
4.465853734704053224e+00
2.227634970243311585e+00
2.459726195014589223e+00
2.459726195014589223e+00
4.967044650711249787e+00
3.542786374983908360e-02
3.181661263637101111e+00
6.321076737914763655e-01
3.995650698660950795e-01
4.216424815531798487e+00
4.828395198886440198e+00
5.813695468181984793e+00
4.904570642802292824e-01
5.937847555268596089e+00
1.975745638825717521e+00
1.975745638825717521e+00
4.802157826894701387e+00
2.884578377256596937e-01
2.884578377256596937e-01
4.991489486478640103e+00
5.708243805279123784e+00
3.030567167517791205e+00
2.974573794520289027e+00
6.136319598326327451e-01
3.983638705481522546e+00
1.552386323737204421e+00
3.306302764985316500e+00
9.437399227835641113e-01
3.859069094060157745e+00
4.698156682442763632e+00
9.478153230276227248e-01
7.496612746542652417e-02
4.877093568685743286e+00
2.886611760844825625e+00
2.583512201539544861e+00
1.683530057587680595e+00
4.718448609843195030e+00
2.078955027220576568e+00
3.203797280298035677e+00
1.487342105497589273e+00
6.397648728176807964e-01
4.677344642262422525e+00
3.100862481424378814e+00
1.360684021399174881e+00
3.837163888993605720e+00
2.711113490672175885e+00
2.711113490672175885e+00
3.993174527360971116e+00
3.993174527360971116e+00
3.993174527360971116e+00
6.853029039051952154e-01
5.195564863980135506e+00
2.061358386892061745e+00
8.250459697272560788e-01
1.582653592001195264e+00
4.158051929318443918e+00
4.177338391440380327e+00
6.350680777116268771e-01
4.323294435000033076e+00
5.670830079532225731e+00
6.114315743166981676e+00
3.102354272297738191e+00
1.786729463612390489e+00
1.786729463612390489e+00
1.659293945722430053e+00
3.727298246943178572e+00
5.875615822835865032e+00
5.452665183051705000e+00
2.573982407264036709e+00
4.309431518062168287e+00
2.735001538472308980e+00
9.488317029727033614e-01
3.365885887628010664e+00
4.905106140140665261e+00
4.025319648384622084e+00
6.101981362883996951e-01
6.052339957823900995e+00
4.497057260119383670e-01
3.595159640886184782e+00
3.595159640886184782e+00
3.595159640886184782e+00
2.532437749488426704e+00
3.279230067174474961e+00
4.879797662679565384e+00
5.472821882376148750e+00
5.084861098252675404e+00
5.084861098252675404e+00
4.203353883026931470e+00
2.837197496424275656e+00
4.475562535531682151e+00
5.878600647228443776e+00
3.774513358011996722e+00
3.016644036067036794e+00
3.016644036067036794e+00
3.164731074603973404e+00
3.285460890201176376e+00
6.975544893743315100e-01
4.088399782791753090e+00
5.452928836557928705e-01
5.920788292354717264e+00
4.218473971724957750e+00
4.508765860168980844e+00
4.836596821479292707e+00
5.913017766539319098e-01
3.932742474598936777e+00
4.120352898395984731e+00
2.903208311973477507e+00
2.903208311973477507e+00
5.147889933789738137e+00
2.162672808948945757e+00
1.253868280002442326e+00
1.497248143410814691e+00
5.630520108400025592e+00
2.435772976849992943e+00
4.866095131502508941e+00
4.866095131502508941e+00
4.266292295096160814e+00
4.272784386483145624e+00
1.330835782921513832e+00
5.695513495505095669e+00
5.848851637436808026e+00
3.250873152781991848e+00
1.327368087477222680e+00
5.954381688441327647e+00
4.972088785072993566e+00
4.972088785072993566e+00
1.654293199148476390e+00
1.009793398638265671e-01
5.206185986613989236e+00
3.900384262991327677e+00
4.615398827579465291e+00
2.634013146685326490e+00
6.098124544797006052e+00
9.175155699153112465e-01
4.904055512820700180e+00
4.280212366087779330e+00
3.616693854787449425e-01
7.883308543061238183e-01
4.604229875956079354e+00
1.411710037677660345e+00
5.183558540401060455e+00
5.183558540401060455e+00
1.290707738975870100e+00
3.558359217984559564e+00
5.379276427916233949e+00
8.918381269023738511e-01
5.545990766539530270e-01
4.910936890143096534e+00
2.335475193672403194e+00
5.983056613493274334e+00
4.372318287018153171e+00
1.285014145718085032e+00
8.546647129834203938e-01
1.068769680767292840e+00
5.822699106034040284e+00
4.917436338801153717e+00
1.259094927871742264e+00
5.001835071478204497e-01
2.177809910364057799e+00
2.578920349607054519e+00
4.631928222643188597e+00
4.631928222643188597e+00
4.631928222643188597e+00
2.148755071536664119e+00
2.148755071536664119e+00
2.148755071536664119e+00
8.671800318238407357e-01
8.671800318238407357e-01
3.164944942487077029e+00
1.965815032394537809e+00
4.479675049624972871e+00
3.046575131103610445e-01
2.794417916853007000e+00
1.996361875026643418e+00
1.996361875026643418e+00
4.777499144316683655e-01
5.720713237294003939e+00
2.529650001777437041e+00
5.950062643920176697e+00
5.950062643920176697e+00
5.965360271659728042e+00
1.812700234226916507e+00
5.884009415780697694e+00
5.316359464633662490e+00
3.854673861371689103e+00
3.854673861371689103e+00
7.220612905708962970e-01
1.960092806906281737e-01
3.155776065097617877e+00
5.455317071449584887e+00
7.326206864210407232e-01
7.326206864210407232e-01
5.376312768792949726e+00
4.635292071944959957e+00
2.400619952673958224e+00
1.564242312174302540e+00
1.564242312174302540e+00
8.497971689583101451e-01
6.320135044794232826e-01
4.087341324768694939e+00
2.556856839287227956e+00
5.570950597148888406e+00
4.772300832620679500e+00
4.808359893186910483e+00
1.682832840056120993e+00
1.682832840056120993e+00
4.913153066628525245e+00
4.860364222767925568e-01
8.927667184128731392e-01
4.562917835496891783e+00
3.449817031794467859e+00
1.039681439250532691e+00
4.828442076828570073e+00
4.828442076828570073e+00
3.445009872619708702e-01
5.397964773252938997e+00
2.252950859597429911e+00
2.252950859597429911e+00
4.018504669051571554e+00
3.622509175258204372e+00
3.273379818606262592e+00
2.399023915946919772e+00
2.399023915946919772e+00
4.508646198983182529e+00
1.446299255547361717e+00
3.334927946630708462e+00
3.334927946630708462e+00
2.181261958482290098e-01
2.732673480525839693e+00
2.356076183441246030e+00
3.282761859927871839e+00
1.755074956920374518e+00
1.970441235589373008e-01
1.273214120246749737e+00
1.260932552265146889e+00
2.033754525552939896e+00
5.651740164793499943e+00
5.545591219968349250e+00
4.370687314168924864e+00
5.991197804958689588e+00
5.359608435217855238e+00
4.267012435993711605e+00
4.267012435993711605e+00
4.460576340243005866e+00
1.416866920147295872e+00
6.707675648934827706e-01
1.344289716768710008e+00
4.793044923723744688e+00
1.636037415706528719e+00
4.464693028294485444e+00
4.464693028294485444e+00
5.986802066254465871e+00
3.261484890524785296e+00
1.804574592018058254e+00
9.030086513259041325e-01
4.678820287328060878e+00
3.371453703537223845e-01
5.801633736323571711e+00
6.250342055155412524e+00
1.247862898954174682e+00
1.247862898954174682e+00
1.426224248789800697e+00
1.426224248789800697e+00
6.037980548131097080e+00
1.634188002944101825e+00
1.634188002944101825e+00
4.714452009304448410e+00
4.714452009304448410e+00
8.544810530717272812e-01
1.732521376507040856e+00
5.465884075498377292e+00
1.161776788048962672e+00
4.816706048411533381e+00
4.816706048411533381e+00
6.371600215874000384e-01
6.371600215874000384e-01
6.371600215874000384e-01
1.326900557476317744e+00
1.326900557476317744e+00
4.530399975431986803e+00
4.530399975431986803e+00
1.435415873804870124e+00
2.364485670440647169e+00
2.364485670440647169e+00
6.211786318403023088e+00
2.852577424474070256e+00
2.852577424474070256e+00
2.852577424474070256e+00
5.517972438776238775e+00
5.517972438776238775e+00
1.047676073672914043e-01
1.951307320385621935e+00
1.979721616298464326e-01
1.979721616298464326e-01
4.602664574900242833e+00
2.338111519901566737e-01
1.783154859970101924e+00
3.374966310623406684e+00
5.157057090294782320e+00
5.157057090294782320e+00
5.157057090294782320e+00
5.365314694501519099e+00
1.365573676125630520e+00
5.037523730078508066e-02
3.662355535170521481e+00
2.683079851021910045e+00
3.925859101127437967e-01
3.663206209528220292e+00
2.795261849883420524e+00
4.466579867705316786e+00
4.710380324200191815e+00
4.271272152569352443e+00
4.823081024812186257e+00
4.823081024812186257e+00
1.649650729152368989e+00
4.124211270943685115e+00
1.845808405402751262e+00
1.475911655444575032e-01
2.584284217655712368e+00
1.929274988767501142e+00
9.321476382002389371e-01
4.754058890468842336e+00
2.789415863828336839e+00
2.789415863828336839e+00
3.743739661459272394e+00
5.913202685133325254e+00
3.430137084626686317e+00
3.142778427095699101e+00
5.957482493264158130e+00
4.810271802686982845e+00
5.694266017851526307e+00
4.274458735947975541e+00
2.025190310133258009e+00
3.129578639161518794e-01
5.822598663147430464e+00
1.736046427567755401e+00
4.630821239984914683e-01
2.063878285541447255e-01
2.063878285541447255e-01
2.063878285541447255e-01
5.827629293914297293e+00
5.827629293914297293e+00
4.943654893617256185e+00
5.584785147372025804e+00
4.613993320781121454e+00
3.352411205243848613e+00
5.071757355055285466e+00
5.359676880064086824e+00
6.064268511245201942e+00
4.767246060913868710e+00
3.843027380483273081e+00
3.699728120200547643e+00
2.469098900032715704e+00
4.442301582012317063e+00
5.924311547446337478e+00
6.277799069654100172e+00
3.577454110637141582e-01
3.577454110637141582e-01
3.577454110637141582e-01
5.136411930546835869e+00
3.462914598224615670e+00
1.078652016920342405e+00
4.229045315547358186e+00
4.229045315547358186e+00
3.019813667390375045e+00
2.153878205727277617e+00
5.145730622119566888e+00
5.321216160138894757e+00
2.095478910074893619e+00
2.269048209919688475e-04
2.414936355723600769e+00
5.574925466162781618e+00
3.047900716722612202e+00
3.047900716722612202e+00
4.476255881260250646e+00
4.347854798267215770e+00
2.016316535779115071e+00
4.038919201866359998e+00
4.038919201866359998e+00
4.084239928932294816e+00
2.078164286728290122e-01
2.078164286728290122e-01
9.595573422646097583e-01
1.584851265439386481e+00
1.584851265439386481e+00
1.645476413439265428e+00
2.314846594816206249e+00
6.120525198831638924e+00
6.793186354408256022e-01
6.793186354408256022e-01
6.688955241381941974e-01
1.709334430305132990e+00
1.709334430305132990e+00
3.734018971191835234e+00
2.584056368430941220e+00
1.889471705259367695e+00
1.889471705259367695e+00
2.417589744936361029e+00
4.754636821082671716e+00
4.246258621266516542e+00
8.655154133589526566e-01
4.319596051740107967e+00
4.428505096998367918e+00
4.875137447233273136e+00
5.706866225668942860e+00
1.433790303753390560e-01
5.205547422560913517e+00
5.969405977533101648e+00
2.322654573399905331e+00
5.517231895003698483e+00
4.215070520369510021e+00
4.985323526157774410e-01
5.322964007326185687e+00
5.322964007326185687e+00
6.590018234422689858e-01
3.627823457890216652e+00
3.900458041261293030e+00
7.007242937035931263e-01
3.960071768878681731e+00
3.960071768878681731e+00
5.409568690898414189e-02
5.409568690898414189e-02
4.334479403882807169e+00
2.882157845521803097e+00
1.353935670999401708e+00
9.612258179505506206e-02
4.435515665921928807e+00
5.483433365376749968e+00
2.286246515207048802e-01
6.795937795938726822e-01
4.866428170064130754e+00
2.314850408137751003e+00
3.226807922747731538e+00
3.226807922747731538e+00
3.908030713666830636e+00
2.718362216681395438e+00
4.820202403850601947e+00
4.306947456454317980e+00
1.444870304307886322e+00
5.198248738073420583e+00
3.786397416233069357e+00
3.536838905779413622e-01
2.213115732541760750e+00
2.213115732541760750e+00
4.090577318384081451e+00
1.232396452374116436e+00
1.792796176773062911e+00
2.254884719648799773e+00
2.254884719648799773e+00
6.622631516905830296e-01
1.588906150734202605e+00
1.550136364079385487e+00
3.620941523863447919e+00
3.620941523863447919e+00
2.546567786154225743e+00
4.115785041116184928e+00
4.115785041116184928e+00
5.701860344446669338e+00
5.546431260174368383e+00
1.387714297161062760e+00
5.453613682488829717e+00
1.681773036966402124e+00
3.983359817319187979e+00
4.021333077692080593e+00
2.176631057433862537e+00
5.465111321789582810e+00
3.372868165381177175e+00
3.263559776285742231e+00
3.150497739470556446e+00
4.965852908111640929e-01
5.999166571445415208e+00
6.081399628744813768e+00
6.184743566420144667e+00
1.776183032609845114e+00
2.035861197295368186e+00
1.077536319957257405e-01
1.764849109507123259e+00
5.373549497097748429e+00
5.660126503049322189e+00
5.391148661886060900e+00
5.391148661886060900e+00
3.976850405818029177e+00
3.976850405818029177e+00
2.579738941925361573e+00
7.200453950200538245e-01
5.630255907450776753e+00
3.902014217024536435e-01
5.461973075016527623e+00
3.443566792073806671e+00
3.699358409010706339e+00
1.397025880008870402e+00
4.756638839063883850e+00
3.562282324356255359e+00
3.493630168206959929e+00
5.104000711567239001e+00
2.930838230699626124e+00
1.758264715252243704e+00
3.812514428048314752e+00
3.051482338675340245e+00
2.470220229372142029e+00
2.470220229372142029e+00
8.419124778621709382e-01
5.029237730386679317e+00
2.660466797743854528e-01
1.953063213442709056e+00
1.524404040581073261e+00
1.524404040581073261e+00
4.940907716145343187e+00
4.968447224732495116e+00
4.638952882491357954e+00
4.638952882491357954e+00
5.441821116954124626e+00
1.816501664620297163e+00
5.043582033285399113e+00
5.043582033285399113e+00
2.149885449217478595e+00
4.805404738017516664e+00
2.735771195955235768e+00
1.478461976879625439e+00
1.906662883455442881e+00
2.566001813400045961e+00
2.566001813400045961e+00
9.957907537834262968e-01
6.251139211827301700e+00
1.660825161543630912e+00
1.646978226326410777e+00
3.120797382657272578e+00
1.110638477679403380e+00
2.976776163070519843e+00
5.703278108892742004e+00
2.915427400228175259e+00
1.618610328355533312e+00
4.673680375976882573e+00
5.038298881360977255e+00
2.111250183112815648e+00
6.266218251139142659e+00
4.402140986527495414e+00
5.251803672040503912e+00
3.075602154815166855e+00
9.484481435113103487e-01
9.484481435113103487e-01
5.867338665031818223e-01
4.744449896730191796e+00
4.793758716957123411e+00
4.957991408234918573e+00
3.445198196782079947e-01
5.662043308202960645e+00
5.662043308202960645e+00
5.662043308202960645e+00
7.233022899563259500e-01
2.742483044585272367e+00
2.384335273879830908e+00
5.218324168323302814e-01
4.400207916406588815e+00
3.683697894358686664e+00
2.354399171601187390e+00
2.354399171601187390e+00
6.089782611189482608e+00
6.089782611189482608e+00
5.527424690077103797e+00
4.861328894137501244e+00
6.090217783541665320e+00
6.090217783541665320e+00
5.934456682439059882e+00
4.750323427852905844e+00
3.952143680091994238e+00
7.865474822577933622e-01
7.865474822577933622e-01
2.345651933792403554e+00
3.123935354564704170e+00
3.308287552164002054e+00
3.535553936739883607e+00
3.535553936739883607e+00
6.220203643621815992e+00
5.657151360013521035e+00
1.042528347684984702e+00
3.409833509381507088e+00
5.783664848915578638e+00
6.515902555866306400e-01
4.756259416864162759e+00
5.862990409530479674e+00
2.538301529997440298e+00
2.754635540998995324e-01
5.257627559618274660e+00
1.959530248708736266e+00
5.541390417831848936e+00
5.541390417831848936e+00
4.646396321830257747e+00
5.958960691180059221e+00
4.143701497388510901e+00
1.038186250408597466e+00
4.633403247525693658e-01
5.047752157476092627e+00
4.852720426433807077e+00
4.852720426433807077e+00
1.268021678269038333e+00
1.268021678269038333e+00
2.400891121950916585e+00
1.825531059169330561e+00
6.218761494425543823e+00
6.218761494425543823e+00
3.227586495211840489e+00
5.355209652306617052e+00
3.959806644316105739e+00
3.832141953447690153e+00
6.973169639797704988e-01
5.641605771361708932e+00
6.084451748374064550e-01
6.122156297231594380e+00
6.008877235979659837e+00
6.008877235979659837e+00
1.362371225274260134e+00
1.362371225274260134e+00
1.566876463190677526e+00
3.668664560143992226e+00
5.289097401315131286e+00
1.875597586188819221e+00
2.450439123106709971e+00
5.423575132272446808e-01
2.365817724676048783e+00
2.024054297213709219e+00
4.257471570323637877e+00
4.299367762626319589e+00
4.299367762626319589e+00
4.206233251049139810e+00
4.206233251049139810e+00
4.603916986219669383e-01
5.543578415789164993e+00
5.224800495001164613e+00
9.786502438899047362e-01
2.184049338857150246e+00
2.184049338857150246e+00
2.184049338857150246e+00
2.009839136543629223e+00
2.089451018649553404e+00
2.541355895269138188e+00
3.753609527287142811e-01
5.563310833871405237e+00
4.226788729418022861e+00
3.621288140998733862e+00
3.621288140998733862e+00
5.099509229002363142e+00
5.099509229002363142e+00
7.574388747318563375e-01
4.734812570979981317e+00
2.708598239260311402e+00
2.708598239260311402e+00
4.085328835825856153e+00
1.100335438142974631e+00
2.609913805738358406e+00
5.896944827112147181e+00
2.883190478193309758e+00
4.599842108818565478e+00
1.737666756927437106e+00
3.873260992171616568e+00
4.058766879739943434e+00
3.792234785736725122e+00
2.237919613557997067e+00
1.280881730120233541e+00
1.132668552492367198e+00
1.132668552492367198e+00
5.798075595446603892e+00
5.414618609944810146e-02
2.752429116478083415e-01
5.503449877570909088e+00
2.965914991526981126e-01
7.408317202590257722e-01
6.024121576205767603e+00
4.634364192261996251e+00
4.634364192261996251e+00
3.426634633668185881e+00
5.969372441728504342e-01
5.969372441728504342e-01
5.307751633369469424e+00
5.307751633369469424e+00
2.730226686631796795e+00
3.477247520972117201e+00
1.920000259247872876e+00
1.920000259247872876e+00
7.483297507282156147e-01
1.993565515663259902e+00
6.043652795873780903e+00
5.728058024509970814e+00
1.786605125654421755e+00
2.218098124011717687e+00
2.480686467114676219e+00
1.503986317150702412e+00
3.562924495947902948e+00
3.562924495947902948e+00
1.383571458097735629e+00
1.383571458097735629e+00
1.914741125244201925e+00
1.914741125244201925e+00
2.059321351027961100e+00
5.458872859490432994e+00
2.616016549612456998e+00
6.191870306037664307e+00
6.191870306037664307e+00
6.191870306037664307e+00
4.743332867751563597e+00
4.224310858928366663e+00
2.576564237153752046e+00
4.600751912905494123e-01
1.452998798477892706e+00
1.588134004416717815e+00
3.995706420042245188e+00
3.995706420042245188e+00
1.159605827270782541e+00
2.661200524475143325e+00
4.582594899645889619e+00
3.004083951680254216e+00
1.397279681464747014e-01
5.675651217186192810e+00
3.593198159245190482e+00
6.220829523381342874e+00
3.620373567040174656e+00
6.259376562882039252e+00
3.371929792439004814e+00
1.429592891788683318e+00
2.089509496395285382e-01
2.378674315725222144e+00
4.202355809057083391e-01
2.496892081279176168e-01
4.850574724948248040e+00
3.677970179118163596e+00
3.677970179118163596e+00
6.279500288887877701e+00
2.216897451532641838e+00
2.150981490994317014e-01
2.150982030343984164e-01
2.150982030343984164e-01
8.817279579843866344e-01
3.661027663971701873e+00
3.610397477610802319e+00
2.422363741539523829e+00
2.578314993681042111e+00
5.411057585689613703e-01
2.131283704335769968e+00
2.590431686430967773e+00
3.710152146390830907e+00
6.194195748328664486e+00
6.194195748328664486e+00
4.201937149961193718e+00
6.408273119469791723e-01
6.408273119469791723e-01
2.808576650175965028e+00
2.200573325968857574e-02
4.704584606736890606e+00
6.002698019732154222e+00
1.995431534173937038e+00
4.178558893858943080e+00
3.815786849627722077e+00
3.876517636270274902e+00
3.939088620905906168e-02
3.103989147086052114e+00
3.457921908545108725e+00
3.944550909213310863e+00
9.888367816177323633e-01
2.251722979584116047e+00
2.251722979584116047e+00
2.251722979584116047e+00
8.680439014022525157e-01
4.257774694420730199e+00
2.021864347285843522e+00
4.296664376460972434e-01
4.296664376460972434e-01
3.705570363597426642e+00
3.558714652091857999e+00
3.558714652091857999e+00
1.446262250116006065e+00
1.446262250116006065e+00
1.446262250116006065e+00
6.092911247920000051e+00
5.456294468463020131e+00
9.066459084396001344e-01
5.735124698389139297e+00
5.221394561687956681e+00
3.540547218064895141e+00
1.810295381649510205e+00
2.510746082012220270e+00
3.731652766834204105e+00
4.419677240643980376e+00
1.806880888845466160e+00
6.008557578727696580e+00
8.237467304474206387e-01
3.095634386347120071e+00
3.095634386347120071e+00
3.095634386347120071e+00
3.717060791195698322e+00
1.566714156555573112e-01
1.566714156555573112e-01
9.060055238126771826e-01
2.919932147347102713e+00
2.664153829100030180e+00
3.709476673296687288e+00
3.069209253959179762e+00
9.707088524839768695e-02
7.343223150073949768e-01
1.194804795512194318e+00
1.567823944203764697e+00
1.567823944203764697e+00
2.865411633390245072e+00
1.221411331981681947e+00
5.146791838884340109e+00
3.279666709551118942e+00
9.240666575132561178e-02
2.453825864677771307e+00
3.509495751801958718e-01
3.197334279253189582e+00
2.558223252385227298e+00
1.199573237027819594e+00
2.797987026195624338e+00
2.731855463638201087e+00
5.559536078102036427e+00
4.886415334220065354e+00
4.886415334220065354e+00
1.475932915526422917e+00
1.223968105381480598e+00
1.634223253549517807e+00
1.896662539677588910e+00
4.518511694261563072e+00
4.518511694261563072e+00
4.736281566089711959e+00
3.498891410144143954e+00
5.645535471839373542e-01
5.645535471839373542e-01
4.993041749772316074e+00
3.369932936860582373e-01
1.163056478095808366e+00
1.163056478095808366e+00
4.560610347466350412e+00
5.344239862079680492e+00
1.932931000463364413e+00
2.088505493328876028e+00
3.312584807517336305e+00
7.075289443943004741e-01
2.523414825096502057e+00
2.523414825096502057e+00
4.274431925422149448e+00
5.175054712522392464e+00
9.006288246780647100e-01
2.700526300578623307e+00
4.424834311873911297e+00
4.424834311873911297e+00
4.561192146334692055e+00
4.561192146334692055e+00
3.063357744891595402e+00
2.309819849094072453e-01
2.733424623603497139e+00
5.569800456307207881e+00
3.660887344740880067e+00
3.660887344740880067e+00
3.660887344740880067e+00
2.338503360974964806e+00
2.338503360974964806e+00
3.826314983427483440e-01
3.826314983427483440e-01
3.826314983427483440e-01
3.366200422871007181e+00
1.732594021481736135e+00
1.732594021481736135e+00
5.924044500654813916e+00
5.924044500654813916e+00
3.472903236354440093e+00
4.281183561113806491e+00
2.551435933429051062e+00
3.281061706144878798e+00
2.270229737917306423e+00
1.663280059856878879e+00
2.534683920386672895e+00
5.897050562192447387e+00
6.104905910210380426e+00
4.557862103757869932e+00
4.557862103757869932e+00
1.807194966158537142e+00
1.164331444915785774e+00
2.581493542012292863e+00
5.983468179423659272e+00
3.441187926488521676e+00
4.601918625533601315e+00
5.345954465946226364e+00
2.879738885274697680e+00
4.276300522994016085e+00
3.687831327803273052e+00
4.543394200698989138e-01
2.463303349545862275e+00
9.584482010233976723e-01
5.112363449759086187e+00
4.869388838878360382e+00
3.811965839112700039e+00
5.756875364738211154e+00
5.756875364738211154e+00
2.002959892892134164e+00
5.131820422529056458e-01
5.131820422529056458e-01
2.781640457562026825e+00
1.981757406249728959e+00
2.129842372988356658e+00
4.448510652238061525e+00
4.448510652238061525e+00
5.623938076629830363e+00
4.252600893739385768e+00
3.243453276647012995e+00
1.540203271692225151e+00
4.281995452512035172e+00
1.255786616441429970e-01
1.675241589678743814e+00
3.197900015166807997e+00
3.745849133444502321e+00
2.621486518004711996e-02
1.238034389639055988e+00
1.224347681293265211e+00
5.373659467492313269e-01
5.373659467492313269e-01
4.640410826127654431e-01
4.640410826127654431e-01
5.871887392167203679e+00
7.960292792523038230e-02
4.161950533112417361e+00
5.271137383986239655e-01
1.338125796988219207e+00
1.109258100397452651e+00
4.439419342808615276e+00
1.746674513724263633e+00
1.746674513724263633e+00
9.911294015220022402e-01
1.583723009228326539e+00
1.557259312275016683e-01
4.773992009721688135e+00
4.773992009721688135e+00
4.773992009721688135e+00
6.397632055039093046e-01
6.397632055039093046e-01
6.140797982906639696e+00
6.140797982906639696e+00
2.067940339212089640e+00
2.942038865467045738e+00
3.168176749982324569e+00
5.698938625711376105e+00
5.698938625711376105e+00
4.683675422627575635e+00
1.112007381864223987e+00
3.078925721677858718e+00
1.365666188317773866e+00
1.148388793377007389e+00
3.034518776623782443e-01
3.034518776623782443e-01
3.840761593759585146e+00
4.961787048709960679e+00
5.756474989111202589e+00
5.709747244216315742e+00
1.696832036885717265e+00
2.724059405770377751e+00
8.951076221786671283e-01
3.481981416510938843e+00
2.495689174893062301e+00
2.862816529322973480e+00
2.862816529322973480e+00
2.862816529322973480e+00
8.981030909276181973e-01
1.455801961588617743e+00
4.152973729694586780e+00
4.763004437406186398e+00
2.100685234360710751e+00
4.156475950353433646e+00
3.478144971058947377e-01
1.101928330068409068e-01
1.101928330068409068e-01
5.697682135466487274e+00
1.704070946263819053e+00
2.014156193624536684e+00
4.220402862611789985e+00
3.704669811392324874e-01
1.049246539583483795e-01
4.457545595124113191e+00
4.457545595124113191e+00
4.457078081647240175e+00
5.703150406552275342e+00
5.692318594154287759e+00
5.692859425157862141e+00
3.182526321654534307e+00
2.523372665254647984e+00
1.597636108547657585e+00
3.004851257048924751e+00
6.109403192571945418e+00
1.752881601599682426e+00
2.607179007582482555e+00
2.607179007582482555e+00
5.286934607571597944e+00
2.689169940575640183e+00
3.655184104040287707e-02
1.122983987747939061e+00
1.122983987747939061e+00
2.798651620793515704e+00
5.726830857543143694e-01
3.562489544897037508e+00
4.217879927445952859e+00
5.532053989358997725e+00
5.532053989358997725e+00
4.392159113681448623e+00
3.013683253965993458e+00
2.402286058527758783e+00
3.408959150829250717e+00
4.735302810275907603e-01
6.238186067918987554e+00
1.113559478898858757e+00
1.113559478898858757e+00
1.994613411261779490e+00
4.552278355418183153e+00
2.372428220691393363e+00
2.372428220691393363e+00
3.618108219230996347e+00
4.335769877108841541e-01
4.335769877108841541e-01
3.623867361475975546e+00
5.830782565102036408e+00
5.198568217416378090e+00
5.198568217416378090e+00
4.271505467197486361e+00
2.265993365901309176e+00
4.430375391499586257e+00
4.430375391499586257e+00
7.710264611247712452e-01
6.743613659865905774e-01
3.175465908105181700e+00
4.286477053908927637e+00
3.773976347518293917e+00
3.773976347518293917e+00
6.424463801052704426e-01
6.424463801052704426e-01
1.287360161412633985e-01
5.231061640941370605e+00
5.231061640941370605e+00
5.652887289419107120e+00
4.108538300488696393e+00
3.536278775319951162e+00
1.433177006271412424e+00
2.920517217807258703e+00
6.209515142241055941e+00
2.378375354248923657e+00
2.378375354248923657e+00
2.236008027387033081e+00
3.987294735642432641e-02
3.595545147538941055e+00
5.899950684154121383e+00
3.927050139824695307e+00
5.640065789011862840e+00
6.169952202228090599e+00
8.068065700171276333e-01
2.768373984872273041e+00
3.559652960997949922e+00
5.928066806678029543e+00
5.928066806678029543e+00
2.585265415394584210e+00
4.723349268891041675e-02
3.210627043557050531e+00
3.046622357253326641e+00
3.281192459072601597e+00
4.084450920744510327e+00
4.084450920744510327e+00
3.742139967567970960e+00
4.056957101296857715e+00
1.463417456165272412e+00
5.106935486482990783e+00
1.935276966194741988e+00
3.050817305579123229e+00
1.290940600298076113e+00
3.526363212941111769e+00
1.986764677188057604e+00
1.986764677188057604e+00
1.986764677188057604e+00
5.547664474797354472e+00
1.758184492409842647e+00
2.309604818526763026e+00
4.944085380280134778e+00
3.887397301314178488e+00
3.887397301314178488e+00
1.113274277906316279e+00
2.443306821734550383e+00
3.376080826739814800e+00
3.376080826739814800e+00
1.313648823726079051e+00
2.805757203064318972e+00
1.886435781136283296e+00
3.226500282165094546e+00
2.548320652001898168e+00
2.057273322917883007e+00
5.736634131788809654e+00
5.678215976601188153e+00
1.474541195414901473e+00
3.389799471459367997e+00
3.799679342176284447e+00
3.799679342176284447e+00
3.799679342176284447e+00
5.217762211059789657e+00
5.554322182023865295e+00
5.554322182023865295e+00
3.373018383224819949e+00
2.706105876836732094e+00
5.526123408859092478e+00
2.908850136939037156e+00
5.899044444605301862e+00
5.510829031265721767e+00
1.124092607354727491e-01
3.757841770722441854e+00
6.219203386031818326e+00
4.218628993076638523e-01
1.699389842092953629e+00
4.581067885148917718e+00
4.988700185221628836e+00
4.988700185221628836e+00
4.585011041241875418e+00
2.400934254912803212e+00
5.948258501072962723e+00
2.495113861225247476e+00
3.159353746988530887e+00
3.159353746988530887e+00
5.302221254170889964e+00
1.575369408071169097e+00
3.480549678074317033e+00
3.937034160638993807e+00
1.250290671170096957e+00
3.181513422271625036e+00
4.377653599580542121e+00
4.377653599580542121e+00
1.356037212027467298e+00
4.549832899934726171e+00
2.111327315331889665e+00
2.111327315331889665e+00
1.889146647220439235e+00
5.812626656760758515e+00
4.232608310375572280e+00
4.232608310375572280e+00
2.727198846681138988e+00
1.697364990942979546e+00
4.091797380681113872e+00
6.041751675941755551e-01
4.145607528661338748e+00
3.127632302338046344e+00
4.420621533508560574e+00
4.450975908503504108e+00
5.335990392880817446e+00
4.909298233201351280e-01
1.815602057438887584e-01
6.277109650570573685e+00
4.331927979836192044e+00
2.378605192189203521e+00
4.142962540184909059e+00
4.142962540184909059e+00
1.443102810796905722e+00
2.344517563791029602e+00
5.995573643635194294e+00
3.607744109241306063e+00
2.732896823145459564e+00
2.732896823145459564e+00
4.417121622953050775e-01
3.903685035615419352e+00
4.543410430538675548e+00
4.543410430538675548e+00
3.545862075173200623e-02
4.772817364898075176e+00
6.037804209816939327e+00
1.870259575428487864e+00
2.970283117775569082e+00
4.677188758853167982e-01
2.099702032360182713e+00
3.378563181342831623e+00
2.298750704913002707e+00
4.476296085893783250e+00
3.766460496163909433e+00
1.265119114726527272e+00
5.299257250073361902e+00
5.299257250073361902e+00
5.299257250073361902e+00
1.911371065822860871e+00
3.026673689773133447e+00
5.624166084873034599e+00
4.776888528521178401e+00
4.808176794177292379e-01
3.928903565738769643e+00
2.468576087682579967e+00
8.586215834502972655e-01
6.142834949890449536e+00
2.160348664644130778e+00
5.178821431372783834e+00
5.178821431372783834e+00
1.664202585220483144e+00
3.767426353289873742e+00
4.195582576442689060e-01
6.190417872016906742e+00
5.306012918645319765e+00
1.763672790981996030e-01
3.666015529470827872e+00
2.749147527530988455e+00
2.624028256425182448e+00
2.624028256425182448e+00
8.207695398219012617e-01
2.019692450612087242e+00
5.908140969330689884e+00
1.057147090436142634e+00
1.442644150909119460e+00
1.652837348211686930e+00
5.137284014815704403e+00
5.137284014815704403e+00
4.565742938716430999e+00
4.565742938716430999e+00
4.296688127467292340e+00
4.296688127467292340e+00
2.016829047375747308e+00
5.007997932872303437e+00
6.125549136904222536e-01
2.912566658549714305e+00
2.912566658549714305e+00
5.367609178623836463e+00
7.297857148705233499e-01
7.297857148705233499e-01
5.818695830133208347e+00
1.026691192191979241e+00
1.535503512561715134e+00
5.452781180270751982e+00
1.079150020467430693e+00
2.419241614234785231e+00
6.536970589141564147e-01
1.395209097850934832e+00
1.395209097850934832e+00
5.935192402845773429e+00
4.750749783600263676e+00
4.750749783600263676e+00
2.902572574986974629e+00
4.375356452875061919e+00
4.375356452875061919e+00
5.938617651351083992e+00
6.036709070903399699e+00
6.036709070903399699e+00
1.585130777677906444e+00
1.361957121470890542e+00
3.072681311359412248e+00
3.942168960895450436e+00
3.942168960895450436e+00
2.601143733115360845e-01
2.479916352769064858e+00
2.929015615410900608e+00
5.393662589586222467e+00
3.638974648621212449e+00
4.560081398200830805e+00
3.588336956377577103e+00
8.208379712673741224e-01
1.694453864249000574e+00
1.129821954966454101e+00
5.313407315857254787e-02
9.871638905932469399e-01
5.932283607406385606e+00
5.932283607406385606e+00
1.488567456959808410e+00
3.665662358371279073e+00
1.072536235636409430e+00
1.641958145975882744e+00
3.439183111386935998e+00
2.283802845506192725e+00
1.977317394118623284e+00
4.626085971858855395e+00
4.626085971858855395e+00
1.169942648435116084e+00
4.284223584101677140e+00
3.996444500269410227e+00
5.866842494729395341e+00
5.866842494729395341e+00
4.969348930624983396e+00
4.969348930624983396e+00
5.661841488341092798e+00
4.264610312157325112e+00
4.264610312157325112e+00
3.965770636286328088e+00
5.069523457258280352e+00
5.069523457258280352e+00
5.069523457258280352e+00
2.971405632910904870e+00
5.508569120488216342e+00
5.002287023612560724e+00
5.002287023612560724e+00
5.304851360072802002e+00
6.273846689882619287e+00
6.121233729679300239e+00
4.639734834752409220e+00
1.746258223456003122e+00
4.448599456783209227e+00
5.152239807331308263e+00
6.946469985774861300e-02
2.618722951161501555e+00
2.915741051317363386e+00
3.854209502060090387e+00
3.854209502060090387e+00
2.157669732349619451e+00
2.157669732349619451e+00
3.105961512526532076e+00
3.105961512526532076e+00
3.105961512526532076e+00
1.402284265358652249e+00
3.214475767331168576e+00
3.635747421616871922e+00
3.635747421616871922e+00
4.785027239434885615e+00
5.281199683313061222e+00
1.856742599843784092e+00
5.348629749167587377e+00
3.177833466354771375e-01
3.177833466354771375e-01
2.508939122089168805e+00
3.796483602449702843e+00
4.367986216531294374e-01
4.367986216531294374e-01
2.428787423335418083e+00
2.428787423335418083e+00
2.237130109923120003e-01
5.288228930986793586e+00
5.349467629941671909e+00
5.349467629941671909e+00
3.037705432914195924e+00
3.518417615401872478e+00
3.518417615401872478e+00
1.136773392632550284e+00
2.882929958273088289e+00
4.735089887414710930e+00
5.434452833244418635e+00
5.434452833244418635e+00
3.998115748972456363e+00
6.978320424195452176e-01
4.196667769779428347e+00
4.196667769779428347e+00
3.985339102039624937e+00
3.748459864062236413e+00
5.736483673790909066e+00
2.156550587170743327e+00
5.174134831179670435e+00
4.601158531681695862e+00
1.891259484142464586e-01
5.908719645428439193e+00
4.382337554861004847e+00
8.035569209356427933e-01
1.995043831119856392e+00
1.995043831119856392e+00
4.850498457378421335e+00
1.551070307994743658e+00
4.481159167793002496e+00
2.222266353357390756e+00
3.536243739026331934e+00
3.536243739026331934e+00
3.586766909313653162e+00
6.002528325183993374e-01
4.199901599153781362e+00
8.361328220708044157e-01
8.361328220708044157e-01
1.063405841591078982e+00
6.012241460611317478e+00
3.439220943983406276e+00
2.829889504194987637e+00
2.829889504194987637e+00
1.139355928469974799e+00
5.991873733184537087e+00
5.723607067077331578e+00
1.243244941330817532e+00
3.308756105687240545e+00
9.336581803704380178e-02
3.616356645933312741e+00
3.364274461739657163e+00
8.257735449582863652e-01
8.257735449582863652e-01
8.257735449582863652e-01
5.787528189041324822e+00
5.787528189041324822e+00
3.989556037770305430e+00
2.770669396266992379e+00
1.653890866245961710e+00
6.210641786122866215e+00
3.089878477503003040e-01
1.450620673784623449e+00
2.947960314673428783e+00
2.947960314673428783e+00
3.819674063974965783e+00
2.077717701924587601e+00
2.941002514372897281e+00
5.049329457799176524e-01
2.623183470272030249e+00
5.317062398783435562e+00
5.317062398783435562e+00
1.225990758377246692e+00
5.130126876983199580e+00
3.947443828021206969e+00
3.538922368818707920e+00
1.597305193200732276e+00
1.597305193200732276e+00
4.921112688608770824e-01
9.042800267688040350e-01
5.320573466750251335e+00
2.464096167127273418e+00
4.298400074583173414e+00
4.999297492892584849e+00
7.955395474380848597e-01
2.372845320857159379e+00
4.126013439393005910e-02
4.126013439393005910e-02
2.717573040762594871e+00
2.717573040762594871e+00
2.720157078534555239e+00
5.497145305048514174e-01
5.497145305048514174e-01
4.008667811161426897e+00
1.194057279586131060e+00
4.417019479813230731e+00
1.887678100563588757e+00
3.594306601276322510e-01
5.697222852179552710e+00
1.271112213034355953e+00
1.439957967731531951e+00
2.375955625664879278e+00
2.028079954767257220e+00
2.539789743097538022e-01
2.384787348438699439e+00
4.448670608903111834e+00
7.549565988888158330e-01
2.375644871561746641e+00
2.375644871561746641e+00
4.685689741853774848e+00
6.168492890403356910e+00
1.145013081550553480e+00
3.645109205260909757e+00
3.645109205260909757e+00
1.515792817787655622e+00
1.349302878240364656e+00
1.349302878240364656e+00
5.860722655014841465e+00
5.860722655014841465e+00
4.062933777154584369e+00
4.759473359595232544e+00
4.569740507054617318e+00
7.752821361232449249e-01
8.652716929094976805e-01
2.066337144605231657e+00
2.010250783882545633e-01
4.264727968006095438e+00
4.264727968006095438e+00
6.684018827897055814e-01
2.374572682712402738e+00
5.288877326893511643e+00
2.659597026843547596e+00
5.420728020187606688e+00
6.124249042157422274e+00
4.155491462075579179e+00
1.056418595119570369e-01
1.056418595119570369e-01
1.627113505127407933e+00
3.149852942517234133e+00
6.177369489942119429e-02
2.041192901090017386e+00
2.866887182992947203e+00
1.228152766370055105e+00
5.216308218885254533e+00
5.216308218885254533e+00
5.599731057268938272e+00
5.599731057268938272e+00
1.294506520584931764e+00
2.013706965931657322e+00
2.570613987740737016e+00
2.417275963960312524e-01
2.417275963960312524e-01
5.839675813622688949e-01
5.839675813622688949e-01
5.367925795664275412e+00
6.270567267459681737e+00
6.270567267459681737e+00
6.146961653761081834e+00
5.275520095504649731e+00
1.786584726297032688e+00
2.800681505250988579e+00
4.869403390367695650e+00
1.625935328807228686e+00
1.625935328807228686e+00
6.217508219018752946e+00
2.452911322117467208e+00
2.467726593744913544e+00
4.474876912146038777e+00
2.223848158183207246e+00
4.376682637120114627e+00
1.178965933417893908e+00
3.822267627289362757e+00
2.580899547388566972e+00
4.192536920827414804e+00
2.103478304888470873e+00
4.709682735292591182e+00
2.909049967314997431e+00
4.315757795291069066e+00
4.315757795291069066e+00
3.766753313173748285e+00
4.633604285347657559e+00
5.707191990336566434e+00
5.065685298548741500e+00
5.218522274331824917e+00
1.699031363778962245e-01
6.799808117522969653e-01
6.799808117522969653e-01
6.799808117522969653e-01
3.923308379967560100e+00
5.165052034143445603e+00
3.280520765808884853e+00
4.684950897771038569e+00
4.938548740204879550e+00
2.045049954102164946e-01
2.637212734102766021e+00
5.106307484266384478e+00
3.736094307784822988e+00
1.975277565552865155e+00
6.209178593907491717e+00
1.862529017281557842e-01
1.415289170071643454e+00
1.743715611601572846e+00
1.743715611601572846e+00
4.354978429135033302e+00
4.894424749346567793e+00
4.381072867884793887e+00
1.770542858436821021e+00
1.733522965750804445e+00
4.881642079127639811e+00
4.881642079127639811e+00
4.881642079127639811e+00
3.914806270325735138e+00
5.094746810280579297e-01
5.094746810280579297e-01
5.532630727618090383e+00
5.739601281470525507e+00
5.739601281470525507e+00
1.638613001297069438e+00
3.561607053912316356e+00
2.623194754241749749e+00
6.708264830705106263e-01
6.708264830705106263e-01
6.034146046128520346e+00
1.213518920664391487e-02
2.765900706554743849e+00
1.394039108899373325e+00
1.811544445171184847e+00
4.402240596926962901e+00
4.402240596926962901e+00
1.722797429047428608e+00
1.722797429047428608e+00
2.079351485077829409e-01
3.504809015218590673e-01
3.504809015218590673e-01
2.396710986823521239e+00
2.564521343561288802e+00
2.564521343561288802e+00
8.143868101939117921e-01
8.143868101939117921e-01
8.143868101939117921e-01
5.135537911852447124e+00
8.083191176568558234e-01
3.558020357873651118e+00
3.437821479571994132e-01
3.471683813366182925e+00
9.672001872933986277e-01
9.672001872933986277e-01
1.789909682832803384e+00
4.061412299974096030e+00
2.745912334674734723e+00
3.285931343618754941e+00
4.234604577356664734e+00
5.434897826385326702e+00
5.759744902961343449e+00
4.623516802962155836e+00
2.280412630769724558e+00
7.587866154192219881e-01
4.106921524248947186e+00
1.698773198841522003e+00
5.833900596393726268e+00
5.833900596393726268e+00
2.561601096529543042e+00
3.135591281953914233e+00
3.114277377365661792e+00
4.702864154347332182e+00
2.330510343132212725e-01
5.513090723893108169e+00
6.162679212544925456e+00
5.400578500049875608e+00
6.866645443982708485e-01
6.204828451920409549e+00
6.204828451920409549e+00
1.706946666761850473e+00
3.870343852007045449e+00
3.870343852007045449e+00
3.870343852007045449e+00
3.497562684708342751e+00
2.492142743704681251e+00
5.742491030466851498e+00
5.560031679769808832e+00
5.912217415506617613e+00
5.912217415506617613e+00
2.011343412813200615e+00
5.016598060623405075e+00
2.876333200712286597e-01
2.876333200712286597e-01
2.117628392596145659e+00
2.117628392596145659e+00
3.808510671731282216e+00
1.179092371182512089e+00
2.445558227114025485e+00
1.350039331150933997e+00
2.768997428779767844e+00
4.557156644285187852e+00
8.509057329634872602e-01
6.262040909094002572e+00
4.885307460149372893e+00
4.885307460149372893e+00
4.885307460149372893e+00
1.929861046332113972e+00
2.272970281347964416e+00
4.813042022273850584e+00
1.813815203157076894e+00
5.705764173651649784e+00
5.705764173651649784e+00
5.705764173651649784e+00
2.269368112228127288e+00
6.235386552945759497e+00
2.464747083419602802e-01
4.658358260204133572e+00
4.046515811256838901e-01
5.047768622827963014e+00
5.047768622827963014e+00
5.770851739421464899e+00
2.248093141578900500e+00
9.416863262798615963e-01
9.416863262798615963e-01
1.002764466222942907e+00
6.459614779776376992e-01
2.552395382137021329e+00
2.368897415512272175e+00
2.368897415512272175e+00
3.128005217991297826e+00
5.066387349615613545e+00
5.066387349615613545e+00
3.297881075886409441e+00
3.779897723028823098e+00
3.618521141399014596e+00
1.306730071857860054e-01
1.753026352363523444e+00
2.222449717634402688e+00
3.867604224496950849e+00
2.853763446760748224e+00
3.659162993755312954e+00
2.261184063903446173e+00
1.919484287250091015e+00
1.919484287250091015e+00
3.765012100501485381e+00
1.900786335165685514e+00
4.217312913417082143e+00
4.217312913417082143e+00
5.900626881981783534e+00
5.219125983010304282e-01
3.500355058093947314e+00
2.836575100738386368e+00
3.726039212812986001e+00
3.474041840480038168e+00
3.474041840480038168e+00
5.591211274566468603e+00
5.591211274566468603e+00
3.532261233452973936e+00
3.532261233452973936e+00
1.370765920623142620e-01
3.155964331638309694e+00
2.090843086730515665e+00
2.686569355648622093e+00
5.704732984933298390e+00
2.598149122251662391e+00
5.041333858342936125e+00
5.041333858342936125e+00
6.139039537292045878e-01
6.139039537292045878e-01
7.166646405754644178e-01
5.960646823646938763e+00
5.960646823646938763e+00
3.799132399197414411e+00
2.258628017588540260e+00
2.697522364550064111e+00
1.843322689800549696e+00
1.909917105707254592e+00
5.562567149311186121e+00
2.618125612821046388e+00
6.125742472689074347e+00
5.243563214960244245e+00
3.654852328530267425e+00
3.821827306014516257e+00
3.821827306014516257e+00
2.047394240559629708e+00
2.942099371770448002e+00
9.964985973420414922e-02
3.232491964227941050e+00
6.107428088060201432e+00
5.992849454014798738e+00
8.297923213548941135e-02
5.170045432708647581e-01
2.681442458608604085e+00
5.010552029541877062e+00
2.560158483643570904e+00
2.560158483643570904e+00
3.149756101965634603e+00
1.958433591167256793e+00
1.958433591167256793e+00
4.871305797031935114e+00
2.190649177568676720e+00
4.803502123437453974e+00
1.926319643317967234e+00
8.059568225315949519e-01
8.059568225315949519e-01
8.059568225315949519e-01
8.059568225315949519e-01
7.910593339454576878e-01
2.753939728480666815e+00
2.511791499801605099e+00
4.528990934019433645e+00
6.023900379138101613e+00
4.985976352439056569e+00
4.074933195413724007e+00
1.101809462407167040e+00
5.446089053499740373e+00
2.655294864204396532e+00
1.286619990329046281e+00
3.749232142538237333e+00
4.149895880056439168e+00
3.275292158042214741e+00
3.275292158042214741e+00
3.535261054230045996e+00
3.535261054230045996e+00
4.255235669176371971e+00
3.671827341496221919e+00
2.408845981762318900e+00
4.587959066061809921e+00
5.050891616109484339e+00
2.684821386351275763e+00
5.307888900046576097e+00
1.092811630020035452e+00
4.591606124687277912e+00
4.591606124687277912e+00
7.251414939157996287e-02
1.686585804264995936e+00
5.057800249102868406e+00
5.057800249102868406e+00
2.924621980388138809e+00
4.708366706069948115e+00
6.418842952673999847e-01
5.397784528797133774e-01
8.114174810724907871e-01
2.138971196628066451e+00
7.799688779266036320e-01
3.242131041306510308e+00
1.684328462559547823e+00
2.585174265582161013e+00
4.000096447754960316e+00
3.532224898419169534e-01
4.076698209000845452e+00
3.496456361596610218e+00
4.822795779119944726e+00
2.202522841159879619e+00
4.508033317270164986e+00
1.553820214025493307e+00
1.298304090473772376e+00
1.298304090473772376e+00
2.222947204743826788e+00
2.222947204743826788e+00
1.476270243505323876e+00
4.105419035309576969e+00
1.638130567761543865e+00
2.572775418972394590e+00
2.798980914731249214e+00
2.798980914731249214e+00
1.459998186622959437e+00
6.265848902150668920e+00
4.584324154379631366e+00
3.208690722786267990e+00
3.208690722786267990e+00
3.208690722786267990e+00
2.312060146712894948e+00
2.312060146712894948e+00
4.809386089843243006e+00
4.809386089843243006e+00
4.354704238885966916e+00
4.892843755346454770e+00
2.866934064962471496e+00
4.060547431372098615e+00
4.174187573844196031e+00
2.932897579239703845e-01
3.323467960669757026e+00
2.852162742470309098e+00
2.852162742470309098e+00
4.531008362685120083e+00
6.038677369677031948e+00
6.038677369677031948e+00
6.038677369677031948e+00
3.692798948293445349e-01
1.173319667484392426e+00
5.584056159341277414e+00
5.584056159341277414e+00
3.728786593467696253e+00
3.728786593467696253e+00
1.390072578258092051e+00
1.390072578258092051e+00
4.965653556867719587e+00
2.369599864096750608e+00
2.369599864096750608e+00
5.662111162179277457e-01
1.003968920992801550e+00
1.003968920992801550e+00
5.196574209158200119e-03
1.746245557973336915e+00
1.746245557973336915e+00
5.410162294894300672e+00
5.410162294894300672e+00
5.495585745593167815e-03
5.218520108555662063e-01
6.091251676904391843e+00
2.177481065394680115e+00
4.170300313793524616e+00
4.170300313793524616e+00
1.335489745218504609e+00
1.335489745218504609e+00
5.019075841244084124e+00
5.019075841244084124e+00
4.775991044207845704e+00
4.775991044207845704e+00
5.040401997931979849e+00
5.616879572252866382e-01
5.616879572252866382e-01
5.274627472800608174e+00
3.317768542023220135e+00
2.537925505641126733e+00
2.537925505641126733e+00
1.788174358119261953e+00
4.148704049361041868e+00
4.148704049361041868e+00
4.148704049361041868e+00
4.623042386223608524e+00
4.623042386223608524e+00
4.331599594859161684e+00
4.331599594859161684e+00
1.977195295157244459e+00
1.954194747930637632e+00
4.940285181907809076e+00
2.963970229570310977e+00
2.963970229570310977e+00
3.903878376852129684e+00
2.416348878153151247e+00
3.401235988682519640e+00
2.001636244403435683e+00
4.866506336352373729e+00
4.866506336352373729e+00
5.791878664576628921e+00
8.144292605682039721e-01
8.144292605682039721e-01
7.992909407730213189e-01
2.818780202863155893e+00
2.203004252224882720e-02
4.298155079180944860e+00
5.725816704912179311e+00
5.725816704912179311e+00
5.725816704912179311e+00
3.677431761812054667e+00
3.677431761812054667e+00
9.366034700644130240e-01
6.073126944441300523e-01
3.141916108535182328e+00
3.799546679180768383e+00
3.799546679180768383e+00
2.364112970142665304e+00
1.174374274925881423e+00
1.174374274925881423e+00
1.721536656350968642e+00
3.192603947727807867e+00
3.192603947727807867e+00
3.660964370410786817e+00
5.191574634691217049e+00
1.986439088899052408e+00
1.025044463024763708e+00
2.907132612558838147e+00
4.875522751653140752e+00
4.977206317874305341e-01
3.483730045160915001e+00
2.871682564203588583e+00
6.136309399706822987e+00
6.136309399706822987e+00
3.061073429881520980e+00
3.061073429881520980e+00
5.150404753662931157e+00
2.267139645979851181e+00
5.028496589287028584e+00
1.078269328761988000e+00
4.843324619930734265e+00
5.371986834887501061e-01
7.705285963998083076e-01
7.705285963998083076e-01
1.011616546154455953e+00
6.372028832529252895e-02
6.003157947535013861e+00
2.260193203550670660e+00
1.965267468815492080e+00
1.965267468815492080e+00
1.861754552201562163e+00
4.784099652403038583e+00
3.567189934641827875e-01
5.841248974005178951e+00
5.841248974005178951e+00
4.179063364118872137e+00
4.179063364118872137e+00
3.842847996131148580e+00
2.479563138824572022e-01
3.547195709486854920e+00
5.985668184662614522e+00
5.121175106603342186e+00
2.285717555824630765e+00
2.477176783885560951e+00
5.302902513773342541e+00
5.302902513773342541e+00
3.479020810640099270e+00
3.539068285153318616e+00
2.778439508626071586e+00
7.747341678450165858e-01
7.747341678450165858e-01
2.949583738502253638e+00
8.698688775694094488e-01
1.718241008460665853e-01
6.051217491784462332e+00
5.310064307987129695e+00
4.068715092504131547e+00
2.381249465992251402e+00
3.815092033972870667e+00
1.235854953598202854e+00
3.032218484654709556e+00
2.739443885626471342e-01
5.376438651446768802e-01
3.966529291697362680e+00
2.530575512543725480e+00
2.530575512543725480e+00
6.237105678605257886e+00
4.909550883344675931e+00
4.909550883344675931e+00
3.851589595027682833e+00
1.967634792541010924e+00
2.080735268917379699e+00
4.234348958187720058e+00
1.796560751680591039e+00
1.796560751680591039e+00
2.346602863450691245e+00
4.555625148600373819e+00
5.137624974261018274e+00
5.259464082197855106e+00
4.561396588458706880e+00
5.000207847379554593e+00
5.000207847379554593e+00
4.550538632415976004e+00
1.100095001909459747e+00
1.517332693170818203e+00
1.517332693170818203e+00
4.183105936653406687e+00
2.394930565973062642e+00
4.805595224264351373e+00
3.067362563838230471e+00
6.119212733981883368e+00
3.720092225811789000e+00
7.365520627227697403e-01
3.728963365122338391e+00
1.144906732138041505e+00
6.217213890462982562e-01
1.894369872625460971e+00
2.664757969461557963e+00
6.214483278459944415e+00
2.552804003900664753e+00
2.321408722157260129e+00
4.354215442118315238e+00
4.354215442118315238e+00
1.179576259272540284e+00
1.239246329965709492e+00
5.616213539972392255e+00
1.331946633221396503e+00
1.331946633221396503e+00
1.143316059409228203e+00
4.307600821030570515e-01
6.238047432439432605e+00
4.408469334692631136e+00
1.126697983734219477e-01
2.896656920850348982e-01
2.896656920850348982e-01
3.578764651829226651e+00
4.372275342347909266e+00
5.302647981498338048e+00
5.302647981498338048e+00
1.317592767092792272e+00
5.667666019695878354e+00
4.845475091352095198e+00
4.845475091352095198e+00
2.163659421036374653e+00
1.701115758250928423e+00
4.538832188243493881e+00
4.538832188243493881e+00
3.238846386960183565e-01
3.238846386960183565e-01
5.318689217210008202e+00
4.550764263554521349e+00
4.550764263554521349e+00
4.609572508795608314e+00
2.522587760604967144e+00
7.001564438342269270e-01
3.178890894723145788e+00
3.178890894723145788e+00
6.338028277791956100e-01
2.167219759367469578e+00
7.603859514350688187e-01
5.941047735448660383e+00
3.681348667475462744e+00
1.512402569553431775e+00
5.203501590569307389e+00
4.669783910979622199e+00
5.583483537245974127e+00
5.100162461961459393e+00
2.602599927862042861e+00
4.102188320793214160e-01
1.280782659596502171e+00
1.889376610774302634e-01
5.949885980051576873e+00
5.957682638539952613e+00
3.539699151777008890e+00
4.209353355327317914e+00
4.209353355327317914e+00
1.504335107358600432e+00
5.452862908364144445e-01
5.835929842616760510e-01
4.657931749520794362e+00
4.657931749520794362e+00
4.657931749520794362e+00
6.222898945514697466e+00
2.803525776836904626e+00
4.272361658266824236e+00
1.113593868091004246e+00
2.688073732499649537e+00
2.688073732499649537e+00
4.385775594891478057e+00
2.301488985000883503e+00
2.301488985000883503e+00
2.301488985000883503e+00
1.915704027741238491e-02
1.825413411335050640e-01
2.815467994426615661e+00
2.815467994426615661e+00
4.232331090961656272e-01
5.680400378540499062e+00
5.680400378540499062e+00
1.771385575712454141e+00
5.965025522808984348e-01
6.026127095342896922e+00
3.234680875830044045e+00
2.809029423206348852e+00
3.040749702230048257e+00
4.252593545901492078e+00
4.261618741936488597e+00
1.376527015455806691e+00
2.544253068202383616e+00
3.626829772965206811e+00
3.931486460135227290e+00
1.140360575280960020e+00
1.497105832495370770e+00
3.053016813710351940e+00
1.082621386706398070e+00
4.066279225770221828e-01
3.498588548668584153e+00
3.925588059739824942e+00
2.108451112531193772e+00
6.023587950119867251e+00
6.023587950119867251e+00
6.023587950119867251e+00
2.725002577311375518e+00
6.113515237071140973e+00
2.914171919713488990e+00
3.465463918842858426e+00
2.517120186030856743e+00
2.517120186030856743e+00
2.304911692883210961e+00
5.668341680851951558e+00
5.668341680851951558e+00
4.754251258332326202e+00
5.986850592907134505e+00
4.441966454672352960e+00
5.061486732179423242e-01
3.270354549769939112e+00
2.328637528299832837e-01
4.219897270980270676e+00
4.335317104912597586e+00
4.335317104912597586e+00
4.678658371339583510e-01
3.045874355237440767e+00
1.915365417118790603e+00
2.508390464297821865e+00
3.260127943378412052e+00
5.328039477751774555e+00
4.036943166935019534e+00
4.036943166935019534e+00
4.046512964222999997e+00
5.491769898654439430e-01
4.747712706893827850e+00
4.573583714061714822e+00
3.668838060759967767e+00
5.427760789641222772e+00
8.331590456551429824e-01
8.331590456551429824e-01
6.216723101245590577e+00
2.915192243385176241e-01
6.228428536631299473e+00
5.826295761956969521e+00
4.379089872112595927e-01
6.734965965338712834e-01
1.228392289968567752e+00
2.138830164249938548e+00
2.138830164249938548e+00
4.563925028834280084e+00
5.618684538043960508e+00
1.528503646986050235e+00
1.334179492324952143e+00
5.110951777498113913e+00
5.110951777498113913e+00
7.063984019885154453e-01
7.063984019885154453e-01
2.807070980001491023e+00
1.119900949275891122e+00
7.934686569222826336e-01
7.934686569222826336e-01
7.934686569222826336e-01
1.635199870695748459e+00
3.043557046086343476e+00
4.009292968490708375e+00
1.056899617963184212e+00
5.828592374939857379e+00
1.922801525704558756e+00
1.922801525704558756e+00
1.877123218344255662e+00
1.877123218344255662e+00
5.961645211484473350e+00
5.961645211484473350e+00
4.620063072941504423e+00
4.659546420326201144e+00
4.659546420326201144e+00
1.121296453642737667e+00
1.121296453642737667e+00
2.207041695072657461e+00
2.148639727785225162e+00
1.374567283451320066e-01
2.109906459622163055e+00
6.011368862524708589e+00
1.959790525982016973e-01
5.350287630413594009e+00
2.635149387759536665e+00
3.217604479334162271e+00
6.955196683038016303e-01
4.868092850457808929e+00
4.868092850457808929e+00
4.707741928895030625e+00
1.406618127942049767e-01
1.406618127942049767e-01
3.166762835293502221e+00
3.166762835293502221e+00
5.243090135983463185e+00
2.361269735513824131e+00
2.361269735513824131e+00
3.724254535083515893e+00
3.893899450358219383e+00
2.180946376924653762e+00
4.112033464767650415e+00
4.112033464767650415e+00
4.112033464767650415e+00
5.048208152039864061e+00
4.975551124935613245e-01
6.175782380286878315e+00
5.404730792795442440e-01
5.404730792795442440e-01
1.056508396892658297e+00
4.343921282565500697e+00
3.334803946733031488e+00
1.545608088418024550e+00
1.751707115129455872e+00
6.066441052368409359e+00
6.066441052368409359e+00
2.923260789542052152e+00
2.896486295193334115e+00
6.230527320137360547e+00
2.392380437443671681e+00
3.626138244967736846e+00
2.688623366521554203e-01
5.439945363327103323e-01
2.482688877608712374e+00
7.043337425436595467e-01
7.043337425436595467e-01
7.043337425436595467e-01
5.383635176899029595e+00
5.383635176899029595e+00
3.629171686109620154e+00
6.240409355268700331e+00
6.240409355268700331e+00
3.255404307821779586e+00
3.550606965257651737e+00
6.025425666106163369e+00
2.028085586109353855e+00
2.447511715855394954e+00
2.447511715855394954e+00
2.237457681627251560e+00
2.237457681627251560e+00
9.475783728773929937e-01
2.857541086426973465e+00
3.614188303899680044e+00
8.916275498807184618e-01
1.832022444753585333e+00
1.832022444753585333e+00
5.518654994607481434e+00
5.518654994607481434e+00
2.705057345516200584e+00
3.034391711032778716e+00
3.034391711032778716e+00
1.785169315236929677e-01
6.103087250542649222e+00
1.910458247088842043e-01
4.646048275593990695e+00
6.053764800492268172e+00
5.741988302246322284e+00
2.930201193347063082e+00
5.586706661764964110e+00
2.169070893259842592e+00
6.093385737534219082e+00
8.355253059458114251e-01
3.663454054893680034e+00
8.732497403573828976e-01
5.851859774828938043e-03
4.028467663333634263e+00
3.222019700487349425e+00
2.907019900785755340e+00
3.242876498182885037e+00
2.005106061795139283e+00
2.005106061795139283e+00
1.971387863878659275e+00
2.688335288621111374e+00
2.688335288621111374e+00
2.858805709868192935e-01
2.858805709868192935e-01
6.234242454938731193e+00
2.042673065222182061e+00
3.033575244656880443e+00
9.771958086513210517e-01
1.587792536343055616e+00
5.816792070561120020e+00
2.677954422258789435e+00
4.087275549963241161e+00
6.245444969716923644e+00
1.913292954435421578e-01
1.913292954435421578e-01
1.217979361305911112e+00
3.596983871582774661e+00
3.736538797085511288e+00
3.951757574166539388e+00
5.756731639705655823e+00
8.273884477052719788e-01
8.273884477052719788e-01
8.273884477052719788e-01
9.174140890097639556e-01
4.500134813723493110e+00
4.500134813723493110e+00
5.891198733852875513e+00
4.680373523266267100e+00
3.885658835288407609e+00
2.129277233954308457e+00
2.597519521557421385e+00
2.843174038166486284e+00
2.843174038166486284e+00
2.843174038166486284e+00
3.438806777206956600e+00
1.513884025961345969e+00
2.592938929232030176e+00
2.211803422727559365e+00
5.702657092911535663e+00
5.998986182507276332e+00
1.850671367339927542e+00
1.767411955448164207e+00
1.767411955448164207e+00
1.806956650238468853e+00
1.806956650238468853e+00
1.064454084858638794e+00
1.064454084858638794e+00
1.064454084858638794e+00
2.321427563006595918e+00
3.829683820032255159e+00
4.767425506672058333e-01
3.043014106750174363e+00
3.018672143161744259e+00
9.120622110184921638e-01
9.120622110184921638e-01
3.527940754564078407e+00
1.891904452840631023e+00
1.891904452840631023e+00
5.952059283575255044e+00
5.952059283575255044e+00
5.636128332112260608e+00
5.636128332112260608e+00
2.365204873477459557e+00
2.873672696966140805e+00
2.873672696966140805e+00
2.700722617766096789e+00
2.700722617766096789e+00
2.477695182535951446e+00
5.934574886633190438e+00
6.160548019749135129e+00
6.160548019749135129e+00
5.811604368777528506e+00
1.305713570936166690e+00
1.295694059875222237e+00
5.415402706469405913e+00
2.065749111732895216e-02
2.065749111732895216e-02
4.847367765076535662e+00
8.218313427853338737e-01
2.608308470107818522e+00
3.489866247030324331e-01
4.892163500439854928e+00
1.760169747922855521e+00
1.760169747922855521e+00
2.394366645856871756e+00
2.394366645856871756e+00
2.078731317388225364e+00
1.885719128138177325e+00
5.889280850236065845e+00
3.197074324267252798e+00
2.441669504404226032e+00
2.474223393377194213e+00
5.740389652465935910e-01
5.740389652465935910e-01
4.563187149404214438e+00
3.164668893946810613e+00
2.536124473197769902e+00
4.596396214036324146e+00
4.552966108738834450e+00
4.552966108738834450e+00
5.378337387308075535e+00
4.164779367637249763e+00
3.964328119720516685e+00
5.334108742372606571e+00
4.869204211151537010e+00
5.642863553112886343e+00
4.604262148972656732e+00
1.340371435884311069e+00
3.978066210007640269e+00
3.524275519435923876e+00
5.121360624435438602e+00
4.414851819803153887e+00
4.860781296411469832e+00
5.891593910499475228e+00
