mass_ratio
9.463414467424807741e-02
1.418882142424611470e-01
1.418882142424611470e-01
6.126453653957647516e-01
2.376401558986115936e-01
1.853158633030755897e-01
4.052564660926690765e-01
2.212066544636063503e-01
3.321484163689581992e-01
8.629794268087952192e-02
1.018945488613045430e-01
1.096931070344166204e-01
1.096931070344166204e-01
8.937005121804315888e-02
1.154772806440137467e-01
1.077711675824233190e-01
1.077711675824233190e-01
2.444943895241052934e-01
1.274340406007431759e-01
1.548977861437070835e-01
1.816074709452718816e-01
2.142516710185827233e-01
7.257255276869174487e-01
4.862925305254581776e-01
1.727350415666289163e-01
4.881215764893960252e-01
5.078200188586721175e-01
3.361629190668752321e-01
1.830314743477254591e-01
1.393652125341766634e-01
1.393652125341766634e-01
1.517280989201564845e-01
1.059291970578891962e-01
1.436648628294070196e-01
1.493875699457593575e-01
3.490810328066812351e-01
3.412419654412387482e-01
3.092594048843301247e-01
2.061474136929692114e-01
1.477503930534825038e-01
4.009172041720194257e-01
4.009172041720194257e-01
1.898818461162282423e-01
6.001286588956974422e-01
6.001286588956974422e-01
3.111674303302068290e-01
2.934579714564600206e-01
1.271856151213102137e-01
5.763983331426245638e-01
1.316179077728166502e-01
1.932424801309888529e-01
3.818386458794840732e-01
2.720508461901509634e-01
1.711503533019815282e-01
6.180811509893811007e-01
1.531528552599604742e-01
1.531528552599604742e-01
1.278230392358861156e-01
1.395597066498394101e-01
1.992840550258497267e-01
2.082626024394031994e-01
1.970152792851315171e-01
1.970152792851315171e-01
4.293916772563430295e-01
1.541336842552206710e-01
1.491165496028417636e-01
3.377235663152913236e-01
1.535193093833701894e-01
3.113708179546462729e-01
1.860623184685752107e-01
1.157256094027102472e-01
3.660144618196846666e-01
1.729201551779450952e-01
1.409275160417131634e-01
9.856982706325280175e-01
9.376790019742847759e-02
1.308548981390739441e-01
2.868879970768786758e-01
1.425799493515720606e-01
1.584000653495127864e-01
1.029981622701762745e-01
2.176125652319131909e-01
2.176125652319131909e-01
2.355011122143983449e-01
4.734838758717196949e-01
1.447794472737215510e-01
1.447794472737215510e-01
1.447794472737215510e-01
1.830350908581468428e-01
1.830350908581468428e-01
1.999007579068186879e-01
1.754817447061577385e-01
1.677986916934691430e-01
5.682274015283196311e-01
1.820862247192693295e-01
1.984776500967454782e-01
3.664543731060775911e-01
1.988160478004097620e-01
2.176651801086538496e-01
1.163216880496801969e-01
1.643181712244086989e-01
1.643181712244086989e-01
1.246616844306767252e-01
1.520492259820222236e-01
3.325948299996735469e-01
1.935642460522775943e-01
5.609011245141537483e-01
2.067253210993992840e-01
1.562968214872116623e-01
8.821603202327997495e-02
1.286284715625569397e-01
9.193242845753567538e-01
1.532614068440847632e-01
1.532614068440847632e-01
7.487666558314840515e-01
2.380977403719209129e-01
1.222554792149513764e-01
1.222554792149513764e-01
1.118818605886863632e-01
1.695261280553252425e-01
2.487600311137884990e-01
2.487600311137884990e-01
1.881269453820270665e-01
1.881269453820270665e-01
1.844020413598211894e-01
1.844020413598211894e-01
2.043186740400980694e-01
2.156856951788380661e-01
2.031006690275147519e-01
1.802086705115238663e-01
2.457419561003292008e-01
2.457419561003292008e-01
1.891143231243157252e-01
2.377034520989811939e-01
8.080656654949220918e-01
5.601895041430081656e-01
5.601895041430081656e-01
1.233477189117996725e-01
1.233477189117996725e-01
1.145136265355916061e-01
1.145136265355916061e-01
7.934071769581207967e-02
1.269869692268363048e-01
2.783661405078982076e-01
2.541871386604055427e-01
1.172307950091290712e-01
3.299610228263661349e-01
2.837069916541213321e-01
2.027768422577011231e-01
1.201166428053363489e-01
2.702155179128923335e-01
1.773101737021847424e-01
1.773101737021847424e-01
2.000048354040263876e-01
1.295927771351806368e-01
2.195261515075261627e-01
2.195261515075261627e-01
1.675996329832178389e-01
1.772916375745003381e-01
1.772916375745003381e-01
1.978964900595947540e-01
1.978964900595947540e-01
8.686880520949075146e-01
2.496717413674750530e-01
3.742878894598816730e-01
8.020023799289253130e-01
5.644059411971111828e-01
1.781583917477257972e-01
1.634617136092794687e-01
1.216547411987217303e-01
1.216547411987217303e-01
2.051580677368591288e-01
6.670391164059569222e-01
2.735440164882677605e-01
1.143121155670738520e-01
1.143121155670738520e-01
1.143121155670738520e-01
4.771194490955282252e-01
4.771194490955282252e-01
1.897836756052850571e-01
1.897836756052850571e-01
1.440120346010741459e-01
1.194465211722139236e-01
2.559592538250152760e-01
5.018481487043863210e-02
1.518149603567134631e-01
1.518149603567134631e-01
4.186639686406740113e-01
7.282603137326066900e-01
1.530531464364635330e-01
2.519547407022600383e-01
2.045982507189879895e-01
2.470692580976664998e-01
1.931194204462202413e-01
9.297775409423603143e-02
1.343869099870779182e-01
3.685518707207569022e-01
3.685518707207569022e-01
8.054298952702112491e-01
1.729570191817408620e-01
1.729570191817408620e-01
1.977926717853493166e-01
2.272418515949599926e-01
1.377311693159348482e-01
2.118925979146976668e-01
5.617958941648544258e-01
3.465490053445765550e-01
1.215796545977576443e-01
1.215796545977576443e-01
1.455945939820623425e-01
1.329871136419793209e-01
1.742712578576977311e-01
1.742712578576977311e-01
1.829031417055888842e-01
5.702711421579447215e-01
2.213856977902753376e-01
4.412814455397823798e-01
3.863387732241067019e-01
6.917682384019838704e-01
2.165962006780995930e-01
3.664116379678022395e-01
1.078711172055382417e-01
1.576741871127476380e-01
2.167300916677088740e-01
5.139089561981959875e-01
3.438921939639572045e-01
8.857364527207663984e-01
3.854797112954269078e-01
3.348143229220982842e-01
3.348143229220982842e-01
1.507808058439435439e-01
1.572129700292743404e-01
7.586869328974684690e-01
1.784996723850219014e-01
1.927010564258441194e-01
1.283389410141520526e-01
3.636469946473618320e-01
9.945091500113447669e-01
1.817736405960264645e-01
2.953439584890293346e-01
2.141240850817756058e-01
6.180528584033353479e-01
3.103361593172697663e-01
2.669876140354552896e-01
1.950693477447000834e-01
2.210925619575100365e-01
2.210925619575100365e-01
2.861688944751343833e-01
1.873041113597299911e-01
9.288513025350150221e-01
1.341387437634618540e-01
2.213884546553789301e-01
2.355948010106329593e-01
1.645327567515757483e-01
1.623050417417681301e-01
3.567326653856010554e-01
1.510959157863946967e-01
1.510959157863946967e-01
1.508716141525793530e-01
1.508716141525793530e-01
2.159345253783488683e-01
1.911809949631221583e-01
1.441906942901906574e-01
1.441906942901906574e-01
3.795881371185777509e-01
1.476221994949411531e-01
1.476221994949411531e-01
5.739012084461030394e-01
1.980630117904864651e-01
2.020451733858268095e-01
2.020451733858268095e-01
3.609830705061905509e-01
5.121473975880107554e-01
1.648955371188112473e-01
1.648955371188112473e-01
1.749403080270464650e-01
1.490284063586995444e-01
2.074250580064984362e-01
1.875651129085119384e-01
4.511270417943025746e-01
1.316879806216505466e-01
1.915995165578215920e-01
1.660365495163259597e-01
1.208886981567753455e-01
5.241105746518721631e-01
3.202774610633785102e-01
1.985154294017480447e-01
1.388336625766790622e-01
1.451560833220718605e-01
1.451560833220718605e-01
2.316740618464083468e-01
1.566213578223951131e-01
3.270313992304517137e-01
1.535047962871815275e-01
1.535047962871815275e-01
3.629488282353999784e-01
1.741153186835782962e-01
1.352485831105426362e-01
1.266248126736602697e-01
1.851484784228866476e-01
1.851484784228866476e-01
2.152215101562250654e-01
2.152215101562250654e-01
3.377752054883755850e-01
2.320208062641915536e-01
1.349904951298845357e-01
1.349904951298845357e-01
1.349904951298845357e-01
1.978006287366116667e-01
1.469871749220287571e-01
1.251372339215493235e-01
1.251372339215493235e-01
2.053928003882641573e-01
2.053928003882641573e-01
1.585380772451802645e-01
1.709097283962114633e-01
1.734507787278429247e-01
1.734507787278429247e-01
1.734507787278429247e-01
1.734507787278429247e-01
1.312869466236453175e-01
1.312869466236453175e-01
1.631841777492064882e-01
3.897138440872610632e-01
2.334392813096473618e-01
2.131924010068032838e-01
2.323972920577720980e-01
2.406459982053067437e-01
2.415256186123135029e-01
2.077346036891060121e-01
1.644772340505459285e-01
2.181107060098703421e-01
2.148225553602782500e-01
2.151921305776527127e-01
2.151921305776527127e-01
1.455336636894887514e-01
1.455336636894887514e-01
1.319198472723764615e-01
1.403561200668608511e-01
1.403561200668608511e-01
1.522229321077094577e-01
9.557424515098174034e-01
1.566524216220518961e-01
2.488183789074030483e-01
2.515436936330602280e-01
4.593550825343816202e-01
2.161121503839866786e-01
1.669847195366917503e-01
2.654466395758682817e-01
1.905919972110958760e-01
1.905919972110958760e-01
2.248158690196496723e-01
1.671925909386692000e-01
1.751381967271684603e-01
1.654266907930761754e-01
1.654266907930761754e-01
2.126091347996451886e-01
1.878896104234535902e-01
3.509209191900478086e-01
1.698919642599177049e-01
1.698919642599177049e-01
2.176719538784754604e-01
2.176719538784754604e-01
2.176719538784754604e-01
4.467221214745645264e-01
1.173386093470486502e-01
1.859469672982710653e-01
2.532002126246418738e-01
2.769985672812904087e-01
2.301328096327880934e-01
3.185833481980210324e-01
4.014205310170490537e-01
9.707743965187506374e-01
2.533977467401575256e-01
1.340736135343580659e-01
1.340736135343580659e-01
1.839948452117704802e-01
1.389556985226427233e-01
1.389556985226427233e-01
2.080766451474065637e-01
3.285688769080636895e-01
2.310742645368316084e-01
1.889413201570484535e-01
1.889413201570484535e-01
2.982392625970518019e-01
1.985466103818812889e-01
2.507891289698082060e-01
4.697871428885342926e-01
1.658252679296117194e-01
1.749860933693472009e-01
2.161722871448702454e-01
2.161722871448702454e-01
1.901848086157581219e-01
1.901848086157581219e-01
2.162261178659188876e-01
2.175500906340214480e-01
3.771316515338489772e-01
2.055739354162616772e-01
5.117819181963682018e-01
2.731306522220400268e-01
1.563826825375878582e-01
3.096206003657833161e-01
4.825442822265472165e-01
2.054761518182342539e-01
2.018122902828956011e-01
2.018122902828956011e-01
3.088925567468168154e-01
9.510705471062131933e-01
4.871944645626962167e-01
2.214348174780211287e-01
2.131388678197128628e-01
1.887889968094060011e-01
2.403221406799718463e-01
1.322195405876419594e-01
1.322195405876419594e-01
2.197782543769415953e-01
1.502231705336810885e-01
2.462881994064290980e-01
3.146378078675632906e-01
2.302094407534061027e-01
2.302094407534061027e-01
3.213237940441954765e-01
6.647567622521055597e-01
1.655525270906736401e-01
3.501629554678861167e-01
2.550115305604824245e-01
1.778402652391447847e-01
1.855910145385720467e-01
8.661346472729466450e-01
2.841406961083248195e-01
2.186442766406826443e-01
2.788969855481585602e-01
2.788969855481585602e-01
2.173376053192253576e-01
2.567586789496372202e-01
5.303184156553513162e-01
7.318093319389317175e-01
2.415567618575422959e-01
2.350618504274502585e-01
2.549514216723955395e-01
2.632302361189177708e-01
1.265120621328673922e-01
1.265120621328673922e-01
2.229057722030604038e-01
2.229057722030604038e-01
3.478781687245179888e-01
3.114923914999093713e-01
2.577037391562470581e-01
2.770042547112229192e-01
1.942987740351537207e-01
2.370706406181863068e-01
1.717074168176464521e-01
2.863587692500340065e-01
2.863587692500340065e-01
2.266355500046875471e-01
1.781905314002610041e-01
1.781905314002610041e-01
2.912981643351814642e-01
2.912981643351814642e-01
2.423147498465706429e-01
3.177941110696717031e-01
2.002505975791832871e-01
3.040345900233524246e-01
2.298706754983793066e-01
3.125047336081869243e-01
1.587054356289857027e-01
1.682915570627596669e-01
1.682915570627596669e-01
2.097786106719870813e-01
2.471826431629559895e-01
2.471826431629559895e-01
2.306661403439768387e-01
5.342804386706102582e-01
3.355936419637144397e-01
2.614662310437265713e-01
5.334954740822475117e-01
2.744169918829518773e-01
2.744169918829518773e-01
2.227554242611120006e-01
1.825434287971343938e-01
1.825434287971343938e-01
3.643308774385644044e-01
3.971968577897089236e-01
2.373243768231834971e-01
6.202856599718761244e-01
2.855215407138574912e-01
2.855215407138574912e-01
1.960289003594668789e-01
1.960289003594668789e-01
1.960289003594668789e-01
2.494077743142343873e-01
2.832687007759930320e-01
2.486909422282364002e-01
2.173526262674258525e-01
3.090228138086434928e-01
3.090228138086434928e-01
2.735030247352130406e-01
2.735030247352130406e-01
2.582795031382584261e-01
2.569791131985721955e-01
3.188117759861290867e-01
2.362345118472433114e-01
1.517479825449193631e-01
2.825744588508384836e-01
2.026336951237796002e-01
2.878591345230342990e-01
2.405965573464040885e-01
2.050012723350985999e-01
3.017638183853731948e-01
2.817732083220153561e-01
3.997984925808811818e-01
1.590428590364213468e-01
1.590428590364213468e-01
2.565080108222515531e-01
2.565080108222515531e-01
2.565080108222515531e-01
2.701542730583956775e-01
2.701542730583956775e-01
2.862051216836550283e-01
2.054750488713248113e-01
2.446784489954401121e-01
3.199730468489604962e-01
2.307649427399451059e-01
2.075750902508888829e-01
2.724065153122338101e-01
4.254147284834883247e-01
1.588659369065827387e-01
1.588659369065827387e-01
1.588659369065827387e-01
1.588659369065827387e-01
3.323263116282405560e-01
1.893180145746847232e-01
1.893180145746847232e-01
1.870326873782177379e-01
1.504140747128026867e-01
2.219557207858323944e-01
2.201343302501189148e-01
2.844819868911099281e-01
2.844819868911099281e-01
1.607133968574928629e-01
1.607133968574928629e-01
3.422251377472517175e-01
3.347238116942711783e-01
3.049752243172478283e-01
2.633223165144025768e-01
2.719507304745354959e-01
1.626893375022944455e-01
1.626893375022944455e-01
2.741685961638552493e-01
1.476677145649877287e-01
1.476677145649877287e-01
3.537105684195829269e-01
2.861510409581470848e-01
2.861510409581470848e-01
2.123892656437401383e-01
3.400895524720023433e-01
1.933962827222127923e-01
1.933962827222127923e-01
2.168689414379300628e-01
3.038891535396187060e-01
2.346028845188490031e-01
2.346028845188490031e-01
2.965737355676608122e-01
2.778276933397337278e-01
2.181572391296303925e-01
2.823167852599647309e-01
3.196863080531953116e-01
2.918223694670268875e-01
3.931664109436527887e-01
2.610587502883896516e-01
2.610587502883896516e-01
2.643566956488445086e-01
3.582304784084012761e-01
3.582304784084012761e-01
3.241364818409965265e-01
2.834166315707251083e-01
2.834166315707251083e-01
2.944180461563465356e-01
2.894172630221287235e-01
1.808679920390794116e-01
1.808679920390794116e-01
1.808679920390794116e-01
3.610227810564177187e-01
3.257199001344689981e-01
3.257199001344689981e-01
2.747201922356108938e-01
3.251588976036873246e-01
7.543829225179226050e-01
2.569125184659565297e-01
3.372207685612680916e-01
1.814690549441242695e-01
1.993636216041992648e-01
2.803397179143340412e-01
1.960951217883650788e-01
2.256335896228102433e-01
2.256335896228102433e-01
2.770586577824828423e-01
3.592380525587875462e-01
2.216594173380367905e-01
2.216594173380367905e-01
2.344725794271032004e-01
2.268782353891672099e-01
2.268782353891672099e-01
2.516416124586752234e-01
3.189702844810320959e-01
4.091922005747268276e-01
1.934089980609388637e-01
1.934089980609388637e-01
4.009890035789022700e-01
3.614546872296480751e-01
3.614546872296480751e-01
1.935769135703284405e-01
1.604328445550230187e-01
1.604328445550230187e-01
1.604328445550230187e-01
6.267384754486409193e-01
3.948344689079233416e-01
2.309278603912764127e-01
4.215685753245084211e-01
3.238724395261698419e-01
4.094208982768783867e-01
3.685985446491524264e-01
3.196244395759277324e-01
3.196244395759277324e-01
2.777285979574133368e-01
1.751024607002441003e-01
1.751024607002441003e-01
3.413374911477700113e-01
9.395268664550308069e-01
1.909999301957438500e-01
2.466389648429852532e-01
2.466389648429852532e-01
2.466389648429852532e-01
2.466389648429852532e-01
1.995321179731270600e-01
3.603544723789418591e-01
3.603544723789418591e-01
2.883019903663232020e-01
2.256956587967952899e-01
4.054867341888115928e-01
3.379672408398526895e-01
2.901483767715032913e-01
2.659927034437326032e-01
2.985496958541444812e-01
2.919734138990685568e-01
1.538969579670237398e-01
1.721075401663772764e-01
1.721075401663772764e-01
2.317461664428916990e-01
5.884675896404729656e-01
1.748336078390816117e-01
1.748336078390816117e-01
2.959498121921885216e-01
2.959498121921885216e-01
3.652679331023110931e-01
3.652679331023110931e-01
3.366767453047784242e-01
2.865173105783985208e-01
1.813770648569511257e-01
1.491127682055205517e-01
1.491127682055205517e-01
4.047067113121797233e-01
2.101090679442278453e-01
2.101090679442278453e-01
2.101090679442278453e-01
3.563572123528679358e-01
3.214980003929170382e-01
3.214980003929170382e-01
2.409580401535088012e-01
2.594653214536488117e-01
2.594653214536488117e-01
1.775812121611451133e-01
3.409989183390336742e-01
2.496560790183220968e-01
3.737194867693513500e-01
5.003332779643656636e-01
3.727382456190007076e-01
3.747396009224682745e-01
1.959847714640483296e-01
7.150826422726150877e-01
7.150826422726150877e-01
2.770714195154614368e-01
2.770714195154614368e-01
2.641501717234267521e-01
2.641501717234267521e-01
2.641501717234267521e-01
1.668951342450074593e-01
2.844673219683503951e-01
3.333634734418117751e-01
3.333634734418117751e-01
3.785813493456912093e-01
2.035340440227012548e-01
1.011988210069639654e-01
3.706213851958745642e-01
3.706213851958745642e-01
3.692323416405303149e-01
2.540444291941418298e-01
3.211338475536261727e-01
3.234722640810214767e-01
7.092209125779390666e-01
1.570189401341200164e-01
2.774370504338212196e-01
3.255807902130103404e-01
2.561094865170218116e-01
1.889363472246118614e-01
1.889363472246118614e-01
3.208978933586367210e-01
3.208978933586367210e-01
3.208978933586367210e-01
1.784825180258632626e-01
1.784825180258632626e-01
3.718828071587825246e-01
4.415197380793492998e-01
2.788238223173510333e-01
3.377316411391980133e-01
2.116092833367263504e-01
2.520736613454956365e-01
2.923009087484357282e-01
2.490709438677454479e-01
2.489058177803610550e-01
3.910027947217736277e-01
3.910027947217736277e-01
3.495998729726760845e-01
5.976631829299023924e-01
3.256618363525775051e-01
3.011940328009246048e-01
3.011940328009246048e-01
3.225299362868006003e-01
3.843701175902239919e-01
3.843701175902239919e-01
4.403645209636602997e-01
3.675598790272182614e-01
3.979260309239067150e-01
3.419140767017487814e-01
4.029233664219161737e-01
2.655216191968094441e-01
2.414091254613799087e-01
3.350273719877578382e-01
3.362740455327390410e-01
3.857600831916512263e-01
2.589829227832884939e-01
2.223848643780456658e-01
3.462841598564508350e-01
3.573269733952112448e-01
3.234542984153109257e-01
3.234542984153109257e-01
3.234542984153109257e-01
3.228158895035520004e-01
4.441955204095934251e-01
3.245658264913220403e-01
2.895919072746260259e-01
3.261146867930023729e-01
3.261146867930023729e-01
1.982028061751988091e-01
7.751289577066153846e-01
4.039283276292868208e-01
4.478307181592111053e-01
3.970009689826650701e-01
3.282055228742687403e-01
3.282055228742687403e-01
3.150366754434328898e-01
4.083802310694298332e-01
4.083802310694298332e-01
3.261203135176977130e-01
3.261203135176977130e-01
3.261203135176977130e-01
3.192599653463121245e-01
2.115842764981668844e-01
2.115842764981668844e-01
4.414585107314731860e-01
2.421609255913830527e-01
2.421609255913830527e-01
4.441302376185801704e-01
4.470868682023391161e-01
5.225290908271187362e-01
3.905665398059650628e-01
3.277261317038472899e-01
2.722013965875568764e-01
3.361525936591522878e-01
1.835263452069096635e-01
1.835263452069096635e-01
1.835263452069096635e-01
3.656721297901868173e-01
2.398672956701947967e-01
3.878799889381956967e-01
3.878799889381956967e-01
3.135179943531477553e-01
2.751471628955431403e-01
2.491721326105027501e-01
2.491721326105027501e-01
2.491721326105027501e-01
2.051729681422636009e-01
2.051729681422636009e-01
9.899276380651671481e-01
2.560428300081094566e-01
2.560428300081094566e-01
3.985382049822132067e-01
3.098176252638736861e-01
3.098176252638736861e-01
4.285224986137650682e-01
4.072619636284915967e-01
4.072619636284915967e-01
4.056237829762329716e-01
3.754741390234100917e-01
3.754741390234100917e-01
4.034653818252983970e-01
4.034653818252983970e-01
3.038713204454602246e-01
2.137257686894598885e-01
2.137257686894598885e-01
3.839559041959212937e-01
3.204377669120542782e-01
4.226188082840793281e-01
3.480291628140947946e-01
3.130976522555490860e-01
2.919110198940836898e-01
3.180770770676914494e-01
4.384914551313249254e-01
2.780035086973028924e-01
2.669239800153376807e-01
2.669239800153376807e-01
3.686802795585745751e-01
6.112468648157651785e-01
6.112468648157651785e-01
4.251305685053500261e-01
3.292377443359073008e-01
3.292377443359073008e-01
1.762755041449514670e-01
2.974365829149233087e-01
3.867801247646297513e-01
3.867801247646297513e-01
3.867801247646297513e-01
3.823966841928764238e-01
3.348795287965529721e-01
3.439211225417956874e-01
3.439211225417956874e-01
2.741124564032460520e-01
2.741124564032460520e-01
2.318295103632767862e-01
2.205587847261754608e-01
2.205587847261754608e-01
3.084152062450377652e-01
3.107674763587815470e-01
3.107674763587815470e-01
3.107674763587815470e-01
3.745225015119794665e-01
3.322355859100991071e-01
3.322355859100991071e-01
4.005842731390660827e-01
3.265825486492744401e-01
2.532677104935824874e-01
3.273474339003031308e-01
3.273474339003031308e-01
2.474725630639736940e-01
4.218675750599443774e-01
4.045642573095764027e-01
4.423015393230043113e-01
4.423015393230043113e-01
4.712590467043633047e-01
4.359998755733452969e-01
3.192206251996417277e-01
3.192206251996417277e-01
4.216858992576795750e-01
4.216858992576795750e-01
2.528544083824117994e-01
3.595744912931864157e-01
4.638113677321166195e-01
4.328517173387366745e-01
2.315201839543004902e-01
2.315201839543004902e-01
4.415634001638957251e-01
4.391243921631061142e-01
2.679286387884803333e-01
4.437222846639343188e-01
2.995885037563312814e-01
2.995885037563312814e-01
2.495806206534061100e-01
2.495806206534061100e-01
3.462334712747118792e-01
4.550620837279881203e-01
3.152704965266375225e-01
3.152704965266375225e-01
4.088378824522695965e-01
3.571270017194739244e-01
3.571270017194739244e-01
3.999612474989275857e-01
4.236757055480491752e-01
2.750180506224256805e-01
3.386163539292945113e-01
4.071386164891882542e-01
4.490183423772966531e-01
4.490183423772966531e-01
4.490183423772966531e-01
3.639116495219535952e-01
3.639116495219535952e-01
3.639116495219535952e-01
3.424886940355961751e-01
3.424886940355961751e-01
4.554609260861052777e-01
3.064310026875090021e-01
2.692453671968368933e-01
4.703424204991580870e-01
3.797023295095660056e-01
3.890304772476522732e-01
2.969633931929940296e-01
2.969633931929940296e-01
3.607157495166580796e-01
2.796939450223118739e-01
2.796939450223118739e-01
3.535001854657815468e-01
2.877792229934704737e-01
2.877792229934704737e-01
4.351316390971052273e-01
4.984509196804681741e-01
4.155214907053217388e-01
3.625322187004443864e-01
3.893471798866326439e-01
4.452323469093067976e-01
3.690196756345895945e-01
2.652675639967211896e-01
4.707205457909131030e-01
5.012670255497445604e-01
4.075495840039074502e-01
3.726300756165268901e-01
3.726300756165268901e-01
2.355645813761171881e-01
3.624582899739090536e-01
4.873738377288976964e-01
3.413760488756038547e-01
3.413760488756038547e-01
3.413760488756038547e-01
3.324975992303088046e-01
2.992087712338313277e-01
2.992087712338313277e-01
2.992087712338313277e-01
2.988978450676854082e-01
4.433871322724476927e-01
4.433871322724476927e-01
3.963362900094286601e-01
3.963362900094286601e-01
4.675016147619556195e-01
4.675016147619556195e-01
5.136716375501935161e-01
3.411779477316768117e-01
4.161281103798460945e-01
4.257456304322115859e-01
4.274885372433677166e-01
4.217530114619502668e-01
4.521156707897945881e-01
4.781410892239579269e-01
4.781410892239579269e-01
4.417468911141534949e-01
4.417468911141534949e-01
3.308826392572054020e-01
4.826854697710170061e-01
3.201553668873076131e-01
4.065540994723186308e-01
4.607256337399124879e-01
3.325659893109722542e-01
3.888261208782609057e-01
3.155217288614154403e-01
4.087700308318735209e-01
4.955634372269099863e-01
3.153724286773673113e-01
4.711505969691501261e-01
3.450915859379197759e-01
3.403821012383834721e-01
2.987199091332176093e-01
3.564388528479329188e-01
3.564388528479329188e-01
3.564388528479329188e-01
4.544498176600402228e-01
4.544498176600402228e-01
3.749412025835377471e-01
3.450442144905210284e-01
4.474057015027588236e-01
3.960950363946699748e-01
2.376344541190190396e-01
5.060588157673873155e-01
4.442475210502664917e-01
4.154963446082665657e-01
2.849086791395182283e-01
2.861105098439609140e-01
2.861105098439609140e-01
2.585384250635657244e-01
2.585384250635657244e-01
2.585384250635657244e-01
4.190554223752399055e-01
4.190554223752399055e-01
4.507257349167539950e-01
4.507257349167539950e-01
2.737557497594312328e-01
2.737557497594312328e-01
3.845226254928229559e-01
4.180643763867101237e-01
4.180643763867101237e-01
3.878764711199987891e-01
4.526309150933564007e-01
4.201181026613797220e-01
3.933460725413771009e-01
4.054777142565981207e-01
4.571637087492775864e-01
4.571637087492775864e-01
4.831803735361602237e-01
4.831803735361602237e-01
4.425618197000329435e-01
3.806495348438189708e-01
3.806495348438189708e-01
4.174657348471221274e-01
4.174657348471221274e-01
4.746506807860695898e-01
3.841255279077377405e-01
3.107984332072936118e-01
4.376815860813004777e-01
4.543445547945152985e-01
3.200045245996362975e-01
3.990590213114254547e-01
3.548367085302585044e-01
3.548367085302585044e-01
3.259134122403175016e-01
3.259134122403175016e-01
3.771429744547997176e-01
3.771429744547997176e-01
3.634440569359131956e-01
4.462998671265028250e-01
4.462998671265028250e-01
3.079712186224374260e-01
4.108337326894625496e-01
3.342648243847912148e-01
4.278372340241639038e-01
4.481370431321249348e-01
2.737324132635336471e-01
4.058484209667752030e-01
4.655962464001880963e-01
2.890167080471863215e-01
5.572916631617118588e-01
4.350204438919189620e-01
4.350204438919189620e-01
3.201746477280749681e-01
5.166514052088336806e-01
1.307630625837008231e-01
1.307630625837008231e-01
5.224115516800428294e-01
3.917271858560552045e-01
2.841618912806577191e-01
3.287457874812203529e-01
3.287457874812203529e-01
4.890665553651629138e-01
4.890665553651629138e-01
4.102153349973400864e-01
4.102153349973400864e-01
4.102153349973400864e-01
4.805808280043848968e-01
4.643461470482678766e-01
4.900912000912552857e-01
4.900912000912552857e-01
4.248919800544214698e-01
4.802912978524385146e-01
4.802912978524385146e-01
3.467771240926644238e-01
2.884963503729016110e-01
2.884963503729016110e-01
3.722102458337988029e-01
4.879708449718905827e-01
4.879708449718905827e-01
4.228445389352222805e-01
5.462524264505539406e-01
6.265669925760286585e-01
4.878079866853277102e-01
4.737036342375646747e-01
5.128938755975877006e-01
5.128938755975877006e-01
4.064675333623905540e-01
4.467310709506053246e-01
4.252168871720370391e-01
4.759752313384927880e-01
3.594747089001196771e-01
4.388540939563297383e-01
4.211718511740191739e-01
4.723010780002409037e-01
4.723010780002409037e-01
2.804324061184561567e-01
2.804324061184561567e-01
4.288521393463480269e-01
4.288521393463480269e-01
2.966469265461805227e-01
2.966469265461805227e-01
4.224808079905100211e-01
5.082442074335592475e-01
4.486915003413307068e-01
4.486915003413307068e-01
4.486915003413307068e-01
4.569968602934492141e-01
2.200103218861291232e-01
5.259284839866908978e-01
4.925236918160409982e-01
5.100431265820913884e-01
5.682008434339587133e-01
4.412995209396178287e-01
4.726284619002408816e-01
3.950474341469553119e-01
4.697967698904276235e-01
5.810677672793891357e-01
4.186012992616721662e-01
4.186012992616721662e-01
5.851435261435684598e-01
2.808745293515060304e-01
4.153922095482542320e-01
4.513808452047782249e-01
4.927817375252124266e-01
5.450915811972291136e-01
5.755899327288533929e-01
3.461085620623505221e-01
3.556758390547420934e-01
3.708638268865939724e-01
3.624759154411367201e-01
6.284860336906784584e-01
6.284860336906784584e-01
4.650574011696168020e-01
3.070445228187939080e-01
2.193675881868278610e-01
2.193675881868278610e-01
3.057583937787882733e-01
3.057583937787882733e-01
3.057583937787882733e-01
4.330077390364048262e-01
4.362148276774571731e-01
3.413174798969407231e-01
3.413174798969407231e-01
4.794911545246173246e-01
4.911855292944976026e-01
4.911855292944976026e-01
5.389075488633001676e-01
4.742601156718297961e-01
4.742601156718297961e-01
4.742601156718297961e-01
5.620387101868008495e-01
5.093207809037830769e-01
5.477511951731371953e-01
4.360103840821205057e-01
4.360103840821205057e-01
4.248120670290989609e-01
4.248120670290989609e-01
4.753432844228360210e-01
4.753432844228360210e-01
4.753432844228360210e-01
4.412573111429384243e-01
3.688258498225441273e-01
4.387516570528177673e-01
4.387516570528177673e-01
5.154883933716857269e-01
4.431498417419771907e-01
3.348828630208146029e-01
4.658170905308084975e-01
7.140201345498088381e-01
5.762435265551073549e-01
4.584072867800620954e-01
3.570566867445221226e-01
3.570566867445221226e-01
5.319319775291139196e-01
4.759500821698862127e-01
4.759500821698862127e-01
4.306595852290502346e-01
4.306595852290502346e-01
5.119840613614529135e-01
3.540082404384505277e-01
3.917513840740600162e-01
5.129573719004739685e-01
4.237077321042088118e-01
6.003363944493429472e-01
5.696929667932602026e-01
4.766627820055440168e-01
5.098878157328652350e-01
3.447849151687736313e-01
4.138175685856180785e-01
4.521290179030125755e-01
5.231207823043607652e-01
4.221129143633119973e-01
4.155797735580655239e-01
4.543517841628196829e-01
5.087321707017256056e-01
5.087321707017256056e-01
3.992172349487442262e-01
3.992172349487442262e-01
4.858651114635493262e-01
4.858651114635493262e-01
3.849156387539084956e-01
3.679524724570322758e-01
3.679524724570322758e-01
4.630095600460228944e-01
3.937169471222294881e-01
4.849899291692910119e-01
5.379249611814085341e-01
4.584873153797746070e-01
4.320846725065350391e-01
4.310171315086603894e-01
5.805099336592145498e-01
4.158784486360703747e-01
4.158784486360703747e-01
4.158784486360703747e-01
4.183880801534762273e-01
3.845062844298197113e-01
3.845062844298197113e-01
3.605496894007633735e-01
3.605496894007633735e-01
3.605496894007633735e-01
3.162171425523853663e-01
3.162171425523853663e-01
5.670218882379588488e-01
4.654062856723418240e-01
4.654062856723418240e-01
5.612438528753321831e-01
2.960403571283948265e-01
5.191058133018749965e-01
5.734449071948841681e-01
4.671909569681175767e-01
4.804822546703205743e-01
4.804822546703205743e-01
4.399082271013765033e-01
3.844409564082588160e-01
5.058761801006006475e-01
4.861954517275448029e-01
4.578850575192445205e-01
5.003314886326230004e-01
5.003314886326230004e-01
3.937516034359079820e-01
3.937516034359079820e-01
5.049046667944163680e-01
5.049046667944163680e-01
5.049046667944163680e-01
4.939257012872400043e-01
3.462144998430217169e-01
5.479122669567728643e-01
5.067699635176334816e-01
3.093101886433438641e-01
3.093101886433438641e-01
5.869749133836966726e-01
3.344209404551317655e-01
3.344209404551317655e-01
3.344209404551317655e-01
5.175901255814718827e-01
5.524859013793401719e-01
4.673534848493156035e-01
3.931167844926028998e-01
4.506544755381352019e-01
5.179490185326163232e-01
4.048907096278818729e-01
4.020884050796538767e-01
4.662034243199513761e-01
6.013025388133668159e-01
4.125324194627408847e-01
5.393489049440893801e-01
5.743561677369949381e-01
5.150510238637785454e-01
5.150510238637785454e-01
4.573531639415508998e-01
4.790539113564192264e-01
5.429176173386274229e-01
4.690205238173725810e-01
4.690205238173725810e-01
5.130181770318736900e-01
4.499996776527248055e-01
4.321554578234436117e-01
4.321554578234436117e-01
5.376804246041589908e-01
5.376804246041589908e-01
6.401911916605401709e-01
6.117290378341390111e-01
6.117290378341390111e-01
5.249009135682500826e-01
3.649365479947893065e-01
4.971137273559154135e-01
6.874281189518165469e-01
4.153613565857072198e-01
5.283504276398871546e-01
5.358098297894057227e-01
6.238994647231526081e-01
5.016620405027090168e-01
5.550864983509193884e-01
5.358228142978326280e-01
5.627664142192534413e-01
5.346846359778617552e-01
5.346846359778617552e-01
5.346846359778617552e-01
5.346846359778617552e-01
4.798432105033529904e-01
4.798432105033529904e-01
3.675959983455820979e-01
5.575621965730240825e-01
4.055196135054722761e-01
4.055196135054722761e-01
4.687670187685366030e-01
5.336733719874291459e-01
5.336733719874291459e-01
5.229661793197564190e-01
4.691662070191611744e-01
7.046032832791681022e-01
5.329160182946569568e-01
4.456596464874169050e-01
5.388577340119086179e-01
4.546994805098926173e-01
5.253245437864606515e-01
4.290045283630399831e-01
5.240034433047567886e-01
5.126552936538663063e-01
5.126552936538663063e-01
4.922684345940652739e-01
3.676296766311296094e-01
3.676296766311296094e-01
4.841252983015651989e-01
5.014286512811310104e-01
5.539731352205387038e-01
4.562063952168378123e-01
5.621152720048808726e-01
4.632817630253786012e-01
4.461906608879849245e-01
6.252625640580355970e-01
5.011246441802829077e-01
5.011246441802829077e-01
5.011246441802829077e-01
4.792818704708241007e-01
5.007174597790500226e-01
4.093678159462864063e-01
5.071182382883316908e-01
5.071182382883316908e-01
5.571400372395649558e-01
5.016136154180284024e-01
5.050361946545934844e-01
5.125748370496945316e-01
3.327255377362160482e-01
3.327255377362160482e-01
4.082026240314007848e-01
4.296131777293161758e-01
5.119888273504158427e-01
4.626231695015494139e-01
4.427886448787614615e-01
4.637095899276830746e-01
5.790895142447542998e-01
5.790895142447542998e-01
3.672046932459001045e-01
4.660846733643557172e-01
5.163631538220057049e-01
5.163631538220057049e-01
4.987995885249852934e-01
4.020207692354254569e-01
4.979376730629109238e-01
4.979376730629109238e-01
4.989594135245313811e-01
5.406699165386994466e-01
5.708464962615455995e-01
5.708464962615455995e-01
4.446229286132560854e-01
5.351038057111533464e-01
6.652729779201927984e-01
5.127584037256607274e-01
5.605403986666797067e-01
4.958233246808400052e-01
4.958233246808400052e-01
6.052250288163033565e-01
5.063419345731077215e-01
5.063419345731077215e-01
4.416175256444910824e-01
5.234930590153643593e-01
5.928930639168839001e-01
4.800261148365915220e-01
4.420295544623720763e-01
3.715465159101701276e-01
7.150066698719065306e-01
7.150066698719065306e-01
4.633091092299805869e-01
5.187450265005975059e-01
5.187450265005975059e-01
4.528295479414223834e-01
4.528295479414223834e-01
5.632030601359667710e-01
6.030462292021279147e-01
6.030462292021279147e-01
6.030462292021279147e-01
6.006596243582598138e-01
5.486517655513815095e-01
4.660518023796172971e-01
4.660518023796172971e-01
3.954193995649153415e-01
3.954193995649153415e-01
4.938776870223152149e-01
4.938776870223152149e-01
6.212889026034067452e-01
6.276851514815526834e-01
6.390016746297902950e-01
6.390016746297902950e-01
6.261034561977161239e-01
4.599721645721359109e-01
4.599721645721359109e-01
6.257000811629128689e-01
6.905441504885206916e-01
4.717400573817330245e-01
4.717400573817330245e-01
6.202832817978963798e-01
6.202832817978963798e-01
5.082297181446894241e-01
5.524019937709544470e-01
5.109557570025501372e-01
5.063446748754507620e-01
5.713328762071225864e-01
4.196509506048277105e-01
4.961398788657301884e-01
4.961398788657301884e-01
6.412122880639782307e-01
6.412122880639782307e-01
6.254776276925454459e-01
5.569801365710571606e-01
3.435676565863848841e-01
6.694174869949538476e-01
4.862980534182378967e-01
6.648781279986132331e-01
3.553142854477688850e-01
3.553142854477688850e-01
6.951843276959288609e-01
4.009541105442641085e-01
4.009541105442641085e-01
4.009541105442641085e-01
4.009541105442641085e-01
4.054556526843368092e-01
5.244095948700941978e-01
5.382472581798228850e-01
4.228958994767497703e-01
5.378515329339267348e-01
3.376314369290743245e-01
5.804221363506866238e-01
5.804221363506866238e-01
3.928828471257089228e-01
5.970136696673847831e-01
4.397514691753021676e-01
6.048673606566440375e-01
5.361330330009338452e-01
5.975214424542938385e-01
5.869211284454945998e-01
6.896013645335020703e-01
6.896013645335020703e-01
5.544316328786034198e-01
5.544316328786034198e-01
5.593674378798368929e-01
5.020751702596881749e-01
6.513078970095893538e-01
5.332307637080375695e-01
5.332307637080375695e-01
6.850756452611171943e-01
6.628416559058724067e-01
6.248026399408328491e-01
3.912930013535472762e-01
5.336478449824461068e-01
5.049526967021820134e-01
5.644284372790051574e-01
6.307123407570289775e-01
6.307123407570289775e-01
6.303606351432764487e-01
6.515897794368230578e-01
6.515897794368230578e-01
6.272257294532751493e-01
5.138336977783830584e-01
4.665054669194125259e-01
4.665054669194125259e-01
5.652986223204828908e-01
5.847703020129358942e-01
5.847703020129358942e-01
5.000537771541662124e-01
4.106747256175847238e-01
5.278149997307505226e-01
4.416430622325738242e-01
6.791285014472259185e-01
4.583125162424401267e-01
4.402023698846582733e-01
4.402023698846582733e-01
5.103583997092098201e-01
5.222173550567181799e-01
5.116174246131670600e-01
5.601669959256495579e-01
5.601669959256495579e-01
6.350570613464963099e-01
4.900221027383914185e-01
6.466852468800384779e-01
4.011582203918222511e-01
5.740626781875812767e-01
5.740626781875812767e-01
4.907567139514228960e-01
4.907567139514228960e-01
4.667957468413124200e-01
4.667957468413124200e-01
6.042694798617238572e-01
4.988738349805471040e-01
6.669754275560614287e-01
6.029618010987249921e-01
5.570697764959785525e-01
6.303313987432882515e-01
6.733973921586976497e-01
5.931226446024615573e-01
5.931226446024615573e-01
4.978393076990108024e-01
4.978393076990108024e-01
5.685027026278721696e-01
5.685027026278721696e-01
5.072125173211100568e-01
4.718180712485151029e-01
5.879586502515553592e-01
5.935879154053647078e-01
5.935879154053647078e-01
5.935879154053647078e-01
4.161788882051145610e-01
6.012742836407646285e-01
6.790322000304896966e-01
6.961174695418578251e-01
5.079558903958548699e-01
5.079558903958548699e-01
5.079558903958548699e-01
5.316990878648235608e-01
4.660464031781901273e-01
5.214207048718147997e-01
5.006340878228444646e-01
5.006340878228444646e-01
5.006340878228444646e-01
5.297731595994448206e-01
5.198655448153850500e-01
5.198655448153850500e-01
6.325074051493494443e-01
6.325074051493494443e-01
5.371448316733937745e-01
6.602824788550276658e-01
6.389558231123606546e-01
3.756682317942848792e-01
7.207275938631354517e-01
3.730586533412892924e-01
3.730586533412892924e-01
5.626145140673549649e-01
4.439159311638538608e-01
7.098806732448077472e-01
7.098806732448077472e-01
5.090454202794616467e-01
3.569989535746856402e-01
4.154023048120060735e-01
7.107304825758784528e-01
5.217531281569147694e-01
6.893095563516876689e-01
5.296241173756177645e-01
5.296241173756177645e-01
5.615186116792374449e-01
5.371942671980231010e-01
6.955532905778439856e-01
6.955532905778439856e-01
4.790569121152890020e-01
5.260574587942022928e-01
5.260574587942022928e-01
5.260574587942022928e-01
4.351292000313745079e-01
5.084083336221867366e-01
5.682513373125758216e-01
5.682513373125758216e-01
6.655128730911168411e-01
6.401209345226960279e-01
4.745441160470287856e-01
5.783688153224858519e-01
7.977110324174078171e-01
4.484369893680359986e-01
5.998982218151357459e-01
9.021126426717074320e-01
4.984765312042404029e-01
6.354485531241147456e-01
6.204811126868582383e-01
6.204811126868582383e-01
4.663840764932262739e-01
5.558969142431265942e-01
5.558969142431265942e-01
5.027044899023285218e-01
6.399234470548107456e-01
4.807342721632257843e-01
5.904733204107873723e-01
5.904733204107873723e-01
5.904733204107873723e-01
4.848091290265580944e-01
4.742697264403932245e-01
5.210338818271071926e-01
5.856566359752083395e-01
6.182072111734646658e-01
6.182072111734646658e-01
6.587660365084936354e-01
4.726829264835292754e-01
4.814972020853180990e-01
5.024548743349329660e-01
8.249006101674443148e-01
6.755580192299243114e-01
5.432860791833036274e-01
5.432860791833036274e-01
5.878657336319451643e-01
5.878657336319451643e-01
6.206867270226609223e-01
6.206867270226609223e-01
5.039432071341541919e-01
5.555564661658830561e-01
5.392385305663670581e-01
4.249465893058086419e-01
4.249465893058086419e-01
4.021976518840607029e-01
4.021976518840607029e-01
4.071240604764422844e-01
6.330047660132580578e-01
6.330047660132580578e-01
5.722557262196145134e-01
5.404557727637252507e-01
5.404557727637252507e-01
6.659787464010609170e-01
6.659787464010609170e-01
5.508289886068957752e-01
5.590420671055538193e-01
6.052916611252476820e-01
6.290219552562237304e-01
6.203777143695696772e-01
6.203777143695696772e-01
6.203777143695696772e-01
4.522447594812890048e-01
4.696330265628874123e-01
5.642038780261743325e-01
5.900122805861532926e-01
6.358128406453423809e-01
6.358128406453423809e-01
5.893530122742004496e-01
5.893530122742004496e-01
5.893530122742004496e-01
5.454878246442150802e-01
6.816118618759030579e-01
6.816118618759030579e-01
5.859494444622281861e-01
5.859494444622281861e-01
4.822534785503743149e-01
6.622717060385787669e-01
6.622717060385787669e-01
6.622717060385787669e-01
4.381712601445762467e-01
4.616650609804525129e-01
5.844696390290102794e-01
5.844696390290102794e-01
6.116755131694679992e-01
4.521248166121831780e-01
6.752027450362031447e-01
6.739051816045387167e-01
6.739051816045387167e-01
7.181248289352718528e-01
5.653664476457288535e-01
5.653664476457288535e-01
7.635046182299537465e-01
6.911576422718648249e-01
8.640894159237022532e-01
4.773407957737593188e-01
6.265424328877684523e-01
5.712478286309361497e-01
6.451153462734374733e-01
6.451153462734374733e-01
4.222640570991389453e-01
7.085922342023585063e-01
7.085922342023585063e-01
5.294578005570800272e-01
7.852932237603101884e-01
7.852932237603101884e-01
6.788455945389973989e-01
6.118681736370360502e-01
6.858564392736899995e-01
5.855592190662836094e-01
6.653760109975628279e-01
6.083844558862714358e-01
6.083844558862714358e-01
5.561405951510046686e-01
7.049310722177416499e-01
5.000769553422426128e-01
5.284049875649511341e-01
6.804499712590103000e-01
6.869898945122547840e-01
6.869898945122547840e-01
6.290274003665451419e-01
5.402970401664205502e-01
6.357632364029446315e-01
6.631273217987039281e-01
6.631273217987039281e-01
6.631273217987039281e-01
6.452201328395310576e-01
5.387837354955887781e-01
4.371738975155629037e-01
6.139297796965490495e-01
6.139297796965490495e-01
4.143453035612130742e-01
4.143453035612130742e-01
4.554300630324999988e-01
8.019565216882589276e-01
5.095505616530712212e-01
5.095505616530712212e-01
4.943662424283519208e-01
6.039135053380445539e-01
6.683642448945288361e-01
6.110183626099897625e-01
7.024176582109490363e-01
7.024176582109490363e-01
7.024176582109490363e-01
5.313660016793857466e-01
4.869341988482733807e-01
5.910996191482393858e-01
4.820282484756541752e-01
7.084595977354152252e-01
7.084595977354152252e-01
6.733751070492681734e-01
9.230853671072274391e-01
6.471946613188287456e-01
6.471946613188287456e-01
6.471946613188287456e-01
5.352924419350397756e-01
5.499236425223643643e-01
5.927883492735369630e-01
3.681972037297683853e-01
6.751119046590160488e-01
6.207822741015580625e-01
7.573621106921213375e-01
7.275065857469658059e-01
7.275065857469658059e-01
6.522494089763792857e-01
7.652574756265594358e-01
7.272027617097348573e-01
7.272027617097348573e-01
5.482564735688205682e-01
5.482564735688205682e-01
7.565945891343922591e-01
7.660345918187980718e-01
7.660345918187980718e-01
5.974686746631119316e-01
5.974686746631119316e-01
4.401000175820092841e-01
7.189557144318414750e-01
6.258070567163457332e-01
6.727982542887739337e-01
4.629674061055797929e-01
7.312572039397368107e-01
7.030197041657764156e-01
5.158122073085095183e-01
4.874616462457981858e-01
7.266121530206477441e-01
7.171372946890032241e-01
7.626617264471049484e-01
4.659208007546282171e-01
6.202446316297659523e-01
7.006683717928026134e-01
6.475055358590564580e-01
5.393652059039900637e-01
6.105081446489637464e-01
6.589383671312968316e-01
7.480682359263217673e-01
5.112937338046008584e-01
5.112937338046008584e-01
5.112937338046008584e-01
7.716003269004946263e-01
6.291625145094909000e-01
7.965160742488989198e-01
4.067423636623929695e-01
4.067423636623929695e-01
8.302502443650661146e-01
8.699515771126157260e-01
5.931292890943545837e-01
5.986552355331545838e-01
5.054259185564958790e-01
5.054259185564958790e-01
6.697872660227889297e-01
6.445763714585764914e-01
6.445763714585764914e-01
6.445763714585764914e-01
5.142818292760231724e-01
9.136880831284931448e-01
7.588455112547546344e-01
7.515357073965761581e-01
7.349591162910931175e-01
7.349591162910931175e-01
6.764140986466369299e-01
4.340823327066066772e-01
4.768304023079015241e-01
7.037565361853942436e-01
7.271471399718253403e-01
7.271471399718253403e-01
6.010071520849429305e-01
7.969239050597279883e-01
5.872471524477371752e-01
6.351287204574967982e-01
6.548310678495785631e-01
7.873071084743687997e-01
5.471814814837906438e-01
5.471814814837906438e-01
5.471814814837906438e-01
6.840941686241861497e-01
7.147212695567536356e-01
6.025973332600984556e-01
6.025973332600984556e-01
7.266837366323715131e-01
7.266837366323715131e-01
6.010213229456482509e-01
6.477473276128048463e-01
8.656966274998465494e-01
6.815649804623272745e-01
7.257058282303557872e-01
7.257058282303557872e-01
6.730201139336179361e-01
7.051668759297182731e-01
6.234916720163047321e-01
8.015519232390770910e-01
7.444450340942686539e-01
6.572959825303027470e-01
6.971236838545858960e-01
7.199542540725231143e-01
8.043967535268482516e-01
7.395643660483116610e-01
5.740141238101518217e-01
7.574190371330705718e-01
7.651898801255813121e-01
6.133572526720312279e-01
7.324495778574349192e-01
6.115058258850677442e-01
6.912099499309485306e-01
7.017784739409723693e-01
7.383533506241597433e-01
8.408177457624176343e-01
7.017113981096478881e-01
8.283479600805109255e-01
7.965304022409184226e-01
6.034228019474977556e-01
5.493718522251200831e-01
5.493718522251200831e-01
5.493718522251200831e-01
5.493718522251200831e-01
5.935184855793080860e-01
6.254973194652126978e-01
6.254973194652126978e-01
8.633843193110914971e-01
6.620534382999699874e-01
6.177580478722030088e-01
5.231074359535529128e-01
7.209102516618137724e-01
5.004025126163349491e-01
6.791901403400081305e-01
7.613225266896878063e-01
5.959609619437414851e-01
7.565460043873133422e-01
6.518973660430257278e-01
5.177080822963172624e-01
5.086331975182749598e-01
5.086331975182749598e-01
7.217565667809499041e-01
5.596954644674354551e-01
6.732343103109821314e-01
4.734785622013784057e-01
4.734785622013784057e-01
6.924215223453387136e-01
6.924215223453387136e-01
7.167410324378465925e-01
7.167410324378465925e-01
5.285424522801035474e-01
6.736024701604809151e-01
8.405690130229002133e-01
6.699164290992586368e-01
6.699164290992586368e-01
6.699164290992586368e-01
8.323619711489733675e-01
5.499447773058326883e-01
5.499447773058326883e-01
7.498626186106037705e-01
5.526566054996040478e-01
6.705605208015661400e-01
5.071208746884150464e-01
5.071208746884150464e-01
8.848805230598978389e-01
8.787618962500532982e-01
7.547179922123467000e-01
7.547179922123467000e-01
6.975739508291087798e-01
5.518596780719705608e-01
6.052310359348083146e-01
6.052310359348083146e-01
7.750193744655605732e-01
7.376219212821704119e-01
8.176801961638658911e-01
8.176801961638658911e-01
5.846428213995179535e-01
6.996184171810233554e-01
5.589200151185860221e-01
5.589200151185860221e-01
6.163725438831088033e-01
6.985396758546179585e-01
6.985396758546179585e-01
8.601601326939354308e-01
9.146505277889805940e-01
8.473410674729590086e-01
5.569745028368758843e-01
5.569745028368758843e-01
5.569745028368758843e-01
5.715365471440132517e-01
5.715365471440132517e-01
6.318162816473938959e-01
6.140880854534777056e-01
4.943444526192453115e-01
8.391878130349329501e-01
7.772266813798965890e-01
5.594554154239997912e-01
5.594554154239997912e-01
6.421200286915644817e-01
6.421200286915644817e-01
6.799539041983769794e-01
7.105844757544432788e-01
7.105844757544432788e-01
5.634065627266476861e-01
5.634065627266476861e-01
7.761877688578161516e-01
6.909613970629733259e-01
6.909613970629733259e-01
6.909613970629733259e-01
6.180861714821335173e-01
7.373007031153637758e-01
6.269885345236198004e-01
5.491728632837360458e-01
5.491728632837360458e-01
5.491728632837360458e-01
5.491728632837360458e-01
8.154976655044977596e-01
6.411014496846189070e-01
7.097050614892576048e-01
7.097050614892576048e-01
5.583818997369671688e-01
7.336963808655070363e-01
7.336963808655070363e-01
5.911130213069996087e-01
6.654554651738326942e-01
4.916605430900422014e-01
6.493576741715024747e-01
6.878728188439309221e-01
7.871630636613350385e-01
5.543582694638644615e-01
5.990551140251039186e-01
5.990551140251039186e-01
5.990551140251039186e-01
8.495922027755727912e-01
8.410383674160392120e-01
7.112150992299691721e-01
7.689718164709797854e-01
7.326022588832157290e-01
6.937100617214142506e-01
7.368484633707950149e-01
7.967088485432413103e-01
6.032152496031575328e-01
6.032152496031575328e-01
6.032152496031575328e-01
5.272439466340180791e-01
5.272439466340180791e-01
6.239044293519568907e-01
6.239044293519568907e-01
7.908352577433623853e-01
7.908352577433623853e-01
7.197143298722971094e-01
5.759363157186871973e-01
5.759363157186871973e-01
5.759363157186871973e-01
5.759363157186871973e-01
5.881044634004808369e-01
7.089918439580850107e-01
4.775577569339911066e-01
4.775577569339911066e-01
6.061191211357166431e-01
6.981222104076288959e-01
7.503588220563474076e-01
9.114744603035945802e-01
5.883877390703585730e-01
6.213542860103948851e-01
8.013703637441125238e-01
7.837857210457876977e-01
6.717647746826578281e-01
6.756629538100309418e-01
6.756629538100309418e-01
6.756629538100309418e-01
6.385982229405597899e-01
5.815991899538717202e-01
7.224647340550357510e-01
7.136984225835241169e-01
7.136984225835241169e-01
5.560111938851691749e-01
5.560111938851691749e-01
8.261489039073101059e-01
8.261489039073101059e-01
6.907780915454259096e-01
6.907780915454259096e-01
7.469969106444958040e-01
5.801102565068806394e-01
5.801102565068806394e-01
7.245247217015295949e-01
7.245247217015295949e-01
6.745746005610459006e-01
7.977085623678031867e-01
8.603557217062997031e-01
7.051875446347518617e-01
8.941992602935574519e-01
5.575635230529486508e-01
8.018742864034174023e-01
6.339205722916103625e-01
7.531660536661890504e-01
9.201593261445776273e-01
6.536967111638890549e-01
6.537120083391032566e-01
6.537120083391032566e-01
8.734442133790385476e-01
8.159545446422039605e-01
6.472838832238363427e-01
8.029170540990473448e-01
8.527579280997773514e-01
7.326044320514295549e-01
7.326044320514295549e-01
5.819386207684408285e-01
5.819386207684408285e-01
6.181178999171942356e-01
7.155645732271755932e-01
7.547076812259914114e-01
6.990866100923045501e-01
7.807860680514026042e-01
8.434716181172133842e-01
8.434716181172133842e-01
6.783737222338263040e-01
6.783737222338263040e-01
6.691464387299228544e-01
5.478468127863505011e-01
7.419897744986458932e-01
7.928673597586302080e-01
6.296236971463979870e-01
7.321644015727645227e-01
7.634768192677241494e-01
8.142287756120565323e-01
8.227500394759558189e-01
6.956257265704737236e-01
8.281466430312306448e-01
8.179371505620069982e-01
8.179371505620069982e-01
5.558855399495569172e-01
5.558855399495569172e-01
7.316885496784618637e-01
6.404479801053265531e-01
6.311998033956841558e-01
7.627305404782781517e-01
6.246954712567499568e-01
6.246954712567499568e-01
7.743447367955621496e-01
5.993499512517508343e-01
5.993499512517508343e-01
9.113562436831156299e-01
8.087858414733362089e-01
8.087858414733362089e-01
8.087858414733362089e-01
8.166306774838442140e-01
8.749854661224814034e-01
8.749854661224814034e-01
6.267868541430553497e-01
7.677099346960835069e-01
6.674617809894859422e-01
6.345434218044732066e-01
6.345434218044732066e-01
6.691539522650991056e-01
6.191760567964814665e-01
6.191760567964814665e-01
6.026468638207708173e-01
6.026468638207708173e-01
7.884932698123447992e-01
7.884932698123447992e-01
7.734237564694184108e-01
7.734237564694184108e-01
7.646600217413968004e-01
7.404595013105570445e-01
6.992789307284101863e-01
6.261879164968803257e-01
7.713377172693829387e-01
7.974656950922117682e-01
9.454643066351418046e-01
8.137350884488655511e-01
8.137350884488655511e-01
8.137350884488655511e-01
6.777487898299398017e-01
6.777487898299398017e-01
7.265725174184141100e-01
7.265725174184141100e-01
7.634858360390758270e-01
8.060149770584074114e-01
5.400514626076657887e-01
5.400514626076657887e-01
7.503188146462873576e-01
7.069081508316521489e-01
7.923556267001103937e-01
8.471733060505290958e-01
7.766288137453245533e-01
7.185599685057968422e-01
6.000004480791185646e-01
8.938657641615681548e-01
7.264726490384294522e-01
7.264726490384294522e-01
6.336189966519937267e-01
5.730803887602673452e-01
6.854102941358356516e-01
5.524958115908229495e-01
9.640039544527899684e-01
6.978144649208841699e-01
6.978144649208841699e-01
6.511424168163286730e-01
6.629955358154561162e-01
7.737580690282652718e-01
7.737580690282652718e-01
7.159577196439542712e-01
6.546676972687197615e-01
6.546676972687197615e-01
6.347567627653940558e-01
7.626855921345178091e-01
7.508079341033914167e-01
7.316622245525727930e-01
7.223535298385490577e-01
8.283753730036682583e-01
8.283753730036682583e-01
7.870954131224480177e-01
7.961757903006293491e-01
7.581998680147391534e-01
5.921729624844193074e-01
7.252827052339911873e-01
7.252827052339911873e-01
6.855130230749901799e-01
6.855130230749901799e-01
6.799005474134918181e-01
6.799005474134918181e-01
7.016423743179176498e-01
7.016423743179176498e-01
7.016423743179176498e-01
7.679208227081995020e-01
7.679208227081995020e-01
7.801852993118175705e-01
9.189987562924739617e-01
6.522668142034329097e-01
5.834234990443858404e-01
5.834234990443858404e-01
5.834234990443858404e-01
9.509010236266476346e-01
9.509010236266476346e-01
6.933997799200642964e-01
8.389228688992361738e-01
7.731455442344499218e-01
7.897787890226677376e-01
6.950213895537710185e-01
6.950213895537710185e-01
7.804562462862485450e-01
4.845554365789082052e-01
6.652177860244091745e-01
6.577797658302131367e-01
7.048041528893342900e-01
9.383464207059908357e-01
8.298331908961474879e-01
8.298331908961474879e-01
8.901101422044859213e-01
8.901101422044859213e-01
8.982168279441038461e-01
6.006413919263665635e-01
7.775384633004210899e-01
7.775384633004210899e-01
8.000886969410796468e-01
8.341452886750158058e-01
8.341452886750158058e-01
8.096473666579202533e-01
8.631878839092878009e-01
7.929771826897590303e-01
7.501802588732594534e-01
8.077514306518294163e-01
8.077514306518294163e-01
6.648134196462508472e-01
6.943553003632437770e-01
8.896271353654923164e-01
8.108615113352245496e-01
6.724320001307464434e-01
8.188766997283618565e-01
8.175556813041670035e-01
9.090849464987598161e-01
8.137700395701138456e-01
7.210974236090444967e-01
9.589458743941512431e-01
7.178608322069832681e-01
7.178608322069832681e-01
8.504941410646905675e-01
9.473342747471668046e-01
9.253326478373420372e-01
6.583797674405824640e-01
8.349181378400719611e-01
7.322877259811341188e-01
6.689184263796332797e-01
8.832330270489008317e-01
8.374223539119055593e-01
7.621892811997713624e-01
9.387384026231145873e-01
9.387384026231145873e-01
6.450350002855724796e-01
6.450350002855724796e-01
7.717059975955115059e-01
7.490255722517771275e-01
7.490255722517771275e-01
6.720472996736264193e-01
6.468830832466113678e-01
7.233350360130543777e-01
8.636861356064365891e-01
6.623937334466470928e-01
7.538406359540416046e-01
7.538406359540416046e-01
7.538406359540416046e-01
8.546407237194294515e-01
8.546407237194294515e-01
8.312667985174965191e-01
7.525585315011525944e-01
6.876892692984333255e-01
8.386624386788134045e-01
8.386624386788134045e-01
7.563971814644397940e-01
7.585044745307554237e-01
7.585044745307554237e-01
6.428345194811428964e-01
9.049667030517866140e-01
7.496185259163661296e-01
7.496185259163661296e-01
6.866718009094638919e-01
8.873473071868122064e-01
8.469909416404844960e-01
9.226745163533075500e-01
8.327877413330082579e-01
6.095199022509748543e-01
7.494919441799940962e-01
7.851088415869770243e-01
6.823598575173016600e-01
6.823598575173016600e-01
7.373527753939317364e-01
5.625597687542003289e-01
5.625597687542003289e-01
6.818418271320607627e-01
6.818418271320607627e-01
7.422388355665273663e-01
6.646197966860866169e-01
6.646197966860866169e-01
6.646197966860866169e-01
8.239574473855345582e-01
8.572737396642358121e-01
8.572737396642358121e-01
8.222941094833698950e-01
7.097411053300249906e-01
7.097411053300249906e-01
6.008585045625097765e-01
7.784140461951163381e-01
8.471564721497686357e-01
7.700954265493339390e-01
7.700954265493339390e-01
8.943628305954297586e-01
8.834415300603202237e-01
8.620490718375714012e-01
8.470698065226441864e-01
8.432961463428795268e-01
8.064591046070735958e-01
5.670345738865524288e-01
5.670345738865524288e-01
7.105378881594377471e-01
7.105378881594377471e-01
8.423605130651427020e-01
7.985105328329690222e-01
7.049136426043873804e-01
8.179091298814590294e-01
7.951048522108945527e-01
7.951048522108945527e-01
6.713914559397409221e-01
7.264107652342954857e-01
7.264107652342954857e-01
9.238874436635330367e-01
7.938253273424995538e-01
8.967025437721289904e-01
8.967025437721289904e-01
6.958167773577015325e-01
8.907056231087474574e-01
8.751518917262689490e-01
8.887371426827610499e-01
8.887371426827610499e-01
8.439057993165122173e-01
8.587885801899146632e-01
6.481933719555654783e-01
7.342545696567629454e-01
6.751561979595861462e-01
6.751561979595861462e-01
7.961165898838169497e-01
8.698995219201337559e-01
9.269081679323384337e-01
8.935515445283338520e-01
8.146723883920473641e-01
8.146723883920473641e-01
8.350847703339084882e-01
8.350847703339084882e-01
8.340867279937950185e-01
8.340867279937950185e-01
8.340867279937950185e-01
8.844375729390544505e-01
8.844375729390544505e-01
8.844375729390544505e-01
9.702295704951200417e-01
9.702295704951200417e-01
7.801016141929686398e-01
7.801016141929686398e-01
6.877212454011264464e-01
9.688433059555624505e-01
8.138024643536360125e-01
7.697214734039862227e-01
7.697214734039862227e-01
6.208043557169977689e-01
9.087383434716983510e-01
7.135319137826113822e-01
7.135319137826113822e-01
7.758183496183909122e-01
8.287244638348242320e-01
6.458863240460560595e-01
6.822702266274861538e-01
6.822702266274861538e-01
7.637289165583878159e-01
7.120972623909070931e-01
9.479663087225648210e-01
7.845992520740484588e-01
7.100341250136447124e-01
7.100341250136447124e-01
9.921984542853840017e-01
7.249372574378029066e-01
8.710798922308962133e-01
8.710798922308962133e-01
9.251796085438334094e-01
8.479750984976606176e-01
8.479750984976606176e-01
8.052891832763861002e-01
7.647314407026682970e-01
9.204689180352410016e-01
9.529509838989903558e-01
9.529509838989903558e-01
9.529509838989903558e-01
8.818706003755949485e-01
7.628610938800112207e-01
6.319397398054513726e-01
6.319397398054513726e-01
9.105086663232223598e-01
8.415702688763510020e-01
8.415702688763510020e-01
8.584091167016886237e-01
7.293649094591749815e-01
7.920370343834042259e-01
7.920370343834042259e-01
6.753537581680322255e-01
6.753537581680322255e-01
6.753537581680322255e-01
6.239712201292736404e-01
7.732440273175779089e-01
7.732440273175779089e-01
7.431542119144926017e-01
7.431542119144926017e-01
7.431542119144926017e-01
7.431542119144926017e-01
7.093336508183224476e-01
9.311427487971214445e-01
7.665702699067636905e-01
9.407560143796356300e-01
7.465865492097683020e-01
9.182068601527040297e-01
8.781379627976237945e-01
8.781379627976237945e-01
9.121313187831442404e-01
6.926356138018755493e-01
9.753606357655908443e-01
9.566494997794278143e-01
9.144393646642215989e-01
6.864114486973401652e-01
8.600043438913420601e-01
7.338204780073650513e-01
9.646495647873736257e-01
7.660038443195894553e-01
9.205700065179771574e-01
5.593040143220998628e-01
5.593040143220998628e-01
8.108782491408187409e-01
9.311416027634972226e-01
9.767628718520610098e-01
7.490390085197733416e-01
7.776029367182631935e-01
9.328699540629096232e-01
8.881158329830761700e-01
8.367376876195737889e-01
9.439412725893400191e-01
8.509289010551174259e-01
8.509289010551174259e-01
8.168148509035814131e-01
9.524385885132632401e-01
8.969284009699949323e-01
7.249002732243121638e-01
7.249002732243121638e-01
7.249002732243121638e-01
6.601491837455800704e-01
6.601491837455800704e-01
6.721132216243458357e-01
8.420652826409129599e-01
8.638874703857010173e-01
8.638874703857010173e-01
9.581194370599456223e-01
9.581194370599456223e-01
9.186625090401483451e-01
8.804563215208337512e-01
8.809099672850277951e-01
8.659018651242698095e-01
9.595135480047155552e-01
9.576016183541612437e-01
9.023324448460338099e-01
9.023324448460338099e-01
7.081665644187286057e-01
6.507659508445000629e-01
8.830886552170981174e-01
8.830886552170981174e-01
8.830886552170981174e-01
6.756876527136806976e-01
6.756876527136806976e-01
7.143845108871225147e-01
8.757433360611374118e-01
9.096688879419108087e-01
8.243372178537081707e-01
6.804963638301115836e-01
7.471718717619415528e-01
7.471718717619415528e-01
6.151347373315336764e-01
8.038557076026584536e-01
8.972526618590354053e-01
8.561176704388828718e-01
9.002631315372165988e-01
9.002631315372165988e-01
8.494482266168387197e-01
9.518570144508318176e-01
9.518570144508318176e-01
9.518570144508318176e-01
8.914753779209106943e-01
7.922995037671011209e-01
8.990150666975129656e-01
8.094192570466464121e-01
8.950724912134595534e-01
9.216662397652676253e-01
9.085163211272784256e-01
9.085163211272784256e-01
8.186420657534029255e-01
8.957765919352558281e-01
8.197027749125197493e-01
8.037923210113250283e-01
7.994416771299776014e-01
8.325717055629698882e-01
8.325717055629698882e-01
7.370642672745661983e-01
7.370642672745661983e-01
7.370642672745661983e-01
9.258414418890323905e-01
9.303623930814528542e-01
9.303623930814528542e-01
8.807290183820679630e-01
8.807290183820679630e-01
7.189827627450249281e-01
9.036396349096024183e-01
8.334206782383472012e-01
8.702154282732975643e-01
7.840679826833244492e-01
9.083118108102637978e-01
7.955789659811361991e-01
8.100275342203802076e-01
8.635761631425405982e-01
9.202879653940799765e-01
7.705157529812226569e-01
7.685573636487246230e-01
7.824931323793290483e-01
7.824931323793290483e-01
9.877572896998827456e-01
7.979108047524944292e-01
7.979108047524944292e-01
8.315073536082879802e-01
8.315073536082879802e-01
8.270301428761964724e-01
9.131985724442992503e-01
8.836029342519436947e-01
8.836029342519436947e-01
9.180850999054384065e-01
9.160148255531086470e-01
6.655616120309740813e-01
9.079269427626711630e-01
8.980946520845106695e-01
7.364263590557397210e-01
7.364263590557397210e-01
8.298689831373140535e-01
9.317055854932375647e-01
9.317055854932375647e-01
5.655667766737033642e-01
5.655667766737033642e-01
5.655667766737033642e-01
8.014842554377887840e-01
6.977185160742758185e-01
8.863793720207894244e-01
9.389181239548035629e-01
7.797259696145210084e-01
8.013872825637498032e-01
8.236523506144493023e-01
8.957270076728953700e-01
8.957270076728953700e-01
8.642441327749253999e-01
9.480157104148567715e-01
8.737384205254999925e-01
6.732453230824201329e-01
9.940220648804092285e-01
9.897304709601532080e-01
7.228688767256779002e-01
9.029787332519023657e-01
7.261064739096807497e-01
8.643569391877086172e-01
8.643569391877086172e-01
8.861020970256883178e-01
8.286512487375178315e-01
7.447718253530325461e-01
9.357849767810807462e-01
7.869313055671346424e-01
7.784573671241733495e-01
9.684874885086292018e-01
9.684874885086292018e-01
8.571374394848535472e-01
9.325177527401118382e-01
8.587392158475453119e-01
8.587392158475453119e-01
9.202241622310152191e-01
9.202241622310152191e-01
9.787807453577319627e-01
8.629336987188787056e-01
8.629336987188787056e-01
8.629336987188787056e-01
7.308287793521971443e-01
8.180940809420264026e-01
7.741902275861998195e-01
8.960779674544842033e-01
9.796872467399267981e-01
7.191573968828188779e-01
6.700626698188675290e-01
7.057085326836713968e-01
7.057085326836713968e-01
9.789385637018384045e-01
8.620438110023653788e-01
8.505599676720542179e-01
8.505599676720542179e-01
9.062555597936440277e-01
9.062555597936440277e-01
7.483306241930450797e-01
8.787870730928557528e-01
8.343788018336258938e-01
9.294456803105457521e-01
7.489773396928899318e-01
8.261193168827805078e-01
9.328435629856319800e-01
9.159839522106272280e-01
8.434547383399557674e-01
8.996816064462173079e-01
9.001186119943918040e-01
9.292029805911148355e-01
8.705921965255094541e-01
9.584797234674840016e-01
9.473995430419247521e-01
9.473995430419247521e-01
8.495868881728371180e-01
8.495868881728371180e-01
8.998823528227117841e-01
7.533946755721157018e-01
9.191291447400652403e-01
9.191291447400652403e-01
8.833083597240269924e-01
9.879997515392944241e-01
7.174638976138171254e-01
7.174638976138171254e-01
8.347128582351421855e-01
6.468954075398366532e-01
9.615412251073020000e-01
7.998518423992317938e-01
8.478510767256544067e-01
8.478510767256544067e-01
8.225428348927028566e-01
7.381141793699768083e-01
9.919835350157349962e-01
7.891746778616397506e-01
7.891746778616397506e-01
7.891746778616397506e-01
7.891746778616397506e-01
8.038407469432309327e-01
8.038407469432309327e-01
9.212062697415127621e-01
9.212062697415127621e-01
7.914151382277084812e-01
7.914151382277084812e-01
8.850924593441975574e-01
9.653669451597880480e-01
8.586475030405253950e-01
7.310268685222544027e-01
8.323020350022882763e-01
8.323020350022882763e-01
7.807660743672726333e-01
7.807660743672726333e-01
9.807267070496034078e-01
7.763669153312477977e-01
7.254548437288665941e-01
8.661650149072246396e-01
8.661650149072246396e-01
8.535281013614620660e-01
9.451472555989971491e-01
9.451472555989971491e-01
9.451472555989971491e-01
9.451472555989971491e-01
7.218170833907592288e-01
9.093809635430115668e-01
9.208845285525210089e-01
9.470513186937074002e-01
8.643611486256745913e-01
9.011448871583451758e-01
8.963779201213938341e-01
8.963779201213938341e-01
8.985060564945838157e-01
8.037953843883492988e-01
8.881612498555850888e-01
8.645395756312347357e-01
7.910599135901478229e-01
9.339501573642068344e-01
9.397989228787787530e-01
9.619188038594990164e-01
8.322513569402221201e-01
8.817444702805246060e-01
8.875714615106581329e-01
9.497586364565347994e-01
8.619098169748206084e-01
8.619098169748206084e-01
6.907454167315022486e-01
6.907454167315022486e-01
9.735100784176972111e-01
9.735100784176972111e-01
9.597894790241492391e-01
9.571735734482520463e-01
9.357261718856280108e-01
9.149573845080222201e-01
9.149573845080222201e-01
9.059626753046972070e-01
9.059626753046972070e-01
9.511789512784734058e-01
9.511789512784734058e-01
9.808746509154320226e-01
9.808746509154320226e-01
8.952445714645549391e-01
8.952445714645549391e-01
9.451229332804963468e-01
9.451229332804963468e-01
8.968750395209122983e-01
8.358462901131340217e-02
8.986823361162045165e-01
9.794031241785463582e-01
9.794031241785463582e-01
7.472732550597869228e-01
7.472732550597869228e-01
9.845937294950175556e-01
8.427901714474380634e-01
9.750074854654168233e-01
8.782299905113045702e-01
9.187094410665780364e-01
9.187094410665780364e-01
9.187094410665780364e-01
9.076587588678579621e-01
9.397771070981786323e-01
9.397771070981786323e-01
8.716642435879506934e-01
1.143129984404153282e-01
9.553055833972942112e-01
8.189972233550613101e-01
9.855356083853855642e-01
8.715554952598602023e-01
8.837222873423865588e-01
9.462776688181792073e-01
9.462776688181792073e-01
9.493104929029567707e-01
9.246583497245044470e-01
9.737748401553609767e-01
8.519037928808912419e-01
8.519037928808912419e-01
9.217466842587027642e-01
9.686389728489880335e-01
8.844563494144557225e-01
9.138941846623775955e-01
9.500813810142083593e-01
9.500813810142083593e-01
9.178389014796107803e-01
9.900582968253788252e-01
8.769723729842691107e-01
8.313616198762927567e-01
8.313616198762927567e-01
9.595340159909423461e-01
7.867423233254069448e-01
7.867423233254069448e-01
6.843826131005369129e-02
7.390573561799042013e-01
7.390573561799042013e-01
9.449619597428240425e-01
9.449619597428240425e-01
9.394835890845539828e-01
9.394835890845539828e-01
9.762370231467616399e-01
9.742251892860676055e-01
9.742251892860676055e-01
9.385898572672112250e-01
9.202317068935219613e-01
9.501062182182503646e-01
8.612933457690115091e-01
8.612933457690115091e-01
8.612933457690115091e-01
8.566714045251669907e-01
8.758647751308130669e-01
8.927471588271461700e-01
9.742630199219247666e-01
8.991196152174462108e-01
8.991196152174462108e-01
8.433965486089169961e-01
9.861005820263387678e-01
3.822609798952457671e-01
4.549566087296276207e-01
9.464620412300172037e-01
9.588561381860668531e-01
9.074992231142323673e-01
9.182306945235442219e-01
8.989103493992154359e-01
9.140380500875795455e-01
8.778102242554591816e-01
8.778102242554591816e-01
9.528249723389502490e-01
8.931181025321631717e-01
9.570519138807274118e-01
9.270097739524527647e-01
9.248536563120886012e-01
9.248536563120886012e-01
8.188501800538792175e-01
7.056787378681687040e-01
7.056787378681687040e-01
4.607548330826595762e-01
9.246113765139112317e-01
4.957287476318352759e-01
4.957287476318352759e-01
4.957287476318352759e-01
9.494982942411711591e-01
9.200400024597313875e-01
9.200400024597313875e-01
1.209493833038537969e-01
6.462618251270724201e-01
5.393167642630062319e-01
5.393167642630062319e-01
2.054216651109346536e-01
1.347285783687524607e-01
9.544736940971466910e-02
1.806286875508903433e-01
9.075214851548815687e-02
9.887733784790665725e-02
1.066073848645704425e-01
3.090260531469745109e-01
1.102916105502492750e-01
1.507551778091337780e-01
1.211956783965673495e-01
1.193739435703008722e-01
1.388532952227917450e-01
7.603400350405968566e-02
1.258397296540089416e-01
1.370355568695481030e-01
1.370355568695481030e-01
1.174688337574178038e-01
1.558354999675376773e-01
1.635403695782376432e-01
2.420806212554909576e-01
1.312455415311868656e-01
1.561101153525112084e-01
9.221351229968757779e-02
9.221351229968757779e-02
9.221351229968757779e-02
5.697470087257208715e-02
1.397564584367073370e-01
1.506377128728450532e-01
1.712863213929254613e-01
1.340464030944423235e-01
1.573843018909596436e-01
1.779419392110105635e-01
1.646901582596947966e-01
1.719705678333397214e-01
1.385259444757801495e-01
1.787608828227755520e-01
1.448587950723714546e-01
1.715429210268588633e-01
1.579802630571337518e-01
1.395171441872752605e-01
1.499425562827785829e-01
1.259320833243371407e-01
1.474275386973977475e-01
1.823872776987739419e-01
1.926681540958971872e-01
1.817494352583368111e-01
1.014449760941624062e-01
1.527357855294917410e-01
1.527357855294917410e-01
1.586837243286293164e-01
2.065926065167753289e-01
2.829761164429914766e-01
1.625039893729476603e-01
1.445979594752167807e-01
1.740358753143975146e-01
1.630314374595405458e-01
1.392125392261132633e-01
1.683169870697981962e-01
1.604384480973276572e-01
1.601193666059463894e-01
1.851769622690128680e-01
1.736897947824911637e-01
1.428729016451750766e-01
1.040192850430234767e-01
1.917222746909640618e-01
1.454035688363428391e-01
2.117478116964766621e-01
1.840807048700016102e-01
1.724185704415429343e-01
2.102096513883056073e-01
1.625717815952192613e-01
1.587899863063579331e-01
1.507775562574931449e-01
1.205745273319420441e-01
1.747259032676557466e-01
1.669186931808726015e-01
1.105644260338988771e-01
5.555172845033178736e-02
2.114794621869557356e-01
2.114794621869557356e-01
1.636956909736914656e-01
1.914756880652339899e-01
1.359820211725752404e-01
1.787202433916518507e-01
1.397248092270377828e-01
1.482574218416230771e-01
1.493123779697811959e-01
3.748957743099911033e-01
1.068504145657443311e-01
1.455312795431598638e-01
1.649824111844445385e-01
1.704033179667293341e-01
1.436283261685503132e-01
1.802441466321556829e-01
1.826098751743496507e-01
9.742078069532215945e-02
1.464317663040994866e-01
1.861373170037720626e-01
1.956413429808318560e-01
6.566006045731961893e-02
1.633102127603265341e-01
6.173331020455487261e-02
2.115990581459873954e-01
1.404205213345081915e-01
1.637487461237001340e-01
1.922166665565278876e-01
1.329882191499906496e-01
2.235215507420680869e-01
2.081364839340388850e-01
1.876201425161223291e-01
1.466426768581216566e-01
2.344588697083831996e-01
2.272493746439684936e-01
1.937946960438388100e-01
1.785459166725549829e-01
1.850581531121336110e-01
1.349171116509689239e-01
1.846686828466955199e-01
1.926348870016835468e-01
1.686379932105241952e-01
1.686379932105241952e-01
2.013534617795668669e-01
1.931896855602582563e-01
1.843169078726331900e-01
2.217633170354536831e-01
1.473470114656766639e-01
1.473470114656766639e-01
2.361187903584250070e-01
2.195020307749718513e-01
1.586338071533563432e-01
1.048122416788198341e-01
1.546998592113407456e-01
1.896209279352627231e-01
1.827186385323178452e-01
1.390991281903354582e-01
1.368519739954184855e-01
1.362282397887937258e-01
1.157336621379987940e-01
1.784785824353967154e-01
1.352899820203332104e-01
2.029601429641422761e-01
1.879652366629690485e-01
1.992432354257647475e-01
2.074154620308500674e-01
1.312792051795727832e-01
1.823748224662254391e-01
1.556069795529803346e-01
1.580864091282447870e-01
2.234652538646668685e-01
8.602222001979498156e-02
1.969600529226505636e-01
1.954377764177754606e-01
1.578207014993480428e-01
2.158601706568482881e-01
2.277084311860883004e-01
1.956496864496368726e-01
9.936554463982380514e-02
1.844586937993766829e-01
2.134358655821697592e-01
9.890665488420694040e-02
1.971356022248612616e-01
2.156294826482610116e-01
1.919017493460851154e-01
1.725416832701170688e-01
1.619886920749913362e-01
1.619886920749913362e-01
2.103887368386485601e-01
1.554786319745020129e-01
1.636272887525006547e-01
1.957873730689329572e-01
2.231498835546888715e-01
1.860262981618206746e-01
1.042634060060658036e-01
1.427566194700669588e-01
1.595130751653701939e-01
1.748991103510634526e-01
1.616272794314311534e-01
9.201349636311403901e-02
9.201349636311403901e-02
1.345826853250102484e-01
1.908719046514858741e-01
2.518817306479000928e-01
1.528686240027017362e-01
1.171154675971849968e-01
1.287125512635998170e-01
1.276399404827414097e-01
1.556850168350377428e-01
1.792405802873971166e-01
1.042626691915702619e-01
2.226993061837604648e-01
9.495749362689646922e-02
1.281103766340498662e-01
2.115745162587587269e-01
5.065313534144878782e-02
5.065313534144878782e-02
1.093227357128443294e-01
1.635081333409541537e-01
2.054036558253033162e-01
2.228845713380219196e-01
1.573966730757726529e-01
2.293772216288713084e-01
1.084244396951690309e-01
1.827760377780016654e-01
2.372258403478177125e-01
1.216275202536221539e-01
1.174892572579259442e-01
1.923488093341210459e-01
1.915042391680676082e-01
1.912979165001676696e-01
1.987612324711508782e-01
8.994379602722342437e-02
1.514136271869941375e-01
1.825184519121547944e-01
1.345640967358420481e-01
1.568509584497187470e-01
1.534880738455246807e-01
1.406181013767622001e-01
1.438798190974125424e-01
1.180006433129596466e-01
2.155422138501210394e-01
9.174926543606704010e-02
2.431381256970709115e-01
1.253055971109902633e-01
1.315668950690858374e-01
1.294918477721258010e-01
2.065101661506835995e-01
2.065101661506835995e-01
1.773586418986274615e-01
1.896162960085835958e-01
7.819390773480570933e-02
7.819390773480570933e-02
1.837400926786924016e-01
1.698795622713339948e-01
2.155535598143500653e-01
1.539705666496495318e-01
1.541728621907579588e-01
1.555666641455427934e-01
1.924326136133499288e-01
1.619821324036166410e-01
1.465667446154483577e-01
1.614472776663108400e-01
1.519105320298952955e-01
9.730335051290819881e-02
2.013574545273848770e-01
1.544534371588659472e-01
1.089341243847914004e-01
1.566651190364810597e-01
1.085213941204624805e-01
1.787087549874281367e-01
2.010106448901985976e-01
9.780937413364527988e-02
1.656803973974293187e-01
2.163706235484232632e-01
1.512139494934925388e-01
1.299141300856305192e-01
1.536719182491581015e-01
1.536719182491581015e-01
1.088474461452870329e-01
1.615573752771891358e-01
1.615573752771891358e-01
2.441054972594557115e-01
2.441054972594557115e-01
1.213536699246879208e-01
1.207940072833745271e-01
1.405905660152181047e-01
1.016176507631304377e-01
1.016176507631304377e-01
1.179584981438826785e-01
1.179584981438826785e-01
8.356003218793713050e-02
8.356003218793713050e-02
1.406387467263054414e-01
1.189187295025547209e-01
1.690638272588316504e-01
1.681970424435997036e-01
1.920511314031515537e-01
2.174227430953008522e-01
1.785662813289275452e-01
1.479073315159442625e-01
1.142995401544732725e-01
1.142995401544732725e-01
1.591676718779142796e-01
1.190295350036621458e-01
1.577291453993082126e-01
1.568407858636547969e-01
1.650030983853565114e-01
2.059904107540291296e-01
1.837552875267915997e-01
1.837552875267915997e-01
1.936167915445064502e-01
2.047358071082592545e-01
1.381110659351712233e-01
2.077496950221478789e-01
7.330905969736307981e-02
1.932723968762040112e-01
1.609251246132878121e-01
1.609251246132878121e-01
1.412902642858784863e-01
1.370727287779938408e-01
1.852923872672924688e-01
1.095547892200594425e-01
2.196544600038853601e-01
1.680017836494780703e-01
1.842648113433567880e-01
2.069532439402494428e-01
2.069532439402494428e-01
2.069532439402494428e-01
3.038877541311408303e-01
1.466484571954037308e-01
2.746495794657971001e-01
2.654163649636440137e-01
1.858593694843950483e-01
2.162100318720372727e-01
1.090851228372412690e-01
1.748818913573184364e-01
9.105046542805612930e-02
2.084075627538547471e-01
1.989138116085632790e-01
5.248429376284496212e-02
1.706438919344990535e-01
1.675491560976385963e-01
3.289755351215061241e-01
3.549794588141776397e-01
1.615005326481866177e-01
1.651098386674960394e-01
1.801761697949359475e-01
1.443957832953392528e-01
1.470937830104673272e-01
1.470937830104673272e-01
1.452646066187041618e-01
1.655429869938671583e-01
1.602520280204760839e-01
2.314920792911720482e-01
1.779593934116549259e-01
5.339682271331027685e-01
5.339682271331027685e-01
2.112994572115635961e-01
1.482073266264594402e-01
1.305755570481461902e-01
1.320761145088132082e-01
1.486725684988305929e-01
1.538712265005167945e-01
2.124964169254852653e-01
1.383093704405960467e-01
1.874008691809490590e-01
1.035426965573447988e-01
1.633293693818528847e-01
1.853286754198752717e-01
1.316427692557314844e-01
9.083842435048065933e-02
1.748092256437151493e-01
1.607998440526977602e-01
1.165999214969068026e-01
1.165999214969068026e-01
1.900028458946652621e-01
1.140194810446860801e-01
1.140194810446860801e-01
1.687952656409471008e-01
2.223206885019898826e-01
8.826914072507037468e-02
8.826914072507037468e-02
6.192008560401587175e-02
6.192008560401587175e-02
1.331355009165011150e-01
1.012555332875589020e-01
2.371715593514527876e-01
2.371715593514527876e-01
1.172715361044952553e-01
2.021959238462016362e-01
1.772280550863327420e-01
1.266182233160838555e-01
1.426492834187901015e-01
1.426492834187901015e-01
1.530534477982391506e-01
1.513727851582655493e-01
8.691147860261946856e-02
1.793821517257485343e-01
1.399428953691396471e-01
8.142175793682267237e-02
1.885801996243592626e-01
2.582891152036203009e-01
1.792092403469589812e-01
1.807965692403668834e-01
1.450698204117635004e-01
1.953611884237804464e-01
1.804253825144928880e-01
2.227751284453647895e-01
1.321948048994936731e-01
1.647777371371720589e-01
2.619276970526653314e-01
1.653696009106104536e-01
1.559176183781640634e-01
1.827119810899056618e-01
1.685155597352910872e-01
2.215906555032136627e-01
1.762280448335668548e-01
6.811529515898355480e-02
2.328619529865852966e-01
2.076408222791001623e-01
1.441775456323230731e-01
1.139241324157459490e-01
1.808650426930622501e-01
1.640101920212566622e-01
1.561954295417325167e-01
1.577076114319243272e-01
1.625957319392195011e-01
1.996708490843412120e-01
1.797103972625496704e-01
2.032687112165330878e-01
3.508311372010871065e-01
3.633961102875719051e-01
3.507103642644677222e-01
1.943847467491978120e-01
1.379717486337613819e-01
1.081790823521201206e-01
1.848871692578502868e-01
1.896048528707343361e-01
2.006542140316183997e-01
4.056303433397260849e-01
1.233956244421860055e-01
1.257218668058922573e-01
1.423325795984152209e-01
2.177248685724038624e-01
2.177248685724038624e-01
2.126117300799318655e-01
1.788286263782145891e-01
1.022889443907918361e-01
5.767421725520146397e-02
5.977057789327618748e-02
5.977057789327618748e-02
1.763487828730661011e-01
2.948514086214072960e-01
1.788711095751293889e-01
2.930358490201293020e-01
2.070238458234899548e-01
1.329490101358206666e-01
1.388875890514015832e-01
6.119359318558513505e-02
1.593266415879384390e-01
1.848139610314815939e-01
6.870032186423885578e-02
5.492265133965799906e-02
1.450001309373157021e-01
1.450001309373157021e-01
8.223879537245291915e-02
8.223879537245291915e-02
1.764750467762102037e-01
2.685098491314806268e-01
1.257516448522674191e-01
2.011805426687239273e-01
1.068098223341526348e-01
1.150227853309380432e-01
1.150227853309380432e-01
4.549747172559033270e-01
8.439543033742012701e-02
5.774302636619593754e-02
3.133446922841460758e-01
2.270845102218871092e-01
1.780470466714410838e-01
6.333673908126376262e-02
2.229235759778071535e-01
1.873694561249618085e-01
6.337188686849763719e-02
1.728264996132421460e-01
1.727070022919270087e-01
7.331705961903677016e-02
1.491578041736953131e-01
1.202909493679231445e-01
1.736769604190111782e-01
9.510347681275520271e-02
6.544933509563030105e-01
1.755442921243934029e-01
3.903978250777880854e-01
2.993902443190241680e-01
2.005288525337883543e-01
2.726614118266974529e-01
5.733945640279492634e-02
5.733945640279492634e-02
1.698217260243623239e-01
3.917924044117921389e-01
1.407335953442061249e-01
1.407335953442061249e-01
1.161854982994672963e-01
1.307246652720448488e-01
2.655765289413315466e-01
6.234428078969234122e-01
4.898982533680977802e-01
8.941720106948956859e-02
8.747019341113276836e-02
1.095563227954687996e-01
1.095563227954687996e-01
2.028488190597324548e-01
1.112034087832197565e-01
1.720398669123641144e-01
2.598189175641610893e-01
1.710002233513918668e-01
6.474298728171669071e-01
4.231751635400334832e-01
1.781834323109728613e-01
3.983976497358193702e-01
1.348667538062279514e-01
1.348667538062279514e-01
7.107565332789526902e-02
7.107565332789526902e-02
5.705999830786526728e-01
1.656703845476225345e-01
1.353075720520397485e-01
3.987715181196160863e-01
2.072390371433792677e-01
1.702383033219163622e-01
1.702383033219163622e-01
1.596631378136315893e-01
9.518972811680107005e-02
1.562986793900861815e-01
9.616770918984843264e-02
1.203649249875455435e-01
1.469496103868379311e-01
3.392621537868094062e-01
3.392621537868094062e-01
1.494905509852546555e-01
1.382644487218643303e-01
1.382644487218643303e-01
1.620550064261835899e-01
1.620550064261835899e-01
1.533572395450279180e-01
4.251278998214590987e-01
1.659455991415401122e-01
7.943061831173273135e-02
2.772597966673525094e-01
1.950554042697429380e-01
1.214721232356692493e-01
1.214721232356692493e-01
1.133624092133137945e-01
1.534621529296831544e-01
1.188433282398052709e-01
1.779658039945030412e-01
9.853175631240160270e-02
3.202843748118414102e-01
1.347557736710803533e-01
8.150700398035788663e-02
8.150700398035788663e-02
8.150700398035788663e-02
8.150700398035788663e-02
2.787391080891752360e-01
1.171273822085522470e-01
1.340985228644946958e-01
1.340985228644946958e-01
9.415303666694267715e-02
1.031715675353030437e-01
8.586171221558761002e-02
8.586171221558761002e-02
3.080437402855598084e-01
1.300909892257025580e-01
9.864990231387715802e-02
1.390274403468574060e-01
1.390274403468574060e-01
9.869890583272977747e-02
9.869890583272977747e-02
1.458675108199109505e-01
7.385409600473204217e-02
5.528886982181108189e-01
9.787105247315243395e-02
1.183656379376015477e-01
5.080142669066718686e-02
3.161460239944803852e-01
1.728407146581899534e-01
1.333481013339694599e-01
2.140246114182786652e-01
1.785735745386975437e-01
1.785735745386975437e-01
1.785735745386975437e-01
1.785735745386975437e-01
6.198001170325661419e-02
6.198001170325661419e-02
6.198001170325661419e-02
6.198001170325661419e-02
6.198001170325661419e-02
5.645866331716299369e-01
1.866734553885928682e-01
1.660372639087405178e-01
1.660372639087405178e-01
1.735608554158031280e-01
1.826207321810617290e-01
5.849835456869344474e-01
1.997163393401524545e-01
1.997163393401524545e-01
5.669159988798624372e-01
1.781659945535241374e-01
4.045233737833988097e-01
5.909956620784891923e-01
5.909956620784891923e-01
1.424344208348405916e-01
8.992391425391170479e-02
1.927921116493330755e-01
1.811189699712641155e-01
1.811189699712641155e-01
1.167661198708266485e-01
1.929134766161555159e-01
1.064643170009047235e-01
9.720055296790112986e-02
1.248273401321123438e-01
1.085373754464577234e-01
1.817036474687976078e-01
3.052793456867183841e-01
9.366818488717536251e-02
1.356598765080859470e-01
1.260787789372727896e-01
5.812749954973592814e-01
5.812749954973592814e-01
6.103941687541231120e-01
4.612504292985835086e-01
4.612504292985835086e-01
2.924301070114680434e-01
8.582058233154955806e-02
8.582058233154955806e-02
9.823291540777875919e-02
2.474612188949902036e-01
2.474612188949902036e-01
1.091704762107510024e-01
9.155919563480167944e-02
4.466374361717682651e-01
1.761144711645717120e-01
1.761144711645717120e-01
2.663432149538664251e-01
1.456150602112502579e-01
2.563002804559398884e-01
2.230155957875810391e-01
1.331206440577789862e-01
3.047205639133066524e-01
8.996719995534516179e-02
2.622215495922855522e-01
3.543264572183671413e-01
2.310556019942495432e-01
8.389725658813075582e-02
8.389725658813075582e-02
1.630595922141974130e-01
7.345251903754825007e-02
2.555913975809442351e-01
2.555913975809442351e-01
1.376264483182872977e-01
1.376264483182872977e-01
3.564178407674630789e-01
5.841420089775707647e-02
5.841420089775707647e-02
5.841420089775707647e-02
5.500493194616162124e-02
5.500493194616162124e-02
8.752556470347862272e-02
9.467642291658595610e-02
2.567852368858164480e-01
1.346178769970024780e-01
1.346178769970024780e-01
6.787836985599821071e-02
3.685243484800072022e-01
8.947889380339001109e-02
5.852845161929792761e-01
9.779985086122563454e-01
1.415560981254403161e-01
1.415560981254403161e-01
9.575796892128755899e-02
2.824266078032063865e-01
1.273753013959288416e-01
1.721677932500978170e-01
9.153450089452015714e-02
2.711412240099212445e-01
3.299225871957867096e-01
1.525211333316054130e-01
3.389201301898424057e-01
9.075855534386387258e-02
9.773317565442911636e-01
2.308962905628486884e-01
1.014833491473132315e-01
5.008134878194645534e-01
9.227400363933775662e-02
2.855414437623431390e-01
1.727863325213160606e-01
7.125380650006021277e-01
1.321637818246160501e-01
2.272913636049994912e-01
1.096559596260841679e-01
1.096559596260841679e-01
1.124306847206378440e-01
1.124306847206378440e-01
1.249832837638926442e-01
3.748822164237243237e-01
3.748822164237243237e-01
2.581723870306515400e-01
1.348861884960008417e-01
1.101376125650593979e-01
1.079021125271631965e-01
9.702106655413607339e-02
1.115108242505989666e-01
1.475975025285042597e-01
1.890717101862516014e-01
1.228932671442193036e-01
1.331125558026241829e-01
1.894288329082680633e-01
4.951522830167106037e-01
9.083824216609687197e-02
1.505490459552572546e-01
1.025585054682103675e-01
3.483659732565270728e-01
8.182178267400123939e-02
2.249729567113480655e-01
7.005250567897074176e-02
7.005250567897074176e-02
7.005250567897074176e-02
1.706971372408327414e-01
1.706971372408327414e-01
5.400446609387427044e-01
3.368838997570445248e-01
3.384139694439016188e-01
1.044763413607242702e-01
1.044763413607242702e-01
1.682431243169745516e-01
4.415619835076726729e-01
1.168990888733545813e-01
1.168990888733545813e-01
1.168990888733545813e-01
9.645611650132664139e-02
1.406729137865642132e-01
1.006646479954416695e-01
2.598818932995801134e-01
1.592356766873365137e-01
1.592356766873365137e-01
2.438447223171885114e-01
1.431657868800858824e-01
2.464746011059031905e-01
1.111190582729143228e-01
1.652055030383499379e-01
1.652055030383499379e-01
1.652055030383499379e-01
3.525153541578166516e-01
1.150735546334054477e-01
1.024239148959608381e-01
