a_2
2.835919294184603978e-01
5.389217478318346632e-01
5.389217478318346632e-01
3.392418535654781464e-01
2.357838759000377982e-01
8.488067005487027750e-01
4.265407106158333184e-01
4.549027566860293637e-01
7.672379759176248815e-01
7.638832621528630906e-02
4.944129109246373499e-01
3.277475870837556760e-01
3.277475870837556760e-01
7.928031980757965780e-01
1.562857802948264263e-01
4.922715830392774827e-01
4.922715830392774827e-01
1.900815759808256178e-01
7.284000196475399758e-01
7.228240371662450481e-02
1.608917478211895624e-01
3.352428122315360692e-01
4.912133739307800173e-01
7.494828271390545638e-01
4.752737085340411616e-01
8.849481604569319204e-01
2.980320537213264065e-01
2.402721803052695337e-01
6.136253714820141258e-01
3.062148258596234518e-01
3.062148258596234518e-01
5.241159082394434288e-01
9.495918267570330196e-01
3.887351640969808897e-01
8.028954456747733337e-01
3.390582878072135875e-01
8.325983458445955776e-01
2.879678767945181295e-01
3.833458087260982472e-01
1.361560351274304081e-01
7.088467245808374173e-01
7.088467245808374173e-01
8.106693838201873836e-01
5.701353909690338728e-01
5.701353909690338728e-01
1.276695616627694652e-01
5.695632226568599910e-01
5.132496318462326235e-01
1.072675717784467159e-01
6.438313849379373455e-01
1.467497160193718397e-01
1.189804295397362821e-01
9.940791406229984029e-01
8.239931258503385703e-01
1.459866618186651810e-01
2.021473758831011380e-01
2.021473758831011380e-01
5.062994229201064345e-01
3.605058949014390834e-01
6.817789583316407054e-01
9.750521477632369260e-02
2.188630342783386695e-01
2.188630342783386695e-01
7.610922507330966091e-01
7.293374202685913577e-02
3.938000268114196789e-01
8.642827969410341038e-02
9.318082086491632499e-01
5.510315584482275986e-01
9.389424431576793850e-01
5.154657619162216209e-01
9.286709676649266276e-01
9.307055308480031153e-01
8.818537457841323368e-01
9.998291204062815796e-01
9.222975304600981028e-01
8.201517903705176638e-01
5.762962284174480976e-01
3.518332801480128502e-02
4.575248937235028013e-01
6.082305148305282572e-01
4.227153994851546304e-01
4.227153994851546304e-01
3.629367755272333018e-01
3.017213371251494802e-01
5.293924883114413671e-01
5.293924883114413671e-01
5.293924883114413671e-01
9.402221965761016209e-01
9.402221965761016209e-01
5.827778488160323400e-01
2.127720004593826042e-01
2.419850948919924638e-01
2.922038031874066855e-01
8.886749923347310176e-01
3.266463443931926225e-01
4.066720828622984174e-02
3.802282105008555346e-01
6.290931222690691049e-01
1.601790159355068466e-01
2.751535354271396061e-01
2.751535354271396061e-01
3.854948076886653419e-01
5.544684958375593054e-01
2.501641029164836660e-01
6.161699156101713148e-01
3.310598213812419588e-01
5.540403844758410301e-01
2.505276269171916731e-02
1.098902586374264634e-01
1.080690734095221123e-01
9.178937388155401500e-01
8.114674336272247324e-01
8.114674336272247324e-01
1.763538429114130668e-01
3.187833475917557502e-01
5.039124561058589968e-01
5.039124561058589968e-01
3.173958869715683973e-01
3.465894550618034975e-01
6.064804082617016867e-01
6.064804082617016867e-01
8.262844915721340167e-01
8.262844915721340167e-01
6.711776381095498067e-02
6.711776381095498067e-02
5.563039021888126490e-01
1.883368376520077117e-02
3.284997639280948789e-01
4.008756084231325234e-01
2.096021761418378759e-01
2.096021761418378759e-01
5.569456599800194363e-01
8.792416485318013675e-02
4.845803723100776395e-02
3.898775197674306803e-01
3.898775197674306803e-01
8.635920594764617819e-01
8.635920594764617819e-01
8.957944699962374635e-01
8.957944699962374635e-01
1.820140904016178118e-01
8.803432986921147160e-03
2.475365828551967795e-01
9.121055124994092989e-01
7.563821724192311413e-02
2.058081362428308969e-01
5.160619575525757785e-01
4.927664099346886761e-01
9.897269260786217826e-01
5.015949276482233737e-02
4.610210363038545478e-01
4.610210363038545478e-01
6.915518613419027738e-02
3.852123566332377874e-02
2.031687490265346729e-01
2.031687490265346729e-01
5.129495149655366459e-02
6.070216680276868670e-02
6.070216680276868670e-02
2.195857474923799679e-01
2.195857474923799679e-01
3.656546508036099263e-01
7.834105837586372578e-01
8.178984729626677039e-03
3.450539847260252757e-01
4.686303726283324589e-01
8.009687551709103737e-01
2.367934077072259835e-01
1.050596902396572080e-01
1.050596902396572080e-01
2.624176160888436748e-01
3.676341901367743970e-02
7.196110145197820440e-01
1.085048386522527580e-01
1.085048386522527580e-01
1.085048386522527580e-01
1.297534504760800012e-01
1.297534504760800012e-01
4.831163855658601181e-01
4.831163855658601181e-01
9.857904437850192325e-01
6.342745746432343346e-01
6.892302912418096783e-01
7.691358265350686230e-01
7.994532344946282398e-01
7.994532344946282398e-01
1.925217254377465659e-01
5.359613811133341343e-01
7.453473483359012164e-01
6.460418061752173369e-01
2.354903518730148970e-02
4.621127235747813922e-01
4.710765875222900911e-01
8.127240074894345745e-02
2.739822751277692370e-01
2.413104398433404130e-01
2.413104398433404130e-01
4.400473280051687142e-01
3.258677117275713964e-01
3.258677117275713964e-01
5.077849346364419342e-02
4.446258741584904750e-01
2.910303039154932825e-01
1.500950936493262167e-01
5.671554606629692491e-02
4.029455894526881021e-01
5.156114365554043122e-01
5.156114365554043122e-01
1.607446024654908268e-01
1.113405099597239989e-01
4.465106639076487083e-01
4.465106639076487083e-01
3.179962156697704323e-01
8.966952834942445438e-01
7.330008811748123243e-01
3.901443450537273039e-01
5.663391003568179344e-02
1.375403397574381792e-01
3.174574743370372487e-01
1.822023550482883003e-01
1.862743345933980943e-01
6.346016648416913375e-02
1.717189847021720062e-01
1.924960151149172072e-01
6.694549133618160619e-01
6.609047673489877317e-01
3.729789085986622288e-01
9.812221218014133273e-01
9.812221218014133273e-01
8.898818195116142693e-01
1.064548009731471762e-01
1.273198467407762012e-02
3.560206972780706192e-01
2.601457403324241580e-01
2.921856921509127791e-01
3.862561464887277474e-01
9.133922300002385031e-01
6.052693869124610160e-01
5.271456604529034529e-01
4.892733120964730120e-01
5.987377567701156478e-01
3.872519791423367774e-01
4.346250894037027024e-01
2.089482484516322625e-01
5.858421662065672886e-02
5.858421662065672886e-02
8.354929108632580537e-01
5.956718495418082959e-01
2.631629126922209183e-01
5.767775460643506102e-01
3.921256741206251006e-01
6.475052545901064383e-01
2.973771742326072332e-01
4.142881214122874356e-01
2.427573816239135540e-01
1.818406849214766752e-01
1.818406849214766752e-01
9.632709091834058546e-01
9.632709091834058546e-01
5.094915718846321218e-01
8.110240222373522601e-01
2.549549521233986926e-01
2.549549521233986926e-01
4.332099751409733135e-01
6.181757836335410872e-01
6.181757836335410872e-01
4.525151784698130952e-01
3.541833869830965931e-01
6.502690378704475416e-01
6.502690378704475416e-01
4.041902351821307637e-01
2.932210637372194978e-02
7.422054311496545376e-01
7.422054311496545376e-01
4.995321572524254183e-02
4.123303097478455692e-01
9.710298800325258828e-01
3.990538214454349419e-01
4.819321816004163983e-01
1.961947654015774034e-01
1.458153252671877398e-01
1.773275893973190465e-01
7.707485611450222152e-01
1.198565320742347867e-01
1.016148202941467571e-01
1.935087731811831746e-01
8.323084339157957867e-01
3.499437110118971406e-01
3.499437110118971406e-01
4.931381641464685495e-01
2.921204470556320043e-01
4.985042446400418381e-01
2.517374365288168464e-02
2.517374365288168464e-02
9.549322063755865120e-01
6.954816841415056849e-01
2.119277117485348361e-01
3.059902437273021580e-01
1.872587372761923552e-01
1.872587372761923552e-01
2.779340702379017869e-01
2.779340702379017869e-01
2.008347692416793118e-01
6.561665198972649327e-01
8.047147382667940718e-01
8.047147382667940718e-01
8.047147382667940718e-01
6.125504663298733110e-01
3.740409513228427629e-01
4.755927588514910487e-02
4.755927588514910487e-02
2.844523078270090877e-01
2.844523078270090877e-01
2.408329236911803672e-01
7.045340992235905875e-02
5.764351854615276105e-01
5.764351854615276105e-01
5.764351854615276105e-01
5.764351854615276105e-01
3.979947203425144298e-01
3.979947203425144298e-01
1.414780580279204614e-01
2.332996437141397067e-02
7.699549690123217438e-01
6.364340187236817714e-01
8.124639344522006645e-01
7.254241169314735657e-03
6.759480647666722686e-02
2.109905550747562808e-01
5.629157731984943958e-01
9.375700140109391803e-03
8.439062007288388179e-01
6.663881443284112027e-01
6.663881443284112027e-01
4.879376060788719049e-03
4.879376060788719049e-03
8.407020581866300191e-01
9.422857344296488025e-01
9.422857344296488025e-01
8.442550770058631082e-01
2.290023600231463896e-01
8.232906220882685311e-01
7.382512270407071142e-01
8.602853742779213997e-01
5.135499615943349694e-01
9.943324087795764044e-01
7.852537656539583244e-01
4.803593892635362739e-01
1.859555715142645616e-01
1.859555715142645616e-01
4.855834342477192700e-01
6.344054909287115684e-01
3.949933928422159624e-01
4.442905664037843927e-01
4.442905664037843927e-01
8.648399775021754499e-01
8.608154646235908203e-01
3.660307579381719134e-02
8.529340719644585844e-01
8.529340719644585844e-01
1.901444920912954695e-01
1.901444920912954695e-01
1.901444920912954695e-01
6.730264790307267653e-01
5.331450714374363908e-01
9.999081470916822145e-02
8.578572122768518549e-01
5.401304133910006522e-01
4.133678231125016977e-01
2.011685008849497802e-01
4.769216111505654165e-01
1.838881064145688748e-01
5.941137711322213022e-01
3.719317831164753452e-01
3.719317831164753452e-01
2.543303039685788636e-01
7.375094261354403491e-01
7.375094261354403491e-01
1.951367600051131801e-01
3.130952177764979583e-01
4.331883854153020796e-01
6.468505883284172420e-01
6.468505883284172420e-01
2.579160343593621674e-01
2.266248726174555639e-01
5.520782220540405572e-01
9.549044152507135674e-01
3.701932705820479286e-01
7.536464005184255743e-01
4.016424375038921135e-01
4.016424375038921135e-01
2.986660309490016818e-01
2.986660309490016818e-01
4.887186319041495475e-01
4.826166819042785328e-01
5.455138032423478833e-01
1.260666458230180753e-01
8.882630134077641737e-02
3.498499579481089694e-01
4.050701355817378779e-01
9.741264229120044638e-01
6.081656707845700671e-01
8.127090227970942271e-01
3.382929951181978812e-01
3.382929951181978812e-01
1.790854332318806696e-01
8.715298300291960398e-01
7.950282831098745007e-01
1.682175278592981937e-01
5.097709010694407850e-01
9.226135955400546207e-01
3.015035089983675309e-01
2.858552575988873024e-01
2.858552575988873024e-01
1.447173119675064512e-01
2.805107776945823250e-01
2.468286095235628363e-01
3.586061320117516632e-02
3.725445140521230214e-01
3.725445140521230214e-01
4.191993002955265446e-01
9.235215788615317445e-01
4.163606551053576355e-01
4.165892674631238579e-01
2.042828990185112381e-01
7.451230380156166344e-01
7.967625698424835035e-01
9.146411441919577445e-01
1.049916571065801808e-02
1.708499952929704024e-01
6.384503650060707747e-01
6.384503650060707747e-01
4.711785296551905255e-01
7.630621486525762664e-02
7.323006901496916798e-01
4.546238796540644223e-01
2.790471808182311553e-01
6.720173572507602833e-01
2.375043302495661035e-01
2.985398878781364007e-01
7.678985664610812889e-02
7.678985664610812889e-02
8.659628051950672700e-02
8.659628051950672700e-02
7.869968646846714488e-01
5.000206552396443405e-01
8.224935468457004184e-01
9.299764909969555626e-01
7.198181663968566957e-02
8.025964381875810849e-01
6.197544978574968111e-01
8.723094409241438640e-01
8.723094409241438640e-01
5.221385450639358661e-01
1.061133381594033948e-01
1.061133381594033948e-01
5.328289180816454529e-01
5.328289180816454529e-01
1.008068847066069806e-01
5.876196566722300396e-01
5.253283605063156780e-02
8.002007015682008340e-02
4.031052424293189440e-01
9.624512831886689046e-02
3.071924084817989065e-01
8.523974179484206104e-02
8.523974179484206104e-02
1.225621923827826809e-01
3.409110510413365103e-01
3.409110510413365103e-01
8.803858726839305371e-01
2.027755565746956756e-01
2.922313633642309449e-01
8.981474337553292664e-02
6.094673262555408977e-01
2.849774124991484858e-01
2.849774124991484858e-01
5.666497004889122779e-01
3.608189988738858545e-01
3.608189988738858545e-01
8.668879172810171063e-01
8.262279302628118272e-01
6.295008657116675233e-01
5.448829263493844277e-02
5.701684813590668366e-01
5.701684813590668366e-01
4.514133283618060877e-01
4.514133283618060877e-01
4.514133283618060877e-01
1.850583529049899534e-01
2.966513660936027641e-01
1.866286603879099837e-02
3.229870329052095257e-01
8.566915244396536844e-01
8.566915244396536844e-01
9.866974115384119504e-01
9.866974115384119504e-01
7.798395021521051240e-02
5.293990061007096681e-01
9.733535181700264660e-02
5.275977040704503684e-01
2.391579008906975778e-01
6.133686194370426836e-01
3.549290816467244869e-01
5.356700902472102399e-01
5.969506738889767128e-01
1.195319334783029736e-01
2.632929822074864257e-02
3.162473695771456095e-01
3.519676371876038767e-01
5.768531037464832284e-02
5.768531037464832284e-02
1.484239117476458536e-01
1.484239117476458536e-01
1.484239117476458536e-01
1.618104961991215229e-01
1.618104961991215229e-01
3.254343453993135404e-01
6.972430851048729838e-01
8.075317554933745257e-01
8.676921815245736136e-02
8.670326770308495190e-02
2.541151192724399599e-01
9.215819718531542692e-01
8.190173774969182752e-01
9.383531141821022103e-01
9.383531141821022103e-01
9.383531141821022103e-01
9.383531141821022103e-01
8.204335183332057690e-01
8.751716923146393157e-01
8.751716923146393157e-01
7.086125572213849422e-01
7.362651634057910677e-01
5.512841007611715138e-01
1.580848152695157327e-01
1.302687305893136804e-01
1.302687305893136804e-01
8.347305563669377149e-01
8.347305563669377149e-01
2.328128351033990906e-01
6.163107526845836848e-01
2.119969807641015891e-01
2.189536087081714322e-01
1.624853639035542807e-01
1.112096354199225701e-01
1.112096354199225701e-01
8.045626872931693763e-01
5.429254496617631487e-01
5.429254496617631487e-01
7.842974387729843011e-01
4.757470493799603184e-01
4.757470493799603184e-01
3.894241249978270258e-01
5.228889591243321977e-01
1.403053152837560880e-01
1.403053152837560880e-01
4.132340083054019675e-01
2.754993855196706254e-01
3.370909882634087196e-01
3.370909882634087196e-01
5.019534720459665200e-01
2.153595053212145616e-01
3.683118954146823998e-01
9.567131701543014621e-01
4.564864537655363708e-01
2.089536268118833695e-01
1.340322610764566047e-01
4.735452975961108590e-01
4.735452975961108590e-01
1.857419925691909321e-02
1.894070036032856341e-01
1.894070036032856341e-01
5.453295098147456499e-02
9.159810625332514000e-01
9.159810625332514000e-01
6.182792121860283124e-02
8.212325734147628564e-01
4.676302918298051448e-01
4.676302918298051448e-01
4.676302918298051448e-01
1.508496070761109094e-02
5.688273289939712596e-01
5.688273289939712596e-01
7.798606819496752829e-01
6.176593412080639833e-01
6.364985237243052651e-01
4.596512464262246245e-01
8.802672308439245530e-01
5.388950767286204702e-01
1.976679597418108392e-01
1.900389545517044698e-01
7.855326066620454961e-01
3.895189797533150644e-01
3.895189797533150644e-01
3.222815058624858842e-01
1.546775819094477755e-01
2.722955881620449659e-01
2.722955881620449659e-01
7.208557028701751968e-01
2.679573782081514852e-02
2.679573782081514852e-02
3.482961597133089199e-02
2.287107896254786943e-01
1.075195206937112485e-01
9.771366682050717234e-01
9.771366682050717234e-01
9.335294534142762890e-01
5.002684927548070037e-01
5.002684927548070037e-01
4.911672759238993602e-01
1.410184886338064145e-02
1.410184886338064145e-02
1.410184886338064145e-02
4.742834386848654993e-01
3.358162028338226857e-01
8.120892250831646120e-01
4.265553388278000013e-01
3.095714884844342762e-01
6.914030413491418781e-01
3.838728563860601684e-01
7.925644433233601793e-01
7.925644433233601793e-01
2.046930411051325061e-01
5.236381128517469952e-01
5.236381128517469952e-01
7.881227886420359985e-01
6.505150631875723510e-01
4.128602591343755179e-02
9.754952744811868914e-01
9.754952744811868914e-01
9.754952744811868914e-01
9.754952744811868914e-01
3.655839012041402908e-02
9.058177766863804159e-01
9.058177766863804159e-01
6.547177572783281496e-01
4.959698774305802416e-01
6.675755276267270055e-01
9.582406858663405913e-01
8.843434280779534085e-01
3.063798865631227053e-01
2.546258322005201524e-01
9.734113983797378911e-01
2.066387308479560869e-01
1.461308869623904050e-01
1.461308869623904050e-01
2.779167407910064225e-01
6.123390331357801974e-01
1.826424145163201285e-01
1.826424145163201285e-01
6.346024763273536706e-01
6.346024763273536706e-01
3.214955140435269559e-02
3.214955140435269559e-02
6.499512818208474929e-01
2.689679529610101150e-01
8.569561255992121929e-01
9.780498629736290583e-01
9.780498629736290583e-01
1.960601737852929113e-02
9.763506386697251571e-01
9.763506386697251571e-01
9.763506386697251571e-01
1.552415123275845410e-01
9.236584944184054180e-01
9.236584944184054180e-01
1.331513929417681846e-02
9.605838252436607050e-01
9.605838252436607050e-01
3.402314073284531948e-01
2.417115507058219537e-01
8.624839908166126445e-01
1.758019796469167673e-01
3.488016561964803475e-01
2.396376825056152071e-01
3.852223564855146720e-01
5.688131185126678036e-01
9.366928281266062584e-01
9.366928281266062584e-01
6.227828237986596793e-01
6.227828237986596793e-01
4.548867422307981689e-01
4.548867422307981689e-01
4.548867422307981689e-01
4.170919262749009371e-02
3.406636091633253316e-01
8.788566028537850849e-01
8.788566028537850849e-01
6.845426000624431628e-01
7.905353742500512149e-02
8.193335253166309506e-01
2.170498475408339234e-01
2.170498475408339234e-01
4.530318511559688899e-01
8.360560081770768148e-01
9.091990166105741178e-01
2.823822869616520181e-01
4.887546400645473299e-01
9.392450087627679522e-01
3.031011505166032460e-01
6.785708781155588287e-01
7.160964719930205113e-01
4.902913102907947018e-01
4.902913102907947018e-01
3.434090260699017572e-01
3.434090260699017572e-01
3.434090260699017572e-01
1.246240688437973837e-02
1.246240688437973837e-02
5.825434846637421726e-01
6.915684381023174954e-01
3.100938156512416111e-01
4.002865220286065395e-01
9.039522762415133084e-01
3.568452350782667648e-01
2.841080245202602939e-01
5.661579479358239686e-01
8.985614729518567878e-02
2.404453362044061404e-01
2.404453362044061404e-01
6.901974591154684813e-01
4.476296468130178674e-01
6.209426299018824258e-01
7.722080099345337567e-01
7.722080099345337567e-01
6.870922952649881621e-01
2.250830101610928613e-01
2.250830101610928613e-01
6.280742546030577689e-01
4.895533979144227610e-01
7.458529723547997481e-01
1.423740805631830419e-01
5.965205543953148171e-01
1.770615198249146649e-01
2.956677618957796461e-01
8.454925187523250063e-01
6.137011194770234379e-01
7.831727232879580336e-02
2.126762843659901064e-02
9.306659845842457646e-01
6.442374871271361325e-03
1.933338995690124240e-01
3.656005486643899571e-01
3.656005486643899571e-01
3.656005486643899571e-01
1.024272608689454217e-01
2.247357132435627847e-01
3.733904698611743567e-01
8.860353116092790637e-01
9.171411947143116583e-01
9.171411947143116583e-01
5.166714035172592645e-01
7.151883002963229652e-01
3.436869001397122037e-01
4.407453196263712014e-01
4.895931274852405313e-01
1.728439895471484133e-01
1.728439895471484133e-01
1.764546504702951824e-01
2.197619610369495879e-01
2.197619610369495879e-01
1.524399675782310559e-01
1.524399675782310559e-01
1.524399675782310559e-01
2.597914337437960963e-01
9.203703828790544827e-01
9.203703828790544827e-01
4.232342442141719396e-01
4.307812814969825266e-01
4.307812814969825266e-01
1.113702132230560415e-01
5.615556957904831448e-01
1.951399085277203127e-01
8.879157803117465608e-01
7.580399846500146532e-01
6.900447855072411318e-01
4.104795066200790932e-01
5.970622318440743648e-01
5.970622318440743648e-01
5.970622318440743648e-01
4.185263186014289705e-01
7.755834894203823549e-01
9.040502424326504194e-01
9.040502424326504194e-01
5.277711367303763446e-01
4.973607778176971084e-01
1.920973206775600517e-01
1.920973206775600517e-01
1.920973206775600517e-01
5.729365741816017099e-01
5.729365741816017099e-01
9.942834769452036925e-01
2.406059538983971180e-01
2.406059538983971180e-01
3.659797574918644547e-01
8.864447902091251996e-02
8.864447902091251996e-02
2.352802077257581947e-01
8.057791990615210675e-01
8.057791990615210675e-01
7.237397413602419949e-01
8.028220453629952846e-01
8.028220453629952846e-01
2.447490635618544963e-01
2.447490635618544963e-01
3.162260434352005545e-01
7.788148099721514672e-02
7.788148099721514672e-02
3.871389180237713723e-01
6.618804818124033318e-01
4.332909693782140970e-01
2.055520173488459834e-01
9.027498832151471531e-01
6.074056480611403908e-01
8.878560596811788663e-01
1.172743124543626364e-01
9.382218929316586964e-01
9.826645104780532547e-01
9.826645104780532547e-01
4.483748189249549543e-01
2.560863018425403870e-01
2.560863018425403870e-01
4.643876443483714311e-01
1.728658889976590340e-01
1.728658889976590340e-01
3.010097982829733065e-01
8.352143099682545202e-01
7.979825315107981210e-01
7.979825315107981210e-01
7.979825315107981210e-01
4.039566436721008791e-01
4.493725494430903522e-01
7.224925405562806491e-01
7.224925405562806491e-01
5.258474587239971854e-01
5.258474587239971854e-01
6.385738605584612149e-01
1.332336303558054602e-01
1.332336303558054602e-01
5.460259151107007547e-01
1.373927393068334890e-01
1.373927393068334890e-01
1.373927393068334890e-01
1.608268690951646096e-01
1.244774004478131982e-02
1.244774004478131982e-02
8.329796013372338104e-01
9.217212264503438224e-01
2.993500631342262408e-01
5.626942052410937034e-01
5.626942052410937034e-01
4.988694002362863977e-01
2.101043947418009539e-01
3.256571174435300975e-01
2.189903465461271181e-01
2.189903465461271181e-01
6.399800825160094631e-01
5.927576457019118755e-02
3.581293925091739716e-01
3.581293925091739716e-01
1.282824759493129130e-01
1.282824759493129130e-01
5.388147696548765131e-01
3.295862439480398698e-01
8.729592520633802089e-01
6.548355470952683666e-01
7.620947029873442746e-01
7.620947029873442746e-01
5.665564852123389228e-01
8.194891243479660581e-01
2.359616910332477668e-01
4.639475613177876379e-01
9.348435566998809787e-02
9.348435566998809787e-02
3.285297149258828986e-01
3.285297149258828986e-01
6.735388921322350564e-01
2.239879783526654011e-01
3.693359959828901307e-01
3.693359959828901307e-01
9.790761146875207599e-01
1.376139320450879833e-01
1.376139320450879833e-01
1.083130103987251236e-01
2.840184403112979705e-01
9.135520465232550569e-01
1.543354109023226117e-01
8.984780066863075065e-01
5.416403313019422239e-01
5.416403313019422239e-01
5.416403313019422239e-01
1.233975067229202000e-01
1.233975067229202000e-01
1.233975067229202000e-01
3.979545050821143848e-01
3.979545050821143848e-01
3.247640160055554892e-01
4.474365387634848257e-01
4.214091688844529004e-01
7.928317827114551575e-01
5.451040915780874796e-02
2.561616391865633169e-01
4.810339269100037951e-01
4.810339269100037951e-01
5.101935598599190991e-01
4.232054718088698597e-01
4.232054718088698597e-01
5.729624866266930239e-01
5.479192236157747198e-01
5.479192236157747198e-01
1.230203966163609802e-01
1.465781326277995900e-01
4.053301732358042253e-01
1.300997847148346320e-01
5.731033258489889315e-01
5.330505498814152032e-01
6.547664153196287584e-01
6.157616479699340450e-01
2.608602179509827423e-01
4.339628829373045060e-01
8.076814266464541481e-01
4.694688262516249488e-01
4.694688262516249488e-01
7.442732718863825925e-01
5.835912930367819218e-01
2.119954183847268803e-01
5.140961354764310709e-01
5.140961354764310709e-01
5.140961354764310709e-01
4.017542615878327839e-01
1.857323185168903434e-01
1.857323185168903434e-01
1.857323185168903434e-01
9.911897846493498143e-01
9.050857022268532504e-01
9.050857022268532504e-01
4.603993622424316645e-01
4.603993622424316645e-01
1.602725232133283828e-01
1.602725232133283828e-01
1.656064985677476731e-01
3.491738488533429052e-01
6.114386714364856701e-01
5.898354525260008918e-01
7.898636660597013748e-01
8.896503370630333418e-02
9.135052020296036135e-01
4.693461536085959118e-02
4.693461536085959118e-02
3.150502827117825921e-01
3.150502827117825921e-01
1.431426912588456557e-01
2.810254858594201863e-02
4.633171856683847567e-01
8.517214002651958549e-02
6.105065716675267540e-01
4.236784180911042919e-01
4.355949328994421221e-02
5.469245346414577380e-01
4.150294794473837756e-01
2.378949827609430634e-01
2.050618314827375721e-01
8.333136350306322715e-01
1.083227935187356106e-01
7.456080064673746843e-01
4.489384513669973931e-01
5.048488473077347161e-01
5.048488473077347161e-01
5.048488473077347161e-01
9.885931998229019468e-02
9.885931998229019468e-02
3.063486276396324981e-01
8.080984781426414632e-01
6.172267483386663089e-01
1.728588248545943340e-01
1.567447353647719865e-01
2.784183470649195802e-01
3.864952711114275075e-01
5.525607202028723353e-02
6.281604914239165005e-01
4.254604502135949651e-01
4.254604502135949651e-01
2.449509034216820758e-01
2.449509034216820758e-01
2.449509034216820758e-01
3.770946614280188958e-01
3.770946614280188958e-01
7.192906872534221563e-01
7.192906872534221563e-01
1.721482825395168892e-01
1.721482825395168892e-01
8.353523133517820609e-01
5.575706718274091589e-01
5.575706718274091589e-01
9.715986113719368156e-01
7.346337825338075112e-01
2.521621295495670156e-01
4.071362263659134006e-02
1.062900444847178494e-01
3.962348944247136573e-01
3.962348944247136573e-01
1.685681449533335541e-01
1.685681449533335541e-01
6.928515158372647864e-01
5.912221659215188829e-01
5.912221659215188829e-01
7.244570149623842381e-01
7.244570149623842381e-01
4.496058490999271240e-01
1.061395326892500823e-01
1.358895303765870755e-01
5.962975546074843203e-02
4.973682348447760471e-01
4.551628665345543445e-01
5.333780403738893616e-01
6.194863646207784402e-01
6.194863646207784402e-01
7.083344653071263486e-02
7.083344653071263486e-02
9.704361860702613862e-01
9.704361860702613862e-01
2.026247666464176256e-01
5.007986530485911691e-01
5.007986530485911691e-01
2.892717999342251378e-01
7.235084933618217695e-01
3.385124773778497853e-01
4.519764752731132429e-01
7.402333071716806767e-01
5.246736893277432756e-01
5.741963767375937167e-01
2.343808885656703811e-01
3.851824948679673510e-01
2.092280383550510492e-01
7.685022932288925190e-01
7.685022932288925190e-01
5.925960141751528409e-01
6.768461366772359211e-01
7.291399234699310616e-01
7.291399234699310616e-01
2.762086516885906007e-01
2.767994801752877709e-01
4.335734929981087671e-01
3.335145903653305433e-01
3.335145903653305433e-01
6.926136556225197527e-01
6.926136556225197527e-01
8.307496423026627941e-01
8.307496423026627941e-01
8.307496423026627941e-01
2.905210762183410567e-01
7.558292276592056824e-01
2.080863106477192914e-01
2.080863106477192914e-01
9.256060507126592229e-01
6.992773788546381430e-01
6.992773788546381430e-01
7.766367526855391668e-02
7.980090207303600636e-01
7.980090207303600636e-01
4.811528597750962255e-02
7.882949905105158805e-01
7.882949905105158805e-01
7.447877645009596259e-01
4.312143890037298810e-01
5.481165308638941136e-01
4.062787865037110202e-01
9.934364765345252146e-02
2.321866074614434561e-01
2.321866074614434561e-01
6.672973008741898138e-01
7.549703472706078555e-01
4.482963636263003621e-02
7.663902945626012153e-01
6.117604492850980957e-01
2.361484238245203926e-01
6.604380725337072322e-01
5.533562531873980062e-01
5.533562531873980062e-01
6.229645872730344980e-01
6.229645872730344980e-01
5.517104267046546440e-01
5.517104267046546440e-01
9.092422591646787122e-01
9.092422591646787122e-01
2.504092918436472415e-01
3.477072532689619577e-01
2.734192916070802837e-01
2.734192916070802837e-01
2.734192916070802837e-01
2.472636532490206374e-01
2.092074016899591604e-01
2.496962255060705127e-01
9.972358295165587583e-01
9.132708195990044686e-01
5.389605905968243293e-01
5.243236100358050766e-01
2.516195544987539501e-01
9.775263496758749282e-01
5.824929257770838920e-01
2.934026816800896498e-01
8.571966087886010444e-01
8.571966087886010444e-01
7.076806605294463370e-01
4.136935096128567246e-01
7.615722076097286575e-01
3.804329147276717116e-01
2.549608406796986526e-01
6.328361155180803888e-01
6.557983239648308427e-01
8.718882121908638760e-01
6.073510124988548142e-01
6.788019767413097094e-01
7.172292948459385586e-01
3.801550885498697352e-01
3.801550885498697352e-01
7.008413708839960066e-01
3.064512713235205063e-02
8.546938102313795804e-01
8.546938102313795804e-01
1.711253399812626974e-01
1.711253399812626974e-01
1.711253399812626974e-01
8.473563792061682420e-01
7.336418039595231644e-01
9.711879075268277095e-01
9.711879075268277095e-01
5.445583333625753086e-01
9.505663334072343706e-02
9.505663334072343706e-02
9.588323153120777986e-01
5.409156593227283372e-01
5.409156593227283372e-01
5.409156593227283372e-01
1.688332852322802502e-01
3.095325783653991025e-01
2.369469771250260481e-01
6.466976051252024682e-01
6.466976051252024682e-01
9.442306458357639654e-02
9.442306458357639654e-02
7.093401341083215295e-01
7.093401341083215295e-01
7.093401341083215295e-01
5.531371485807411170e-02
4.147863149442403974e-01
4.148345365165452825e-01
4.148345365165452825e-01
1.149539987194874158e-01
9.624998769907101848e-02
3.611961683935572265e-01
6.943317361654177677e-01
1.944543568708544112e-01
3.083101374451461818e-01
3.497570253288745934e-01
1.648341058393772707e-01
1.648341058393772707e-01
5.020616300685832867e-01
2.779041812124893873e-01
2.779041812124893873e-01
4.155773347132092899e-01
4.155773347132092899e-01
2.663547633417257532e-01
9.290986485589817212e-01
6.874733834768159690e-01
4.114319650795993932e-01
4.947253802302751247e-01
5.753466197327097298e-01
8.691995604537862130e-01
2.140722635177926825e-01
2.841095166509559622e-01
1.543708339074202074e-01
8.191426066102193149e-01
8.479219886800450079e-02
8.526243818178028677e-01
1.175868782431827020e-01
1.783811797990660780e-02
1.644705015643045110e-01
9.478798775356072071e-01
9.478798775356072071e-01
7.550822086587158921e-01
7.550822086587158921e-01
5.612306086274665429e-01
5.612306086274665429e-01
7.727308769040996950e-01
4.425689352836201240e-01
4.425689352836201240e-01
4.753234890471529361e-01
1.546770629125862606e-01
9.831184297058492838e-01
2.947060212885751485e-01
3.343500676853605746e-01
8.964957334775659759e-02
1.561345683190339673e-01
1.188326776136349773e-02
2.049088955489605512e-01
2.049088955489605512e-01
2.049088955489605512e-01
5.907274978533191140e-02
5.552997946213912295e-01
5.552997946213912295e-01
4.743448625462073354e-01
4.743448625462073354e-01
4.743448625462073354e-01
5.198855937002709870e-01
5.198855937002709870e-01
8.394061392114445797e-01
5.037304269984334004e-01
5.037304269984334004e-01
5.702441574103878086e-01
3.379479318511690589e-01
5.018646592728783773e-01
4.966228357791587777e-01
6.595879009755603040e-01
6.677141777178436932e-01
6.677141777178436932e-01
8.606579820032460582e-01
5.745366838559051725e-01
8.342396896249815175e-01
3.799894014265244868e-01
2.286331469753692669e-01
2.039932070837777445e-01
2.039932070837777445e-01
7.233341754381908961e-01
7.233341754381908961e-01
4.648219025985119712e-01
4.648219025985119712e-01
4.648219025985119712e-01
5.681051618328466501e-01
8.863274704768515644e-01
8.954178717582456093e-02
7.072702403043363839e-01
2.537356466332245097e-01
2.537356466332245097e-01
3.268219765261637932e-01
2.863152016829759519e-02
2.863152016829759519e-02
2.863152016829759519e-02
3.129945019077833707e-02
1.607265485757035095e-01
3.391583867091509941e-01
9.171727200609562647e-02
1.502320264743032818e-01
3.039608435549827625e-01
3.782269562838204702e-01
9.950992422488204037e-01
5.477159322149560694e-01
8.577181966483817810e-01
9.685318383200512693e-02
4.524202156273615660e-01
3.868913131451700571e-01
7.569177603005221577e-01
7.569177603005221577e-01
4.025525624377406242e-01
9.473565277691979591e-02
3.022288664032407590e-01
2.974626158402769449e-01
2.974626158402769449e-01
2.775384470594402520e-01
8.079267774883318598e-01
4.621071378891025705e-02
4.621071378891025705e-02
5.645854122068740821e-01
5.645854122068740821e-01
4.839871318568686465e-01
1.848050104943909644e-01
1.848050104943909644e-01
1.487888561827856448e-01
9.021567699788397565e-01
4.774851821329056945e-01
3.235160202357660886e-01
1.651260292407423780e-01
2.420915263424117114e-01
2.445996256142558278e-01
9.903325724098031024e-01
3.210596601867144462e-01
1.564059340590791616e-02
8.458777154416785571e-03
5.844821785464056063e-01
1.018673051480611241e-01
1.018673051480611241e-01
1.018673051480611241e-01
1.018673051480611241e-01
2.473308300083305877e-01
2.473308300083305877e-01
5.038752293978130403e-01
5.122342669528546777e-01
9.663406693496011668e-01
9.663406693496011668e-01
6.469937339826814515e-01
5.811238259108044701e-01
5.811238259108044701e-01
1.767048288394063582e-01
3.580957922226911117e-01
5.612020092964064011e-01
4.182932258470614117e-01
1.769957452191143685e-02
3.651117859042782854e-01
1.510748095221027716e-02
2.496996941774181078e-01
5.014842545679459862e-01
4.170074856088200610e-01
6.220825452094017605e-01
6.220825452094017605e-01
8.869267719631895863e-01
3.149737230500680440e-01
3.149737230500680440e-01
9.321261759063397268e-01
3.980934059488328708e-02
9.763952990464223047e-01
2.684257459341505281e-01
4.614611108038469967e-01
9.459739814862075380e-02
6.790976572044252202e-02
2.630114065981156157e-01
2.838155109507782548e-02
2.838155109507782548e-02
2.838155109507782548e-02
3.233053882208739016e-01
6.247883830382725545e-01
1.171832805852141279e-01
8.444639259116628605e-01
8.444639259116628605e-01
7.000916684132643120e-01
7.580879482867809438e-01
5.331768349234973225e-01
4.232456734958630618e-01
7.525506657337566185e-01
7.525506657337566185e-01
7.994301927253882889e-01
1.125231350028280120e-01
9.337931091879141388e-01
7.575642496810446047e-02
5.475140873813493236e-01
9.759581255441940328e-01
4.906984290244298386e-01
4.906984290244298386e-01
6.818609155040006309e-02
5.778685132899461507e-01
6.701935229586516440e-01
6.701935229586516440e-01
7.596612006593175259e-01
6.334754564638841456e-01
6.702645260212338751e-01
6.702645260212338751e-01
9.572809983991101834e-01
5.038270538338515125e-01
5.808434050647072189e-01
5.808434050647072189e-01
4.801179152008181600e-02
3.970590598148140415e-01
7.850361019509561888e-01
7.055753534518464098e-01
7.656404746711945597e-01
2.367941302518543345e-01
2.367941302518543345e-01
4.122363441704371412e-01
5.410939914163026554e-01
5.410939914163026554e-01
6.680016043028043082e-01
2.074224616165821211e-01
3.961815205366898129e-01
5.405756556712018046e-01
5.698018516615862561e-01
4.243730915237334082e-03
7.266968278047331031e-01
7.266968278047331031e-01
2.704897116778339217e-01
9.544293832913326447e-01
9.544293832913326447e-01
7.311893273385230430e-01
7.311893273385230430e-01
7.758631609949447894e-01
1.735285847019007732e-01
1.735285847019007732e-01
1.735285847019007732e-01
1.789624658840686666e-01
9.552128286807984314e-02
9.974494375036452309e-01
9.974494375036452309e-01
9.586499417713767457e-01
9.586499417713767457e-01
5.615262357150671013e-01
5.615262357150671013e-01
8.956585166323831615e-01
8.192114795361118418e-01
2.214593161833668666e-01
2.214593161833668666e-01
8.711713895668056207e-01
1.495056481764533984e-01
1.495056481764533984e-01
3.004142048320904146e-01
9.473018307076713773e-01
8.971192214454482006e-01
8.971192214454482006e-01
7.928356017596575878e-02
7.928356017596575878e-02
6.535464373063587518e-01
6.984867403497219129e-01
6.862172212105761560e-01
8.888222390793541761e-02
2.461571045485207720e-01
2.833947043240339983e-02
6.730350946631404874e-01
6.730350946631404874e-01
5.547785864903883452e-02
5.547785864903883452e-02
3.771087333572333278e-01
2.346508594473099840e-01
3.421315786502657774e-01
4.368939541807894678e-01
9.404621114044895425e-01
2.246537348509740906e-01
8.590955259205630412e-01
8.590955259205630412e-01
1.743560597998035089e-01
2.417460999358130580e-01
2.417460999358130580e-01
2.417460999358130580e-01
2.417460999358130580e-01
1.645013614312984540e-01
6.113134549812654361e-02
3.977590238853422888e-01
4.426615211445828479e-01
9.107760318392280618e-01
1.274841209829893074e-01
7.395471224584559966e-01
7.395471224584559966e-01
3.211192852417297794e-01
1.043180123130396098e-01
7.535094546520572090e-01
3.877945483060816767e-01
8.706251669272708771e-01
8.648956911380349943e-01
6.064774997807227674e-02
2.368519094608881603e-01
2.368519094608881603e-01
5.656080994125204375e-01
5.656080994125204375e-01
7.859587504231517752e-01
7.550646186723838360e-01
2.050164052921451541e-01
3.242892360262699669e-01
3.242892360262699669e-01
4.264397804608720532e-01
4.948255816384194983e-02
8.334987229707133682e-01
3.838098101195863698e-01
5.223997283900481126e-01
3.489784222841050276e-01
2.258029609129990345e-01
1.216855311641455439e-01
1.216855311641455439e-01
9.100067142218469796e-01
6.464379818753998030e-01
6.464379818753998030e-01
5.080569034388779937e-01
9.714888583085818929e-01
9.385809627530893318e-01
9.385809627530893318e-01
1.829704405331647942e-03
7.798319320074463545e-02
7.798319320074463545e-02
4.946956107470875663e-01
4.047755151480337821e-01
8.075027208788576605e-01
2.988629824587500927e-01
9.755550984934290293e-01
9.945472816704277463e-02
3.656221981941369936e-01
3.656221981941369936e-01
8.771024654158968703e-01
5.874729704011059095e-01
5.613682007438913768e-01
4.249742655928259172e-01
4.249742655928259172e-01
3.032554840210091585e-01
8.163212871111453772e-01
5.366764498019509499e-01
8.581961604914926101e-01
3.638042078155624970e-01
3.638042078155624970e-01
4.327792985213472360e-02
4.327792985213472360e-02
9.838328815206123790e-02
9.838328815206123790e-02
6.535189379122323672e-01
4.835861571636009271e-01
1.712276998919151361e-01
5.091788968689683337e-01
1.780803757211169708e-02
2.102745451955466693e-01
4.172206352859074707e-01
1.339833414015426660e-01
1.339833414015426660e-01
4.640835023645409896e-01
4.640835023645409896e-01
2.343093150797557200e-01
2.343093150797557200e-01
5.023361600105745728e-01
5.291183953600520073e-01
8.812271100796572609e-01
4.297863700977246765e-02
4.297863700977246765e-02
4.297863700977246765e-02
2.319084282265050090e-01
2.963897154067829942e-01
3.313130410793081460e-01
8.247120850764453337e-01
9.723454803290462189e-01
9.723454803290462189e-01
9.723454803290462189e-01
3.275261829029019744e-01
6.700584433672172047e-01
5.761498689455485378e-01
2.114552164056146821e-01
2.114552164056146821e-01
2.114552164056146821e-01
3.545069832256027009e-01
6.316503599226461763e-01
6.316503599226461763e-01
7.628575853968502241e-01
7.628575853968502241e-01
9.210042899816947015e-01
2.520465866585377968e-01
2.112682568986262721e-02
3.781286529577611022e-01
2.836808461055573827e-01
3.085849510386932115e-01
3.085849510386932115e-01
8.545979761740325753e-02
5.147522864286022681e-01
1.307335125519910601e-01
1.307335125519910601e-01
3.894156240240719269e-01
1.295146118561308346e-01
1.956673691178529573e-01
4.446357068902465071e-01
9.981960672830029191e-01
8.557843553109841794e-01
5.602219344568656334e-01
5.602219344568656334e-01
8.283058171692612159e-01
7.785732542082424157e-01
5.415257455561729438e-01
5.415257455561729438e-01
4.076354705049181071e-01
5.573760392785752638e-01
5.573760392785752638e-01
5.573760392785752638e-01
7.822930322808033798e-01
6.186281707592996559e-01
9.874597317184296008e-01
9.874597317184296008e-01
3.110361172504162997e-01
5.588123827700640645e-01
1.076833196691753120e-01
4.970086035800660440e-01
9.573413282554575909e-01
4.857363818720581428e-01
1.409225139818686967e-01
3.427521567836286365e-01
7.115766059985756398e-01
7.713841491841140208e-01
4.940999016367265129e-01
4.940999016367265129e-01
5.215290508228306310e-01
8.407484312820474592e-01
8.407484312820474592e-01
1.135807991887242963e-01
8.473009095709053140e-01
6.643728495712936111e-01
8.564422956919466312e-01
8.564422956919466312e-01
8.564422956919466312e-01
6.859523892706749226e-01
6.791166029628988854e-01
5.059946110586210910e-01
4.330342612307660488e-01
6.003606983468449121e-01
6.003606983468449121e-01
2.495570187999855971e-01
4.814090358323771524e-01
3.534737337019647208e-01
1.826855689114635639e-01
5.075210753771761674e-01
6.347580194145965304e-01
3.443203869511747839e-01
3.443203869511747839e-01
8.734159461766825006e-01
8.734159461766825006e-01
5.833139295029546867e-01
5.833139295029546867e-01
2.820263597716004059e-02
4.608280890045413081e-01
5.959594977241040592e-01
8.019598816938994235e-01
8.019598816938994235e-01
7.052358919499424061e-01
7.052358919499424061e-01
3.513498926757944729e-01
2.082259593551251120e-01
2.082259593551251120e-01
6.448222541850347558e-03
6.014653325193912714e-01
6.014653325193912714e-01
7.430999253926847681e-01
7.430999253926847681e-01
2.191287503352143673e-01
6.041112705102421598e-01
8.543029028593054353e-01
4.736109513795510040e-01
5.043377392723016328e-01
5.043377392723016328e-01
5.043377392723016328e-01
4.343180261969745715e-01
6.337909310843140576e-01
3.701507339520918594e-01
5.072833745649748538e-01
9.827533550687997943e-01
9.827533550687997943e-01
6.644688867908399299e-01
6.644688867908399299e-01
6.644688867908399299e-01
8.895798821724920646e-01
1.536092674322039608e-01
1.536092674322039608e-01
1.416216491206821748e-01
1.416216491206821748e-01
9.359913586179297029e-01
6.087264548957501686e-01
6.087264548957501686e-01
6.087264548957501686e-01
8.062153545890144990e-01
4.537851416897946133e-01
2.979769437912292429e-01
2.979769437912292429e-01
3.973621188204189969e-01
1.415845563309900967e-01
4.960760422376187528e-01
5.641953806460570098e-01
5.641953806460570098e-01
6.469897148801354581e-01
6.775992852551375734e-01
6.775992852551375734e-01
7.776944084710574190e-01
1.265403153355934840e-01
6.739185341141126218e-01
5.813337248174995642e-01
8.946432489461461079e-01
6.399284853893082159e-02
1.166187567431651861e-01
1.166187567431651861e-01
9.714392314270171580e-01
6.293053559145439513e-01
6.293053559145439513e-01
9.032280661597735794e-01
8.581969612422329918e-01
8.581969612422329918e-01
1.308108431843939545e-01
9.532366034049322145e-01
4.228443606855492032e-01
8.334812122434637205e-01
1.419829611990371387e-01
7.129131974819633566e-01
7.129131974819633566e-01
2.392462590357690919e-02
7.325776246942986665e-04
5.671484357443049573e-01
2.813132227574476341e-01
5.210916547532171705e-01
7.567405385692672626e-01
7.567405385692672626e-01
1.329038610606897708e-01
3.917562100026810712e-01
2.805174986766000855e-01
8.039933066979693121e-01
8.039933066979693121e-01
8.039933066979693121e-01
1.462894276818940686e-01
1.969148880256112455e-01
6.778393074482236269e-02
2.006872970364562137e-01
2.006872970364562137e-01
5.587281638674462120e-02
5.587281638674462120e-02
7.211739323683502567e-02
1.529360119235144977e-01
6.009334135188016957e-01
6.009334135188016957e-01
3.316123138312568885e-01
9.946481110001794690e-01
9.902563053743279609e-02
1.510663756473473174e-01
9.001920767519048239e-01
9.001920767519048239e-01
9.001920767519048239e-01
2.055937669158399983e-01
6.970446094837952078e-01
1.331337524958444742e-02
4.947325441596913675e-01
7.675562440358798533e-01
7.675562440358798533e-01
8.176731995315526802e-02
3.803510855727765816e-01
4.768667962638061253e-01
4.768667962638061253e-01
4.768667962638061253e-01
1.059252563154042537e-01
5.424601050514714640e-01
1.689573724611926064e-01
3.078479453992087889e-01
2.258126210799689670e-01
1.561618716393463890e-01
2.720365102763015394e-02
9.728194919602660695e-01
9.728194919602660695e-01
6.579174919395842647e-01
5.584397564223662069e-01
2.864300297651592997e-01
2.864300297651592997e-01
9.182424587735507071e-01
9.182424587735507071e-01
7.491661789552197526e-01
6.326632381904746527e-01
6.326632381904746527e-01
7.482170316674952026e-01
7.482170316674952026e-01
6.629238114617915789e-01
3.881674169069769809e-01
2.320890085995911956e-01
5.157798218984581684e-01
4.777871489204629230e-01
9.973571116399408687e-02
5.299543677484263443e-02
8.665813895874704409e-01
1.095745317757327170e-01
2.193853108182546308e-01
8.064188435711566738e-01
8.453392845197948979e-01
3.345255961766569475e-01
5.208020729473799015e-01
2.975555575615034254e-01
2.036999744926110134e-01
9.187773961791918520e-01
2.221877019262857023e-01
1.866398251362476612e-01
1.234106381438217631e-01
4.875832916763650493e-01
4.875832916763650493e-01
4.875832916763650493e-01
3.373168569266385419e-01
6.839532333793391095e-01
6.658736996019465337e-01
4.945419695696677831e-01
4.945419695696677831e-01
8.203665511933715404e-01
7.089717543626146146e-01
9.619872890297717083e-01
3.137235383739591654e-01
3.088755137650269211e-01
3.088755137650269211e-01
1.011056501604161439e-01
8.164260262135587531e-01
8.164260262135587531e-01
8.164260262135587531e-01
1.646348071333910146e-01
8.714551034101016835e-01
8.749188563505558847e-01
7.476926187993842010e-01
6.086968569283638386e-01
6.086968569283638386e-01
4.514106138370140714e-02
9.634447474168296166e-01
2.873216995440365795e-01
6.102086362322752811e-01
7.581694720727577552e-01
7.581694720727577552e-01
8.575181383384201661e-01
5.493317276505378377e-01
8.627065276678104189e-01
1.109293422098314857e-01
6.120230276966405203e-01
3.548062778640094228e-01
5.590724260591172223e-01
5.590724260591172223e-01
5.590724260591172223e-01
8.881973693087900912e-02
8.143890101817420624e-02
1.405290757879065994e-04
1.405290757879065994e-04
8.406121548690499434e-01
8.406121548690499434e-01
2.888306489771074737e-01
1.097101129377828638e-01
9.545398204297412814e-01
4.143400192860663411e-01
5.255378779076228524e-01
5.255378779076228524e-01
5.387664465847413070e-02
3.935445057462397811e-01
6.919958496304460249e-01
6.881513717550266085e-01
8.169141630431677736e-01
1.112917181321593924e-01
8.252506676539854702e-01
6.757204937737271155e-01
6.093406109892384181e-01
3.760828942517355916e-02
3.354216019728805120e-01
6.435034255597674724e-01
6.619037760310690632e-03
3.165180379643813824e-01
9.710996087035999036e-01
3.242694198723223287e-01
3.009704778368082478e-01
1.633156201030433463e-01
7.173691924546790055e-01
4.549086266844897808e-01
7.480167693769792514e-01
2.984266566781196839e-01
4.132595140307033371e-02
8.547873039025818409e-01
6.087753153181498650e-02
6.087753153181498650e-02
6.087753153181498650e-02
6.087753153181498650e-02
4.117911149943745963e-01
5.945038090752162718e-01
5.945038090752162718e-01
3.333265313338752422e-01
4.738555281794115670e-01
1.678817766573629730e-02
6.394856330554973822e-02
2.490328784926481298e-01
4.955915720870164298e-01
5.106940734781815205e-01
9.368318722185161596e-01
2.322531455471504858e-02
7.032094553070845633e-01
7.532493375010468339e-01
2.282390126687383336e-01
1.713441451508811719e-01
1.713441451508811719e-01
5.047244742920250493e-01
5.688417528259324119e-01
3.819361890046193281e-02
2.177108523276716778e-01
2.177108523276716778e-01
7.442665825267094082e-01
7.442665825267094082e-01
3.045991291780666410e-01
3.045991291780666410e-01
6.669328505776345173e-01
5.539081548486658457e-01
9.301383424019172841e-01
9.901271042769799538e-03
9.901271042769799538e-03
9.901271042769799538e-03
8.295278603147687724e-01
1.766886452830423171e-01
1.766886452830423171e-01
3.667096918427616425e-01
4.536265316338329058e-03
8.453533639679361444e-01
3.400380649437231284e-01
3.400380649437231284e-01
6.771854982692925295e-01
7.399205886443823710e-01
8.055481852925441832e-02
8.055481852925441832e-02
1.512364497234445770e-01
7.158836685948345435e-01
6.997938307580698902e-01
6.997938307580698902e-01
8.489161032277908747e-02
3.652617249469275462e-01
8.467815262000941701e-01
8.467815262000941701e-01
2.993460134750300372e-01
5.041981997389484160e-01
5.335780044323964466e-01
5.335780044323964466e-01
9.725960899414536343e-01
2.670304854006808060e-01
2.670304854006808060e-01
8.528153634274858730e-01
5.931315394643923433e-01
5.149889711951568527e-01
1.690926203450706378e-01
1.690926203450706378e-01
1.690926203450706378e-01
2.609022431794102426e-01
2.609022431794102426e-01
4.098638921051223072e-01
3.596676098527960552e-01
4.593948599693772894e-02
8.610907170576450609e-01
9.388155979581526145e-01
4.650215090256386574e-01
4.650215090256386574e-01
8.746852834108754804e-01
8.746852834108754804e-01
8.128313786803444130e-02
1.767069668712798747e-01
1.767069668712798747e-01
3.243862724245284990e-01
3.243862724245284990e-01
9.513750425236876529e-01
3.654899957970623725e-01
3.654899957970623725e-01
3.654899957970623725e-01
5.602336631744019302e-01
8.533860798902089817e-01
8.427421126243855865e-01
6.845545703267756910e-01
6.845545703267756910e-01
6.845545703267756910e-01
6.845545703267756910e-01
4.524559126791490304e-01
5.185542574728613241e-01
2.505158413395849326e-01
2.505158413395849326e-01
9.480028807654840295e-02
4.100970144680141094e-01
4.100970144680141094e-01
7.643430024753896657e-01
5.543618884361949384e-01
9.970180904303879710e-02
5.269699450938132301e-01
2.861284339739090243e-01
1.382104189187955134e-01
1.211725373906789166e-01
6.263458693572296898e-01
6.263458693572296898e-01
6.263458693572296898e-01
2.178054698283082291e-01
5.673197637684540551e-01
6.423021515033316975e-01
2.998949066840841948e-01
7.315004225951361738e-02
8.041306961732849201e-01
1.091034403827802618e-01
5.687079887343350626e-02
5.127653442177524390e-01
5.127653442177524390e-01
5.127653442177524390e-01
2.942256530402812542e-01
2.942256530402812542e-01
5.994662640524216490e-01
5.994662640524216490e-01
6.585459136033507965e-01
6.585459136033507965e-01
6.649238650690327823e-01
2.435741560623492785e-01
2.435741560623492785e-01
2.435741560623492785e-01
2.435741560623492785e-01
1.209069988483198743e-01
8.406645088411586197e-01
5.387816811184243937e-01
5.387816811184243937e-01
2.970858263570703151e-01
2.340545513141031042e-01
1.676633854515310884e-01
5.568749101381854638e-01
9.192545809900346532e-01
8.510482193424817599e-02
2.842968158577258153e-01
2.252741696677382777e-01
5.712999267525338265e-01
3.181829883287929372e-01
3.181829883287929372e-01
3.181829883287929372e-01
6.149884867283790246e-01
8.488966028645553719e-01
9.595572351476825412e-01
5.517091188856517725e-01
5.517091188856517725e-01
2.523523100886914672e-01
2.523523100886914672e-01
6.918850413037590519e-01
6.918850413037590519e-01
8.830501295425366992e-01
8.830501295425366992e-01
9.004446638233764011e-01
2.187792599545511710e-02
2.187792599545511710e-02
2.576543982520909659e-01
2.576543982520909659e-01
1.733426864768353864e-02
9.954685228246399342e-01
8.549240593263641719e-01
5.483134213339299068e-01
8.805613855864068418e-01
3.405135933728218878e-01
2.271728037756609031e-01
9.861345019171082749e-01
5.754179758003103995e-01
6.842124272978071797e-01
7.087116460004033724e-01
6.682967334714228214e-01
6.682967334714228214e-01
8.827704690866753356e-01
6.158708242378605618e-03
1.452331142622732552e-01
5.702558943029909511e-01
2.066548732507517694e-01
2.279100615703088251e-01
2.279100615703088251e-01
4.483129089261718714e-01
4.483129089261718714e-01
4.667125062293397963e-01
5.153878762012760462e-02
7.039162738570384770e-01
9.927059923334027869e-02
5.430812623689046381e-02
6.848800755461570411e-01
6.848800755461570411e-01
2.748191919941717076e-01
2.748191919941717076e-01
9.596563768447928799e-01
7.381270107051488560e-01
7.689508409385154009e-01
7.260347492558939519e-01
1.888948144214942226e-01
7.625642010153408368e-01
7.160442362185078791e-01
8.309617890406426066e-02
8.222215688700140745e-01
7.952444605446324921e-01
9.965553154723871820e-01
1.409723868514491940e-01
1.409723868514491940e-01
1.683931070640352357e-01
1.683931070640352357e-01
1.066498049754263655e-01
5.082688958797383361e-01
2.347933183942362556e-01
9.270932208625165538e-01
5.533645092434127388e-01
5.533645092434127388e-01
8.702320944734700525e-01
1.192799971357593330e-01
1.192799971357593330e-01
6.862516479760377708e-01
6.951325682781553938e-01
6.951325682781553938e-01
6.951325682781553938e-01
5.389929068328634942e-01
4.219608445467858959e-01
4.219608445467858959e-01
5.557265955479311348e-01
6.865937642747710346e-02
1.740876000459569140e-01
8.335974639250318674e-01
8.335974639250318674e-01
7.765197024180382490e-01
3.878602521111192969e-01
3.878602521111192969e-01
9.717834346321571060e-01
9.717834346321571060e-01
5.296496422666160386e-01
5.296496422666160386e-01
1.194035339402511608e-01
1.194035339402511608e-01
1.228024244265535636e-01
1.085716705510593183e-01
4.818148441178332630e-01
1.162760773952082050e-01
5.978014943457766739e-01
4.245774097582011297e-01
6.084748784580348291e-01
9.510121932232730169e-01
9.510121932232730169e-01
9.510121932232730169e-01
8.600141125852204249e-01
8.600141125852204249e-01
8.232092739136629422e-01
8.232092739136629422e-01
9.397634064298120427e-01
3.431628264035421205e-01
5.943268147054585615e-01
5.943268147054585615e-01
4.182573090202041377e-01
3.968409764043103194e-01
5.913756962245420024e-01
1.684433094230824712e-01
8.690408011843751002e-01
1.519902901816412022e-01
2.950898933628184895e-01
9.595975600155783880e-01
9.470303301597194912e-01
9.470303301597194912e-01
1.430150326265064442e-01
1.191250454067422498e-01
6.539385120466044699e-01
1.535727622176577267e-01
7.753737609595839908e-01
4.527206209598147457e-01
4.527206209598147457e-01
3.363696379820473870e-01
1.907584400057876217e-01
7.791799838242248200e-01
7.791799838242248200e-01
5.609377015897077934e-01
1.518656671223682086e-01
1.518656671223682086e-01
1.001305644810496741e-02
1.397140739006764165e-01
9.465377722744200417e-01
6.174631875735829833e-01
7.103374639642601185e-01
8.078424780585081733e-01
8.078424780585081733e-01
3.820710936571566352e-01
1.839720492296067766e-01
4.914794728279708175e-02
9.123631480922173020e-01
1.218915971842451994e-04
1.218915971842451994e-04
9.634561394121702316e-01
9.634561394121702316e-01
2.295697190136903598e-01
2.295697190136903598e-01
3.024235652421331522e-01
3.024235652421331522e-01
3.024235652421331522e-01
4.986336840915949753e-01
4.986336840915949753e-01
1.398441540272867545e-01
2.636971156411447303e-01
2.836767291786219669e-01
4.251128023674835554e-01
4.251128023674835554e-01
4.251128023674835554e-01
6.407988348131348211e-01
6.407988348131348211e-01
6.990903426966910139e-01
1.257839806119404324e-01
7.190074246099672495e-01
2.152679031763641421e-03
6.427693132246943275e-01
6.427693132246943275e-01
1.350531058227985304e-01
4.989311216789069636e-01
5.147338454007538422e-01
4.975776527920771630e-01
6.282104230198375383e-01
3.773269533923478414e-01
3.384219685133884898e-03
3.384219685133884898e-03
8.562797457747814978e-01
8.562797457747814978e-01
9.664081511273756586e-01
7.113783123718593338e-01
3.746625573510568574e-01
3.746625573510568574e-01
3.218212758596883938e-01
4.356324223546570451e-01
4.356324223546570451e-01
1.476299998171790584e-01
4.326271448851048973e-01
8.295677267550833900e-01
2.815962469559430414e-01
5.622365054168818599e-01
5.622365054168818599e-01
2.456615145846441639e-01
7.306057296459280703e-01
9.463729379652772167e-01
4.418509016037575621e-01
6.606812441841498629e-01
3.991405849199139433e-01
5.781466254574345598e-01
9.176362090240416380e-01
7.036064764431394780e-02
3.869877315947324592e-02
3.731587771668166686e-01
7.355832598311996540e-01
7.355832598311996540e-01
1.594971632980586584e-01
5.564911398604119874e-01
4.431929382642326720e-01
4.827438601044806155e-01
9.105150035496136773e-01
3.758244191027531461e-02
4.519016750144354555e-01
6.981847469429359743e-01
1.642416123025125796e-01
3.170570237179012874e-01
6.420978137968784694e-01
6.420978137968784694e-01
4.990718211861925879e-01
4.990718211861925879e-01
2.789331148518680581e-01
8.996247755714045224e-01
8.996247755714045224e-01
7.018730463739277781e-01
5.821553533082922671e-01
2.461073097887157279e-01
5.265552023695730527e-02
1.776748620474394580e-01
2.822810818576964587e-01
2.822810818576964587e-01
2.822810818576964587e-01
7.603284221627638617e-01
7.603284221627638617e-01
4.430400755581359040e-01
7.166622466584903206e-01
6.099192223316198813e-01
8.190415006434131895e-01
8.190415006434131895e-01
2.033745393615574160e-01
5.044440296834133974e-01
5.044440296834133974e-01
5.952610290083198974e-01
1.034942773176928121e-01
4.107440771676452163e-01
4.107440771676452163e-01
7.747887504597588126e-01
6.557757574476729134e-01
1.740326842162940590e-01
1.590677084524842466e-01
9.544971627832508076e-01
4.520022643507932703e-01
9.348136831756842513e-01
5.918829504287185239e-01
5.493209054768988242e-01
5.493209054768988242e-01
8.094515432294868695e-01
2.592634798327025925e-01
2.592634798327025925e-01
3.708010246703538626e-01
3.708010246703538626e-01
1.861419075537829315e-01
6.980075184059872928e-01
6.980075184059872928e-01
6.980075184059872928e-01
9.135562656516911240e-01
7.316472744111746085e-01
7.316472744111746085e-01
1.084031902182558960e-01
8.290421530416716700e-02
8.290421530416716700e-02
2.851180447107465321e-01
6.182352223212876918e-01
1.861561955220975700e-02
7.002714986822253795e-01
7.002714986822253795e-01
7.176396787434381475e-01
2.516680212728719113e-01
3.808030711359241538e-01
3.486525188494344896e-01
7.556070103460665877e-01
6.410666295772124990e-01
9.202261066071435458e-01
9.202261066071435458e-01
2.807923866845893346e-01
2.807923866845893346e-01
5.398376579360772975e-01
1.777252611717010378e-01
6.209807278497357919e-01
4.121974925516349447e-02
9.631897672729962112e-01
9.631897672729962112e-01
5.343438399363645841e-01
4.100936274291054340e-01
4.100936274291054340e-01
9.714713078108896394e-01
5.082696526754806321e-01
9.039786987682849606e-01
9.039786987682849606e-01
4.825438245507951418e-01
2.784351853104848062e-02
2.843647916994091474e-01
7.300902807544870088e-01
7.300902807544870088e-01
5.772502141228090800e-01
5.148307270797432000e-01
8.245480786315489974e-01
5.051251087930602734e-01
3.473740975865874381e-01
3.473740975865874381e-01
8.998014280559929468e-01
1.823979422560395303e-01
4.160897718603865925e-01
3.517382706998379294e-01
9.202311335863274655e-01
9.202311335863274655e-01
9.606166553339517966e-01
9.606166553339517966e-01
7.830551566758982007e-01
7.830551566758982007e-01
7.830551566758982007e-01
9.939201307422192988e-01
9.939201307422192988e-01
9.939201307422192988e-01
4.898611425530540187e-01
4.898611425530540187e-01
8.824763023842291387e-02
8.824763023842291387e-02
6.518134508510380343e-01
3.601065627599083219e-01
5.276804082184785027e-01
3.135518461874075014e-01
3.135518461874075014e-01
4.258127516993536754e-01
9.784740086629910572e-01
1.236736501949291245e-01
1.236736501949291245e-01
4.319797170589513291e-01
8.042406603138367860e-01
8.007337624711778623e-02
1.093200126227716479e-01
1.093200126227716479e-01
7.067148641138675247e-01
3.915625015601529313e-01
9.814511488925864446e-01
5.701760703940309538e-01
3.290195403400477114e-01
3.290195403400477114e-01
9.580204216938001949e-01
5.990222716240031220e-01
2.889122241705918692e-01
2.889122241705918692e-01
2.122339351666497897e-01
7.995749330127164267e-01
7.995749330127164267e-01
4.244247413306808658e-01
8.743039878284436517e-01
2.610197033690639934e-01
7.177140121026991393e-01
7.177140121026991393e-01
7.177140121026991393e-01
5.052579101681279328e-01
1.775277600076028556e-02
2.661592943992831528e-01
2.661592943992831528e-01
6.530855259119742184e-01
6.096162712347996671e-02
6.096162712347996671e-02
6.879891388215723103e-01
5.877165415665694947e-01
8.733367021414182307e-01
8.733367021414182307e-01
5.453946057434805317e-01
5.453946057434805317e-01
5.453946057434805317e-01
3.533106535284830096e-01
1.482391985082522623e-01
1.482391985082522623e-01
9.758813175753420222e-01
9.758813175753420222e-01
9.758813175753420222e-01
9.758813175753420222e-01
3.224769510690502217e-01
9.902477280125588921e-01
1.520790528964029165e-01
4.411721510829421100e-01
1.715584371923091489e-01
8.616341997102350270e-01
5.464765213818515432e-01
5.464765213818515432e-01
3.833632712201654469e-01
5.413286772122235524e-01
8.992673799808037494e-01
3.704408864703089693e-02
5.605347762150577617e-01
2.064393953257081041e-02
3.738771110134366249e-01
5.774829085176844679e-01
8.919290489115718756e-01
1.993552841624102456e-01
9.866607162198715031e-01
6.823569055256009097e-01
6.823569055256009097e-01
7.760828404202393394e-01
1.975324715746504811e-01
3.575597773244714173e-01
6.063383296044286830e-01
8.117716395648949534e-01
7.054178509887016890e-01
5.451503521325214985e-01
8.400243188182485721e-01
1.490139163466300308e-03
3.395581111930493501e-01
3.395581111930493501e-01
3.726933140086364227e-01
4.936882204167709065e-01
3.673710727269797749e-01
5.919282013197598724e-01
5.919282013197598724e-01
5.919282013197598724e-01
3.806096229710544954e-01
3.806096229710544954e-01
8.552552842415833689e-01
1.998579494238412330e-02
7.867967697265980664e-01
7.867967697265980664e-01
9.438732470508468531e-01
9.438732470508468531e-01
4.027342543961006105e-01
7.439758128286170225e-01
6.673938949089638362e-01
4.265020286680611394e-01
7.269912815758884372e-01
6.751432171771910573e-01
9.906757086458126693e-01
9.906757086458126693e-01
2.879180430312842653e-01
7.732013815272358037e-02
8.433168850332506405e-01
8.433168850332506405e-01
8.433168850332506405e-01
1.677444428292873546e-01
1.677444428292873546e-01
3.948933769497948720e-01
7.897979249033182381e-01
9.990223046888777048e-02
7.874967340997899301e-01
2.615202030434740643e-01
2.997820345625364924e-01
2.997820345625364924e-01
1.645073363668327071e-01
5.017320219800102121e-01
4.572357140756266869e-01
7.848141452104039073e-02
4.530017959297139574e-01
4.530017959297139574e-01
5.182279961217489683e-02
7.727275644268994936e-01
7.727275644268994936e-01
7.727275644268994936e-01
9.119351433314752953e-01
1.116726910232206244e-01
2.299782575769392101e-01
5.628512351433661021e-01
7.541202422012426299e-01
6.427138672544250309e-01
4.718998517593520070e-02
4.718998517593520070e-02
2.199245255600607851e-01
3.918861445519376124e-02
5.149724884934897551e-01
1.980049552685161085e-01
1.444059226706868593e-01
4.084522677582951844e-01
4.084522677582951844e-01
1.428351609602921124e-01
1.428351609602921124e-01
1.428351609602921124e-01
5.968544015262390312e-01
6.472906039206201001e-01
6.472906039206201001e-01
2.156573447263005483e-01
2.156573447263005483e-01
3.684167418669094252e-01
2.273078064763973255e-02
4.400689787771205896e-01
7.851137813570332469e-01
3.554548145696992401e-01
1.887587750217562810e-01
1.632313445485744363e-01
6.652627251567807543e-01
6.056880334317474857e-01
6.485861422034198132e-01
2.673477497892873811e-01
5.705683383692138344e-01
4.523627303088531004e-01
4.523627303088531004e-01
5.708714826722982583e-01
5.657555270969409911e-01
5.657555270969409911e-01
5.796376684969974935e-01
5.796376684969974935e-01
3.606353380807905129e-01
5.493269033600587381e-01
6.524854743532257917e-01
6.524854743532257917e-01
3.628955627454539257e-01
8.929960732485636710e-01
4.678964061375169292e-01
3.386404306834935318e-01
5.302029947515516373e-01
5.300231402767318079e-01
5.300231402767318079e-01
4.200180029992719305e-02
1.547041937150042158e-02
1.547041937150042158e-02
5.644435712235891522e-02
5.644435712235891522e-02
5.644435712235891522e-02
2.533202481834115338e-01
3.253742719230920399e-01
4.327019990559062279e-01
9.414302908296241501e-01
4.388414834738984527e-01
3.063945351661469529e-01
2.534792286517029702e-01
2.993821793244775403e-02
2.993821793244775403e-02
6.364663094745290906e-01
1.643906171671605243e-01
3.457142525297760005e-01
1.977122705167030925e-01
8.691139790643112040e-01
7.296419137170528924e-01
7.432713926145346761e-01
9.535401796668930841e-01
5.809388915428149724e-01
1.819002174780358361e-01
1.819002174780358361e-01
3.089614082477269985e-01
2.644205640578273578e-02
3.771881595170471502e-01
8.275499000112570558e-01
2.689797452789762233e-01
7.329087148634972904e-01
5.119241436225979713e-01
5.119241436225979713e-01
5.533653815452131974e-01
6.880163669504547608e-01
7.073530595969210744e-01
7.073530595969210744e-01
6.120468893911011898e-01
6.120468893911011898e-01
5.906933667335166893e-01
8.644682113019268588e-01
8.644682113019268588e-01
8.644682113019268588e-01
2.023060578385821318e-02
3.501879955767676633e-01
5.874314376418946493e-01
1.473315340125704032e-01
6.733972069712174102e-01
9.242175619528170127e-02
1.055455632497812463e-01
3.128627143732161664e-01
3.128627143732161664e-01
5.613584617288707168e-01
1.414125784075462022e-01
5.164361066190478189e-01
5.164361066190478189e-01
5.588206233326596939e-01
5.588206233326596939e-01
5.816654037729864779e-01
4.746149090799242076e-01
3.103764866830999725e-01
6.911923964445922941e-01
4.271082872580315160e-01
1.553936732489901718e-01
3.892253620801035541e-01
6.595092921061859736e-02
9.768530167628078908e-01
2.095529812645131051e-01
2.928861525475094929e-01
7.877074041067944066e-02
8.850010777227741432e-01
6.010566824101897243e-01
1.625709954179697381e-01
1.625709954179697381e-01
6.364464928145114886e-01
6.364464928145114886e-01
6.943766368193929894e-01
8.119233951007215344e-02
5.419312902298503154e-01
5.419312902298503154e-01
5.843053344262386650e-01
3.030134879223861377e-01
2.714010016303102790e-01
2.714010016303102790e-01
6.576026328762677453e-01
1.365405152582965242e-01
8.047773925500208980e-01
2.409423803186637181e-01
1.774470922984346388e-01
1.774470922984346388e-01
4.424805146587513227e-01
3.132611919394314159e-01
5.728352221206995942e-01
5.557869482215798129e-01
5.557869482215798129e-01
5.557869482215798129e-01
5.557869482215798129e-01
4.274564337989346097e-01
4.274564337989346097e-01
6.769229444953370756e-01
6.769229444953370756e-01
1.704876375259138377e-01
1.704876375259138377e-01
4.943469748933035368e-01
3.524869700637047742e-01
4.250666229630999382e-01
8.412664134357109580e-01
4.283947922823319043e-01
4.283947922823319043e-01
9.061020365194245585e-01
9.061020365194245585e-01
9.046053336388438781e-01
4.472574209609668228e-01
2.281274357277898179e-01
2.670546220000359905e-01
2.670546220000359905e-01
2.953079982237261647e-01
3.577053739693111245e-01
3.577053739693111245e-01
3.577053739693111245e-01
3.577053739693111245e-01
4.154970553412379863e-01
2.332045782671771095e-02
5.589954854719988431e-01
5.263989642413476888e-01
8.965865918332791562e-01
8.335438501314836879e-01
4.614768765577373366e-01
4.614768765577373366e-01
3.556574778251978541e-01
7.468869163851072912e-01
2.244775857618816761e-01
2.435252805170913804e-01
7.811733480844664790e-01
2.353750512222261282e-01
8.243447081954037303e-01
2.089394459892379985e-01
1.127390071854029174e-01
2.522760520075896240e-01
8.372330717395465305e-01
5.693566741842429751e-02
4.499300524285779757e-01
4.499300524285779757e-01
4.886979350029031499e-01
4.886979350029031499e-01
3.483656826310180255e-01
3.483656826310180255e-01
6.042513161847816727e-01
4.083306039935664100e-01
2.296457578981699332e-01
3.627539533049699005e-01
3.627539533049699005e-01
3.901023158740887231e-01
3.901023158740887231e-01
1.282891563683808411e-01
1.282891563683808411e-01
4.092397130918226655e-01
4.092397130918226655e-01
6.441281349006249268e-01
6.441281349006249268e-01
6.199471701541848789e-01
6.199471701541848789e-01
2.309372628830305696e-01
9.233158716045065245e-03
2.051002044894281451e-01
8.145679639915553993e-01
8.145679639915553993e-01
3.704505852197277904e-01
3.704505852197277904e-01
6.154308669532498888e-01
1.447927493780611086e-01
3.768351475332417655e-01
1.597746762482468441e-01
3.048463834753947430e-02
3.048463834753947430e-02
3.048463834753947430e-02
1.972221474754067699e-02
4.981854746102963860e-01
4.981854746102963860e-01
2.350616993294006585e-01
2.721739416592385830e-01
2.650642351490012372e-01
9.936984817251448554e-01
2.285610239951895717e-01
1.707351515308276335e-01
1.020302341811513275e-01
2.717828528469680149e-01
2.717828528469680149e-01
6.100281280073923673e-01
1.622091473018956176e-01
3.112835215200088212e-01
4.885815495072095005e-01
4.885815495072095005e-01
3.908459192455914222e-01
2.984237939992645527e-01
7.327251140696232345e-02
5.806436679704692905e-01
4.334439283738601434e-01
4.334439283738601434e-01
3.781857597565185247e-01
9.235141807290666582e-01
2.512184509395912202e-01
5.731711246622845923e-01
5.731711246622845923e-01
4.676643053886550550e-01
7.956501731965290869e-01
7.956501731965290869e-01
9.920965142856636998e-01
7.446423286850795131e-01
7.446423286850795131e-01
8.153525100443310691e-01
8.153525100443310691e-01
1.386978921314653279e-01
1.386978921314653279e-01
2.044809109454389928e-01
1.250090685344379671e-01
1.250090685344379671e-01
7.893246596604696075e-01
1.178137520049051395e-01
6.675727598156775411e-01
3.245681841996954642e-01
3.245681841996954642e-01
3.245681841996954642e-01
9.469052579189212171e-01
3.055754497604732389e-01
1.173286101055618785e-01
4.575056012579117870e-01
5.890799855315509426e-01
5.890799855315509426e-01
3.411349941190624513e-01
2.466136817346733234e-01
4.690038495268346042e-01
6.959039037117435988e-01
2.015558261049559263e-01
3.905448656028738807e-01
2.991335410733653166e-01
1.337951552555608770e-01
2.190242713458329382e-01
4.907471968235126991e-01
1.673661519967619971e-01
1.673661519967619971e-01
3.683017646779456755e-01
4.451968998525479004e-01
3.515831270474010228e-01
7.532248023496251887e-01
6.464800079277451816e-01
6.464800079277451816e-01
5.727198459346526382e-01
5.452170016811335174e-01
5.452170016811335174e-01
4.697517569106717805e-01
2.497798553738046212e-01
2.517973278401612891e-01
2.517973278401612891e-01
2.517973278401612891e-01
2.846756187946144490e-01
5.693199833900538520e-01
5.693199833900538520e-01
4.816502271502268173e-01
1.863239641569627014e-01
7.578069089650990575e-02
7.578069089650990575e-02
6.529219899049988340e-01
4.632855580863275424e-01
2.702655051795164187e-01
8.028837676386413325e-01
5.534384446936090329e-01
2.219469996739133477e-01
9.367782471497505536e-01
1.263868348064421387e-01
6.221800964198708206e-01
6.796156075296018173e-01
5.102034693554580169e-01
3.835529851490479536e-01
2.707301100000399363e-01
9.654116434269158775e-01
8.379950383755578602e-02
9.102609161081806066e-01
9.102609161081806066e-01
7.089396995275007995e-01
8.452835062089649742e-01
3.867819607971451634e-01
7.773693707319524471e-01
8.958433442171643835e-01
5.907133127926368354e-01
7.396705731498910419e-01
7.396705731498910419e-01
7.396705731498910419e-01
7.325930096469707165e-01
3.339841165287114055e-01
1.702691025603551567e-01
6.458386291461446493e-01
3.351085747290230010e-01
3.794001943436351582e-03
2.738187846592849972e-01
7.373351444980182912e-01
1.124698515857302655e-01
6.327414009720749855e-01
3.765355995066363981e-01
3.221739771810565034e-01
6.322067712193623068e-01
2.247164069322956093e-01
9.378383516721607860e-01
2.637527962811230808e-01
1.652092431569967546e-01
1.872143922025439333e-01
7.686062110244699930e-02
2.802082703161780652e-01
4.800006123973695193e-01
3.884235756215556612e-01
1.653660696601167157e-01
1.653660696601167157e-01
2.041895809285591279e-01
5.629335611532036987e-01
9.211985304376123507e-01
6.294072142500138911e-01
1.163425712745379779e-02
2.025970666401263609e-01
8.643401298462670412e-02
5.703465471268227560e-01
9.051973901371966613e-02
5.622520734766849326e-01
3.394800092915719603e-01
1.716287721560928389e-02
6.806524601455558043e-01
9.430115702694575885e-01
1.954242767640105571e-01
3.002280475043516209e-02
7.969642287710576589e-01
3.859221149567089171e-01
8.015557616166149035e-01
3.673173268370127920e-01
2.824497938846889933e-01
4.167948750871962038e-01
3.513672899860709187e-01
6.875107321550651962e-01
1.633854630532433072e-01
8.662069720163466657e-01
9.273147327258729478e-01
7.330074628859621910e-01
5.736672210071783740e-01
7.605285450083331122e-01
7.605285450083331122e-01
1.545610574137201987e-01
5.959798953986380488e-01
3.451067075875868806e-02
6.363393612487513451e-01
4.007132622068145245e-01
2.383970657550910366e-01
3.949849951096743861e-01
3.495619957286166812e-01
7.874721780137340643e-02
5.686843085147577082e-01
8.289378743566311325e-02
2.497681221114827765e-01
4.729262143936684426e-01
3.230402481160804529e-01
5.008088934672031423e-01
7.604813808491055482e-01
2.578834458908078608e-01
1.941144337517093088e-01
1.793305786934047963e-01
7.603918573582849616e-01
4.990227541980264969e-01
9.445456561629201886e-01
2.395465451927869527e-02
5.519923129696790998e-02
3.984077315634279026e-01
8.548823027845020572e-02
5.195264407987916222e-01
2.380811454897465151e-01
3.064004144958540343e-01
3.949273625789789799e-01
3.970577167819408504e-01
3.082646726573843865e-01
1.544872033736724437e-01
4.324220804189097822e-01
6.871254284928934863e-01
7.466530753482720772e-01
7.857137316386058057e-01
3.546315424210434997e-01
6.698625499744407241e-01
3.488492606819932895e-01
3.488492606819932895e-01
2.246852201289199491e-01
6.547264443024958247e-01
1.805473128570334596e-01
6.640439682155218071e-01
4.736166954246466831e-01
4.736166954246466831e-01
7.711091538668142231e-01
2.834900178047805586e-01
2.633568352477945740e-01
1.411411340108419399e-01
3.721085060007291445e-01
2.012460738946636463e-01
9.520871783019573265e-01
5.307112939241528382e-01
2.428345166573306624e-01
6.999510600144981387e-01
8.742580635576226999e-01
5.936399370270566411e-01
6.042523761588470821e-01
4.630828136473008616e-01
4.387770332547934193e-02
2.074371529495827593e-01
3.648964280408524830e-01
8.247931295882918734e-01
4.326487438095791838e-01
3.467767582325314013e-01
2.159912664772939972e-01
2.842222588155834950e-01
2.908316399759920956e-01
4.601563385007445550e-01
3.448149228988655612e-01
8.128748783293584523e-01
8.339910181066547690e-01
3.602915477843032788e-01
2.831054101468568618e-01
9.416221072895443189e-01
6.004057696860563009e-01
6.140523641642741115e-01
8.650586106481155529e-03
6.358744834140477309e-01
1.020843010272083212e-01
1.571114609381675520e-01
1.029767447426674365e-01
2.630570539728641424e-02
2.630570539728641424e-02
1.334210923331306531e-01
8.627237323797903867e-01
3.445157377156770062e-01
9.315697490991310392e-01
9.081023185690205723e-01
5.905250182218229060e-01
6.512496538710998983e-01
6.634131192990964931e-02
8.792542481274921995e-01
8.413974525154266360e-02
1.783519801841124477e-02
5.067256959322333776e-01
5.067256959322333776e-01
6.820514648059751162e-01
5.368547584859133526e-01
8.571813505438182768e-01
6.291509091324883896e-01
4.106727993237156982e-01
1.200189265159597451e-01
9.324103696343072345e-01
9.956103697013978238e-01
8.602031979611415302e-01
5.250111997800701591e-01
5.458180135936866462e-01
5.284297658237058215e-01
2.533379445757711901e-01
2.017574038987132723e-01
2.615499252626400928e-01
2.615499252626400928e-01
4.383047676314243968e-01
1.284563431486185070e-01
9.472039285272020326e-01
5.717307513191516311e-01
5.998537078737408573e-02
7.883621738875769003e-01
1.945348659824373272e-01
9.316756754458624945e-01
7.997718482339253310e-01
8.246054170622624593e-03
1.868706885857948086e-01
1.672935922030479583e-01
4.298041268858711628e-01
3.233930633921469067e-01
3.848302219170123273e-01
7.648112272862349625e-01
5.772652907558950552e-01
8.752120595546131199e-01
7.164509600721330473e-01
5.448828747569386399e-01
7.091889279296322013e-02
2.950985376424949957e-01
2.337988356265990608e-01
6.541432194007323897e-02
4.053137760235851483e-01
4.200086184820772117e-01
1.065945876185117325e-01
8.408536515274109835e-01
4.920606792762496906e-01
5.765735387181893934e-01
9.466810044635258770e-01
9.466810044635258770e-01
8.039822015265603028e-01
4.893487681058886762e-01
1.141044944318153204e-01
1.141044944318153204e-01
7.228644871307846609e-01
2.175621676517976860e-02
4.540593723627869838e-01
8.450696588699843081e-01
3.984920452545407388e-01
8.083093042437934639e-02
1.130827971114986147e-01
2.925841600243422880e-01
7.622479887815514221e-01
2.992800842534429906e-01
1.881319345317335190e-01
2.992788909438369727e-01
4.968928228518518786e-01
9.008300043585021344e-02
2.706163327257785078e-01
2.504286363801516146e-01
3.270587889301653228e-01
8.909475379839186804e-01
5.756717290150780569e-02
3.315809287413451489e-01
5.442490429153115095e-01
2.150004946749951018e-01
1.421200335297876927e-01
8.218560907795374737e-01
4.368560016337538071e-02
4.368560016337538071e-02
2.098880776374273394e-01
8.774459093024350453e-01
8.774459093024350453e-01
5.866997322503567647e-01
5.866997322503567647e-01
3.832563007055397875e-01
2.194027519665690540e-01
4.285248535366128486e-01
8.824730753549980822e-01
8.824730753549980822e-01
6.146468354355318908e-01
6.146468354355318908e-01
2.613870973697029476e-01
2.613870973697029476e-01
8.161258401815297825e-01
7.070316141261168141e-01
3.348717211476926470e-01
1.830385338821808594e-01
5.124347565318239095e-01
4.362453372564193410e-01
9.342514619079271831e-01
7.902342019939353479e-01
2.106988304837217885e-01
2.106988304837217885e-01
2.161261377447942500e-01
3.936718767190423018e-01
8.438729884073944976e-02
5.118360981979942492e-01
9.439271814901506463e-01
6.173219433427928199e-02
1.969164145841900138e-01
1.969164145841900138e-01
2.203720890443674474e-01
4.674544425586853458e-01
8.719120273389439069e-01
1.419331990780725861e-01
6.143817781443653425e-01
3.155306874294979136e-01
2.155387647358532888e-01
2.155387647358532888e-01
7.168976050496237429e-01
3.446251477834859078e-01
6.919647406717038818e-02
4.203786262620163861e-01
8.055252618284884925e-01
3.527796255063019859e-01
8.339803475961308360e-03
5.143207061305714589e-01
5.143207061305714589e-01
5.143207061305714589e-01
7.481423572327124960e-01
4.842260688196343699e-01
9.523987010254377772e-01
2.906342902757441116e-01
9.365435253554733608e-01
2.471163068728967072e-01
7.452143100526106290e-01
7.765634845037856504e-01
2.242905275838073531e-01
9.784173041615326083e-01
6.475235201844327104e-01
2.167891075370966328e-02
6.897724858312943574e-01
2.200142041243916269e-01
4.693644901994490914e-01
3.467229576659552337e-01
6.139124814080655357e-01
9.367887969595276587e-01
3.279422024617693054e-01
5.838064297137480763e-01
9.076107677968519027e-01
9.076107677968519027e-01
1.155383367666004274e-01
3.854707333967569843e-02
6.195477332162930839e-01
3.345518404906486776e-01
8.257315410167621883e-02
3.544061534209890230e-01
3.544061534209890230e-01
2.613057661277930488e-01
3.572388809222945549e-01
4.365285769332973714e-02
6.571487124441452998e-01
6.579044697146871901e-01
1.706585637700714364e-01
2.521359262946831215e-01
4.667163957353837600e-01
1.429198804622486552e-01
7.951940333897324908e-01
1.231978711543452315e-01
1.887444445850907648e-01
1.646724762163816191e-01
2.507911419146581847e-02
1.458460140574642794e-01
5.910552419239428756e-01
5.627429324671614497e-01
5.627429324671614497e-01
4.879591636897900875e-01
1.380601113826292470e-01
1.380601113826292470e-01
4.987317125863554579e-01
4.603099031926826679e-01
8.576738608335919833e-01
8.576738608335919833e-01
6.536220391810245722e-01
6.536220391810245722e-01
8.615057441973800190e-01
3.130143081379681558e-01
3.638408914159932950e-01
3.638408914159932950e-01
9.117494806845442001e-01
7.017954279851581489e-01
1.074176605297905707e-01
8.367169152128922649e-01
5.371455854390051465e-01
5.371455854390051465e-01
9.235596237556741306e-01
8.250450869501353424e-01
5.740926150771918923e-01
9.495506938567382926e-01
3.613714413636517353e-01
9.909391058505461203e-01
1.589397297441745571e-01
5.603297724690744497e-01
1.789291755572095244e-01
3.038552273235471668e-02
7.260194554604808559e-01
6.892718057876280335e-01
5.021296995891066928e-01
6.851599986107431706e-01
3.095212811468106562e-01
8.052424646638585148e-01
9.240946874189687188e-01
5.116900989457877635e-01
4.384797572168109836e-01
9.962670914248278331e-01
4.866556610666720184e-01
5.967814851656957353e-01
8.667388338530733760e-01
5.580935080245116309e-01
2.232786235279645148e-01
2.592424257818896211e-02
8.324516713579616090e-01
4.952639621971485079e-02
1.680138913437309034e-01
7.714207742042019644e-01
5.575061953298094952e-01
5.636940832952014313e-02
4.176430068730364598e-01
3.520576520823590072e-01
8.169093169844524605e-01
6.177389386082158262e-01
3.190613081940234519e-01
4.177121804797774840e-01
5.954730051997170204e-01
6.820076131789434282e-01
3.777833605678476148e-01
5.078970193904790154e-03
4.665240524383677534e-01
2.340912032656590480e-01
2.823446954455530178e-01
9.912248426087186814e-01
7.344875049991284044e-01
6.401756783327752220e-01
9.829733115126521037e-02
8.956097416021656654e-01
8.956097416021656654e-01
9.525202709111910138e-02
1.683449898564791103e-01
3.411379489109673258e-01
9.883566141937917271e-01
5.556525450984669545e-01
5.556525450984669545e-01
1.854458927798404433e-01
6.557889167312586087e-01
3.948246293663471018e-01
2.546132047421222344e-01
8.576692288011231735e-01
9.453371754980817165e-01
3.553800800822647932e-01
3.654276764887243178e-01
4.624945767389957441e-01
2.042290082133462747e-01
4.580749913876895341e-01
2.948689194703039695e-01
9.122698060670385578e-01
9.122698060670385578e-01
8.395692518522344105e-01
8.395692518522344105e-01
1.519900805951896472e-01
2.296877129384761185e-01
5.222059416619569128e-02
5.922246602816626515e-01
2.598580015585394073e-02
3.403259931221252477e-01
3.403259931221252477e-01
9.080825130748285678e-01
3.074051455766400598e-01
2.970832899538738969e-01
8.168582693267442685e-02
6.945439215452278159e-01
2.469898045567973932e-01
6.797669205243137003e-02
4.332089008539961178e-02
6.305575074352621767e-01
3.715360858828585244e-01
6.407783724919895452e-01
6.352552290435019566e-01
5.040951041864136783e-01
5.585751353220280713e-01
5.578905477370131871e-01
6.189194405768114748e-01
8.932757784306563087e-01
1.357915113143548791e-01
7.891621265812583941e-01
9.986493780382441066e-02
5.179632758959865635e-01
5.838481556979321363e-01
7.702020144981457372e-01
7.332379466482893404e-01
7.332379466482893404e-01
1.873207100600448871e-01
6.837124529611599000e-01
8.244321403961621941e-01
8.244321403961621941e-01
4.068988706074892076e-02
3.713133020232188830e-01
4.979474593918239433e-01
3.681716660345955572e-01
3.876810229250629014e-01
2.514083701765602030e-01
4.188780101448441595e-01
7.411337359475984599e-01
7.411337359475984599e-01
8.979377610342461624e-01
6.085396726004413948e-01
8.806088209093712038e-01
6.714802541760135357e-01
8.311581362334001521e-02
7.862896958491323307e-01
1.010514781943997881e-01
3.433726174227848538e-01
3.397137109930043475e-01
7.883069336120004933e-02
7.883069336120004933e-02
4.784580155047579164e-01
4.784580155047579164e-01
7.412536406193067640e-01
8.283074676701953631e-01
2.777046156256706144e-01
4.573189857302478178e-01
4.015812508549065907e-01
3.724766267988514623e-01
3.724766267988514623e-01
3.640495605212574343e-02
1.612655193015080646e-01
1.066119051727538597e-01
8.015962195118664368e-01
4.993086296214832576e-01
8.107465755972342869e-02
2.588101951076163254e-01
2.588101951076163254e-01
2.997183908197699753e-01
3.548386124055250557e-01
3.548386124055250557e-01
6.899251710888564502e-03
6.899251710888564502e-03
4.326781152057983526e-01
1.443167918990713172e-01
7.487754168527709364e-01
1.871853109625403744e-01
3.960022709431606502e-01
3.031104674334389459e-01
5.527885992578870367e-01
5.527885992578870367e-01
2.654955847718309392e-01
1.408321158771693449e-01
6.858817654042910217e-01
8.776831697026863388e-01
2.299019530167165926e-01
1.752988786227842322e-01
8.099326794847083733e-01
9.302470324571921606e-03
9.302470324571921606e-03
9.302470324571921606e-03
9.302470324571921606e-03
7.640461919967445059e-01
8.656758766078419542e-01
5.800519419754207595e-01
5.800519419754207595e-01
3.658585502599145389e-01
7.342471864718246033e-02
8.725362214830751917e-01
8.725362214830751917e-01
1.533847415735878628e-01
1.612380239967699802e-01
1.348485680217413954e-02
4.749133368893502793e-01
4.749133368893502793e-01
6.570942121021655646e-01
6.570942121021655646e-01
1.099523414845204666e-03
6.075767353580495689e-01
4.888013560192664975e-01
3.430804015518276739e-01
8.743314269257280724e-01
5.045032442037162834e-01
3.807603874641964092e-02
9.560138758384448820e-01
7.401825864661012444e-01
4.568287441339735078e-01
3.581212705860234990e-01
3.581212705860234990e-01
3.581212705860234990e-01
3.581212705860234990e-01
1.702611479562450569e-01
1.702611479562450569e-01
1.702611479562450569e-01
1.702611479562450569e-01
1.702611479562450569e-01
9.976749837415361810e-01
9.574456395205956927e-01
4.124671632506058949e-01
4.124671632506058949e-01
5.701037476124660719e-01
1.082931001320488751e-01
7.029143526562271482e-01
9.827285576111578491e-01
9.827285576111578491e-01
1.940997333020456073e-01
9.917379502896732646e-01
6.067184319487214372e-01
3.353642640623951676e-01
3.353642640623951676e-01
7.102279256209440006e-02
5.909504334709394513e-01
1.693640331669581112e-01
8.894241560916356093e-01
8.894241560916356093e-01
5.698646633981602205e-01
9.258110880511848384e-01
9.179638963167263688e-01
8.735786933427281964e-01
7.768532938507273222e-01
5.569541034445270045e-01
2.888494235408197719e-01
7.483076713812911729e-01
6.749951890796861420e-01
2.262708540073188335e-01
6.992688357502827023e-02
3.060503861156524952e-01
3.060503861156524952e-01
6.930133713314227117e-01
2.046663134145805807e-01
2.046663134145805807e-01
2.066629151580831047e-01
8.955895022476388911e-01
8.955895022476388911e-01
7.740056232587315677e-01
8.546372626028426733e-01
8.546372626028426733e-01
1.424915658172082322e-01
2.133114476485905853e-01
3.702545037716426513e-01
8.698319469681150551e-01
8.698319469681150551e-01
2.789716682073304921e-01
4.783726234408313682e-01
6.165991943301712963e-01
1.011365803024864979e-01
5.161105300956830844e-01
2.850578998398277109e-01
5.821380758694276736e-01
3.637299054296023182e-01
2.185648047863369137e-01
6.372664790584037231e-01
4.605121506622606442e-01
4.605121506622606442e-01
4.939085085620888993e-01
9.454866319108616857e-01
1.076807704645101199e-01
1.076807704645101199e-01
7.706346771766838799e-01
7.706346771766838799e-01
8.462122278262492747e-01
1.060705614453277823e-01
1.060705614453277823e-01
1.060705614453277823e-01
7.304737938018680543e-01
7.304737938018680543e-01
6.146473722786300886e-01
9.635792023969723397e-02
1.129884065311453634e-01
3.384472494596763026e-01
3.384472494596763026e-01
4.196453266869652754e-02
9.681826802444372104e-01
5.350249323901033055e-02
7.392152183656965914e-01
6.459594693706008917e-01
1.134020834159948643e-01
1.134020834159948643e-01
3.552278041752750526e-01
8.671049997237617601e-01
3.399410694165246882e-01
3.835016593757363812e-01
2.003023773195455604e-01
7.538782623365780644e-01
9.635616851620500967e-01
5.435627651087232559e-01
9.401038200377186405e-01
8.075837376467218109e-02
4.952920026289812094e-01
1.084223492054986193e-01
5.512643357375892478e-02
8.568931894593242449e-01
4.644086531873333756e-01
9.805192776541609145e-01
1.468347570509181965e-01
7.574756272947095193e-01
2.295533549515778038e-01
5.714067905018005433e-01
8.756957062138183145e-01
8.756957062138183145e-01
8.207235544966573482e-01
8.207235544966573482e-01
9.600052212543096486e-01
5.706870900034198835e-01
5.706870900034198835e-01
7.933633663993182317e-02
1.562446669571012359e-01
9.890571962404988426e-02
3.258446936935732036e-02
1.591523243035811441e-01
6.722873139848064561e-01
5.451301671770793916e-03
1.823074845802911681e-01
5.915482099084553580e-01
1.452656998706887692e-01
1.795608840559803632e-01
4.471514627603660058e-02
8.671859249267264147e-01
9.202388245884782214e-02
1.421479068647630434e-02
7.525397742032097215e-01
9.415796836211329790e-01
4.199271006809658369e-01
5.102757863164270741e-02
5.102757863164270741e-02
5.102757863164270741e-02
7.064848054940756628e-01
7.064848054940756628e-01
6.926421221358460834e-01
4.010677054586659351e-01
7.869228748976634380e-01
5.712467442808055740e-01
5.712467442808055740e-01
5.392631009678828802e-01
6.393541232207289315e-02
2.431064415944802493e-01
2.431064415944802493e-01
2.431064415944802493e-01
4.067484153173377831e-02
1.863172915125845541e-01
6.516867996670036023e-01
5.605287034760481069e-02
4.231480818271753375e-01
4.231480818271753375e-01
3.933746125889436840e-01
7.026483788448598666e-01
4.211912111966492622e-02
6.473056008524510352e-01
6.300963082381016989e-01
6.300963082381016989e-01
6.300963082381016989e-01
6.554046700237865786e-02
1.193690497607931694e-01
1.584879029424031971e-01
