total_mass
1.092138751000000099e+02
1.138317289999999957e+02
1.138317289999999957e+02
1.607367289999999969e+02
1.233091160000000031e+02
1.180162749999999932e+02
1.392211920000000021e+02
1.208638020000000068e+02
1.314849550000000136e+02
1.072102689999999967e+02
1.086852949999999964e+02
1.093665409999999980e+02
1.093665409999999980e+02
1.068703916999999848e+02
1.094000740000000036e+02
1.086144139999999965e+02
1.086144139999999965e+02
1.219804939999999931e+02
1.099703470000000038e+02
1.125537120000000044e+02
1.151224030000000056e+02
1.182416190000000000e+02
1.680098570000000109e+02
1.445761140000000182e+02
1.140098399999999970e+02
1.441182709999999929e+02
1.458258969999999977e+02
1.291822699999999884e+02
1.141619149999999934e+02
1.097529750000000064e+02
1.097529750000000064e+02
1.109429559999999952e+02
1.061903139999999723e+02
1.094160379999999719e+02
1.097717300000000051e+02
1.288179089999999860e+02
1.280203129999999874e+02
1.247864500000000021e+02
1.143161659999999955e+02
1.084564139999999952e+02
1.323625519999999938e+02
1.323625519999999938e+02
1.123523730000000000e+02
1.509427029999999945e+02
1.509427029999999945e+02
1.236339799999999940e+02
1.214493410000000040e+02
1.058039800000000241e+02
1.479062419999999918e+02
1.061018360000000058e+02
1.118624410000000040e+02
1.294923510000000135e+02
1.191913639999999930e+02
1.096782950000000056e+02
1.513595470000000205e+02
1.076215500000000276e+02
1.076215500000000276e+02
1.052074879999999695e+02
1.062588829999999973e+02
1.116471860000000049e+02
1.124030460000000033e+02
1.112403560000000056e+02
1.112403560000000056e+02
1.324522370000000251e+02
1.068520589999999970e+02
1.063650650000000013e+02
1.236520150000000058e+02
1.063534559999999942e+02
1.209064039999999949e+02
1.090167650000000066e+02
1.024945220000000035e+02
1.251686100000000010e+02
1.073891480000000058e+02
1.044582199999999972e+02
1.813661879999999940e+02
9.989802129999998215e+01
1.032758890000000065e+02
1.174114360000000232e+02
1.041347880000000004e+02
1.054497580000000028e+02
1.000406759000000108e+02
1.103206200000000052e+02
1.103206200000000052e+02
1.119251540000000062e+02
1.334267689999999789e+02
1.034970600000000047e+02
1.034970600000000047e+02
1.034970600000000047e+02
1.068348960000000005e+02
1.068348960000000005e+02
1.083176560000000279e+02
1.060054010000000062e+02
1.050572630000000061e+02
1.409207120000000089e+02
1.061378009999999961e+02
1.075998160000000041e+02
1.226486320000000063e+02
1.073704620000000034e+02
1.087642879999999934e+02
9.950969000000000619e+01
1.037861400000000032e+02
1.037861400000000032e+02
1.002383810000000040e+02
1.026641790000000043e+02
1.184551459999999707e+02
1.059289449999999988e+02
1.384312400000000025e+02
1.069078520000000054e+02
1.015100110000000058e+02
9.549983230000000844e+01
9.894173300000002769e+01
1.679639970000000062e+02
1.008334990000000033e+02
1.008334990000000033e+02
1.527999800000000050e+02
1.079817010000000010e+02
9.747453099999999893e+01
9.747453099999999893e+01
9.655048929999998109e+01
1.013453030000000012e+02
1.081677399999999949e+02
1.081677399999999949e+02
1.029070109999999971e+02
1.029070109999999971e+02
1.022950359999999961e+02
1.022950359999999961e+02
1.039474340000000012e+02
1.048803730000000058e+02
1.037821370000000059e+02
1.017734760000000023e+02
1.074077120000000036e+02
1.074077120000000036e+02
1.024725380000000001e+02
1.065423090000000030e+02
1.552343670000000202e+02
1.337900349999999889e+02
1.337900349999999889e+02
9.623674300000000414e+01
9.623674300000000414e+01
9.547311910000001944e+01
9.547311910000001944e+01
9.242341569999999251e+01
9.649748499999999751e+01
1.094442810000000037e+02
1.072745290000000011e+02
9.544106399999999724e+01
1.132207149999999984e+02
1.092408089999999987e+02
1.023077640000000059e+02
9.505282499999999857e+01
1.077870110000000068e+02
9.986968799999999646e+01
9.986968799999999646e+01
1.017499219999999980e+02
9.573671100000002809e+01
1.033442900000000009e+02
1.033442900000000009e+02
9.892520700000000033e+01
9.968531400000000531e+01
9.968531400000000531e+01
1.012571109999999948e+02
1.012571109999999948e+02
1.578913809999999955e+02
1.055283390000000026e+02
1.159580459999999960e+02
1.516301569999999970e+02
1.316337699999999984e+02
9.912008899999999301e+01
9.785273800000000222e+01
9.419460900000002823e+01
9.419460900000002823e+01
1.009788170000000065e+02
1.392325889999999902e+02
1.062480560000000054e+02
9.238212059999999326e+01
9.238212059999999326e+01
9.238212059999999326e+01
1.223359219999999965e+02
1.223359219999999965e+02
9.848268400000000611e+01
9.848268400000000611e+01
9.461307399999999745e+01
9.254028590000001486e+01
1.037863109999999978e+02
8.645001989999998671e+01
9.474142000000000507e+01
9.474142000000000507e+01
1.164520150000000029e+02
1.418457329999999956e+02
9.462720899999999347e+01
1.026865559999999959e+02
9.872593100000000277e+01
1.021683699999999959e+02
9.763739700000000710e+01
8.941879219999999862e+01
9.279230699999999388e+01
1.118845129999999699e+02
1.118845129999999699e+02
1.474956280000000106e+02
9.581803899999999885e+01
9.581803899999999885e+01
9.747128300000002810e+01
9.976710699999999576e+01
9.237307400000000257e+01
9.834003800000000695e+01
1.267323870000000028e+02
1.087195830000000001e+02
9.052777579999998636e+01
9.052777579999998636e+01
9.245150800000000402e+01
9.141745699999999886e+01
9.470130500000000495e+01
9.470130500000000495e+01
9.534452700000002778e+01
1.265325350000000242e+02
9.841272999999999627e+01
1.160928379999999720e+02
1.115543459999999953e+02
1.361080939999999941e+02
9.780284500000000492e+01
1.097278310000000232e+02
8.885212220000001082e+01
9.277069100000002777e+01
9.736526299999999878e+01
1.210354920000000050e+02
1.074400349999999946e+02
1.507188720000000046e+02
1.107047460000000001e+02
1.065551640000000049e+02
1.065551640000000049e+02
9.164431100000000185e+01
9.193118200000000684e+01
1.395722810000000038e+02
9.334038900000000183e+01
9.441278200000000709e+01
8.921655499999999961e+01
1.077473700000000036e+02
1.573028180000000020e+02
9.319773600000000613e+01
1.020653499999999951e+02
9.558050900000000638e+01
1.273687280000000044e+02
1.030995290000000040e+02
9.954023700000000474e+01
9.387096800000000485e+01
9.585937199999999336e+01
9.585937199999999336e+01
1.009365669999999966e+02
9.290822199999999498e+01
1.509267429999999877e+02
8.871242099999999198e+01
9.548334199999999328e+01
9.654000700000000279e+01
9.097673199999999838e+01
9.065595299999999668e+01
1.057872530000000069e+02
8.966261000000000081e+01
8.966261000000000081e+01
8.962366199999998173e+01
8.962366199999998173e+01
9.465427599999999586e+01
9.269419700000000262e+01
8.881835299999998767e+01
8.881835299999998767e+01
1.070269660000000016e+02
8.897057699999997737e+01
8.897057699999997737e+01
1.219984780000000057e+02
9.285570599999999786e+01
9.312115699999999663e+01
9.312115699999999663e+01
1.050707129999999694e+02
1.166294670000000053e+02
8.980560500000001412e+01
8.980560500000001412e+01
9.047863300000000208e+01
8.839895500000000084e+01
9.287597100000000694e+01
9.129078800000000626e+01
1.115405999999999977e+02
8.680283900000000585e+01
9.136409600000000353e+01
8.925768999999998243e+01
8.563889940000001388e+01
1.162414780000000007e+02
1.005946119999999979e+02
9.128967500000000257e+01
8.653120099999998160e+01
8.689215100000001257e+01
8.689215100000001257e+01
9.344617499999999666e+01
8.769248100000000079e+01
1.005366300000000024e+02
8.736866799999998534e+01
8.736866799999998534e+01
1.031817630000000037e+02
8.855109399999997777e+01
8.560878800000000410e+01
8.494882790000001194e+01
8.919322800000000484e+01
8.919322800000000484e+01
9.143447799999998438e+01
9.143447799999998438e+01
1.004848080000000010e+02
9.245569299999999657e+01
8.515291499999999303e+01
8.515291499999999303e+01
8.515291499999999303e+01
8.981933800000000190e+01
8.600428700000000504e+01
8.435787520000000939e+01
8.435787520000000939e+01
9.033797900000000425e+01
9.033797900000000425e+01
8.669093200000000365e+01
8.761002899999998306e+01
8.771581300000001136e+01
8.771581300000001136e+01
8.771581300000001136e+01
8.771581300000001136e+01
8.448569249999999897e+01
8.448569249999999897e+01
8.685147299999999859e+01
1.036719190000000026e+02
9.200348300000000279e+01
9.047725300000000459e+01
9.185014499999999771e+01
9.234610899999999845e+01
9.234676500000000487e+01
8.982648700000000019e+01
8.648510699999999929e+01
9.046112300000000062e+01
9.007816800000000512e+01
9.009215600000000279e+01
9.009215600000000279e+01
8.489447800000000655e+01
8.489447800000000655e+01
8.382666509999999960e+01
8.431979600000001085e+01
8.431979600000001085e+01
8.501314299999999946e+01
1.441088180000000136e+02
8.517736600000000635e+01
9.189262200000000291e+01
9.203894499999999823e+01
1.073022580000000232e+02
8.934601699999997493e+01
8.572915399999999408e+01
9.277426400000000228e+01
8.726583699999997634e+01
8.726583699999997634e+01
8.976752299999998286e+01
8.547994699999998147e+01
8.597887099999999805e+01
8.515080100000000130e+01
8.515080100000000130e+01
8.843779599999999164e+01
8.660980599999997764e+01
9.843958100000000400e+01
8.515392900000000509e+01
8.515392900000000509e+01
8.862056600000001083e+01
8.862056600000001083e+01
8.862056600000001083e+01
1.052322350000000029e+02
8.118487249999998312e+01
8.616638700000000028e+01
9.101682099999999309e+01
9.274184599999999534e+01
8.933302700000000129e+01
9.572829400000000533e+01
1.017354830000000021e+02
1.430114749999999901e+02
9.092532799999999327e+01
8.222521689999997818e+01
8.222521689999997818e+01
8.578033299999999883e+01
8.239758599999997557e+01
8.239758599999997557e+01
8.739544899999999927e+01
9.601113700000000506e+01
8.896157999999998367e+01
8.579057199999998318e+01
8.579057199999998318e+01
9.365144399999999791e+01
8.639278699999999844e+01
9.008846099999999524e+01
1.058160290000000003e+02
8.382897599999998306e+01
8.441291499999999814e+01
8.735860399999999970e+01
8.735860399999999970e+01
8.538649799999997470e+01
8.538649799999997470e+01
8.720976500000000442e+01
8.729418599999998207e+01
9.861296299999999349e+01
8.630902000000000385e+01
1.080057759999999973e+02
9.081623899999999594e+01
8.248345499999997799e+01
9.321073099999999556e+01
1.052821349999999967e+02
8.555315000000000225e+01
8.522243000000000279e+01
8.522243000000000279e+01
9.275765400000000227e+01
1.382664950000000204e+02
1.052206769999999949e+02
8.641634599999999011e+01
8.578768399999999872e+01
8.400304500000000019e+01
8.715225599999999417e+01
7.954858099999999865e+01
7.954858099999999865e+01
8.563259899999999902e+01
8.072313600000001088e+01
8.739226100000000486e+01
9.193287300000000073e+01
8.592415799999999138e+01
8.592415799999999138e+01
9.223564299999999605e+01
1.160666649999999720e+02
8.123148399999998048e+01
9.391831000000000529e+01
8.720981000000000449e+01
8.178511500000000467e+01
8.225523400000000152e+01
1.294685440000000085e+02
8.900233800000000883e+01
8.443219300000001226e+01
8.841122799999999415e+01
8.841122799999999415e+01
8.415462899999999991e+01
8.683370999999998219e+01
1.054474519999999984e+02
1.192625390000000039e+02
8.541542400000000157e+01
8.494950299999997867e+01
8.629818900000000781e+01
8.680210900000000152e+01
7.729564879999998084e+01
7.729564879999998084e+01
8.387031299999998168e+01
8.387031299999998168e+01
9.234560399999999447e+01
8.984244200000000546e+01
8.610346200000000749e+01
8.731310100000000318e+01
8.155092900000001066e+01
8.446334099999999978e+01
7.992605999999997834e+01
8.764656800000000203e+01
8.764656800000000203e+01
8.338442399999998145e+01
8.007064500000001317e+01
8.007064500000001317e+01
8.765864599999999029e+01
8.765864599999999029e+01
8.425311299999999903e+01
8.936298299999998562e+01
8.131800300000000448e+01
8.834524899999998127e+01
8.329135699999997655e+01
8.886619899999998040e+01
7.840307099999998286e+01
7.901586900000000924e+01
7.901586900000000924e+01
8.180994900000000314e+01
8.419286899999998752e+01
8.419286899999998752e+01
8.304163700000000858e+01
1.035120739999999984e+02
8.975953100000000973e+01
8.470529400000000919e+01
1.029349590000000063e+02
8.540458700000000647e+01
8.540458700000000647e+01
8.190376299999998366e+01
7.917052099999999371e+01
7.917052099999999371e+01
9.132075600000000293e+01
9.334944799999999532e+01
8.262321500000000185e+01
1.081619909999999720e+02
8.578178800000000592e+01
8.578178800000000592e+01
7.971942500000000109e+01
7.971942500000000109e+01
7.971942500000000109e+01
8.322747599999998158e+01
8.546976599999997859e+01
8.312990999999998110e+01
8.103588600000000497e+01
8.712149499999998170e+01
8.712149499999998170e+01
8.467010299999998324e+01
8.467010299999998324e+01
8.349288100000001123e+01
8.332700700000000893e+01
8.740444300000001476e+01
8.186929800000000057e+01
7.621758499999999970e+01
8.483402399999999943e+01
7.941315000000000168e+01
8.497287099999998361e+01
8.184804399999998736e+01
7.947409600000000296e+01
8.584724800000000755e+01
8.452744299999997679e+01
9.223880900000000338e+01
7.633710100000000409e+01
7.633710100000000409e+01
8.267217200000000332e+01
8.267217200000000332e+01
8.267217200000000332e+01
8.355460300000000018e+01
8.355460300000000018e+01
8.458473700000000406e+01
7.923680799999998214e+01
8.178808599999997853e+01
8.668980799999999931e+01
8.076398199999999861e+01
7.910040700000000413e+01
8.326627600000000484e+01
9.326648500000000297e+01
7.577801300000000140e+01
7.577801300000000140e+01
7.577801300000000140e+01
7.577801300000000140e+01
8.708445700000000045e+01
7.761979600000000801e+01
7.761979600000000801e+01
7.744921899999999937e+01
7.505250229999998623e+01
7.963837599999999384e+01
7.938315599999999961e+01
8.352230700000001207e+01
8.352230700000001207e+01
7.545945899999998119e+01
7.545945899999998119e+01
8.725782399999999939e+01
8.667856599999997513e+01
8.469964399999999216e+01
8.198982300000000123e+01
8.254133600000000115e+01
7.537108399999998198e+01
7.537108399999998198e+01
8.259655599999997833e+01
7.431577450000000340e+01
7.431577450000000340e+01
8.764735799999998278e+01
8.317129399999997474e+01
8.317129399999997474e+01
7.825928700000000049e+01
8.645651000000000863e+01
7.697970500000000982e+01
7.697970500000000982e+01
7.841842599999998242e+01
8.397234300000000928e+01
7.946450600000000009e+01
7.946450600000000009e+01
8.340927299999999889e+01
8.215255700000000161e+01
7.828982799999999997e+01
8.239657300000000362e+01
8.476415099999999825e+01
8.285345500000001095e+01
8.934003799999997852e+01
8.082501200000000097e+01
8.082501200000000097e+01
8.103562600000000771e+01
8.703373299999999801e+01
8.703373299999999801e+01
8.482970600000000161e+01
8.218534099999999398e+01
8.218534099999999398e+01
8.286120300000000327e+01
8.253693999999998709e+01
7.547899900000000173e+01
7.547899900000000173e+01
7.547899900000000173e+01
8.697900400000000332e+01
8.471180999999999983e+01
8.471180999999999983e+01
8.128051899999999819e+01
8.445867899999997519e+01
1.117478220000000277e+02
7.995087800000000300e+01
8.503134399999999005e+01
7.505216599999999971e+01
7.611920499999999379e+01
8.125119200000000319e+01
7.588190600000000074e+01
7.774955099999998254e+01
7.774955099999998254e+01
8.099178799999999967e+01
8.615259499999997672e+01
7.737808599999998194e+01
7.737808599999998194e+01
7.813899599999999168e+01
7.763645600000000968e+01
7.763645600000000968e+01
7.918063700000000438e+01
8.339568299999999113e+01
8.909150400000000047e+01
7.533810799999999119e+01
7.533810799999999119e+01
8.842404300000001172e+01
8.585357900000001052e+01
8.585357900000001052e+01
7.526390700000000322e+01
7.316923400000000299e+01
7.316923400000000299e+01
7.316923400000000299e+01
1.025417640000000006e+02
8.779878599999999267e+01
7.742271099999999251e+01
8.930088800000000049e+01
8.304896199999997464e+01
8.829631799999999942e+01
8.571850200000000086e+01
8.263251499999998373e+01
8.263251499999998373e+01
7.996008700000000147e+01
7.350476000000000454e+01
7.350476000000000454e+01
8.378216899999998191e+01
1.211191489999999931e+02
7.437324000000000979e+01
7.784485300000000052e+01
7.784485300000000052e+01
7.784485300000000052e+01
7.784485300000000052e+01
7.489685299999999302e+01
8.492251400000000672e+01
8.492251400000000672e+01
8.042301700000000153e+01
7.648211599999997645e+01
8.762628899999999987e+01
8.337775400000001014e+01
8.039560900000000743e+01
7.881140700000000265e+01
8.079296500000000947e+01
8.035280199999998274e+01
7.167435570000000666e+01
7.270355800000000102e+01
7.270355800000000102e+01
7.637901300000000049e+01
9.848801500000000431e+01
7.283958499999999958e+01
7.283958499999999958e+01
8.011679800000000284e+01
8.011679800000000284e+01
8.425785999999999376e+01
8.425785999999999376e+01
8.228657699999999409e+01
7.912237000000000364e+01
7.258198399999999140e+01
7.054039360000000158e+01
7.054039360000000158e+01
8.623028700000000413e+01
7.418540000000000134e+01
7.418540000000000134e+01
7.418540000000000134e+01
8.313182799999999872e+01
8.099499700000001212e+01
8.099499700000001212e+01
7.602572700000000339e+01
7.713560600000000989e+01
7.713560600000000989e+01
7.209596600000000421e+01
8.206088800000000560e+01
7.644274699999998290e+01
8.394862700000000189e+01
9.164207600000000298e+01
8.380856500000000153e+01
8.389821599999997659e+01
7.287019800000000203e+01
1.044044449999999955e+02
1.044044449999999955e+02
7.773217400000000055e+01
7.773217400000000055e+01
7.693332499999998220e+01
7.693332499999998220e+01
7.693332499999998220e+01
7.094894999999999641e+01
7.807651700000000972e+01
8.098657199999998113e+01
8.098657199999998113e+01
8.372183400000000120e+01
7.308650400000000502e+01
6.682289509999999666e+01
8.316027599999998188e+01
8.316027599999998188e+01
8.291221999999997649e+01
7.593008399999999369e+01
7.998907400000000223e+01
8.009337700000000382e+01
1.034337770000000063e+02
7.001051259999999843e+01
7.719577900000000170e+01
8.003152000000000044e+01
7.578960299999999961e+01
7.163151500000000738e+01
7.163151500000000738e+01
7.948418800000000317e+01
7.948418800000000317e+01
7.948418800000000317e+01
7.081654300000001001e+01
7.081654300000001001e+01
8.243627600000000655e+01
8.656273699999999849e+01
7.674388899999998159e+01
8.024783899999999903e+01
7.263832099999999059e+01
7.504506200000000149e+01
7.744461599999998214e+01
7.482477800000000911e+01
7.477662599999999316e+01
8.306581700000000978e+01
8.306581700000000978e+01
8.059309199999999862e+01
9.522804300000002797e+01
7.899863600000000474e+01
7.741521299999999428e+01
7.741521299999999428e+01
7.866737900000001105e+01
8.232919000000001120e+01
8.232919000000001120e+01
8.564622199999998031e+01
8.129519599999999002e+01
8.309412399999999366e+01
7.973646600000000717e+01
8.333625600000000588e+01
7.513880600000000243e+01
7.366142499999999416e+01
7.906060800000000199e+01
7.904661099999999863e+01
8.193595700000000193e+01
7.440806499999999346e+01
7.218001100000000747e+01
7.945213499999999840e+01
8.006542799999998294e+01
7.804266800000000615e+01
7.804266800000000615e+01
7.804266800000000615e+01
7.797341699999998355e+01
8.508140400000000625e+01
7.799444400000000144e+01
7.592140799999999956e+01
7.802145500000000311e+01
7.802145500000000311e+01
7.040432400000000257e+01
1.041929480000000012e+02
8.236976799999999344e+01
8.491852199999998163e+01
8.193002199999999391e+01
7.771403300000000058e+01
7.771403300000000058e+01
7.694350599999999929e+01
8.233415899999999965e+01
8.233415899999999965e+01
7.731213000000001045e+01
7.731213000000001045e+01
7.731213000000001045e+01
7.687745099999999354e+01
7.055163799999999696e+01
7.055163799999999696e+01
8.386928000000000338e+01
7.226684699999999850e+01
7.226684699999999850e+01
8.400418799999999919e+01
8.410693899999998280e+01
8.847845900000000086e+01
8.079586100000000215e+01
7.708238199999998130e+01
7.384244800000000453e+01
7.749348599999997589e+01
6.857673800000000597e+01
6.857673800000000597e+01
6.857673800000000597e+01
7.900579199999999958e+01
7.172608499999999765e+01
8.022293999999999414e+01
8.022293999999999414e+01
7.583479499999999973e+01
7.355671999999999855e+01
7.202562999999997828e+01
7.202562999999997828e+01
7.202562999999997828e+01
6.943409300000000428e+01
6.943409300000000428e+01
1.146336519999999979e+02
7.231215799999998239e+01
7.231215799999998239e+01
8.046089999999998099e+01
7.534433799999999337e+01
7.534433799999999337e+01
8.215961300000000733e+01
8.086758400000000790e+01
8.086758400000000790e+01
8.076765000000000327e+01
7.902305799999997760e+01
7.902305799999997760e+01
8.062034400000000289e+01
8.062034400000000289e+01
7.483736600000000294e+01
6.956005600000000300e+01
6.956005600000000300e+01
7.928857200000000205e+01
7.557637400000000127e+01
8.137686300000000017e+01
7.704879599999998163e+01
7.499420299999999884e+01
7.372589700000000335e+01
7.520798200000000122e+01
8.198938100000000873e+01
7.282735200000000475e+01
7.219401600000000485e+01
7.219401600000000485e+01
7.797816100000000006e+01
9.176372499999999377e+01
9.176372499999999377e+01
8.111450999999998146e+01
7.554794100000000867e+01
7.554794100000000867e+01
6.680741299999999683e+01
7.368114199999999414e+01
7.861648900000000140e+01
7.861648900000000140e+01
7.861648900000000140e+01
7.832725000000000648e+01
7.559850199999998210e+01
7.608774199999997734e+01
7.608774199999997734e+01
7.209500099999998213e+01
7.209500099999998213e+01
6.968940200000000118e+01
6.893287600000000737e+01
6.893287600000000737e+01
7.381101600000000929e+01
7.389431199999999933e+01
7.389431199999999933e+01
7.389431199999999933e+01
7.748157500000000653e+01
7.505359400000000392e+01
7.505359400000000392e+01
7.882609999999998251e+01
7.466003399999998180e+01
7.050207500000000493e+01
7.465630600000000072e+01
7.465630600000000072e+01
7.008416499999999871e+01
7.984305700000000172e+01
7.882127800000000661e+01
8.091993700000000445e+01
8.091993700000000445e+01
8.253842699999999866e+01
8.055572300000000041e+01
7.390982099999999377e+01
7.390982099999999377e+01
7.956894199999997852e+01
7.956894199999997852e+01
7.004830900000000327e+01
7.590724500000000319e+01
8.171891200000000310e+01
7.995925700000000802e+01
6.870804800000001933e+01
6.870804800000001933e+01
8.042359100000000183e+01
8.027106299999999806e+01
7.070529499999999246e+01
8.041140000000000043e+01
7.234810500000000388e+01
7.234810500000000388e+01
6.955268699999999171e+01
6.955268699999999171e+01
7.489215000000000089e+01
8.088035200000000202e+01
7.304347599999999829e+01
7.304347599999999829e+01
7.820353000000000065e+01
7.516364299999999332e+01
7.516364299999999332e+01
7.751130299999999806e+01
7.881445500000000948e+01
7.054385699999998849e+01
7.405419100000000299e+01
7.781443199999998228e+01
8.011290300000000286e+01
8.011290300000000286e+01
8.011290300000000286e+01
7.536377699999999891e+01
7.536377699999999891e+01
7.536377699999999891e+01
7.413544899999999416e+01
7.413544899999999416e+01
8.037131499999998141e+01
7.209822199999999270e+01
7.002221199999999612e+01
8.105537400000000048e+01
7.605578599999998346e+01
7.647435500000000275e+01
7.136943000000000836e+01
7.136943000000000836e+01
7.482091900000000351e+01
7.032118499999999983e+01
7.032118499999999983e+01
7.426285199999998099e+01
7.053066100000000915e+01
7.053066100000000915e+01
7.853796499999999980e+01
8.197378399999998067e+01
7.743010699999997826e+01
7.449349100000000590e+01
7.593188999999998146e+01
7.896914300000000253e+01
7.469617500000001087e+01
6.902783600000000774e+01
8.019306000000000267e+01
8.181740299999999877e+01
7.668950300000000198e+01
7.477474399999999832e+01
7.477474399999999832e+01
6.723598100000000954e+01
7.399195699999999931e+01
8.076750799999997810e+01
7.279650500000001045e+01
7.279650500000001045e+01
7.279650500000001045e+01
7.230089599999998029e+01
7.045964499999999475e+01
7.045964499999999475e+01
7.045964499999999475e+01
7.022761500000000012e+01
7.803593000000000757e+01
7.803593000000000757e+01
7.545371099999999842e+01
7.545371099999999842e+01
7.917724900000000332e+01
7.917724900000000332e+01
8.161360999999999422e+01
7.225175600000000031e+01
7.625168999999998221e+01
7.662362500000000409e+01
7.670625499999999874e+01
7.637905700000000309e+01
7.798120500000000277e+01
7.934682800000000213e+01
7.934682800000000213e+01
7.735900699999999119e+01
7.735900699999999119e+01
7.136506800000000794e+01
7.950423999999998159e+01
7.072272699999997769e+01
7.526491099999998369e+01
7.812839900000000171e+01
7.126697500000000218e+01
7.423508799999997620e+01
7.030784700000000953e+01
7.524193400000000054e+01
7.974393899999998325e+01
7.010628299999999058e+01
7.840849299999997868e+01
7.165518900000000713e+01
7.139102400000000159e+01
6.916460800000000120e+01
7.223735999999998114e+01
7.223735999999998114e+01
7.223735999999998114e+01
7.742829199999999901e+01
7.742829199999999901e+01
7.311419100000000526e+01
7.149958999999999776e+01
7.689760799999997687e+01
7.413122799999999302e+01
6.566694599999999582e+01
7.987151899999997795e+01
7.657245100000000093e+01
7.504037300000000243e+01
6.806961899999998877e+01
6.812715400000000443e+01
6.812715400000000443e+01
6.656132599999999400e+01
6.656132599999999400e+01
6.656132599999999400e+01
7.503411499999999990e+01
7.503411499999999990e+01
7.670085900000000834e+01
7.670085900000000834e+01
6.729782400000001985e+01
6.729782400000001985e+01
7.313739799999997615e+01
7.489663699999999835e+01
7.489663699999999835e+01
7.320144599999999002e+01
7.658623899999997775e+01
7.486583299999998076e+01
7.342683000000000959e+01
7.403451400000000149e+01
7.670110499999999831e+01
7.670110499999999831e+01
7.800670300000000168e+01
7.800670300000000168e+01
7.582872799999999813e+01
7.254969799999997804e+01
7.254969799999997804e+01
7.444474900000000162e+01
7.444474900000000162e+01
7.734904699999999877e+01
7.259047300000000291e+01
6.873106700000001013e+01
7.534254599999999868e+01
7.616973699999998360e+01
6.911892699999999934e+01
7.325734099999998250e+01
7.091343499999999267e+01
7.091343499999999267e+01
6.932653100000000279e+01
6.932653100000000279e+01
7.197778499999999724e+01
7.197778499999999724e+01
7.125524300000000721e+01
7.557743800000000078e+01
7.557743800000000078e+01
6.827755600000000413e+01
7.357878700000000549e+01
6.956148699999999963e+01
7.442345000000000255e+01
7.547292899999999349e+01
6.637746700000000999e+01
7.321947900000000686e+01
7.630659099999998318e+01
6.705938499999999181e+01
8.099428000000000338e+01
7.460089099999997586e+01
7.460089099999997586e+01
6.860855100000001983e+01
7.880666300000000035e+01
5.872362300000000346e+01
5.872362300000000346e+01
7.902799999999997738e+01
7.220620500000001130e+01
6.657628299999998944e+01
6.886894200000000410e+01
6.886894200000000410e+01
7.707543400000000133e+01
7.707543400000000133e+01
7.295122899999998367e+01
7.295122899999998367e+01
7.295122899999998367e+01
7.648421899999998175e+01
7.563446399999999414e+01
7.694140300000000821e+01
7.694140300000000821e+01
7.352272200000000169e+01
7.626386899999999969e+01
7.626386899999999969e+01
6.938327599999999507e+01
6.634880799999999113e+01
6.634880799999999113e+01
7.065347400000000277e+01
7.654496399999999312e+01
7.654496399999999312e+01
7.306823199999998053e+01
7.936534100000000080e+01
8.340087900000000332e+01
7.628491600000000972e+01
7.554792100000000232e+01
7.755228199999997685e+01
7.755228199999997685e+01
7.209505599999999959e+01
7.408103199999999333e+01
7.292117500000000518e+01
7.548200800000000754e+01
6.952284600000000125e+01
7.358154799999998374e+01
7.265870699999997839e+01
7.523142699999998229e+01
7.523142699999998229e+01
6.540927099999998973e+01
6.540927099999998973e+01
7.292908900000000472e+01
7.292908900000000472e+01
6.614544899999999927e+01
6.614544899999999927e+01
7.256004899999997804e+01
7.689373000000000502e+01
7.383927699999998140e+01
7.383927699999998140e+01
7.383927699999998140e+01
7.424742499999997847e+01
6.216897000000000162e+01
7.771078900000000544e+01
7.595506499999997629e+01
7.684358199999998362e+01
7.976343400000000372e+01
7.330325699999998790e+01
7.480669399999999314e+01
7.086121400000000392e+01
7.460116800000000126e+01
8.018465499999997803e+01
7.188883799999997848e+01
7.188883799999997848e+01
8.026240300000000616e+01
6.482908700000000124e+01
7.162399499999999364e+01
7.342671400000000403e+01
7.543133600000000172e+01
7.806828299999999388e+01
7.956441300000000183e+01
6.797275199999999984e+01
6.845405300000000182e+01
6.917563799999999219e+01
6.875156199999999274e+01
8.203179699999998320e+01
8.203179699999998320e+01
7.379769999999997765e+01
6.583241600000000915e+01
6.137781500000001245e+01
6.137781500000001245e+01
6.571479300000000023e+01
6.571479300000000023e+01
6.571479300000000023e+01
7.211259499999999889e+01
7.225419999999998311e+01
6.747651700000000119e+01
6.747651700000000119e+01
7.441047500000000525e+01
7.495192499999997437e+01
7.495192499999997437e+01
7.734409300000000087e+01
7.406386200000000031e+01
7.406386200000000031e+01
7.406386200000000031e+01
7.842429500000000075e+01
7.577159499999999070e+01
7.767873199999998235e+01
7.204666000000000281e+01
7.204666000000000281e+01
7.145990900000001034e+01
7.145990900000001034e+01
7.396358699999997555e+01
7.396358699999997555e+01
7.396358699999997555e+01
7.222335099999999386e+01
6.856901899999999728e+01
7.203948100000000920e+01
7.203948100000000920e+01
7.587856099999997639e+01
7.221629899999997804e+01
6.676928300000000149e+01
7.329670899999997857e+01
8.569832600000000866e+01
7.880767299999999409e+01
7.283890500000001111e+01
6.776365400000000250e+01
6.776365400000000250e+01
7.644932199999998090e+01
7.364672399999997765e+01
7.364672399999997765e+01
7.127763799999999605e+01
7.127763799999999605e+01
7.529147500000000548e+01
6.741517799999999738e+01
6.924799300000000812e+01
7.527619699999998204e+01
7.081075500000000034e+01
7.956714599999999393e+01
7.797616200000000219e+01
7.332514199999999960e+01
7.497065599999997687e+01
6.663175799999999072e+01
7.000049999999998818e+01
7.189400299999999788e+01
7.538375899999998353e+01
7.020716899999999328e+01
6.986492900000000361e+01
7.177842700000000775e+01
7.438308499999999412e+01
7.438308499999999412e+01
6.898155799999999260e+01
6.898155799999999260e+01
7.321998399999998242e+01
7.321998399999998242e+01
6.823522700000000896e+01
6.732988199999999779e+01
6.732988199999999779e+01
7.195324899999999957e+01
6.852442399999999623e+01
7.298705900000000213e+01
7.558569299999997781e+01
7.166601500000000158e+01
7.034424399999998911e+01
7.026594200000000967e+01
7.758344099999999344e+01
6.945854799999999329e+01
6.945854799999999329e+01
6.945854799999999329e+01
6.956740500000000793e+01
6.789565100000000086e+01
6.789565100000000086e+01
6.669272399999999834e+01
6.669272399999999834e+01
6.669272399999999834e+01
6.451201800000001185e+01
6.451201800000001185e+01
7.680249599999999077e+01
7.181102899999997646e+01
7.181102899999997646e+01
7.647831700000000410e+01
6.346630699999998626e+01
7.436845399999999984e+01
7.701494999999999891e+01
7.179452899999999715e+01
7.243974799999998027e+01
7.243974799999998027e+01
7.044391600000000153e+01
6.768572399999999334e+01
7.361320299999999861e+01
7.263642500000000268e+01
7.124809799999999882e+01
7.330830300000000932e+01
7.330830300000000932e+01
6.809315899999999999e+01
6.809315899999999999e+01
7.350785100000000227e+01
7.350785100000000227e+01
7.350785100000000227e+01
7.292920699999997680e+01
6.570346200000000181e+01
7.553606299999999862e+01
7.351841800000001115e+01
6.385619700000000165e+01
6.385619700000000165e+01
7.733076900000000364e+01
6.500454000000000576e+01
6.500454000000000576e+01
6.500454000000000576e+01
7.391693899999999928e+01
7.560272399999998072e+01
7.145189899999999739e+01
6.778953500000000076e+01
7.053026499999999999e+01
7.378181100000000470e+01
6.826197899999999663e+01
6.811632900000000745e+01
7.119045600000001173e+01
7.767727099999997620e+01
6.848630099999999743e+01
7.461778000000001043e+01
7.624803399999997566e+01
7.337018799999999885e+01
7.337018799999999885e+01
7.053931500000000199e+01
7.153916800000000364e+01
7.462780999999998244e+01
7.089962400000000287e+01
7.089962400000000287e+01
7.301654599999999107e+01
6.994783800000000440e+01
6.902632700000000909e+01
6.902632700000000909e+01
7.393570200000000625e+01
7.393570200000000625e+01
7.882285999999997728e+01
7.744505500000001064e+01
7.744505500000001064e+01
7.324335600000000568e+01
6.555414199999999880e+01
7.175948900000000208e+01
8.084301399999998239e+01
6.775810799999999290e+01
7.315294500000000255e+01
7.348852800000000229e+01
7.768903600000000154e+01
7.182684700000000078e+01
7.437976700000000108e+01
7.345091500000000906e+01
7.473044600000000059e+01
7.336398299999999040e+01
7.336398299999999040e+01
7.336398299999999040e+01
7.336398299999999040e+01
7.069329700000000116e+01
7.069329700000000116e+01
6.530728899999999726e+01
7.435427799999999365e+01
6.709554700000001048e+01
6.709554700000001048e+01
7.011291700000001015e+01
7.305859999999999843e+01
7.305859999999999843e+01
7.254752500000000737e+01
6.996942699999999604e+01
8.116959800000000769e+01
7.297269500000000164e+01
6.881781999999999755e+01
7.323893000000001052e+01
6.920076999999999146e+01
7.255065100000000200e+01
6.796883700000000772e+01
7.248533299999998292e+01
7.193880599999999959e+01
7.193880599999999959e+01
7.093585600000000113e+01
6.501044899999999416e+01
6.501044899999999416e+01
7.054720000000000368e+01
7.134210000000000207e+01
7.377305799999997760e+01
6.910982699999999568e+01
7.410498800000000585e+01
6.938568100000001948e+01
6.856140600000001939e+01
7.704186300000000642e+01
7.113177300000000969e+01
7.113177300000000969e+01
7.113177300000000969e+01
7.005678199999999833e+01
7.105432700000000068e+01
6.672572999999999865e+01
7.134657500000000141e+01
7.134657500000000141e+01
7.370242299999998181e+01
7.100677299999999548e+01
7.114965899999999976e+01
7.150325600000000748e+01
6.300049900000001202e+01
6.300049900000001202e+01
6.652421999999999969e+01
6.750638000000000716e+01
7.139441899999999919e+01
6.905896400000000313e+01
6.811998900000000390e+01
6.907747899999999674e+01
7.449246300000000076e+01
7.449246300000000076e+01
6.448999399999999582e+01
6.910997799999999813e+01
7.143075500000000488e+01
7.143075500000000488e+01
7.059173699999999485e+01
6.601350999999999658e+01
7.052083400000000779e+01
7.052083400000000779e+01
7.051870300000000213e+01
7.239189799999998343e+01
7.378362599999999816e+01
7.378362599999999816e+01
6.776525500000001045e+01
7.199166800000000421e+01
7.804753100000000643e+01
7.089481899999999825e+01
7.310797500000001037e+01
7.003679800000000455e+01
7.003679800000000455e+01
7.515361000000000047e+01
7.051092599999999777e+01
7.051092599999999777e+01
6.747137200000000234e+01
7.128925100000000725e+01
7.450153600000000154e+01
6.920773499999999956e+01
6.740360499999999888e+01
6.409432999999999936e+01
8.006689399999997647e+01
8.006689399999997647e+01
6.823893999999999949e+01
7.082235500000000172e+01
7.082235500000000172e+01
6.768071100000000229e+01
6.768071100000000229e+01
7.277541399999998362e+01
7.460139999999999816e+01
7.460139999999999816e+01
7.460139999999999816e+01
7.448325099999998145e+01
7.203740299999999763e+01
6.817954100000000039e+01
6.817954100000000039e+01
6.488818399999999542e+01
6.488818399999999542e+01
6.940246799999999894e+01
6.940246799999999894e+01
7.526481100000000879e+01
7.554442600000000141e+01
7.594904300000000319e+01
7.594904300000000319e+01
7.531213600000000952e+01
6.761347899999999811e+01
6.761347899999999811e+01
7.525102800000000514e+01
7.822597299999998199e+01
6.808939000000000874e+01
6.808939000000000874e+01
7.495181099999997798e+01
7.495181099999997798e+01
6.966097399999999595e+01
7.168810000000000571e+01
6.975726900000000796e+01
6.950813300000000083e+01
7.249509999999999366e+01
6.545974900000000218e+01
6.898403100000000165e+01
6.898403100000000165e+01
7.562658299999998235e+01
7.562658299999998235e+01
7.479749900000000196e+01
7.164470099999999775e+01
6.180491700000000321e+01
7.674703999999999837e+01
6.831064200000000142e+01
7.646886299999999892e+01
6.218578100000001285e+01
6.218578100000001285e+01
7.777993399999998303e+01
6.426932600000000662e+01
6.426932600000000662e+01
6.426932600000000662e+01
6.426932600000000662e+01
6.442729299999999171e+01
6.979154600000001096e+01
7.037746400000000335e+01
6.505045499999999947e+01
7.027180899999999042e+01
6.111761899999999770e+01
7.219387599999997462e+01
7.219387599999997462e+01
6.360020500000000254e+01
7.291052999999999429e+01
6.572724900000000048e+01
7.326502600000000598e+01
7.007379900000000816e+01
7.283200899999999933e+01
7.230612200000000200e+01
7.695428300000000377e+01
7.695428300000000377e+01
7.078344599999999787e+01
7.078344599999999787e+01
7.097218100000000618e+01
6.835111799999999960e+01
7.509282699999999977e+01
6.970443000000000211e+01
6.970443000000000211e+01
7.654799199999999360e+01
7.552931599999999435e+01
7.377409399999999096e+01
6.313278600000000296e+01
6.954619999999999891e+01
6.817962599999999895e+01
7.084557200000000421e+01
7.380527899999999875e+01
7.380527899999999875e+01
7.377671099999999171e+01
7.466694200000000592e+01
7.466694200000000592e+01
7.355464499999999362e+01
6.839101600000000758e+01
6.622816999999999155e+01
6.622816999999999155e+01
7.065785999999999945e+01
7.153320500000000948e+01
7.153320500000000948e+01
6.768451300000000970e+01
6.357941600000000193e+01
6.885820799999999053e+01
6.492689799999999423e+01
7.560526099999999872e+01
6.564899599999999680e+01
6.477348899999999787e+01
6.477348899999999787e+01
6.791232600000000730e+01
6.843715999999999156e+01
6.795445899999999995e+01
7.011991299999999683e+01
7.011991299999999683e+01
7.348227500000000134e+01
6.696044300000001215e+01
7.394341300000000672e+01
6.290922700000000134e+01
7.065887399999999730e+01
7.065887399999999730e+01
6.689497199999999566e+01
6.689497199999999566e+01
6.579814700000000016e+01
6.579814700000000016e+01
7.194262900000001082e+01
6.718123400000000345e+01
7.469946099999999944e+01
7.182541299999999751e+01
6.973331699999999955e+01
7.299617599999997708e+01
7.492374099999997838e+01
7.132247900000000129e+01
7.132247900000000129e+01
6.703594799999999054e+01
6.703594799999999054e+01
7.013356400000000690e+01
7.013356400000000690e+01
6.739057499999999834e+01
6.580587199999999370e+01
7.093898000000000081e+01
7.114679699999997808e+01
7.114679699999997808e+01
7.114679699999997808e+01
6.318528100000000336e+01
7.143963999999999714e+01
7.484951599999999416e+01
7.560448199999997598e+01
6.715130400000001032e+01
6.715130400000001032e+01
6.715130400000001032e+01
6.815974399999998923e+01
6.522695099999999968e+01
6.766778899999999908e+01
6.672991899999999532e+01
6.672991899999999532e+01
6.672991899999999532e+01
6.802056500000000483e+01
6.757822400000000584e+01
6.757822400000000584e+01
7.254866499999999974e+01
7.254866499999999974e+01
6.829770899999999756e+01
7.376449599999999407e+01
7.280659699999998224e+01
6.109461199999999792e+01
7.639896299999998064e+01
6.095431500000001535e+01
6.095431500000001535e+01
6.934358799999999690e+01
6.404280899999999122e+01
7.574104700000000889e+01
7.574104700000000889e+01
6.680940200000000573e+01
6.007531800000000288e+01
6.260420500000001454e+01
7.566620799999998326e+01
6.725636300000000745e+01
7.465725700000000131e+01
6.753616900000000101e+01
6.753616900000000101e+01
6.894028000000000134e+01
6.785039300000001106e+01
7.482134000000000640e+01
7.482134000000000640e+01
6.526559300000000974e+01
6.732827399999999329e+01
6.732827399999999329e+01
6.732827399999999329e+01
6.327018799999999743e+01
6.645066199999999412e+01
6.908660899999999572e+01
6.908660899999999572e+01
7.333994500000000016e+01
7.221741300000000763e+01
6.491667199999999127e+01
6.941586499999999660e+01
7.903301999999999339e+01
6.365855799999999931e+01
7.030371800000000349e+01
8.357773199999998326e+01
6.581972900000000948e+01
7.181687499999999602e+01
7.114623799999999676e+01
7.114623799999999676e+01
6.436435699999999827e+01
6.829130600000000584e+01
6.829130600000000584e+01
6.595172099999999205e+01
7.196020000000000039e+01
6.495739300000001037e+01
6.976601199999998926e+01
6.976601199999998926e+01
6.976601199999998926e+01
6.508848199999999906e+01
6.461736299999999744e+01
6.662536800000000881e+01
6.944818499999999517e+01
7.082913999999999533e+01
7.082913999999999533e+01
7.257789300000000310e+01
6.441227800000000059e+01
6.477723699999999951e+01
6.568144800000000316e+01
7.977412499999998374e+01
7.318235400000000368e+01
6.738772400000000573e+01
6.738772400000000573e+01
6.925287600000000054e+01
6.925287600000000054e+01
7.063612700000000189e+01
7.063612700000000189e+01
6.554605300000000057e+01
6.776086100000001977e+01
6.702483499999999594e+01
6.204613299999999754e+01
6.204613299999999754e+01
6.103486500000000348e+01
6.103486500000000348e+01
6.124374499999999699e+01
7.099953299999999956e+01
7.099953299999999956e+01
6.832343699999999842e+01
6.693480900000000133e+01
6.693480900000000133e+01
7.237918299999998339e+01
7.237918299999998339e+01
6.736536399999999958e+01
6.770896000000000470e+01
6.967035799999999313e+01
7.069242099999999596e+01
7.030438599999999383e+01
7.030438599999999383e+01
7.030438599999999383e+01
6.300878300000001531e+01
6.375953800000001337e+01
6.785202799999999002e+01
6.891623299999999119e+01
7.089009399999999061e+01
7.089009399999999061e+01
6.887416299999999580e+01
6.887416299999999580e+01
6.887416299999999580e+01
6.693702500000001976e+01
7.282921400000000745e+01
7.282921400000000745e+01
6.866851199999999267e+01
6.866851199999999267e+01
6.417540499999999781e+01
7.196396099999999763e+01
7.196396099999999763e+01
7.196396099999999763e+01
6.225259200000001414e+01
6.325561500000001303e+01
6.851103799999999922e+01
6.851103799999999922e+01
6.961850600000001066e+01
6.271711400000000225e+01
7.231702999999997417e+01
7.225199800000000039e+01
7.225199800000000039e+01
7.416025700000000143e+01
6.756018900000000826e+01
6.756018900000000826e+01
7.610987900000000650e+01
7.296942900000000520e+01
8.041141899999998088e+01
6.370786500000001240e+01
7.012864700000000084e+01
6.766849500000000717e+01
7.082033200000000761e+01
7.082033200000000761e+01
6.121138199999998619e+01
7.350777099999997688e+01
7.350777099999997688e+01
6.575064600000000326e+01
7.674631899999999973e+01
7.674631899999999973e+01
7.216087500000000432e+01
6.925871300000000019e+01
7.240843599999998048e+01
6.807860600000000773e+01
7.150468100000001925e+01
6.904140500000001168e+01
6.904140500000001168e+01
6.676706500000000233e+01
7.314607300000000123e+01
6.435555899999999951e+01
6.553494599999999082e+01
7.204228000000001941e+01
7.232238199999999040e+01
7.232238199999999040e+01
6.982845499999999106e+01
6.602469399999999666e+01
7.008811500000000194e+01
7.125940099999999688e+01
7.125940099999999688e+01
7.125940099999999688e+01
7.047472199999999987e+01
6.591232099999999150e+01
6.148818599999999890e+01
6.904192600000000368e+01
6.904192600000000368e+01
6.049584400000001239e+01
6.049584400000001239e+01
6.220256299999999783e+01
7.700389100000001008e+01
6.447733199999998988e+01
6.447733199999998988e+01
6.382337800000001238e+01
6.850182900000000075e+01
7.122645199999999477e+01
6.875912399999999991e+01
7.259690100000000257e+01
7.259690100000000257e+01
7.259690100000000257e+01
6.530199600000000260e+01
6.339561800000001313e+01
6.782978599999999858e+01
6.314400100000000293e+01
7.276249300000000630e+01
7.276249300000000630e+01
7.122835100000000352e+01
8.183051700000000039e+01
7.008366399999999885e+01
7.008366399999999885e+01
7.008366399999999885e+01
6.529294000000000153e+01
6.590640799999999899e+01
6.772611399999999549e+01
5.817025999999999897e+01
7.120912599999999770e+01
6.888878000000001123e+01
7.467548800000000142e+01
7.339496400000000165e+01
7.339496400000000165e+01
7.014231300000000147e+01
7.491272399999998299e+01
7.329412899999999809e+01
7.329412899999999809e+01
6.567278500000000463e+01
6.567278500000000463e+01
7.449730300000000227e+01
7.486010300000000939e+01
7.486010300000000939e+01
6.769152900000000272e+01
6.769152900000000272e+01
6.095562900000000184e+01
7.274836999999999421e+01
6.878271999999999764e+01
7.076896299999999940e+01
6.188945799999999764e+01
7.323478700000001140e+01
7.200971200000000749e+01
6.407108099999999240e+01
6.286382700000000057e+01
7.295818299999997691e+01
7.252101500000000556e+01
7.442335899999999071e+01
6.187795799999998536e+01
6.838376300000000185e+01
7.172599300000000255e+01
6.943894800000001055e+01
6.486923000000000172e+01
6.780847900000001971e+01
6.983692399999999623e+01
7.352397899999998288e+01
6.356060600000001415e+01
6.356060600000001415e+01
6.356060600000001415e+01
7.448839200000000460e+01
6.844322700000000737e+01
7.544105100000000164e+01
5.905579000000000178e+01
5.905579000000000178e+01
7.679873700000000269e+01
7.844716700000000742e+01
6.681041299999999694e+01
6.699384100000000331e+01
6.307707200000000114e+01
6.307707200000000114e+01
6.994333600000000217e+01
6.885694900000000018e+01
6.885694900000000018e+01
6.885694900000000018e+01
6.339977900000000233e+01
8.009669900000000098e+01
7.356729099999998311e+01
7.325916499999998166e+01
7.255146200000000078e+01
7.255146200000000078e+01
7.009767300000000034e+01
5.996179599999999965e+01
6.174182499999999862e+01
7.121375199999999950e+01
7.213968900000000417e+01
7.213968900000000417e+01
6.683028600000000097e+01
7.500301800000001151e+01
6.624106000000000449e+01
6.823856200000000172e+01
6.905332200000000853e+01
7.453752500000000225e+01
6.452190199999999720e+01
6.452190199999999720e+01
6.452190199999999720e+01
7.018924900000000378e+01
7.143380999999999403e+01
6.675772399999999607e+01
6.675772399999999607e+01
7.188224800000000414e+01
7.188224800000000414e+01
6.662061700000000997e+01
6.853515500000000316e+01
7.756932799999999872e+01
6.990815999999999519e+01
7.168153000000000930e+01
7.168153000000000930e+01
6.944611799999999846e+01
7.077325300000002528e+01
6.735164300000000992e+01
7.467291299999999410e+01
7.228460900000000322e+01
6.863658000000000925e+01
7.020251400000000785e+01
7.110529100000000824e+01
7.453573599999999999e+01
7.179863699999999938e+01
6.496250000000001990e+01
7.248174299999999448e+01
7.278331000000000017e+01
6.651730299999999829e+01
7.137641500000000860e+01
6.630456600000000833e+01
6.956587999999999283e+01
6.999775300000000300e+01
7.150198999999997795e+01
7.569490799999999808e+01
6.994405500000000586e+01
7.506435400000000868e+01
7.374364399999997488e+01
6.581525000000000603e+01
6.358453200000000294e+01
6.358453200000000294e+01
6.358453200000000294e+01
6.358453200000000294e+01
6.535449399999998832e+01
6.666059500000000071e+01
6.666059500000000071e+01
7.637591199999999958e+01
6.810779199999998923e+01
6.626088799999999424e+01
6.238380600000001408e+01
7.048056600000001026e+01
6.144934200000000146e+01
6.871864499999999509e+01
7.207268899999998268e+01
6.529833099999999035e+01
7.186310399999997856e+01
6.757668800000000431e+01
6.202565900000001164e+01
6.164975100000000197e+01
6.164975100000000197e+01
7.035728699999999947e+01
6.371152900000001296e+01
6.833465999999999951e+01
6.014561199999999985e+01
6.014561199999999985e+01
6.907315499999999986e+01
6.907315499999999986e+01
7.005403499999999894e+01
7.005403499999999894e+01
6.236431500000001193e+01
6.816688800000000015e+01
7.496669800000000805e+01
6.796388699999999972e+01
6.796388699999999972e+01
6.796388699999999972e+01
7.454265999999998371e+01
6.305009200000001357e+01
6.305009200000001357e+01
7.117899900000000457e+01
6.314567000000000263e+01
6.792565899999999601e+01
6.127810300000000154e+01
6.127810300000000154e+01
7.662563700000001177e+01
7.634915599999999358e+01
7.128600099999999884e+01
7.128600099999999884e+01
6.895740100000000439e+01
6.302604800000000296e+01
6.518979200000001129e+01
6.518979200000001129e+01
7.204258000000000095e+01
7.051390000000000668e+01
7.372653199999997753e+01
7.372653199999997753e+01
6.426836999999999023e+01
6.892806400000000622e+01
6.317103699999999833e+01
6.317103699999999833e+01
6.549740200000000812e+01
6.881932100000000219e+01
6.881932100000000219e+01
7.531819999999997606e+01
7.750088900000000081e+01
7.476620099999998104e+01
6.300561700000000087e+01
6.300561700000000087e+01
6.300561700000000087e+01
6.358669299999999680e+01
6.358669299999999680e+01
6.599674199999999757e+01
6.523257100000000719e+01
6.036831500000000261e+01
7.426434399999999414e+01
7.172734399999998800e+01
6.292566500000000218e+01
6.292566500000000218e+01
6.624668700000000854e+01
6.624668700000000854e+01
6.776552700000000584e+01
6.899060199999999554e+01
6.899060199999999554e+01
6.304304700000000139e+01
6.304304700000000139e+01
7.161111999999999966e+01
6.816303100000000370e+01
6.816303100000000370e+01
6.816303100000000370e+01
6.522489499999998941e+01
7.000197800000000825e+01
6.555122000000000071e+01
6.239699900000000099e+01
6.239699900000000099e+01
6.239699900000000099e+01
6.239699900000000099e+01
7.309987699999997801e+01
6.601900699999998778e+01
6.877079000000001940e+01
6.877079000000001940e+01
6.263081999999998573e+01
6.966891499999999837e+01
6.966891499999999837e+01
6.393045500000000203e+01
6.686243600000000242e+01
5.987922500000001236e+01
6.620468100000000788e+01
6.774861899999999082e+01
7.172260500000000150e+01
6.234642000000000195e+01
6.410869399999999985e+01
6.410869399999999985e+01
6.410869399999999985e+01
7.414248299999999858e+01
7.377370100000000264e+01
6.854674899999999127e+01
7.082853299999999308e+01
6.936228499999999997e+01
6.778471899999999550e+01
6.942848000000000752e+01
7.178763499999999453e+01
6.404095900000000086e+01
6.404095900000000086e+01
6.404095900000000086e+01
6.099385000000000190e+01
6.099385000000000190e+01
6.483285300000000007e+01
6.483285300000000007e+01
7.149406899999999609e+01
7.149406899999999609e+01
6.865369599999999650e+01
6.289938800000000185e+01
6.289938800000000185e+01
6.289938800000000185e+01
6.289938800000000185e+01
6.337288300000000163e+01
6.818079699999999832e+01
5.893404600000000215e+01
5.893404600000000215e+01
6.404605899999999963e+01
6.770045100000000105e+01
6.971492599999999129e+01
7.611381199999998159e+01
6.321583700000000050e+01
6.451737400000000378e+01
7.167866500000000940e+01
7.092469200000000740e+01
6.643577499999999247e+01
6.657312900000000866e+01
6.657312900000000866e+01
6.657312900000000866e+01
6.505081899999998996e+01
6.276365400000000250e+01
6.828243100000000254e+01
6.790820300000000032e+01
6.790820300000000032e+01
6.159888100000001288e+01
6.159888100000001288e+01
7.227489399999997488e+01
7.227489399999997488e+01
6.691242800000001978e+01
6.691242800000001978e+01
6.912256200000000206e+01
6.251937399999999911e+01
6.251937399999999911e+01
6.821762800000000482e+01
6.821762800000000482e+01
6.622057700000000580e+01
7.108481399999999439e+01
7.350869699999998375e+01
6.734974300000000369e+01
7.480600699999999392e+01
6.150639699999999976e+01
7.111989699999999459e+01
6.448299399999999082e+01
6.915419599999999889e+01
7.564885300000000257e+01
6.512837600000000293e+01
6.510852699999999516e+01
6.510852699999999516e+01
7.370488299999998105e+01
7.143302900000000477e+01
6.477641099999999597e+01
7.084955599999997844e+01
7.280373000000000161e+01
6.807070500000000379e+01
6.807070500000000379e+01
6.214802799999999650e+01
6.214802799999999650e+01
6.354585400000001272e+01
6.734156400000001952e+01
6.887181499999999801e+01
6.666821500000000356e+01
6.986556199999999706e+01
7.229901200000000472e+01
7.229901200000000472e+01
6.580908399999999858e+01
6.580908399999999858e+01
6.541725900000000138e+01
6.060803000000001362e+01
6.820633100000000582e+01
7.016087900000000843e+01
6.376994400000000240e+01
6.776828199999999924e+01
6.897361499999999523e+01
7.095129799999999420e+01
7.119980999999999938e+01
6.620671199999999601e+01
7.131354899999999475e+01
7.090400099999999384e+01
7.090400099999999384e+01
6.068135800000000302e+01
6.068135800000000302e+01
6.752220600000001127e+01
6.393886000000001246e+01
6.356727399999999761e+01
6.859029200000001936e+01
6.310905999999999949e+01
6.310905999999999949e+01
6.892164800000000469e+01
6.211606199999999944e+01
6.211606199999999944e+01
7.422829000000000121e+01
7.023745500000001130e+01
7.023745500000001130e+01
7.023745500000001130e+01
7.053926599999999780e+01
7.277659900000000448e+01
7.277659900000000448e+01
6.309685100000000091e+01
6.848531300000000499e+01
6.459803800000000251e+01
6.329353900000000266e+01
6.329353900000000266e+01
6.462581699999999785e+01
6.262768000000001223e+01
6.262768000000001223e+01
6.195363199999998471e+01
6.195363199999998471e+01
6.911044900000000268e+01
6.911044900000000268e+01
6.851561499999999683e+01
6.851561499999999683e+01
6.814364199999999983e+01
6.720563500000000090e+01
6.560353999999999530e+01
6.277879100000001245e+01
6.833298899999999776e+01
6.933609599999999773e+01
7.504423900000000458e+01
6.993191899999999350e+01
6.993191899999999350e+01
6.993191899999999350e+01
6.465876899999999239e+01
6.465876899999999239e+01
6.650288399999999456e+01
6.650288399999999456e+01
6.790055500000001132e+01
6.949289899999999420e+01
5.925755500000000353e+01
5.925755500000000353e+01
6.734410099999999488e+01
6.564287400000000616e+01
6.891950799999999333e+01
7.098157799999999895e+01
6.822134900000000357e+01
6.597865699999999833e+01
6.141774199999999695e+01
7.268262500000000159e+01
6.619590500000001043e+01
6.619590500000001043e+01
6.262438400000001337e+01
6.029738100000001566e+01
6.459165400000001966e+01
5.947779899999999742e+01
7.523747199999998259e+01
6.499802199999999175e+01
6.499802199999999175e+01
6.319400200000001178e+01
6.362222300000001241e+01
6.784287600000000396e+01
6.784287600000000396e+01
6.563004100000001984e+01
6.326664300000000196e+01
6.326664300000000196e+01
6.250206399999999718e+01
6.738070500000000607e+01
6.690885500000000263e+01
6.613178899999999771e+01
6.576685700000000168e+01
6.981028799999999990e+01
6.981028799999999990e+01
6.821704900000000293e+01
6.854110899999999162e+01
6.708814399999999978e+01
6.073353000000000179e+01
6.577053199999998867e+01
6.577053199999998867e+01
6.423892800000000136e+01
6.423892800000000136e+01
6.398624600000000129e+01
6.398624600000000129e+01
6.475936300000000756e+01
6.475936300000000756e+01
6.475936300000000756e+01
6.727581899999999848e+01
6.727581899999999848e+01
6.774009699999999157e+01
7.299773400000000834e+01
6.282200799999999674e+01
6.019853599999999716e+01
6.019853599999999716e+01
6.019853599999999716e+01
7.416185000000000116e+01
7.416185000000000116e+01
6.429965799999999376e+01
6.974730100000000732e+01
6.723790600000000950e+01
6.785392699999999877e+01
6.425723200000000190e+01
6.425723200000000190e+01
6.743677800000000389e+01
5.621760400000001567e+01
6.304251600000001332e+01
6.275159100000001189e+01
6.447048999999999808e+01
7.327847700000000941e+01
6.908471899999999266e+01
6.908471899999999266e+01
7.135100200000000825e+01
7.135100200000000825e+01
7.164603400000000022e+01
6.040588200000001251e+01
6.704918100000000436e+01
6.704918100000000436e+01
6.789430000000000121e+01
6.913474100000001954e+01
6.913474100000001954e+01
6.819498300000000768e+01
7.017663999999999191e+01
6.743944799999999873e+01
6.580208199999999863e+01
6.796133399999999369e+01
6.796133399999999369e+01
6.256935699999999656e+01
6.367479900000001436e+01
7.100629399999999691e+01
6.804247300000000109e+01
6.283136199999999860e+01
6.831147400000000403e+01
6.826086999999999705e+01
7.169054399999997429e+01
6.811083399999999699e+01
6.460804899999999407e+01
7.351884100000000899e+01
6.445441499999999735e+01
6.445441499999999735e+01
6.940124499999998875e+01
7.302430699999999320e+01
7.219407699999999295e+01
6.216201399999999921e+01
6.876099200000000167e+01
6.489041900000000851e+01
6.250218000000000274e+01
7.051855899999999622e+01
6.880091300000000842e+01
6.597977299999999445e+01
7.258414400000000910e+01
7.258414400000000910e+01
6.152192700000001224e+01
6.152192700000001224e+01
6.623537399999999309e+01
6.538645700000000716e+01
6.538645700000000716e+01
6.248961099999999647e+01
6.153848399999999685e+01
6.439515199999999595e+01
6.963654300000000319e+01
6.207858300000000185e+01
6.548608199999999613e+01
6.548608199999999613e+01
6.548608199999999613e+01
6.924120500000000789e+01
6.924120500000000789e+01
6.836038200000000131e+01
6.541257699999999886e+01
6.297314800000000190e+01
6.853922400000000437e+01
6.853922400000000437e+01
6.545118899999999940e+01
6.552756899999999973e+01
6.552756899999999973e+01
6.119511600000001295e+01
7.095936199999999872e+01
6.515765199999999879e+01
6.515765199999999879e+01
6.280973000000000184e+01
7.025740000000000407e+01
6.873702199999999607e+01
7.151948900000000720e+01
6.816451200000000199e+01
5.985135600000000267e+01
6.504950100000000646e+01
6.636386500000000410e+01
6.253093199999998575e+01
6.253093199999998575e+01
6.453343199999999058e+01
5.804003100000001325e+01
5.804003100000001325e+01
6.246647300000000058e+01
6.246647300000000058e+01
6.470935500000000218e+01
6.176373000000000246e+01
6.176373000000000246e+01
6.176373000000000246e+01
6.765827699999999822e+01
6.884365300000000332e+01
6.884365300000000332e+01
6.754357900000000825e+01
6.336190599999999762e+01
6.336190599999999762e+01
5.929093399999998582e+01
6.584654300000001115e+01
6.833613000000001136e+01
6.548421300000001111e+01
6.548421300000001111e+01
7.007140699999999356e+01
6.963722199999999418e+01
6.884443799999999669e+01
6.828714599999999280e+01
6.813345499999999788e+01
6.676910399999999868e+01
5.790659100000001303e+01
5.790659100000001303e+01
6.317417199999999866e+01
6.317417199999999866e+01
6.802424099999998930e+01
6.636221499999999196e+01
6.290582700000000216e+01
6.706861600000000578e+01
6.616949100000000783e+01
6.616949100000000783e+01
6.160145200000000187e+01
6.361854399999998577e+01
6.361854399999998577e+01
7.088504799999999761e+01
6.604590400000000727e+01
6.981482300000000407e+01
6.981482300000000407e+01
6.236065700000000334e+01
6.952426899999998966e+01
6.891620299999999588e+01
6.938058499999999640e+01
6.938058499999999640e+01
6.768698100000000295e+01
6.819119999999999493e+01
6.045188600000000179e+01
6.358958799999999911e+01
6.141157800000001288e+01
6.141157800000001288e+01
6.583138199999999074e+01
6.853327600000000075e+01
7.059345999999999322e+01
6.932484399999999880e+01
6.643504000000000076e+01
6.643504000000000076e+01
6.717797400000000607e+01
6.717797400000000607e+01
6.713915099999999825e+01
6.713915099999999825e+01
6.713915099999999825e+01
6.897669599999998979e+01
6.897669599999998979e+01
6.897669599999998979e+01
7.206508700000000545e+01
7.206508700000000545e+01
6.508305699999999661e+01
6.508305699999999661e+01
6.170132000000000261e+01
7.197530400000000839e+01
6.628585000000001060e+01
6.459895899999999358e+01
6.459895899999999358e+01
5.916007700000000114e+01
6.960393600000000447e+01
6.248058100000001502e+01
6.248058100000001502e+01
6.474253500000000372e+01
6.666733899999999835e+01
5.996049300000001381e+01
6.121577800000000025e+01
6.121577800000000025e+01
6.413565099999999575e+01
6.224036999999999864e+01
7.081146999999999991e+01
6.485799399999999082e+01
6.211492899999999651e+01
6.211492899999999651e+01
7.234665300000000343e+01
6.261783400000000199e+01
6.790043399999998996e+01
6.790043399999998996e+01
6.978497699999999782e+01
6.696301499999999862e+01
6.696301499999999862e+01
6.534067100000000039e+01
6.386049899999999724e+01
6.949168000000000234e+01
7.066061400000000958e+01
7.066061400000000958e+01
7.066061400000000958e+01
6.808595600000001014e+01
6.373722300000000018e+01
5.896217699999999695e+01
5.896217699999999695e+01
6.902309400000000039e+01
6.651790300000000400e+01
6.651790300000000400e+01
6.710664399999998864e+01
6.242732700000001245e+01
6.465512100000000828e+01
6.465512100000000828e+01
6.043494900000000314e+01
6.043494900000000314e+01
6.043494900000000314e+01
5.857156700000000171e+01
6.391826199999999858e+01
6.391826199999999858e+01
6.283201100000000139e+01
6.283201100000000139e+01
6.283201100000000139e+01
6.283201100000000139e+01
6.160711800000001404e+01
6.958956899999999735e+01
6.363715200000000038e+01
6.985603000000000407e+01
6.285934600000000216e+01
6.895990299999999706e+01
6.749324099999999760e+01
6.749324099999999760e+01
6.869618199999999320e+01
6.078826599999998592e+01
7.093339100000000030e+01
7.026105100000000903e+01
6.871886800000000051e+01
6.049570700000000301e+01
6.672033299999999656e+01
6.217406199999998506e+01
7.044635299999998779e+01
6.331084400000000301e+01
6.884079799999999238e+01
5.586715899999998669e+01
5.586715899999998669e+01
6.486804200000000264e+01
6.916533699999999385e+01
7.077566600000000108e+01
6.258420999999999879e+01
6.356160599999999761e+01
6.908449099999999987e+01
6.743263899999999467e+01
6.555960400000000732e+01
6.931129799999999364e+01
6.598537100000000066e+01
6.598537100000000066e+01
6.474102899999999750e+01
6.957170500000000857e+01
6.758028799999999592e+01
6.143242500000000206e+01
6.143242500000000206e+01
6.143242500000000206e+01
5.910129600000001204e+01
5.910129600000001204e+01
5.950747299999999740e+01
6.555128200000000049e+01
6.631228500000000281e+01
6.631228500000000281e+01
6.962895900000000893e+01
6.962895900000000893e+01
6.820001200000000097e+01
6.681020799999998871e+01
6.680843799999999533e+01
6.623320200000001989e+01
6.949487299999999834e+01
6.941892599999999902e+01
6.745508199999999022e+01
6.745508199999999022e+01
6.048451600000001349e+01
5.842157600000000173e+01
6.661922500000000014e+01
6.661922500000000014e+01
6.661922500000000014e+01
5.927954700000001509e+01
5.927954700000001509e+01
6.063021800000001349e+01
6.633420000000000982e+01
6.752449399999999002e+01
6.449761800000000278e+01
5.940642199999999917e+01
6.174749300000001284e+01
6.174749300000001284e+01
5.705252200000000329e+01
6.371068999999999960e+01
6.698273100000000113e+01
6.552854899999999816e+01
6.708691999999999211e+01
6.708691999999999211e+01
6.527730900000000247e+01
6.883931700000000831e+01
6.883931700000000831e+01
6.883931700000000831e+01
6.664967200000000958e+01
6.311964999999998582e+01
6.687472900000000209e+01
6.371859599999999801e+01
6.672731600000000185e+01
6.764897200000000055e+01
6.717782400000000109e+01
6.717782400000000109e+01
6.400475600000000043e+01
6.662743799999999794e+01
6.395201099999999883e+01
6.337491200000000191e+01
6.320703000000000316e+01
6.436785700000000077e+01
6.436785700000000077e+01
6.098254200000000225e+01
6.098254200000000225e+01
6.098254200000000225e+01
6.760250400000001036e+01
6.775610799999999756e+01
6.775610799999999756e+01
6.596605500000001143e+01
6.596605500000001143e+01
6.027649499999999705e+01
6.674270400000000336e+01
6.425567999999999813e+01
6.553810699999999656e+01
6.251371000000000322e+01
6.684884399999999971e+01
6.285818299999999681e+01
6.336163199999998596e+01
6.520071000000000083e+01
6.712799799999999095e+01
6.187641299999999944e+01
6.175677099999998632e+01
6.224211300000000335e+01
6.224211300000000335e+01
6.935574799999999129e+01
6.267246300000000048e+01
6.267246300000000048e+01
6.379085899999999754e+01
6.379085899999999754e+01
6.362870899999998642e+01
6.662201100000000054e+01
6.558458100000000002e+01
6.558458100000000002e+01
6.678297399999999584e+01
6.665285800000000904e+01
5.793104600000000204e+01
6.635125600000000645e+01
6.598943199999999365e+01
6.035654799999999653e+01
6.035654799999999653e+01
6.358856200000000314e+01
6.712490499999999827e+01
6.712490499999999827e+01
5.439190099999999717e+01
5.439190099999999717e+01
5.439190099999999717e+01
6.254711000000000354e+01
5.894142200000000287e+01
6.548950999999999567e+01
6.729401000000000010e+01
6.175250100000000231e+01
6.248411000000000115e+01
6.325139399999999767e+01
6.567882900000000745e+01
6.567882900000000745e+01
6.457815500000000952e+01
6.747024100000000146e+01
6.488255300000000148e+01
5.793798999999999921e+01
6.900465299999999047e+01
6.884589400000000126e+01
5.960868399999999667e+01
6.578450000000000841e+01
5.966353999999999758e+01
6.434232500000000243e+01
6.434232500000000243e+01
6.498976700000000051e+01
6.298252699999999749e+01
6.007881700000000080e+01
6.663595600000000729e+01
6.149867400000000117e+01
6.119263999999999726e+01
6.767902700000000493e+01
6.767902700000000493e+01
6.380854399999999771e+01
6.637963100000000338e+01
6.384262700000001445e+01
6.384262700000001445e+01
6.595445200000000341e+01
6.595445200000000341e+01
6.794590300000000127e+01
6.395611600000000152e+01
6.395611600000000152e+01
6.395611600000000152e+01
5.933453100000001257e+01
6.229797000000001361e+01
6.063054699999999997e+01
6.476846100000000206e+01
6.752995699999999601e+01
5.862333600000000189e+01
5.690354600000001284e+01
5.811178400000000011e+01
5.811178400000000011e+01
6.736614200000001063e+01
6.335453799999999802e+01
6.295852800000000116e+01
6.295852800000000116e+01
6.477995100000001116e+01
6.477995100000001116e+01
5.940079699999999718e+01
6.380881700000001189e+01
6.227396300000000195e+01
6.547191499999999564e+01
5.931353200000000214e+01
6.191679600000001216e+01
6.553044200000000785e+01
6.494946099999999944e+01
6.242797900000000055e+01
6.432318499999999517e+01
6.429953499999999167e+01
6.527024600000000021e+01
6.325036200000000264e+01
6.617282499999998890e+01
6.576762800000000198e+01
6.576762800000000198e+01
6.245434199999999691e+01
6.245434199999999691e+01
6.415022299999999689e+01
5.913055799999998641e+01
6.470880499999999813e+01
6.470880499999999813e+01
6.349308400000000319e+01
6.698658399999999347e+01
5.786769099999998645e+01
5.786769099999998645e+01
6.178661400000000015e+01
5.544819499999999834e+01
6.601005599999999163e+01
6.056376000000000204e+01
6.217269199999999785e+01
6.217269199999999785e+01
6.128148100000001364e+01
5.841608999999999696e+01
6.690748200000000168e+01
6.004268400000000128e+01
6.004268400000000128e+01
6.004268400000000128e+01
6.004268400000000128e+01
6.051319300000001533e+01
6.051319300000001533e+01
6.443004799999999932e+01
6.443004799999999932e+01
6.005992799999999932e+01
6.005992799999999932e+01
6.312535599999999647e+01
6.580742699999998990e+01
6.221114000000000033e+01
5.792958100000001309e+01
6.123969699999999960e+01
6.123969699999999960e+01
5.944461600000000345e+01
5.944461600000000345e+01
6.609070600000001150e+01
5.926304999999999978e+01
5.752186600000000283e+01
6.217576999999998577e+01
6.217576999999998577e+01
6.174251499999999737e+01
6.479108499999999538e+01
6.479108499999999538e+01
6.479108499999999538e+01
6.479108499999999538e+01
5.734306899999998564e+01
6.343879299999999688e+01
6.376531399999999650e+01
6.457450800000000868e+01
6.174023600000000300e+01
6.291898700000000133e+01
6.266684000000000054e+01
6.266684000000000054e+01
6.270529899999999657e+01
5.952634799999999871e+01
6.226757400000000331e+01
6.147370200000000295e+01
5.902030300000001262e+01
6.372610800000000353e+01
6.388694000000000273e+01
6.457116999999999507e+01
6.024179900000000032e+01
6.174298100000001455e+01
6.190540899999999880e+01
6.393734700000000259e+01
6.102622800000000325e+01
6.102622800000000325e+01
5.539273899999999884e+01
5.539273899999999884e+01
6.460578900000000147e+01
6.460578900000000147e+01
6.412946600000000785e+01
6.400720100000000912e+01
6.317855600000001459e+01
6.249051900000001325e+01
6.249051900000001325e+01
6.197909300000001309e+01
6.197909300000001309e+01
6.344332699999999647e+01
6.344332699999999647e+01
6.430324799999999641e+01
6.430324799999999641e+01
6.145853799999999723e+01
6.145853799999999723e+01
6.305484200000000072e+01
6.305484200000000072e+01
6.134583600000001269e+01
3.501415509999999927e+02
6.134740600000001365e+01
6.392308400000000290e+01
6.392308400000000290e+01
5.641202400000000239e+01
5.641202400000000239e+01
6.406018500000000415e+01
5.940838000000000108e+01
6.351424399999999792e+01
6.025414399999999659e+01
6.150817600000001306e+01
6.150817600000001306e+01
6.150817600000001306e+01
6.115044600000000230e+01
6.207745500000001471e+01
6.207745500000001471e+01
5.985835300000000103e+01
3.563321579999999926e+02
6.249626700000000312e+01
5.812626000000000204e+01
6.342217099999999874e+01
5.973402500000000259e+01
6.007306599999999719e+01
6.202512699999999768e+01
6.202512699999999768e+01
6.198121600000000342e+01
6.117017300000001256e+01
6.272486500000000120e+01
5.883829100000001233e+01
5.883829100000001233e+01
6.099355700000000269e+01
6.247016299999999944e+01
5.979340799999998524e+01
6.072629499999998615e+01
6.183487700000001297e+01
6.183487700000001297e+01
6.074162299999999703e+01
6.295754000000000161e+01
5.936146800000000212e+01
5.783420400000001393e+01
5.783420400000001393e+01
6.187865699999999691e+01
5.640806800000001431e+01
5.640806800000001431e+01
3.362902910000000247e+02
5.464326899999999654e+01
5.464326899999999654e+01
6.089085600000001364e+01
6.089085600000001364e+01
6.070244999999999891e+01
6.070244999999999891e+01
6.179998499999999950e+01
6.151838100000001219e+01
6.151838100000001219e+01
6.029259299999999655e+01
5.965618600000001237e+01
6.050718199999998603e+01
5.774609000000000236e+01
5.774609000000000236e+01
5.774609000000000236e+01
5.759719799999999879e+01
5.816991199999999651e+01
5.865110700000000321e+01
6.115471800000000258e+01
5.853699500000001166e+01
5.853699500000001166e+01
5.649063100000001469e+01
6.064976400000001178e+01
4.216521600000000092e+01
4.405633199999999761e+01
5.865840099999999779e+01
5.888909600000000211e+01
5.727635899999999936e+01
5.744062399999999968e+01
5.680521000000000242e+01
5.677672700000000106e+01
5.568515899999999874e+01
5.568515899999999874e+01
5.745118699999999734e+01
5.526023099999999744e+01
5.668508299999999878e+01
5.538928099999999688e+01
5.531578799999999774e+01
5.531578799999999774e+01
5.214042700000000252e+01
4.869536599999999993e+01
4.869536599999999993e+01
4.139142600000000272e+01
5.383633799999999781e+01
4.160653700000000299e+01
4.160653700000000299e+01
4.160653700000000299e+01
5.405822500000000019e+01
5.248682600000000065e+01
5.248682600000000065e+01
3.003188850000000230e+02
4.371770100000000525e+01
4.072428899999999885e+01
4.072428899999999885e+01
2.909859089999999924e+02
2.652925290000000018e+02
2.522180480000000102e+02
2.583259960000000319e+02
2.378188069999999925e+02
2.330213349999999934e+02
2.333586320000000001e+02
2.716968660000000000e+02
2.234030740000000606e+02
2.289082659999999976e+02
2.144809099999999944e+02
2.057774560000000008e+02
2.074351009999999746e+02
1.959306630000000382e+02
2.047405409999999790e+02
2.066405100000000061e+02
2.066405100000000061e+02
2.028610009999999875e+02
2.097161569999999813e+02
2.089169080000000065e+02
2.229051670000000342e+02
2.025238009999999633e+02
2.068705520000000035e+02
1.949184439999999938e+02
1.949184439999999938e+02
1.949184439999999938e+02
1.882495089999999607e+02
2.027325160000000039e+02
2.043905959999999880e+02
2.080436889999999721e+02
2.010060960000000136e+02
2.050021689999999808e+02
2.082835169999999607e+02
2.059244759999999985e+02
2.068998950000000150e+02
2.004785249999999621e+02
2.072044740000000047e+02
2.012408289999999624e+02
2.058114470000000154e+02
2.033843300000000056e+02
2.000504049999999836e+02
2.015972689999999830e+02
1.971213659999999948e+02
2.006576529999999821e+02
2.067331320000000119e+02
2.083105729999999767e+02
2.061683609999999760e+02
1.915585519999999917e+02
1.998238320000000101e+02
1.998238320000000101e+02
2.008433980000000076e+02
2.090619209999999839e+02
2.220888750000000300e+02
2.007018729999999778e+02
1.974215379999999982e+02
2.015789660000000083e+02
1.995126350000000173e+02
1.950437699999999950e+02
1.998802849999999864e+02
1.984904899999999941e+02
1.980588150000000383e+02
2.020929859999999962e+02
2.000787350000000231e+02
1.948172120000000120e+02
1.880234820000000013e+02
2.029153740000000141e+02
1.950183129999999778e+02
2.062578839999999900e+02
2.013449550000000272e+02
1.993172769999999616e+02
2.056777079999999955e+02
1.974874519999999904e+02
1.967980449999999735e+02
1.950630329999999617e+02
1.899374160000000131e+02
1.990554129999999873e+02
1.977317820000000097e+02
1.881194409999999664e+02
1.787674173999999994e+02
2.050013209999999617e+02
2.050013209999999617e+02
1.969061550000000125e+02
2.015935519999999883e+02
1.917521179999999958e+02
1.987059240000000102e+02
1.921063950000000204e+02
1.935153640000000053e+02
1.932273849999999698e+02
2.310726420000000019e+02
1.859614289999999812e+02
1.924443750000000364e+02
1.956726009999999860e+02
1.965168500000000051e+02
1.920177919999999858e+02
1.981039209999999855e+02
1.983003550000000246e+02
1.839927560000000142e+02
1.919124140000000125e+02
1.983466649999999731e+02
1.997267689999999618e+02
1.779974449999999990e+02
1.942844270000000222e+02
1.771944239999999979e+02
2.019644759999999906e+02
1.899705889999999613e+02
1.938380409999999756e+02
1.984524519999999939e+02
1.885106360000000052e+02
2.034725760000000037e+02
2.008943470000000389e+02
1.973509720000000129e+02
1.904872760000000085e+02
2.049625390000000209e+02
2.036760979999999961e+02
1.979901460000000100e+02
1.953130960000000016e+02
1.963351849999999672e+02
1.880160659999999950e+02
1.962402369999999792e+02
1.974953639999999950e+02
1.934167750000000296e+02
1.934167750000000296e+02
1.988285030000000120e+02
1.974099879999999985e+02
1.957789779999999951e+02
2.019420209999999827e+02
1.895377449999999726e+02
1.895377449999999726e+02
2.041888510000000281e+02
2.013061879999999917e+02
1.912439339999999959e+02
1.820646940000000029e+02
1.902783710000000212e+02
1.958983399999999904e+02
1.947144230000000391e+02
1.874553809999999885e+02
1.869774529999999686e+02
1.868179199999999867e+02
1.834193060000000060e+02
1.935100840000000062e+02
1.862339449999999772e+02
1.972608990000000233e+02
1.947064449999999738e+02
1.965247259999999869e+02
1.977836599999999976e+02
1.853109550000000354e+02
1.935978560000000073e+02
1.891978929999999650e+02
1.895353979999999865e+02
2.002318830000000389e+02
1.777360289999999736e+02
1.958103240000000085e+02
1.955084329999999682e+02
1.893334870000000194e+02
1.987703769999999679e+02
2.006653950000000179e+02
1.953820120000000031e+02
1.796276560000000018e+02
1.933826030000000173e+02
1.980887940000000071e+02
1.793697860000000048e+02
1.953438110000000165e+02
1.983298649999999839e+02
1.944064339999999902e+02
1.912340560000000096e+02
1.891378289999999822e+02
1.891378289999999822e+02
1.968266140000000064e+02
1.878675259999999980e+02
1.891086110000000247e+02
1.941701480000000117e+02
1.985374569999999608e+02
1.924446390000000235e+02
1.791163280000000100e+02
1.850688859999999920e+02
1.876467489999999714e+02
1.900469099999999969e+02
1.878400680000000023e+02
1.764166040000000066e+02
1.764166040000000066e+02
1.831052280000000110e+02
1.921791209999999808e+02
2.018941590000000303e+02
1.859080550000000187e+02
1.801083600000000047e+02
1.815864400000000103e+02
1.813552870000000041e+02
1.858496600000000001e+02
1.896003169999999614e+02
1.774993249999999989e+02
1.964044759999999883e+02
1.756190169999999853e+02
1.807251550000000009e+02
1.936882510000000366e+02
1.679260166999999910e+02
1.679260166999999910e+02
1.772872449999999844e+02
1.858566600000000051e+02
1.925012159999999994e+02
1.950914960000000065e+02
1.845712279999999907e+02
1.959923939999999902e+02
1.767059219999999868e+02
1.882623199999999883e+02
1.968903510000000381e+02
1.781144389999999760e+02
1.771819000000000131e+02
1.890237960000000044e+02
1.887977310000000273e+02
1.887128120000000138e+02
1.898559319999999957e+02
1.725577110000000118e+02
1.818206470000000081e+02
1.865862400000000036e+02
1.788930520000000115e+02
1.823170849999999916e+02
1.814152290000000107e+02
1.793266890000000160e+02
1.792925350000000151e+02
1.751782910000000015e+02
1.902951999999999941e+02
1.708450040000000172e+02
1.944881019999999978e+02
1.759724310000000287e+02
1.767071949999999845e+02
1.763257629999999949e+02
1.881414699999999982e+02
1.881414699999999982e+02
1.834891780000000097e+02
1.853587070000000381e+02
1.676479610000000093e+02
1.676479610000000093e+02
1.838220520000000135e+02
1.814522859999999866e+02
1.885015550000000246e+02
1.789340760000000046e+02
1.787931719999999984e+02
1.789107590000000130e+02
1.843516679999999894e+02
1.795780289999999866e+02
1.770991579999999885e+02
1.793859850000000051e+02
1.778135979999999847e+02
1.693069830000000024e+02
1.851904769999999871e+02
1.779541139999999757e+02
1.708553990000000056e+02
1.781500589999999988e+02
1.706472909999999956e+02
1.813937770000000000e+02
1.847995919999999899e+02
1.688489660000000185e+02
1.792120539999999949e+02
1.867562299999999880e+02
1.762274630000000002e+02
1.727479500000000030e+02
1.762843340000000012e+02
1.762843340000000012e+02
1.694138710000000003e+02
1.773099910000000250e+02
1.773099910000000250e+02
1.898745350000000371e+02
1.898745350000000371e+02
1.711286509999999907e+02
1.709373039999999833e+02
1.739402209999999798e+02
1.679369399999999928e+02
1.679369399999999928e+02
1.702550399999999797e+02
1.702550399999999797e+02
1.646012639999999863e+02
1.646012639999999863e+02
1.731979750000000138e+02
1.698716679999999997e+02
1.774723529999999982e+02
1.771999660000000176e+02
1.806962839999999915e+02
1.845282470000000217e+02
1.784824430000000177e+02
1.738356770000000040e+02
1.687204279999999983e+02
1.687204279999999983e+02
1.755106899999999825e+02
1.693903990000000022e+02
1.751847609999999804e+02
1.748233759999999961e+02
1.759319409999999948e+02
1.820773690000000045e+02
1.782871949999999970e+02
1.782871949999999970e+02
1.796382289999999955e+02
1.812959569999999871e+02
1.710875020000000006e+02
1.814825199999999938e+02
1.611859589999999969e+02
1.786709790000000169e+02
1.737918030000000158e+02
1.737918030000000158e+02
1.707699840000000222e+02
1.700328300000000183e+02
1.772310219999999958e+02
1.658873839999999973e+02
1.821935200000000066e+02
1.744488920000000007e+02
1.765164110000000051e+02
1.797941399999999987e+02
1.797941399999999987e+02
1.797941399999999987e+02
1.941822270000000117e+02
1.706819939999999747e+02
1.897194169999999644e+02
1.881992639999999994e+02
1.761998590000000036e+02
1.804164879999999869e+02
1.644230340000000012e+02
1.741602619999999888e+02
1.615121500000000196e+02
1.788776229999999998e+02
1.774415819999999826e+02
1.557376481000000013e+02
1.729903909999999883e+02
1.723821530000000166e+02
1.958533439999999928e+02
1.996764259999999922e+02
1.710583300000000122e+02
1.712973029999999994e+02
1.732222219999999879e+02
1.678506809999999803e+02
1.681870739999999955e+02
1.681870739999999955e+02
1.677262120000000039e+02
1.706876629999999864e+02
1.698825240000000178e+02
1.802924969999999973e+02
1.722494800000000055e+02
2.239323939999999880e+02
2.239323939999999880e+02
1.767691330000000107e+02
1.673568899999999928e+02
1.647219870000000128e+02
1.648488370000000032e+02
1.672583850000000041e+02
1.679557879999999841e+02
1.764309719999999970e+02
1.656350550000000226e+02
1.724774450000000172e+02
1.602784640000000138e+02
1.689156919999999786e+02
1.719717040000000168e+02
1.641793780000000140e+02
1.581685389999999813e+02
1.703332870000000128e+02
1.682239840000000015e+02
1.612676570000000140e+02
1.612676570000000140e+02
1.717748639999999796e+02
1.607361560000000225e+02
1.607361560000000225e+02
1.685485290000000020e+02
1.762082470000000001e+02
1.568384320000000116e+02
1.568384320000000116e+02
1.529192426999999839e+02
1.529192426999999839e+02
1.630958980000000054e+02
1.584801089999999988e+02
1.777658409999999947e+02
1.777658409999999947e+02
1.604428069999999877e+02
1.724767529999999738e+02
1.688482660000000237e+02
1.614909319999999866e+02
1.637088139999999612e+02
1.637088139999999612e+02
1.651611619999999903e+02
1.648796570000000088e+02
1.555921390000000031e+02
1.686758839999999964e+02
1.629926260000000013e+02
1.546227859999999907e+02
1.698890690000000063e+02
1.798444949999999949e+02
1.684204890000000034e+02
1.685707780000000184e+02
1.634675110000000018e+02
1.704918679999999824e+02
1.683099379999999883e+02
1.742957729999999970e+02
1.613225429999999960e+02
1.654981319999999982e+02
1.792628740000000107e+02
1.654483379999999499e+02
1.637773090000000025e+02
1.675377280000000155e+02
1.649568759999999941e+02
1.717780989999999974e+02
1.653818739999999821e+02
1.500682549999999935e+02
1.731928540000000112e+02
1.693900659999999903e+02
1.604437379999999962e+02
1.560324549999999988e+02
1.652152060000000233e+02
1.627463759999999979e+02
1.615511060000000043e+02
1.616321209999999837e+02
1.618316749999999615e+02
1.669657259999999610e+02
1.640376689999999940e+02
1.672709679999999821e+02
1.877784150000000238e+02
1.893101540000000114e+02
1.875041539999999998e+02
1.657286709999999914e+02
1.575682339999999897e+02
1.530690309999999954e+02
1.635433879999999931e+02
1.641085590000000138e+02
1.654360310000000140e+02
1.935594729999999686e+02
1.546190959999999848e+02
1.548121980000000235e+02
1.570476659999999924e+02
1.672445010000000138e+02
1.672445010000000138e+02
1.664165419999999926e+02
1.617793049999999937e+02
1.511992880000000241e+02
1.450296847999999841e+02
1.450646395999999925e+02
1.450646395999999925e+02
1.609912359999999865e+02
1.769748910000000137e+02
1.610051470000000222e+02
1.765833889999999826e+02
1.647539509999999723e+02
1.544329820000000097e+02
1.552293420000000026e+02
1.446200146999999845e+02
1.576850479999999948e+02
1.609808979999999963e+02
1.449164582999999880e+02
1.430478069000000119e+02
1.552174200000000042e+02
1.552174200000000042e+02
1.464738889999999856e+02
1.464738889999999856e+02
1.592067209999999875e+02
1.716503129999999828e+02
1.522313759999999832e+02
1.624053389999999979e+02
1.490331490000000088e+02
1.500279659999999922e+02
1.500279659999999922e+02
1.956435099999999920e+02
1.457563550000000134e+02
1.421684159999999792e+02
1.763852259999999603e+02
1.646954790000000060e+02
1.579811509999999828e+02
1.423507182000000171e+02
1.636995960000000139e+02
1.588482450000000199e+02
1.421303183000000274e+02
1.566264050000000054e+02
1.563505629999999940e+02
1.430652859000000205e+02
1.525220499999999788e+02
1.486819340000000125e+02
1.556046829999999943e+02
1.450575269999999932e+02
2.189346380000000067e+02
1.552651260000000093e+02
1.835723199999999906e+02
1.711726919999999836e+02
1.581371659999999792e+02
1.673764199999999960e+02
1.388288397999999972e+02
1.388288397999999972e+02
1.534422519999999963e+02
1.824772480000000030e+02
1.494995600000000024e+02
1.494995600000000024e+02
1.461351129999999614e+02
1.480096990000000119e+02
1.656267850000000124e+02
2.123106359999999881e+02
1.947870329999999797e+02
1.422989339999999743e+02
1.420011509999999930e+02
1.445523320000000069e+02
1.445523320000000069e+02
1.564765459999999848e+02
1.444988800000000140e+02
1.523810990000000061e+02
1.635154500000000155e+02
1.518856729999999970e+02
2.133152660000000083e+02
1.842712970000000041e+02
1.525397860000000207e+02
1.809263660000000016e+02
1.463066019999999980e+02
1.463066019999999980e+02
1.378190745000000277e+02
1.378190745000000277e+02
2.019712419999999895e+02
1.496608169999999802e+02
1.457075990000000161e+02
1.792275740000000042e+02
1.546363709999999969e+02
1.497692629999999951e+02
1.497692629999999951e+02
1.483722999999999956e+02
1.400809649999999920e+02
1.476077819999999861e+02
1.398314389999999889e+02
1.428295320000000004e+02
1.461369329999999991e+02
1.704027209999999855e+02
1.704027209999999855e+02
1.461319059999999865e+02
1.442316509999999994e+02
1.442316509999999994e+02
1.471695369999999912e+02
1.471695369999999912e+02
1.460153610000000128e+02
1.795089820000000032e+02
1.467272230000000093e+02
1.355629495999999961e+02
1.603975700000000018e+02
1.500520170000000064e+02
1.407695359999999880e+02
1.407695359999999880e+02
1.395908070000000123e+02
1.442461979999999926e+02
1.395718339999999955e+02
1.467400129999999763e+02
1.367055980000000375e+02
1.642386100000000226e+02
1.411022620000000245e+02
1.341518700000000024e+02
1.341518700000000024e+02
1.341518700000000024e+02
1.341518700000000024e+02
1.581912550000000124e+02
1.378220830000000205e+02
1.397861259999999959e+02
1.397861259999999959e+02
1.346505319999999983e+02
1.356199080000000379e+02
1.333587379999999882e+02
1.333587379999999882e+02
1.601149920000000009e+02
1.377930340000000058e+02
1.337855319999999892e+02
1.384365750000000048e+02
1.384365750000000048e+02
1.333399670000000015e+02
1.333399670000000015e+02
1.389958259999999939e+02
1.299507459999999810e+02
1.872837499999999977e+02
1.323965080000000114e+02
1.348592500000000030e+02
1.266597054999999727e+02
1.581592540000000042e+02
1.407950710000000072e+02
1.357848379999999793e+02
1.449228040000000135e+02
1.406354249999999979e+02
1.406354249999999979e+02
1.406354249999999979e+02
1.406354249999999979e+02
1.266217565000000036e+02
1.266217565000000036e+02
1.266217565000000036e+02
1.266217565000000036e+02
1.266217565000000036e+02
1.864952220000000125e+02
1.412156719999999837e+02
1.385473700000000008e+02
1.385473700000000008e+02
1.390949860000000058e+02
1.401595260000000280e+02
1.878026240000000087e+02
1.421461350000000152e+02
1.421461350000000152e+02
1.856007769999999653e+02
1.393168799999999976e+02
1.658619630000000029e+02
1.878421119999999860e+02
1.878421119999999860e+02
1.348217819999999847e+02
1.286064659999999833e+02
1.406924060000000054e+02
1.392516469999999913e+02
1.392516469999999913e+02
1.314735919999999965e+02
1.400840919999999983e+02
1.295384689999999921e+02
1.283065009999999972e+02
1.314894589999999823e+02
1.293560909999999922e+02
1.378187639999999874e+02
1.520069980000000101e+02
1.272207109999999943e+02
1.317267789999999934e+02
1.303270090000000039e+02
1.827057470000000023e+02
1.827057470000000023e+02
1.859417310000000327e+02
1.687012890000000027e+02
1.687012890000000027e+02
1.488357600000000218e+02
1.250227717000000069e+02
1.250227717000000069e+02
1.262702299999999980e+02
1.434274149999999963e+02
1.434274149999999963e+02
1.271282839999999936e+02
1.246016350000000017e+02
1.649326819999999998e+02
1.336953299999999842e+02
1.336953299999999842e+02
1.439135620000000131e+02
1.300658020000000192e+02
1.425240129999999965e+02
1.385447110000000066e+02
1.281817460000000040e+02
1.474727479999999957e+02
1.230199109999999934e+02
1.424507519999999943e+02
1.525561399999999992e+02
1.385992689999999925e+02
1.220191049999999962e+02
1.220191049999999962e+02
1.306956000000000131e+02
1.204575602999999688e+02
1.407828590000000020e+02
1.407828590000000020e+02
1.273706480000000028e+02
1.273706480000000028e+02
1.517790600000000154e+02
1.179449051000000281e+02
1.179449051000000281e+02
1.179449051000000281e+02
1.172454410999999794e+02
1.172454410999999794e+02
1.207724654000000015e+02
1.215004349999999960e+02
1.393565949999999987e+02
1.252594990000000053e+02
1.252594990000000053e+02
1.176661324000000235e+02
1.499900770000000136e+02
1.192796900999999679e+02
1.735341999999999985e+02
2.162102500000000020e+02
1.245976859999999959e+02
1.245976859999999959e+02
1.189976170000000053e+02
1.391196389999999781e+02
1.222820360000000051e+02
1.270057869999999980e+02
1.181625065000000063e+02
1.374402000000000044e+02
1.437659350000000131e+02
1.245050140000000027e+02
1.445364950000000022e+02
1.176620450999999719e+02
2.132342899999999872e+02
1.326447200000000066e+02
1.185601759999999985e+02
1.608874010000000112e+02
1.170146368000000052e+02
1.368276319999999942e+02
1.246660729999999973e+02
1.813034079999999904e+02
1.197804600000000050e+02
1.298416579999999954e+02
1.170552880000000044e+02
1.170552880000000044e+02
1.173030679999999961e+02
1.173030679999999961e+02
1.181431120000000021e+02
1.442893789999999967e+02
1.442893789999999967e+02
1.319919210000000191e+02
1.190233680000000049e+02
1.163577750000000037e+02
1.161202839999999981e+02
1.145921000000000021e+02
1.159943130000000053e+02
1.192981999999999942e+02
1.235545269999999931e+02
1.157867349999999931e+02
1.168213549999999969e+02
1.223897409999999724e+02
1.536482029999999952e+02
1.120263931000000071e+02
1.179046419999999955e+02
1.128334889999999717e+02
1.378966330000000085e+02
1.106145680000000056e+02
1.250869619999999998e+02
1.092150695000000127e+02
1.092150695000000127e+02
1.092150695000000127e+02
1.193978440000000063e+02
1.193978440000000063e+02
1.570357360000000142e+02
1.362935889999999972e+02
1.364305320000000279e+02
1.125120440000000031e+02
1.125120440000000031e+02
1.188082930000000061e+02
1.464871320000000026e+02
1.131208800000000281e+02
1.131208800000000281e+02
1.131208800000000281e+02
1.110470580000000069e+02
1.154576689999999957e+02
1.112657490000000280e+02
1.272376519999999971e+02
1.168667449999999945e+02
1.168667449999999945e+02
1.253744980000000027e+02
1.152018919999999724e+02
1.255961269999999956e+02
1.118661890000000056e+02
1.172108530000000002e+02
1.172108530000000002e+02
1.172108530000000002e+02
1.357610549999999989e+02
1.118277829999999966e+02
1.104827640000000031e+02
