iota
2.506934582739412498e+00
8.344455034977967811e-01
7.091364501340147175e-01
1.770031567484392498e+00
1.743986123379194009e+00
2.785974661300311794e+00
2.234905962772312904e+00
9.142181011402760182e-01
1.771184714719400644e+00
2.004442598507086171e+00
2.189105251349212633e+00
2.385222659546564206e+00
5.448158822006573532e-01
1.105049274343937959e+00
9.423612966499733679e-01
1.372920480085832340e+00
1.558683126542228736e+00
2.456267279003889303e+00
1.253328661420378909e+00
2.891585698571754737e+00
7.072237450950837889e-01
1.782696866376701994e+00
5.203989678433708077e-01
2.569615337343786443e+00
2.130127306692740863e+00
5.985585522121218416e-01
2.377503137526591814e+00
1.054342277842369668e+00
7.711218230575002108e-01
2.967916026114115979e+00
2.871393280566421069e+00
2.960713059077733078e+00
1.052746066746969023e+00
1.909338194515343590e+00
2.748743004202398144e+00
2.292032065044636635e+00
1.227587397920568479e+00
2.602958894946880708e+00
1.214229049203338739e+00
7.754231820500574468e-01
7.082537549604611682e-01
1.220672144440262397e+00
2.063609359090560869e+00
2.385040927987711168e+00
8.702394283362665517e-01
1.323912212890150375e+00
9.145317989749321974e-01
8.496546375005034069e-01
4.753826905052668250e-01
2.285907472894474157e+00
1.708301286743680425e+00
4.434190124253987730e-01
1.745004853376137310e+00
2.164844404349886009e+00
9.835557180111041964e-01
1.681374868496091857e+00
2.332992743357949372e+00
8.604811228903677112e-01
2.722512604871523578e+00
2.121537688810512190e+00
2.262248312423878804e+00
2.216394793125726181e+00
3.366657109377040880e-01
2.284972238078632589e+00
1.923042688667923494e+00
1.069522597764451133e+00
1.930538982925901648e+00
9.006796107575260057e-02
2.098082612880334707e+00
5.131975754681616930e-01
1.414763932605661800e+00
5.958391119066956954e-01
2.828057340894661653e+00
2.643319939471401092e+00
4.128453893512689654e-01
4.362191685023372179e-01
2.605720079141500722e+00
1.680619007259841924e+00
5.645242223378394986e-01
2.755993094876671989e+00
1.798087573683916141e+00
2.316901489107058953e+00
2.042735414675567185e+00
1.875904807787138084e+00
2.848193230381612207e+00
1.930107032683642698e+00
2.181349435084317001e+00
1.950652413146878317e+00
1.974229951935728700e+00
2.627016912039056074e+00
9.330339048064240082e-01
1.844823811143943892e+00
1.578447874074731638e+00
1.101790725995634102e+00
1.061908669536889560e+00
5.910968367893204567e-01
1.671269178604232408e+00
1.045701858293459852e+00
1.021821312437759532e+00
1.258433189359413618e+00
3.103052975682112358e-01
2.901914447092122984e+00
9.896067836182658173e-01
2.912336586469357780e+00
2.976133002554303797e+00
2.476289333093138811e+00
4.880361004721677776e-01
2.426012428206851812e+00
1.922710513349489503e+00
2.961653951501956872e-01
5.817324422795516758e-01
8.737492387293100959e-01
2.034058075160410262e+00
3.909789976041161408e-01
2.461104099914687815e+00
5.042636056287532753e-01
2.065515874686416620e+00
5.455707243873797463e-01
2.412475249786225628e+00
1.270423788941457799e+00
2.325958697643640161e+00
2.572575331348801786e+00
9.122169944090463556e-01
5.518269908695313530e-01
2.225367685201007917e-01
6.990248659375102314e-01
2.933321562254339820e+00
9.073231726797520436e-01
2.059883109183007210e+00
2.071173644262612079e+00
2.092405832773800878e+00
4.008479466742321251e-01
1.396346977077709495e+00
3.556746751291188224e-01
7.076585464650811952e-01
2.461613321021090428e+00
1.283640242189017622e+00
2.534839098060084783e+00
1.916209861243379553e+00
2.065107121963226433e+00
2.463029584105139058e+00
6.904148363520878906e-01
1.784736805385839453e+00
1.816212665007640004e+00
1.918558517592818369e+00
9.800853354420387964e-01
2.498043684341605120e-01
1.089746468218153019e+00
9.955874267291552338e-01
8.671313288311649492e-01
2.864768299877016755e+00
1.920403921576008699e+00
1.855482458033594906e+00
2.671007441413615791e+00
2.733380206156238224e+00
6.183204598462106460e-01
2.641495796379601302e+00
1.040207757373291519e+00
2.817116917192491243e+00
2.517040734387872014e+00
1.021836863206551094e+00
1.500539360466810024e+00
2.491853920797312938e+00
2.024250634011242944e+00
1.170274941471438845e+00
2.492892282149062222e+00
1.655855936811548190e+00
4.141435988637048871e-01
7.644497048656605509e-01
4.305990884248577233e-01
2.335718532105777623e+00
5.059521876458670242e-01
2.243607647525936333e+00
1.951086363993119965e+00
9.063382749480376477e-01
6.837148615170496324e-01
1.271082152262013709e+00
2.348248808940712085e+00
2.168441372600224959e+00
1.704767737669941940e+00
6.225992995428891730e-01
1.141602977339309710e+00
3.065304833027040043e+00
2.144225048289568836e+00
2.198578298895845773e+00
3.196780123035239396e-01
6.127603811009018075e-01
2.432781834633650053e+00
2.823931983063992401e+00
1.986745078930395980e+00
1.671587901573210910e+00
9.830427603961695571e-01
3.893275621103727269e-01
2.190892550281759110e+00
1.907742093332686739e+00
2.526830921472428049e+00
2.285653991087832182e+00
2.310911009197949006e+00
7.072368097070956816e-01
4.581914956477535217e-01
9.020234976061923815e-01
2.954980024549239026e+00
3.767019363534235277e-01
2.049694004739455455e-01
8.154759412329762869e-01
7.871666582334599926e-01
2.645952175348655899e+00
4.351956585413289114e-01
8.477469009880366224e-01
1.617730401678815211e-01
2.312850489617665151e+00
2.443757152132849608e+00
2.234280887726348030e+00
1.447103400532552542e-01
2.222215223825090291e+00
3.103387679001408994e+00
1.893496121652860298e+00
1.898161715233791957e+00
2.402099480323570957e-01
2.781187092349447276e+00
2.382452178778236007e+00
2.743290513769437666e+00
3.661488441154732154e-01
9.464647777355770231e-01
7.985607990533502010e-01
1.476837136968560449e+00
1.308215768864110728e+00
1.678300072369218521e+00
1.798906971449510062e+00
2.484242936163162607e+00
7.702435168908839946e-01
2.141801176084880076e+00
2.724992867791956375e+00
2.928529914691404112e+00
4.651078863781761275e-01
1.412817803695221919e+00
1.562375899534207413e+00
1.056809710103224997e+00
9.357534610566083932e-01
2.747470783208544987e+00
2.270165644859495568e+00
1.208709145270086438e+00
6.207519064621853655e-01
2.200446624285468999e+00
2.654210928734692221e+00
1.093079754275747550e+00
2.017524225074303068e+00
2.176301672212522575e+00
2.213170310748775460e+00
2.289105049342589737e+00
7.493157992056561634e-01
2.750634596016695022e-01
6.086808663416169995e-01
2.781755921501924078e+00
6.317653871904356233e-01
7.924313015172950170e-01
1.932158588413589673e+00
2.126321704095442744e+00
2.604710935264998195e+00
2.878301667736964831e+00
2.313366313252395834e+00
1.607308236271612456e+00
2.740394150485241376e+00
2.660826077770014120e+00
1.093393928815166616e+00
2.415080001076702398e+00
3.035482897207649189e-01
3.802104991541445100e-01
2.787627190041800929e-01
2.164312468357521446e+00
7.473526276421267323e-01
1.529666571363464955e+00
9.101236362434439453e-01
2.361160726728210424e+00
1.153104953687432044e+00
2.573951220732469736e+00
3.024516814493735772e+00
1.538818579652585283e+00
4.085769636360106483e-01
2.266680628119314811e+00
1.994151097950730422e+00
1.296514468829522038e+00
2.676300977115869117e-01
3.283311150333403372e-01
1.647606020048252740e+00
2.771359124226837611e+00
2.283409129263856752e+00
2.568959743678418839e+00
2.780379904154724358e+00
4.142868060340550440e-01
1.941806626890864029e+00
2.214682708905652664e+00
7.341440895837475500e-01
6.334207702863827727e-01
7.121539173151314461e-01
1.532678137657307538e+00
2.447185094787082793e+00
2.644115067633818317e+00
1.301938288339759220e+00
7.622201824315106844e-01
3.167889278203643855e-01
5.017516823959551342e-01
2.425369979007738319e+00
2.028869672983256045e+00
1.970237498599518355e+00
3.701148480530974672e-01
3.957200176262660740e-01
2.432819503528028005e+00
4.602663376784519866e-01
7.926900439598831838e-01
3.175464582214093112e-01
2.914688478832262231e+00
8.942308067103640346e-01
1.285918332963034372e+00
5.705491580255271922e-01
6.528016522657363874e-01
3.088449720330690429e+00
8.938136402751682974e-01
2.758761501390619486e+00
5.988697447905644289e-01
1.059818733161519422e-01
1.724013911546559419e-01
2.972033373858949723e+00
5.010942420112078910e-01
4.195769652756516921e-01
5.069336774605563978e-01
8.171843757026371335e-01
2.662773048971483814e+00
6.794126490057907919e-01
5.231975112755479218e-01
2.524893494212100631e+00
1.808828932580388016e-01
9.972945356279580009e-01
2.511274955596915492e-01
3.160264626910908037e-01
6.732851071759072825e-01
5.677817059740982719e-01
2.341183682832942203e+00
1.168587624769437949e-01
4.394487304079525147e-02
2.446650056344172430e+00
1.263794300655166625e+00
2.414746891459763400e+00
8.573594294976563113e-01
2.133582894714790790e+00
1.715440046046394773e+00
7.556341628107309250e-01
2.634389938443382762e-01
2.812281064598292080e-01
2.524513073248440875e+00
3.803455915362012885e-01
3.040879813166109447e+00
6.509458311892782900e-01
2.726693929200607158e+00
2.670042333413190416e+00
2.553360369470397018e+00
5.114424206195163913e-01
3.625625984140152802e-01
1.102987844242449222e+00
2.522316413170631488e+00
2.863973975651159520e+00
2.287310934829532183e+00
1.152488778950722104e+00
1.146577023481160307e+00
2.660516614846230699e+00
7.831812504125529317e-02
4.478370287509967906e-01
2.319278089098851137e+00
7.318023360597050164e-01
7.780397496901426679e-01
8.055572393431810196e-01
1.701319554305126047e+00
2.170280101218275082e+00
6.318617335026347481e-01
1.725990721049974308e+00
2.132167350979362386e+00
3.085506160583231794e-01
2.474265766487067086e+00
2.439301772474506080e+00
2.029297779675440783e+00
1.463695292243418766e+00
7.874888281124872158e-01
6.902123087836874449e-01
9.958378011909951866e-01
2.331122015854618201e+00
1.325569435956109432e+00
3.954281045828966779e-01
1.842398893882408295e+00
2.833225528849302233e+00
2.315071885062612633e+00
5.808404020603398499e-02
2.454610956044500636e+00
2.416945941822947960e-02
6.317688666535604958e-02
2.319699977305360150e+00
3.019068459043904085e+00
2.243108753248323595e+00
3.881608714548696049e-01
1.712970260391164734e+00
1.761367799786647703e+00
3.531249729184839370e-01
7.931703950579634954e-01
2.634511101829276836e+00
2.014012089755629620e-01
6.325192482405675998e-01
2.606944458570516154e+00
2.371184262634896456e+00
1.335849095489836325e+00
1.127327505283178599e+00
1.959576020255210382e+00
5.633565232151372948e-01
2.443783191834146162e+00
4.773525834038491178e-01
1.191865432764345867e+00
8.730534230634281467e-01
2.070489944416336048e+00
1.347008678111264235e+00
2.568868948248069106e+00
1.135085442182782067e+00
2.694155930179489733e+00
1.258559973199192106e+00
2.064189049092473471e+00
3.920988786755913447e-01
2.334669702325380847e+00
1.591703398209689091e+00
7.784870768854619261e-01
2.797559755174133245e-01
9.483669783332158154e-01
1.906591441059981129e+00
7.130706376353264375e-02
2.563654915052810068e+00
2.396001251085433381e+00
1.008264466313941510e+00
9.792859023664012286e-01
8.087003567761430478e-01
1.127178840195105947e+00
6.901141521439660975e-01
2.861374638458868080e+00
1.385335229427522075e+00
2.592037846341778806e+00
2.403222683209695898e+00
2.434542140366231955e+00
2.631889586868600972e+00
2.837946244640324189e-01
6.712393751856131630e-01
1.877712127361331973e+00
4.651135927206860865e-01
2.606488147090776919e-01
2.530260402001459852e+00
2.480005163699696702e+00
7.202758146729674182e-01
2.601320451248966936e+00
2.841186493689334291e+00
6.094522098473414973e-01
2.644635512715555414e+00
2.248117561100433814e+00
5.201460781509813502e-01
2.191527324839118496e+00
9.727420343521976376e-01
5.587229045123099924e-01
1.724232215147328606e+00
1.181891944311702636e+00
2.654514026277719818e+00
2.872402042371456687e+00
9.884215667892386481e-01
2.748049686087967292e+00
2.960749931929045342e+00
2.744901722873643202e+00
7.337268480188843811e-02
1.115050024286289299e+00
5.454027923970713454e-01
2.515307913855462818e+00
5.555857436663796944e-01
1.928274143575259947e+00
4.754769116965295028e-01
2.031459484497541546e+00
5.972631195953651551e-01
1.006486199749452026e-01
8.305635646168053610e-01
4.172559116810905522e-01
6.767153833781953676e-01
2.477218410201984966e+00
2.591712764671064928e+00
5.953342174093868566e-01
2.054474813507850328e+00
2.384567939616542454e+00
2.635915325631413619e+00
4.301505984094958768e-01
5.427768132058109485e-01
2.073590802784988085e+00
9.535604895687256610e-02
7.876055128913765913e-01
1.542270132298947161e+00
1.546881393392435911e+00
1.149950486300684416e+00
2.373257844153393137e+00
2.342346741765316320e+00
3.068916444935834598e+00
2.657763554620919066e+00
2.797715633619995756e+00
2.505515723884232049e+00
7.394927855077721990e-01
2.009689407065647915e-01
9.941574142662835678e-01
3.107878254083720204e-01
8.454822455745772958e-01
2.278961357651848818e+00
2.779235603199299742e+00
5.296235245392967306e-01
1.530948196480645951e+00
2.161361392250736646e+00
9.202496410279792372e-01
2.233946921163636912e+00
1.889135362469130719e+00
2.305813815293823232e+00
1.781960438593417129e+00
3.088199967214260599e+00
2.677948953764145656e+00
2.243362721627526923e+00
2.562682103837440550e+00
1.031668469372447827e+00
7.017862810630105530e-01
1.136783392527539016e+00
1.011083663329533255e+00
8.058475174578394462e-01
6.123872179201513832e-01
1.655582650117103372e-01
2.019169233272502417e+00
6.408941883567641495e-01
2.271237592755055990e-01
6.086760332120497718e-01
5.026539400843066385e-01
5.532887538496348290e-01
2.469630385526224714e+00
5.447420486940237616e-01
2.108121719366510494e+00
2.319174218494060469e+00
2.201849850478386994e+00
1.067610775216547125e+00
1.861568362139450317e+00
2.803048900334107252e+00
2.086595779267998552e+00
1.663468603299631532e+00
1.465169750143148208e+00
2.417323171092701506e-01
2.761111831113878257e+00
6.928516002652913564e-01
2.660765010361751060e+00
2.124910770086100964e+00
2.725029265063357631e+00
8.476144712754835053e-01
2.478870561535296613e+00
8.074003398393552189e-01
7.597238299861724942e-01
2.643793927661441501e+00
4.986954531646837219e-01
1.196865522614969146e+00
6.523531312546254624e-01
4.748809265228841059e-01
2.669930342561269043e+00
7.533212207285270301e-01
6.263011408743798247e-01
4.642088825134421115e-01
2.141098707496063902e+00
6.800772350669057609e-01
6.017941194771787572e-01
2.378639992916861345e+00
2.031212349301104503e+00
2.822015053723347933e+00
2.434853759597560785e+00
2.322850091160202801e+00
2.192335997312239382e+00
2.135300280216176017e+00
7.900373911459507292e-01
1.876638777359712407e+00
3.419774233023816223e-01
6.033396892736140327e-01
1.562408628824093260e+00
3.830484173017913441e-01
5.059898987540191184e-01
2.241535942538458226e+00
3.853155470774612956e-01
3.053819361698893786e+00
2.973627003076047881e+00
2.617615875855592744e+00
2.174063141219535034e+00
9.735967746407635515e-01
1.711553122394226634e+00
2.650586529876670205e+00
2.514342612240512587e+00
2.630650650839332805e+00
2.749041797853279068e+00
4.728153145172677152e-01
5.589100964327897714e-01
9.226528518242875787e-01
2.892861696665568694e+00
2.718060142794699985e+00
1.306640112582776903e+00
1.118439320187105235e+00
6.563127410369929970e-01
4.388134146954839054e-01
4.370178607594793485e-01
2.582159045350996607e+00
2.327236502345922942e-01
2.399196596063978948e+00
1.600280887273359598e+00
2.625263737028076694e+00
2.565426007927833485e+00
1.968157766630588057e+00
2.038210450410795183e+00
8.435543056995843392e-01
2.378143451974478850e+00
2.968769011906987831e+00
2.198434070752150471e-01
2.823921361206882974e+00
1.463954480350498022e+00
8.677182266001780553e-01
1.982379988500649226e+00
2.523912663811938906e+00
3.073257607606643127e+00
8.717597925850322227e-01
5.158093910894736567e-01
6.333770969011025542e-01
8.574015211117406166e-01
3.191593931566176212e-01
3.432193168599949051e-01
1.488829440270925120e-01
1.941182258154092066e+00
8.487301007507970230e-01
8.253668727027385632e-01
2.291791134369434602e+00
2.708252678231294119e+00
1.585995119283758026e+00
2.299648425475076863e+00
1.883620307092924051e+00
2.159454648960199119e+00
1.856333305589654425e-01
3.624537559042351198e-01
1.177090068320608474e+00
1.825717019100334459e+00
1.940929536433287250e+00
4.499205232363445162e-01
2.615106078605374140e+00
2.803719529452580073e+00
1.360160160030899679e+00
2.765331137415242946e+00
3.269989311648396901e-01
4.232100193832053492e-01
8.606613006581490533e-01
8.104199358731007941e-01
2.752701282553582374e+00
2.678195783152502063e+00
7.205058261679944120e-01
2.472020634349780366e+00
1.798334363480302844e+00
2.375985791994335905e+00
2.370866493361944549e+00
1.571844725114674768e+00
2.625815911522285440e+00
8.924569824523724826e-01
1.298006037525177014e-01
1.760200296125051134e+00
2.398681954527122961e+00
4.521855098616874846e-01
2.553919226387681096e+00
8.131438422424297485e-01
2.914798762117364550e+00
6.808208302597921202e-01
2.406737773576604067e-01
2.585477889282732367e+00
8.275018169211465491e-01
3.934328969122649622e-01
1.900733197560431575e+00
2.915952084980690362e+00
1.839561476651910388e+00
7.528248695349533115e-01
7.300930633524924662e-01
2.951057891018618928e+00
2.106932176708580684e+00
7.729419077760157908e-01
3.034247815858804875e-01
2.967664410157082600e+00
7.481556410279586178e-01
4.668279541082636097e-01
1.096927108568103826e+00
2.484395509459408125e+00
3.031217692072035064e+00
4.757249523787042134e-01
2.737641765371131797e+00
2.526171762961228584e+00
9.406238733046663469e-01
2.380594995474376863e-01
2.247127588616728122e+00
2.882502623086365734e+00
2.421965361691036822e+00
2.093097162977062276e+00
1.944735981603240349e+00
2.627038186454075386e-01
9.752594006144728045e-01
1.874257689375967706e+00
1.341465886553544040e+00
9.732215625680743498e-01
7.019435299411890261e-01
2.363414803986396695e+00
2.561215504362670536e+00
2.721858498939822901e+00
2.107880964584628869e-01
2.940551539102117307e+00
6.386116493296679630e-01
2.879127146457528763e+00
5.270202900472298335e-01
8.669964853896114931e-01
9.986827148933550280e-01
1.122427865018958748e+00
1.045510498918156728e+00
2.138534729977452642e+00
6.853211144649927755e-01
2.007001954306013136e+00
2.343688740981159369e-01
2.587852161454599287e+00
1.244463599318523128e+00
4.394348899919390261e-01
1.510242777008507176e+00
1.407920288571500089e+00
2.586958077596923200e+00
2.379422466195697083e+00
8.609192790770850978e-01
2.337238493150909147e+00
5.347020415775679547e-01
1.631905685126402661e+00
1.871103018772204862e+00
1.247710431002792442e+00
3.055120580610648506e+00
1.986846838450232910e+00
1.074932891858601858e+00
7.903784376546167945e-01
1.111404168708807871e+00
2.429900080180192212e+00
1.583770085252798721e+00
8.286998943776813231e-01
2.545721427180991814e+00
2.613128193845664082e+00
2.898911351784869250e+00
4.328147811823518931e-01
2.002087113759501769e+00
2.314434478095256598e+00
9.764809305064899858e-01
2.226671919616973305e+00
1.530770078759057684e+00
1.711460726807997323e+00
2.798663040106802224e+00
1.734675399068942581e-01
4.837906000069672752e-01
3.315688014860534993e-01
2.449351791447700322e+00
1.143268912788509173e+00
1.223483954531071838e+00
2.335681119550354179e+00
2.658424534378912796e+00
6.365231890942227855e-01
2.712915321927906742e+00
2.541190331453543561e+00
2.007531815971618450e+00
1.401391417762041458e+00
2.046855884338893539e+00
1.974463330205355582e+00
2.164435594603654422e+00
2.723591445037936154e+00
1.176792676485365119e+00
1.558461691978322516e+00
2.300846740096858412e+00
2.993079814523168514e-01
1.868176524681196771e+00
3.744490171673214296e-01
2.987127737428767027e+00
1.724310184958524728e+00
1.954103968503956068e+00
2.231888124622479097e+00
2.848205323800419020e+00
7.289889922764295482e-01
2.120399535476900965e+00
2.215032473598160578e+00
7.076361539068717343e-01
2.717012265556651762e+00
2.311960008954511814e+00
1.964834089975868059e+00
8.546091744073965879e-01
5.608381264454144199e-01
2.886025497109613536e+00
9.560261975181038041e-01
4.111647930619686253e-01
1.163413278930997441e+00
1.861427751823292898e+00
2.118036749984244071e+00
2.623680781769449633e-01
2.799962537055472045e-01
2.168529383855688497e+00
2.299711746411957414e+00
1.490046608385913629e+00
2.937043282792428212e+00
3.279858277029172875e-01
4.623469799250670142e-01
2.645838860019710914e+00
2.524863798927723835e+00
6.958959870237688694e-01
1.685598442547588505e+00
1.198509353799191546e+00
2.599724390140476515e+00
2.058120498524115494e+00
2.433986968062971545e+00
7.201071064215133211e-01
3.069728255295723907e-01
1.353945465225723899e+00
1.594484796625508238e+00
2.647759922166284863e+00
1.613817845242391913e+00
5.937420354848075288e-01
1.496786757912456300e+00
1.602995244439942457e+00
1.620551466468189261e+00
2.498112937748232731e+00
2.204121649491959101e+00
2.029030973820780126e+00
2.618169313712462198e+00
1.174592491129513805e+00
2.215893739256968864e+00
5.854630679030512486e-01
1.795643517169903669e+00
2.567016126567160050e+00
1.125856265459033834e+00
2.730262879666492726e+00
2.784672727040725437e+00
4.673882666250105955e-01
1.944285243295876819e+00
8.414004024049634989e-01
1.083562592782169265e+00
3.914491233582175211e-01
3.847567101614871032e-01
2.014491289564832588e+00
2.971789987065700078e+00
2.672355670808880257e-01
1.097861773885186354e+00
2.297149830641042889e-01
2.847836826883136108e-01
9.242735266003220262e-01
6.596822900826659897e-01
1.565604189642370692e+00
3.250393035202931435e-01
4.686463717059738965e-01
2.885233447568043452e+00
1.665826341451181358e+00
2.748334235400390568e+00
2.836007794295106965e+00
2.035758281002181536e-01
2.638880425855051115e+00
1.015702203057935016e+00
1.227786617450957074e+00
1.248152966816429510e+00
6.681756902931091924e-01
1.641328417151740826e+00
2.482582310654132041e+00
1.718994215051168062e-01
1.773357402017450291e+00
2.964647756034471282e+00
2.690868250030250319e+00
4.563891081072881106e-01
8.678186584578153617e-01
2.435954436942616042e+00
2.648879885937558853e+00
1.341601061096621139e+00
2.032871479311036123e-01
2.847832434933279977e+00
5.240671446804248679e-02
2.285505000205887427e+00
9.177026227486534404e-01
5.325791155780662534e-01
4.574933890896730193e-01
8.383979070414001589e-01
5.917647010186042333e-01
1.294935718144617498e+00
7.835183880038469884e-01
7.671461491433969604e-01
2.229531342281831030e+00
2.933801225354299991e+00
2.593324889604744499e+00
1.999440806284169536e+00
1.863571475828873947e+00
2.986488140861101481e+00
2.518154279308054910e+00
1.198187928515861422e+00
2.319599525535878115e+00
2.174455178169214964e+00
2.444350651926513684e+00
1.190685234446364316e+00
2.504158614485291867e+00
1.193131228463651494e+00
2.517790984365097628e+00
2.012216953334334812e-01
8.687328562947148614e-01
1.362807835323053940e+00
2.410680077429565138e+00
8.833681438200630121e-01
1.375583922137022075e+00
5.716094085716900697e-01
4.742151202829369971e-01
2.156444612493713386e-01
2.630213000931558298e+00
1.039606421032418737e+00
2.598915946938264110e+00
2.074443996191082551e+00
1.848926465670846508e-01
2.746722150427230336e+00
2.652967567103527546e+00
1.870558698381435514e+00
2.096196301344137147e+00
2.273245512069035801e+00
1.974232993672728087e+00
2.732601387688748051e+00
7.383206833384738932e-01
2.408573707258768071e+00
2.448311264419294808e+00
1.801950856567962500e+00
9.379106145189748389e-01
2.475677918907742914e+00
2.318200873849149968e-01
2.781242500006748219e+00
2.851283710986063813e+00
1.580401275810678019e+00
2.946465448854497016e+00
1.567310847804122664e+00
5.813647832366329871e-01
1.484470580555252162e-01
8.775306197822809740e-01
2.083831587255380313e+00
7.953656053402995141e-02
2.871961512751363799e+00
1.867862621643339160e+00
4.887666369358243945e-01
1.398443871642294223e+00
7.852359319499839785e-01
1.822537419078487986e+00
8.441651498401605558e-01
1.501818043202465036e+00
2.255741378323514734e+00
4.131312518231237130e-01
1.986616330921004758e+00
6.893899299104955247e-01
2.799771538604345800e+00
2.097807729529675758e+00
5.734122593873342000e-01
8.981436011193451030e-01
1.813835699719682504e+00
2.737645650502031458e+00
8.426932990261609691e-01
1.128175359755339446e+00
2.960534143625958237e+00
1.615615262835744304e+00
4.888992763712876055e-01
3.013519437727109285e+00
5.498709616859983607e-01
1.948093162113563870e-01
1.335820410608210107e+00
2.256061469364688321e+00
2.841316323263362698e+00
5.871090127077016607e-01
2.186466901523788753e+00
2.371256005066400441e+00
5.297683251133412652e-01
3.224348129215067749e-01
2.448633843530321652e+00
1.054489578332933108e+00
6.931190270288365429e-01
2.645525197958539465e+00
1.172412426618494097e+00
2.376624803864056945e-01
2.029355146599460813e+00
1.385884114477931472e+00
1.502993968364697008e-01
9.261372544568432508e-01
2.297151356539480549e+00
2.054252616961385058e+00
1.586630281216147242e+00
3.761929612292029268e-01
9.694098402712155726e-01
1.710870904983535778e-01
1.898914224742107582e+00
4.516084128308768264e-01
2.656644950319930754e+00
2.471869882215731451e+00
8.379383597983841581e-01
2.210502065140565353e+00
9.340165394745884031e-01
2.349418721369479268e+00
1.137728989014811010e+00
7.403004428943550375e-01
2.214924252512953107e+00
1.883707974544116093e+00
5.957787485631120816e-01
3.472444098432325155e-01
7.101938312021580657e-01
2.479507621861207767e+00
1.749672361182364355e+00
1.181484651240819250e+00
2.065205482316604613e+00
1.052802779976916403e+00
2.208395727389187435e+00
2.077661172513241006e+00
2.273472834492518579e+00
2.644869035244750588e+00
1.701577024961944129e-01
1.295933827268835881e+00
2.072435009848736076e+00
7.254613695440684795e-01
1.208334892282794781e+00
2.339001966338198457e+00
2.932431273530437199e+00
6.718916901159971422e-01
7.350441388655544195e-01
1.495429622816554893e+00
9.821461420290196198e-01
5.044315086421407024e-01
1.391649713800942045e+00
2.031848021479948585e+00
2.740930158979524300e+00
2.137325002509995464e+00
3.088156668709976516e-01
5.703405750734104052e-01
2.491037931981977316e+00
2.863928696014511388e+00
2.293401294163834869e+00
3.073030428509247458e-01
2.436280425961509621e+00
2.173026664624867266e+00
2.093564504040578367e+00
2.687261684811504736e+00
1.904780505740611973e+00
2.389230037849234822e+00
1.098921845643753281e+00
4.350219425967111753e-01
1.670838580756158098e+00
2.720411187688101418e+00
1.081907809544182753e+00
8.484764168465750434e-01
7.732315042381010528e-01
2.575778247927638542e+00
9.134890212371361562e-01
8.689736684076742046e-01
1.907120223952567972e+00
9.357157011148572456e-01
2.450522929541303907e-01
2.189015664935048122e-01
8.649329381791498461e-01
1.601463290485720892e+00
1.384502602711386698e+00
5.334463451479422025e-01
6.665533182518345034e-01
2.787856962603893596e+00
8.469297550045064016e-01
4.897967743508128136e-01
1.464977182711287629e+00
2.427056737525820740e+00
2.958136860820038461e+00
1.010563369466572992e+00
1.054956990901266600e+00
6.452987508145144879e-01
8.700704995421837395e-01
2.252390736978944208e+00
1.147940352689402088e+00
6.808065535132832302e-01
2.907040640854014590e+00
1.403325044832472335e+00
5.025542310401894808e-01
1.727510975067761523e+00
2.944618134546164168e+00
2.495055903326768743e+00
2.233157530820236047e+00
1.778355492570137031e+00
9.790327107190703870e-01
3.917150242322953169e-01
1.748741815947182809e+00
2.088020498288158944e+00
1.454826333749688061e+00
9.694113858552302343e-01
2.736923902450326018e+00
2.798483323879616069e+00
6.674350443755010520e-01
5.215989647579829525e-01
2.009424668223898536e+00
1.325807810973230749e+00
1.118408105025339605e+00
2.082973854036154204e+00
1.625583694412575442e+00
8.265286863305998377e-01
2.060372773230684462e+00
7.858775997114672007e-01
2.259497110104403461e+00
1.182687189319189036e+00
1.140815164553553585e+00
2.380402689638062341e+00
8.241780842527747231e-01
7.380920183120402989e-01
4.924017488443225843e-01
1.759793219980984480e+00
1.630588778340633205e+00
1.865525182243267910e+00
8.872463885756936008e-01
2.692673796077651893e+00
9.481225951385675588e-01
1.615503851240291722e+00
2.689659031183465387e+00
2.296652421739626249e+00
1.072573134938061168e+00
2.248265152734211458e+00
1.807989534057723668e+00
2.347660975819117368e+00
2.729017345326440136e+00
2.625356493544564351e+00
4.400635575481596784e-01
5.226931792417646161e-01
2.672436891517342983e-01
5.479071085018362153e-01
1.629796036616274257e+00
2.240378335767960305e+00
4.753296566368044873e-01
2.313968294955556004e+00
2.792361957748718204e+00
2.221970751222984930e+00
3.874765887874170311e-01
1.317371128094736221e+00
1.462381107500495325e+00
1.912542932478909607e+00
1.634009529436322827e+00
2.404418107916114877e+00
5.490473965229424325e-01
1.654070157438858102e+00
2.469739884426848775e+00
2.274353740019048775e+00
1.055720376965706642e+00
6.867028156382616322e-01
2.676918982976632666e+00
1.969733694695877668e+00
1.145633347349166664e+00
5.715104586850585644e-01
6.789808796497065480e-01
2.901271019776432869e+00
1.509029358121663500e-01
1.054355465652217161e+00
3.673791664955523006e-01
2.428845428558676467e+00
4.776095898029801834e-01
2.082541365412538426e+00
2.527697613475565763e+00
2.512069449000844390e+00
1.440864616392802056e+00
1.946337722197643894e+00
2.297482789820240789e+00
7.426385726532989118e-01
7.805102717978898985e-01
8.946474491698644949e-01
2.261742084866268598e+00
2.108019193849887785e+00
9.936666964637396182e-01
2.273201006894326248e+00
1.973680010928377249e-01
9.778566357793140318e-01
1.266957454961662899e+00
1.105345681300405891e+00
2.359283521726293076e-01
5.800601621209369174e-01
4.828867890438529042e-01
1.810279299431678313e+00
9.909976269195928111e-01
2.026065382128568793e+00
1.169016521941983022e+00
3.416200325765690327e-01
2.392501659177252549e+00
6.327582127748685448e-01
1.775333536005662405e-01
5.606807592430118614e-01
1.793779084570036764e+00
2.142775089635133412e+00
1.373044093774857255e-01
2.012775371248111789e+00
3.820324403930153712e-01
7.646727138925268896e-01
8.810045447278842534e-01
7.986284211162715252e-01
2.672670662873757763e+00
2.479138812694048344e+00
1.930603917944833547e+00
2.846759577158203491e+00
9.063444572616258244e-01
1.213548116656795628e+00
9.113801654284912068e-01
2.425222425701763829e+00
2.378732481295710244e+00
2.032155724469297819e+00
2.521806458108790228e+00
3.130017088835519878e+00
6.173446491932843561e-01
2.759362281437034436e+00
6.609684891584253208e-01
6.606390772968707692e-01
9.858530570142883809e-01
3.584339173585445182e-01
3.101729186602252941e+00
4.449040599988404177e-01
2.496882745747558197e+00
2.374948971015100607e+00
2.551444305323962158e+00
1.094996963044163829e+00
2.240428982126531909e-01
5.492938691355770953e-01
8.707114677318378293e-01
2.358797069248774303e+00
1.277212521147731872e+00
2.214321652102276605e+00
9.415762467493784538e-01
2.558903057399435799e+00
2.415929637794823392e+00
2.999706827226429784e+00
2.955578696840856612e+00
2.398244303161161106e+00
7.326668063451680091e-01
3.890232480020919259e-01
2.616461499572591887e+00
7.614081109270354197e-01
1.017177995254576750e+00
1.797336190470127937e+00
1.712516396149251108e+00
2.527142337782702697e+00
2.597326691742421811e+00
1.236862689132702364e+00
2.860936407802823211e+00
8.072177981283058523e-01
3.313473863247006768e-01
1.063555853321677125e+00
1.509155403464831346e+00
1.896195036093666353e+00
1.559484709157942905e+00
4.307578395564841678e-01
1.565973652678046335e+00
4.303622255002628044e-02
6.682727256553713246e-01
1.238710069585488238e+00
2.042074924013039805e+00
5.899786608426621504e-01
2.117649142398074336e+00
1.181594612217294227e+00
1.024491312385235942e+00
2.983346577440188163e+00
4.655838298593910074e-01
1.763341790510261298e+00
9.708917120962126113e-01
7.404334715155695967e-01
7.718395929096649732e-01
2.352638965247539460e+00
1.200780590281853799e+00
6.643217981220197466e-01
4.901331154363992026e-01
1.176343185216854659e+00
2.816808742560620082e+00
4.783977876786966177e-01
1.041294724981778108e+00
9.643382281833972058e-01
8.888610249095866278e-01
1.397805706918463953e+00
7.318091200181245926e-01
5.060788925702737195e-01
1.746200541196430756e+00
2.003147203363297102e+00
1.073135188591197942e+00
5.335910659201925643e-01
1.310407900528256508e+00
4.282158765223623154e-01
9.938213324699599616e-01
1.565001407958031443e+00
1.686287463403083553e+00
7.188559595295476168e-01
2.641426917142236430e+00
1.396711091785942660e+00
1.926310954517428842e+00
1.692043981763275529e+00
1.591155614724826695e+00
1.868070948820103494e+00
7.988499455619277878e-01
1.487553939318596363e+00
2.569318435520866473e+00
2.390315708121475868e+00
2.814271501151702104e+00
3.249532137793106346e-01
7.104242437548292655e-01
1.814017362001672407e+00
1.751054721311665174e+00
2.567871045394547025e+00
1.960211702234563980e+00
1.821209461561648313e+00
2.979547207796688912e+00
8.007972744788222075e-01
1.270701753032526193e+00
2.227638598245356594e+00
2.793848390984460250e-01
2.348566641278330369e+00
2.684168167498708790e+00
1.582392639223664688e+00
2.350050052839431469e+00
8.010664588877171033e-01
2.270812186917403164e+00
2.379901392813588590e+00
1.029428824880539883e+00
2.950094320988756014e+00
1.149596064293477937e+00
1.810595756958142344e+00
2.692029025985124058e+00
9.593715210050793862e-01
9.338062188313084322e-01
9.835565062683956361e-01
2.433151575187468829e+00
4.649719405229973956e-01
3.444445422913390287e-01
2.470932339280837997e+00
1.436826336543787219e+00
8.662904261064245937e-01
2.912672202267109767e-01
2.499926036928065365e+00
3.078598262516478723e+00
2.935710405011691559e+00
2.667578037398494750e+00
1.180230523014503152e+00
2.054957845891703272e+00
1.076814327844881847e+00
2.801701995041133042e+00
4.263444066989252046e-01
2.455076501823504120e+00
1.423790477625778705e-01
7.513712812564562471e-01
2.359892967034122435e+00
3.217343482930845600e-01
2.108487160762242851e+00
3.464957944503707088e-01
3.601488488000974542e-01
2.318658041634232614e+00
1.994088271748937657e+00
8.021789782962881477e-01
2.936168217921894197e+00
1.447401925329174111e+00
1.198114478897096991e+00
9.374146672679124492e-01
1.436169543065976217e+00
1.750848455793571512e+00
6.978656412744493887e-01
4.415010732436904783e-01
3.439195596697292023e-01
1.287541802728850104e+00
2.445497633222026401e+00
1.275884333636508661e+00
2.098242326540544767e+00
3.790764224991636788e-01
2.699481826416452179e+00
7.988480786689347024e-01
2.587467058326265335e+00
2.788786627588079270e+00
2.507811623076349417e+00
9.941769958725892309e-01
8.511926099389049982e-01
6.856064741660992112e-01
5.794369114324634529e-01
1.790037405381710744e+00
2.286831571824958498e-01
1.647094194240674492e+00
2.848443194583537341e+00
2.671009235692553663e+00
1.173784976251195822e+00
2.275698481831021525e+00
5.824735435870641576e-01
1.969814172921324102e+00
2.417287370741624475e+00
1.668770114835173235e+00
1.064370197003388752e+00
7.993106021751419377e-01
1.023788094494809453e+00
6.696919604829881800e-01
2.741844593102540362e+00
2.039606749795391138e+00
1.994684945114338470e+00
1.807208491646814741e+00
7.097473487686798421e-01
2.546238160018640784e+00
9.219580214916928140e-01
6.928577149098822385e-01
2.745461090338663812e+00
2.688005028070787006e+00
1.599723593070074168e+00
1.009024979919086018e+00
2.341499817676937489e+00
8.080639335203827489e-01
2.225037930080540960e+00
9.970345941177192195e-01
1.263866266904613900e+00
1.263305117483825013e+00
9.090291968268690015e-01
3.288362935985260083e-01
2.761151615642804646e+00
1.102020772786041602e+00
2.164321444954755425e+00
1.744160986805602109e-01
1.097570220490092341e+00
2.168005751245011492e+00
2.338546807692527096e+00
2.483882834623040381e+00
3.017699335943917482e+00
2.698947734943000776e-01
1.170458456500527822e+00
1.213915731611776294e-01
2.154371182170168098e+00
2.362507197441324092e+00
6.378768036375692674e-01
1.412969485674192338e+00
3.970701510113970323e-01
8.971881421375101917e-01
6.927902189501120578e-01
5.303573895002889893e-01
7.445861537450877421e-01
1.086728911517385265e+00
1.098958307209166874e+00
2.702975025619938076e+00
2.576407802152429483e+00
1.598086093345439052e+00
2.299024604122555271e+00
5.807434580942256730e-01
2.490689731077348146e+00
1.371320288066052662e+00
4.169299653108145265e-02
5.062360784047753581e-01
2.201291318046133538e-01
2.597830280915249812e+00
1.796926749248016320e+00
1.573485684150010000e+00
2.140937813734096640e+00
1.763558605384342837e+00
1.880780278451039234e+00
3.492251895942281026e-01
8.451833512240713997e-01
9.673293516766060529e-01
2.426412466675779811e+00
2.040074947520516879e+00
1.434066487901136000e+00
1.182417382080667601e+00
1.477980183966113970e+00
2.938092868873048324e+00
1.292719666577673898e+00
1.816993120441993126e+00
1.079234299361009120e+00
8.764133678373731140e-01
7.375473435067217975e-01
7.387868393513277177e-01
1.959576845195668104e+00
8.466311895520352016e-01
1.273263418725510299e+00
2.727531372167112611e+00
2.758249550438180098e+00
2.755007531655537800e+00
1.645285886759557226e+00
6.025755288094738482e-01
7.940875649181281526e-01
2.010851934206498548e+00
2.036711508050139230e+00
7.093301058169337869e-01
2.862633858943127940e+00
4.755592555063753446e-02
4.493809643088502725e-01
2.349364345557628742e+00
2.281897875457314040e+00
2.199309142047868093e+00
2.476195466220962427e+00
2.893835308848608179e+00
2.514642092294275155e+00
1.040822906792017388e+00
1.928304546318621915e+00
1.440705834086819959e+00
6.349951458308075170e-01
6.048057343903395777e-01
1.639250318560341091e+00
2.770486616056120788e+00
1.186618911026201983e+00
1.949655949815144729e-01
2.571987198708123756e+00
8.270619799917499071e-01
5.629817903536745716e-01
2.242666490376783894e+00
2.187763897297590798e+00
2.339271363536576498e+00
2.575586255412832148e+00
5.278921783774750409e-01
9.237732769553006484e-01
7.440685497450969521e-01
8.367272558618379374e-01
1.053246417648242783e+00
6.182692923784735006e-01
2.945816166806222824e+00
6.329124032471937777e-01
9.534504579856843964e-01
1.980840653800658879e+00
1.467445890994610869e+00
2.913638541276466487e+00
2.351769326102388924e-01
1.013752658080325109e+00
1.042636732886961015e+00
1.896681156865801521e+00
1.149675943183087412e+00
1.002903612322494586e+00
2.746131442611320916e-01
2.869638984340651122e-01
3.985953992557113579e-01
4.170743210366462672e-01
2.278706268243469779e+00
2.570590771766642746e+00
2.343299099886931192e+00
4.916886421125097884e-01
3.166440155598533313e-01
2.346718476145493337e+00
1.481005388765999520e+00
2.271213370383457608e+00
1.091822277094019578e+00
1.613193403483556221e+00
2.450242006081849500e+00
4.335159715206358677e-01
1.773245271696345160e+00
1.349386885218817111e+00
1.981800925736473928e+00
9.092264177508399547e-02
4.577083279225931806e-02
2.156150949445277742e+00
8.238182153032134192e-01
1.138251404810426637e+00
7.737144256168090317e-01
4.300705142840561268e-01
2.624873297055233756e+00
2.369441178667832659e+00
2.455150477685878130e+00
2.649117434897386936e+00
2.642844002377898516e+00
6.689667244628145770e-01
1.908617121676988049e+00
5.899884071976714273e-01
1.999985405501468083e+00
3.003760952631447267e+00
1.682282844063528460e+00
2.394648349106875074e+00
1.182782341386469538e+00
2.112807368078468695e+00
1.303337969668863172e+00
1.048046029583826311e+00
5.491004650151118938e-01
2.879316346739292598e+00
7.767573244538347188e-01
1.559529752464649199e+00
1.138305391759335983e+00
2.403775738212849067e+00
2.320394059706092360e+00
9.842695292489491710e-01
7.590966714078970501e-01
1.086279640890863041e+00
2.966021399488992127e+00
2.191430801596553124e+00
1.894827673533113099e+00
2.690746118528903441e+00
2.333610451534925967e-01
5.925412100080734712e-01
2.082391918208454484e+00
5.192978216274742875e-01
4.447727990123974684e-01
1.974529152102924456e+00
2.651318551095894982e+00
2.874533127106030150e+00
1.125803714949338508e+00
2.877921863918064260e-01
1.682445360120345512e+00
6.842674240572209632e-01
2.878267945421987939e+00
1.102760213570398218e+00
1.110792043964818010e+00
4.627051843383959140e-01
2.325743857587692975e+00
2.224915813695925060e+00
5.495047657466084479e-01
2.559733504702286222e+00
2.991589080772088405e+00
3.025699060603443957e+00
1.012561417049462342e+00
2.002055859681842076e+00
3.826780744128650547e-01
3.200727048881319980e-01
1.255855544578519556e+00
1.631531974885561231e+00
3.534200110706333109e-01
7.775052125670544045e-01
2.195550021045812983e+00
2.556952967492213125e-01
2.148437746518120084e-01
1.703860819815908867e+00
7.203703671222908556e-01
7.027141141352869491e-01
1.941441591140451228e+00
2.532055682848119993e+00
2.006406304809444929e+00
1.155135772044639131e+00
1.035521666761545001e+00
6.843356232254889093e-01
5.399266186289379821e-01
1.951121981345426359e+00
1.273639893730647843e-01
1.997371173065976002e+00
1.362833804593693188e+00
2.659951896153355477e+00
1.900660302374977295e+00
2.348296800461509459e+00
2.635440354230457416e+00
2.737504615671528363e+00
2.720483378906546346e+00
9.502105477984660320e-01
2.156652685748220666e+00
2.205254036502069415e+00
1.417181172227148345e+00
1.192687819793357556e-01
2.715546835914409041e+00
2.376296269874376144e+00
2.521306873887799949e+00
2.733585847577780559e+00
4.280038140848333589e-02
2.925252339450552519e+00
2.592033240510010828e+00
9.904903299404825834e-01
6.920372349097746456e-01
9.215952256122208475e-01
1.370723299577541798e+00
1.018370252535565124e+00
2.345724263795358588e+00
2.128710474374958306e+00
6.313420913743201801e-01
2.195558305366128948e+00
1.853932844317689232e+00
1.233056565498466206e+00
1.025361874227949111e+00
1.084899934517587150e+00
2.511402924943424875e+00
1.436959889623223630e+00
1.199448423751522830e+00
3.232399314258119216e-01
3.041031834726437566e+00
2.610487269261380749e+00
1.398650603977534379e+00
1.701707811784414437e+00
3.665306028259975868e-01
1.479367388568129993e+00
1.209536772032527407e+00
1.081333711741806036e+00
2.844294317659823879e+00
4.982711491225397249e-01
1.952069118503472867e+00
6.933375211692144324e-01
2.122889738528487502e+00
2.638578858437590213e+00
1.785291119808099625e+00
8.448935648283548705e-01
3.129998350035926857e-01
2.010538451829236184e+00
2.835963327613777007e+00
2.171617685572476475e+00
2.546477393712784365e-01
6.911431232053070195e-01
2.769392014336506946e+00
2.785943908353516019e+00
1.160631960816449926e+00
2.028508356687192649e+00
2.921755817359841245e-01
2.684618429583951915e+00
7.781743026572689459e-01
2.570218439886323480e+00
1.416896760125822441e+00
9.453280801316990001e-01
2.694701369032777016e+00
2.075554212736844539e-01
1.398083696477983695e+00
2.673482901935473777e+00
4.407781068489495802e-01
1.196381371324457099e+00
4.157937350958991751e-01
1.140831522574198731e+00
2.388994922941084731e+00
1.585205916705177132e-01
4.147775561676724232e-01
6.634066748676036296e-01
6.383790109186091577e-01
2.502913865590552955e+00
1.026780021533505227e+00
4.468716029299115156e-01
1.264506478141917523e+00
2.183125284359768714e-01
8.779359249859529646e-01
7.419921919635005247e-01
2.533275046749591919e+00
2.755437763296584741e+00
2.468687521034606203e+00
1.677242626039671558e+00
2.158250203108377452e+00
1.971213404075453646e+00
9.593203335668295528e-01
1.156468297416266777e+00
9.035920977154852096e-01
2.099220278908956683e+00
8.219105899427419093e-01
1.586847460040128333e+00
2.946312404380156402e-01
2.021653891456396845e+00
2.475851851090806743e+00
1.864212041070452353e+00
1.124523833240485660e+00
1.777424833507520674e+00
2.830168440592726320e-01
5.360568021625965462e-01
5.701914294009928774e-01
2.505869488884036045e+00
1.031652389407665016e+00
1.245478519171868692e+00
1.278022730897858228e+00
1.621409939776687459e+00
9.338727764512956275e-01
1.692721217480178675e+00
7.087946145797798803e-01
2.929572258726748757e+00
1.938920865690472839e+00
1.117207940109505415e+00
4.230140400841924109e-01
1.327825202960567275e+00
2.376150689642798408e+00
1.789665982400991950e+00
1.276770016362089422e+00
1.250385019092569827e+00
8.001824500113550176e-01
2.155353767102904605e+00
2.189484835255349093e+00
2.360953175975811558e+00
2.678356807830158726e+00
1.147944127608176768e+00
2.947814029441710115e+00
8.762439421093333181e-01
1.299195409370149878e+00
2.772017187305983565e+00
8.432301377005232412e-01
1.836642223663289553e+00
1.132797772888060717e+00
3.885879238591736229e-01
2.569343823361192047e+00
2.341641761735029359e+00
2.058988037590189002e+00
2.329624408552213755e+00
4.430368971422865010e-01
6.651470441235395326e-01
2.271339475447491818e+00
2.885608387482200832e-01
2.660693335155120742e+00
3.050762351092341618e+00
2.063565566783744032e+00
1.181997421049049812e+00
2.068519226484660578e+00
9.573831977873540344e-01
9.557641523911444281e-01
1.648547077313900211e-01
2.087879768106696954e+00
1.689293083786465255e+00
1.932621540686471517e+00
8.940190698821131043e-01
4.484252793721008046e-01
2.110944365251269605e+00
2.112273111514721080e+00
1.732722784306633068e+00
2.873422924761840136e+00
1.822058085933766725e+00
8.769848200253134440e-02
2.785515926183052660e+00
7.048115647548057749e-01
1.291377123085368339e+00
2.336521427542821439e+00
2.356809935635331588e+00
8.314013304251377523e-01
1.273460180378698015e+00
4.448678585603120239e-01
6.878723089899391185e-01
2.173419552388920817e+00
5.197441900601544873e-01
9.843998049247979498e-01
9.770321880969972117e-01
1.521410776655641284e+00
2.038882109123867803e+00
7.964617690871853561e-01
2.803241816447850976e+00
1.753486433432005276e+00
1.232540558080843951e+00
3.395055435173937597e-01
1.281733723480825926e+00
9.680418294185846317e-01
2.009099305169814720e+00
2.478766378512840873e+00
9.990780659814474385e-01
2.108917665438485134e+00
5.373519479867417958e-01
1.067723435554430056e+00
6.437287758302935314e-01
7.641739121285470171e-01
8.794101203047682835e-01
1.309343338424860725e+00
5.689838810201151009e-01
1.668557065691081531e+00
2.859934533704924675e+00
1.366651274361837309e+00
1.330728390032788200e+00
2.740640175999032202e+00
1.335043764267003219e+00
2.119303601203068599e+00
2.054593022247380496e+00
1.777398031661459266e+00
2.018451807489156202e+00
4.823274603008476102e-01
2.331085737360244714e+00
2.341567048454087807e+00
1.123441953171327112e+00
2.518285325423826215e+00
1.975937969823820861e+00
3.141556671017433078e-01
2.713546687752498521e+00
2.464934395765887132e+00
1.257258206821662894e+00
6.447811924887569823e-01
2.747127339774471988e+00
9.975134172189441539e-01
1.173464135418885501e+00
2.295293457594344666e+00
5.575549896283374940e-01
9.080069100375369739e-01
2.615843232599258439e+00
2.120506074074073322e+00
1.778190057154082737e+00
8.906285764898747015e-01
1.041046225614112863e+00
2.539099603751697298e+00
1.080238897353223093e+00
2.535910715798535442e+00
2.273063626934318737e+00
1.273334786452402723e+00
2.285641249674580600e+00
5.621747231873669426e-01
2.658995516249711866e+00
3.101577733531117875e+00
1.466708611817104435e+00
2.370277262699464593e+00
1.097145455719811258e+00
2.478672173928809119e+00
2.573717597571706150e+00
2.202069858469493102e+00
2.280450795307163769e+00
7.504646459767341238e-01
1.911927035243096817e+00
3.496702205337025582e-01
1.047200161775453831e+00
2.508651241992587266e+00
9.241757051626452446e-01
2.034036602414271755e+00
6.686706349001780847e-02
1.642151748808475586e+00
1.907681819502806464e+00
2.535487760392109546e+00
9.310121035424403502e-01
8.025671980323462185e-01
2.359782963782485421e+00
1.795343540551661121e+00
1.165792284908656828e+00
3.723765493601748910e-01
4.495147570092258849e-01
2.051891570788966224e+00
2.110921596147757651e+00
1.917981701599907218e+00
1.077454023434987862e+00
1.022963031761126462e+00
2.346694460094254087e+00
1.456892284865201503e+00
1.153530917025054725e+00
7.949459583253740691e-01
2.261067450248249067e+00
2.059631637382323799e+00
1.677729336520596304e+00
8.434882395205639538e-01
6.197147497725493670e-01
8.402258698907445478e-01
1.270886037788969247e+00
3.336276239023206469e-01
2.155892985779778392e+00
2.632483354495640082e+00
2.454528941531903818e+00
3.384595163982980215e-01
5.455727070623515168e-02
3.546979243879829213e-01
5.161720944204239991e-01
8.648998804248402283e-01
2.523627242212594268e+00
4.053828266871620789e-01
2.448095267739266223e+00
2.246513025455046719e+00
2.137308345056540659e+00
2.198524923816163934e+00
1.997579186929014705e+00
2.663075689664628598e+00
2.096368909031510075e+00
1.858532506827677677e+00
8.540369742289779520e-01
2.361066568330830506e+00
7.253439905980163527e-01
2.086163150258129484e+00
4.365824363029788824e-01
1.778840843851786202e+00
3.563578680066831206e-01
9.945792425446767782e-01
2.311062700657454894e+00
1.617886231299056066e+00
1.321588106822928488e+00
1.915202303777613635e-01
1.156861912958583094e+00
1.469837497410499738e+00
2.908501993081107795e+00
1.246688767712180068e+00
4.964287982863114235e-01
1.665091823230329116e+00
1.979011511832001524e+00
9.854343977407969968e-01
1.364092167601429928e+00
1.592794407395552669e+00
2.164854072913883876e+00
1.830196513664816838e+00
2.597879198151924474e+00
2.427759457277287147e+00
2.614970998445275807e+00
2.565145170282563392e-01
7.676588034291035312e-01
1.010918949451455662e+00
8.969341122812163336e-01
1.423343543851824711e+00
2.038285577373874613e+00
3.695784436724326993e-01
1.018007576309115425e+00
6.512077484092158031e-01
4.880788383084878057e-01
2.666148344129838144e+00
2.606924229802503490e+00
1.251339546712697093e+00
1.164640570117438712e+00
1.758049037950242033e+00
1.924095520124242453e+00
1.416427261456347564e+00
2.061142971495552700e+00
9.565678376662369864e-01
2.774893748553580508e+00
2.749517174497142502e+00
9.724931116610807669e-02
9.858257442026844286e-01
2.359273405864627193e+00
2.312582784776405997e+00
2.826642841888121760e-01
1.461898582882035225e+00
1.518566596354486764e+00
2.624283315290795837e+00
1.272031781405711381e+00
2.568037914698934276e+00
2.260919211488172653e+00
2.472566769140440712e+00
2.649363000022916026e+00
1.265329681089685021e+00
2.837538655205114502e+00
2.423826153468034317e+00
1.322365615285943985e+00
6.724849874863429999e-01
1.915620033116150367e+00
6.288534281294633210e-01
1.233163422035657986e+00
2.104636411514417382e+00
1.017875929728725426e+00
2.249437854192792852e+00
2.418636533451900661e+00
2.758354436812330945e+00
2.909495173104188037e+00
6.908872645069845664e-01
6.823919641184527096e-01
4.856047145096691886e-01
3.102111149851560779e-01
8.344505071512371419e-01
2.273048504017320948e+00
2.352069678181563539e+00
1.973597039129904029e+00
1.971155779400631580e+00
1.123502337769545889e+00
1.705517036419346821e+00
5.693177734155081549e-01
1.594749608962406695e+00
1.985323000852145636e+00
1.287275512153395640e+00
2.417683556537902234e+00
1.424837980512435820e+00
1.247111856203397151e+00
1.102441753421362636e+00
6.252625048252959949e-01
6.863419039626187379e-01
3.370917285317647227e-01
2.594867574646880226e-01
2.222351202732843589e+00
2.445437148480268608e+00
2.977068797738040007e-01
2.740934321940460716e+00
8.055742370257129581e-01
3.717777113979501280e-01
1.434377661313945396e+00
1.217242708163782217e+00
2.209808145651356970e+00
6.864421113723619960e-01
2.259865708087910097e+00
1.542115707641128486e+00
6.562863111370634273e-02
1.589354362575460700e+00
2.002142985107960571e-01
2.654144602647353413e+00
1.848689169458894499e+00
8.907660637940849613e-01
2.277416122123160136e+00
9.135541280881912529e-01
1.731143163493890746e+00
9.282991706934607956e-01
2.065882849317314474e+00
2.979841208603181801e+00
7.715413938742274880e-01
9.662167368423497660e-01
1.144996090460705052e+00
1.097713795535944614e+00
4.836189261086601965e-01
2.563767909417625113e+00
8.947925302278531001e-01
8.475492452159124612e-01
1.976061800722367590e+00
2.575598508196885739e+00
4.231139596330866226e-01
1.788959858682257709e+00
2.791093556470511050e+00
9.835861097821839705e-01
1.533307225868702828e+00
8.635544820440946845e-01
1.110774482191226209e+00
1.428424777899541809e+00
2.095719485874425470e+00
2.590328176528911008e+00
3.472402923518784212e-01
2.505664406242912090e+00
1.832244076852873160e+00
1.162711204737838733e+00
1.278791015659085817e+00
5.011099962428743337e-01
2.412577484869575795e+00
1.912435866340280066e+00
2.294810936241818311e+00
9.738907852264732101e-01
1.025439725912709710e+00
2.211298896867922359e+00
2.342210284468920989e+00
1.403411512761034263e+00
2.382454023253964159e+00
2.542582615562362314e+00
1.024845756503651284e+00
2.412613683060068848e+00
1.851003232058419989e+00
2.708813859310841732e+00
1.554197749489838021e+00
2.076050550053131882e+00
2.156930878201820168e+00
1.071647293801083256e+00
1.073758795979470326e+00
1.602337411214407092e+00
1.830868109139242861e-01
4.340450296740265279e-01
2.940798699588116349e+00
2.863167263772726567e+00
1.672807375204221403e+00
1.051268456021481557e+00
2.507177753659656450e+00
5.912697265552876447e-01
2.331898608546405516e+00
9.227817881131353817e-01
1.601730103827686991e+00
2.647346092351475111e+00
7.700584203309656095e-01
2.153762090163153342e+00
2.201207910718887995e+00
3.696060247767585238e-01
1.040183952074185569e+00
2.575935788220785394e+00
1.315699138705663573e+00
2.873234703279692770e+00
1.962507380644409549e+00
2.319807124165136791e+00
2.795855433408035218e+00
2.425698425877151454e+00
1.176953969272517497e+00
2.241245737525169091e+00
6.749487334888025769e-01
7.082170932644353822e-01
2.368571217104040727e+00
1.070466948205419211e+00
1.170806412767458005e+00
3.974221544885476187e-01
4.396179184900104731e-01
5.827609796693097310e-01
1.255593729606671483e+00
7.075305766664559126e-01
2.609583158350253118e+00
2.489860179403374119e+00
7.357139690405414267e-01
2.391276086644362309e+00
1.799302147596606893e+00
1.730201498849196273e+00
2.642050240657244142e+00
2.365173982299404454e+00
7.652841359213586880e-01
2.563577323832565646e+00
2.560763818307526307e+00
5.907396959094666222e-01
1.357732545088735365e-01
7.047903106205158918e-01
2.894984229083514271e-01
1.066662606831277893e+00
1.350279328126340328e+00
5.495604224312329311e-01
1.081476026239003074e+00
1.185630680951542670e+00
1.676351247263529576e+00
1.182165498462405262e+00
1.190087226568571799e+00
1.956363234461677703e+00
2.921842533355668348e+00
2.773524703303645644e+00
2.184396502138020946e+00
1.618653174645285242e+00
1.135408322030121431e+00
1.031216898803830384e+00
2.811643665555330074e+00
3.048962283661514894e-01
8.616943541461702383e-01
2.475658405130452433e+00
1.803610539434881144e+00
1.585058276649349729e+00
1.557882210303637160e+00
1.902403750288458761e+00
2.118229064239991022e+00
3.050776556138400153e+00
2.786427519346136528e+00
2.286743828767035858e+00
3.454589660232875170e-01
2.557688142324856972e+00
1.865908827529986436e+00
5.876660114699934212e-01
9.297742276534254335e-01
2.608954886037447185e+00
9.959136309570716383e-01
1.348853009911571421e+00
2.258794678031043057e-01
2.354436679059654924e+00
1.972546942492688693e+00
2.461304346224415074e+00
2.257206550950848989e+00
1.193039510390455415e+00
1.884578989673996841e+00
7.285275988731186869e-01
2.210102956547655761e+00
1.379375076843834869e+00
2.582855138182263754e+00
2.081703894714602043e+00
1.575665811544658679e+00
8.880310330767906546e-01
2.279843132998833344e+00
2.210219190914946452e+00
1.894366583065217602e-01
8.435143748287858845e-01
4.718690609506698830e-01
1.638189528211214441e+00
1.030608462973639616e+00
6.452329799213037953e-01
1.177325832588582033e+00
2.214158405563444010e+00
2.408023892252613596e+00
8.179601787718262518e-01
2.274933041379436638e+00
2.266426999739548087e+00
1.468076630391629278e+00
2.668021510058294243e+00
9.693556698133464211e-01
1.064547366128231864e+00
1.640331798779116390e+00
2.363145709516620840e+00
9.011912958946444174e-01
1.899074563277632910e+00
9.213943797061862062e-01
2.251317164258531456e+00
1.660361785150306524e+00
2.664263321046587141e+00
1.938099564550757492e+00
1.809720925411187897e-01
2.326875956446643912e+00
1.680486708247032945e+00
1.311565005130021611e+00
9.309647599271654306e-01
2.654206599409840717e+00
2.915004244597272920e-01
8.468147499013652935e-01
2.705341452078502851e+00
2.119635401235568928e+00
3.100883993911084158e+00
2.673783372055512420e+00
6.803207524152349306e-01
2.152915643121763978e+00
1.060415310697592428e+00
4.669739647886751999e-01
7.645789766052637493e-01
2.375223297047972082e+00
2.683648855794876109e+00
1.347288602248482903e+00
2.025441905670359422e+00
1.411252547180452899e+00
9.485058992507729991e-01
2.909570886131106260e+00
1.102846616428666993e+00
1.386296054830836733e+00
8.880087715890462308e-01
1.104986993820436858e+00
6.185229485377173875e-01
6.572213227874589281e-01
2.839139170916605615e+00
2.158421484682356173e+00
1.183434099212631541e+00
7.377410003588218412e-01
1.088527556291426057e+00
4.006310243828438700e-01
6.652047414995717611e-01
7.837091781459125661e-01
1.281220818456605626e+00
9.504460690310632121e-01
1.953922917856562025e+00
1.918662348695475917e+00
1.548235349122752291e+00
2.808755548073298858e+00
9.138579924577066027e-01
1.110633794399404461e+00
1.453705678573729898e+00
2.436928666493120677e+00
2.596916481887986183e+00
9.064093826454874270e-01
9.678967917084632111e-01
5.505542829949575667e-01
2.533336173655392987e+00
1.098885160762488766e+00
3.171247996813165715e-01
9.932553511131722024e-01
2.438125035747250369e+00
1.756394987662778018e+00
3.665881228295845284e-01
3.698542374710538372e-01
2.039717186611093691e+00
1.891797754965939937e+00
7.511091885107415989e-01
2.428002965361870935e-01
1.526985678365005095e+00
2.932334634075931756e+00
1.891099406029476349e+00
7.313722519966632252e-01
2.050880468985758487e-01
5.055198912696053926e-01
5.609097458718814710e-01
7.031925224300238364e-01
2.306686792757461468e+00
2.092781020437709749e+00
1.377388558658048101e+00
2.122656013803096986e+00
1.581040417865362757e+00
1.605494610246808396e+00
3.509961657565074944e-01
4.720370887474930055e-01
3.446541632212989370e-01
1.874560950905608037e+00
1.091024333793428669e+00
2.345344080639987006e+00
2.216248668365230490e-01
2.723001219550616803e+00
1.078903272873819930e+00
2.310691142647592677e+00
8.935096211082057538e-01
7.621047386650771083e-01
8.741658812718478000e-01
7.609405441509762280e-01
1.840751462183812803e+00
8.851546925816499156e-01
2.598736680524012854e+00
2.013004955686051201e+00
1.815822296272495695e+00
1.653290971620046346e+00
5.532284823976497679e-01
1.792387382370260296e+00
1.279818199047299876e+00
2.334565071224890875e+00
9.827200447018039631e-01
7.955628803350881517e-01
6.796339129970933035e-01
2.575442995779698485e+00
2.635046698964200296e+00
5.128961462097257895e-01
5.652096139514609652e-01
2.606646063883720998e+00
1.658334519368550364e+00
1.703411499289623487e-01
2.193473603571086006e+00
6.519193490696750803e-01
1.852491405602908037e+00
2.183326167549938801e-01
2.763671373473136850e+00
2.270445987288959522e+00
2.917140599894698205e+00
6.176648181853875430e-01
2.683682089658582903e+00
2.659785635704758899e+00
9.172890352226964472e-01
1.936264268298871549e+00
2.135983102392056576e+00
7.301896123607898303e-01
9.557831318495746409e-01
2.336466565382798954e+00
5.633858663498643171e-01
3.664372974321881138e-01
7.085282902153636764e-01
2.542638672246620768e+00
1.150423023345381157e+00
2.855961744290396176e+00
2.270268489308752802e+00
2.019924983587111367e-01
1.951427985924612862e+00
1.315550977867273819e+00
1.484892964289402872e+00
2.364672689821763818e+00
4.054399403844398675e-01
1.102591419592805710e+00
1.916848971982543670e+00
9.485274868944132409e-01
2.355768606336579030e+00
2.030930305366623223e+00
5.538221468891459942e-01
4.617353293884455812e-01
1.912016773325104779e+00
7.450967830994510432e-01
7.219939000518477146e-01
6.621408109431815570e-01
2.617613483831153331e+00
4.760696832950078172e-01
2.623841864749063557e+00
1.877123003291627290e+00
1.561795739326153232e+00
1.353908472195074708e+00
1.211816586657046502e+00
2.286188788091463753e+00
1.314662142977230497e+00
4.026057186483184003e-01
1.544808391149973259e+00
6.329950533405237501e-01
9.114580405284283815e-01
2.350842140521464785e+00
2.149704168939163829e+00
4.257104042037244129e-01
5.425392583705348493e-01
2.573225200469595020e+00
9.500884577299402167e-01
3.083058687893805772e+00
2.066526828039962904e+00
1.020402027218329399e+00
2.021588126614841663e+00
2.661664496662305091e+00
2.906889806124556941e+00
2.488265200243775954e+00
1.898725554497360690e+00
1.996495866681132103e+00
2.825269174519001170e-01
2.756331096111392487e+00
2.617360632699300638e+00
7.819548244573145679e-01
2.319535962428062703e+00
7.604991846310118486e-01
7.326412914460550541e-01
1.856330031889642296e+00
2.549886974296492692e+00
2.500502011157368809e+00
1.183736497130300602e+00
3.692608249569270251e-01
9.362738606280528453e-01
5.444456860438139367e-01
1.771705000814750353e+00
9.974958759405385678e-01
1.277668466405899705e+00
1.802830649197460389e+00
2.454730902467110898e+00
2.027747065789125003e+00
6.253583860573403985e-01
4.498317037703948862e-01
9.083863685530824128e-01
8.971729371776198114e-01
2.468985459590325782e+00
1.832219201713895629e+00
5.262975396081459589e-01
5.597765899878600626e-01
2.522752832322334715e+00
9.421906388353356032e-01
3.589785029766558999e-01
1.662489656555637740e+00
4.723889968871807787e-01
2.668245409949063784e+00
2.873220578999990948e+00
5.052261705174625472e-01
6.261601225528277137e-01
1.947001409678787542e+00
1.299336997313941922e+00
1.138210229552538699e+00
9.679239392508496298e-01
1.244434336137532071e+00
1.078321165791827019e+00
8.097786984258941168e-01
1.829516115511048424e+00
2.377885087111069495e+00
1.654619275168493386e+00
7.960107395211689640e-01
2.606423568532666213e+00
2.352182481997612928e+00
7.966154630974138229e-01
2.430938182710603801e+00
2.243919828309846931e+00
9.488024123800208320e-01
7.338232801606875411e-01
9.489503260280534036e-01
3.831048430953410966e-01
8.134257051486578627e-01
2.220662587367523866e+00
2.262534873798992763e+00
2.059735655201746951e+00
5.366309383770150321e-01
2.464398012348568034e+00
5.684690770150413464e-01
1.911996864362552007e+00
2.111347871529763776e+00
1.054713825532102911e+00
8.811329995240722024e-01
2.005266116923712705e+00
2.618282555170799775e+00
2.384447815182091812e+00
7.853182827341474992e-01
5.991817635912939366e-01
2.671633888358420972e+00
6.226184372064811345e-01
2.439848584071834026e+00
1.095557722858359950e+00
1.098051945479784353e+00
1.268451371639315595e-01
1.959473763672501923e+00
1.996598082132549523e+00
2.839840307940471487e+00
1.678917909132796371e+00
5.831725264112611606e-01
3.511811505645047182e-01
1.066253639090436467e+00
2.868279524743264641e+00
3.192651383717030611e-01
6.358866377547094384e-01
6.574823919541610273e-01
2.262839309141306376e+00
1.133768864885083882e+00
2.602146334084030954e+00
1.148032135384628338e+00
3.882461472802006264e-01
1.497871898201103447e+00
2.503978442684720918e+00
1.124296702178350316e+00
1.467893610308971253e+00
2.495971881410387061e-01
2.243607373422983109e+00
2.509805082377759788e+00
2.094519826622402547e+00
1.308483415345941703e+00
2.269056238775967849e+00
1.997342390091893627e+00
9.308499799006747510e-01
2.713421393263658832e+00
5.840831237436272527e-01
2.563655341224174933e+00
7.173119841517160422e-01
2.503697599330028112e+00
9.845548288032593964e-01
1.149094266296335709e+00
2.282041205521654348e+00
4.587954986730563012e-01
2.293266550495880463e+00
2.440971988148457505e+00
1.119655694030792459e+00
1.423531855762761200e+00
1.298041795616919236e+00
1.204459160193756428e+00
2.954791732234090418e+00
2.132363387569022883e+00
9.540469721491907640e-01
2.597546349379584729e+00
1.016919709681054496e+00
1.570270830155273245e+00
6.137886236072571666e-01
5.473270444829575476e-01
1.142862223098061625e+00
5.417751817626912381e-01
9.647587614125470168e-01
2.684363357041315012e+00
2.610658009029427795e+00
7.368100692610831670e-01
5.014793363259038017e-01
9.937939775660710184e-01
1.176733693172187456e+00
1.253334711793545164e+00
6.405819638151966089e-01
2.310647681491319272e+00
1.903592813850620402e+00
5.989042793293064548e-01
8.735748650489323364e-01
4.491367057018983977e-01
1.054411957277890055e+00
2.570379788150534583e+00
2.345688224255916499e+00
2.179285390777632170e+00
1.420131321724557916e+00
3.696574407172236731e-01
2.106278264590085048e+00
1.232586608212951962e+00
2.190408249351723846e+00
2.431717994367759594e+00
1.937977294066675293e+00
8.138953834951018207e-01
1.019260101856301226e+00
2.502589408274421778e+00
2.459213106855258069e+00
5.947167145321313741e-01
2.292060257273842883e+00
2.476412094027542476e+00
1.740420924040059658e+00
9.977703130514904428e-01
6.085180659189493024e-01
2.182566122950833076e+00
5.757001881446252023e-01
1.137534276275356859e+00
1.966475764769207935e+00
2.454464071900555877e-01
5.608772822972296623e-01
2.522221696978899086e+00
2.468059823813181008e+00
2.393402072300745975e-01
2.358734979270243226e+00
2.176478188822829729e+00
1.067983222445993308e+00
1.633318062333180443e+00
2.741310338204364871e+00
1.074619577153821615e+00
8.347243051268804503e-01
8.815973406689041614e-01
8.686314674703370375e-01
6.133514231301393504e-01
2.916103190003569878e+00
3.302627811799421220e-01
1.498269427924444397e+00
2.924270295923939944e+00
6.268231908733455926e-01
2.519746558794914382e+00
2.346996514980629112e+00
1.379147532162850798e+00
2.103347939732647109e+00
2.745800147239006339e+00
2.250657569542310998e+00
2.311202821076907554e+00
1.887140366493356369e+00
2.397880791374060738e+00
8.353610239079135580e-01
2.660648143123256038e+00
2.020812855122791518e+00
1.131110163942330882e+00
5.747507085853198472e-01
5.499496155546578224e-01
2.640144983132308720e+00
2.267290303759912806e+00
1.977473163523215893e+00
2.357138980421062957e+00
2.905872607138572095e-01
9.135267038621416313e-01
2.023237881484365452e+00
2.648482622718272061e+00
1.352231226596581459e+00
2.884199269616190886e+00
6.236841813138427337e-01
1.495757495643671664e+00
2.546138433327952977e-01
4.170031510726773250e-01
2.566492496194541673e+00
2.408155760311537108e+00
1.578588970100036404e+00
1.137237436750845543e+00
1.936215007560696311e+00
1.855560490455841149e+00
7.968200209706421955e-01
2.337760404837985639e+00
4.252538995212881145e-01
1.754701195396973112e+00
2.155131111473976624e+00
2.431316847435908368e+00
5.912362633452441507e-01
2.262949008014153662e+00
1.225835983342335789e+00
2.224039313481203539e+00
6.432829599211157268e-01
2.398852262096515808e+00
1.800426212979490570e+00
1.511477403270349296e+00
1.151726503477177532e+00
2.224352938103876465e+00
2.399414855655924494e+00
1.845580567292405938e+00
2.479119496886544205e+00
1.957457214548895541e+00
1.684890833880767325e+00
3.918613978822736987e-01
7.748624012091518409e-01
6.751113213160407911e-01
6.565773891238460003e-01
7.174466719407431858e-01
9.989281560199767540e-01
1.619383811282063323e+00
2.625805378270825052e+00
1.601892475039771446e-01
2.656944345428656984e+00
1.573417222082097222e+00
1.068935053724008100e+00
2.150824745143241401e+00
2.378890792681157773e+00
1.063508602143208082e+00
2.046836670391959156e+00
2.194175125612143784e+00
1.019785393295813192e+00
7.462462420695501475e-01
2.098780499306480696e+00
1.922145092247187659e+00
2.977427902983186492e+00
2.885194885767539130e+00
2.589651157133893378e+00
7.369921481613725955e-01
2.131330733425520485e+00
2.062964082790378573e+00
1.347753304161374066e+00
1.446699664913001948e+00
2.550006955819883014e+00
1.399314096375634087e+00
7.086604868147772240e-01
7.666010454448609623e-01
2.256987967994195543e+00
9.371879346651944553e-01
5.769891531812987306e-01
1.257101750359647552e+00
1.537802310727241162e+00
3.919681086076222676e-01
2.665803669807181642e+00
1.565178036035098197e+00
2.598068343518978196e+00
1.925762995291627533e+00
3.970475052383697356e-01
2.187062183034650165e+00
1.740794565437401298e+00
6.577076191536129768e-01
2.132277911732318287e+00
9.032646869307874304e-01
2.647116616021796709e+00
2.322148669739110272e+00
2.473676698422395237e+00
2.238858637918510919e+00
1.428664235260916016e+00
1.699479693330695484e+00
4.379582952408599961e-01
2.515079300852252953e+00
6.039550583678545692e-01
2.262017449614623033e+00
1.007903967581498250e+00
1.365499552752533097e+00
6.279516550803925234e-01
1.753366144832898765e+00
3.105217290983320666e+00
8.219222514312787276e-01
9.179922904161161856e-01
2.880206216740594183e+00
2.525120072425553364e+00
3.194045863706985733e-01
2.566232095175570826e+00
8.069764716803586868e-01
2.580214238105843272e+00
4.079836219553543142e-01
1.304773485177339154e+00
2.740474496638408031e+00
1.906772280641228390e+00
2.230739072420545810e+00
2.661558611147327280e+00
2.965370135282161090e+00
9.103294252140473608e-01
1.285129175202670337e+00
1.392571981441035112e+00
2.157982538461273414e+00
1.983396792097836370e+00
1.116883516968661949e+00
2.089225915147867152e+00
1.634735496713838110e+00
9.658894800979728190e-01
2.153330678890795546e+00
1.394071325390188631e+00
1.110627390662611402e+00
1.781309147621504607e+00
1.424501521398664261e+00
1.776989508046995514e-01
2.249138921059210539e+00
2.656563636471963807e+00
9.770293480854376211e-01
6.462799395772553801e-01
2.564175385349316993e+00
1.627474320891615589e+00
1.459524579833049618e+00
2.591816819022898510e+00
1.931685904858970293e+00
6.217379605992320313e-01
8.600527634087459239e-01
3.805806645930179810e-01
7.830739491774502126e-01
5.446761617081573581e-01
2.605316999866289507e+00
1.768877422053709125e+00
1.144007689385461157e+00
1.237967730789091503e+00
1.293485218232493850e+00
2.551873633786206241e+00
1.678040403963213301e+00
1.861584816240542395e+00
1.829554536992372027e+00
2.554614139914648696e+00
3.748112534680231867e-01
2.961942605223032210e+00
1.175059086731176317e+00
9.005371219318677456e-01
1.255016393742061531e+00
2.542746606605755133e+00
2.720650197110860979e+00
5.328563299894085725e-01
2.689138293967460402e+00
2.442358881689304095e-01
2.550360150368742862e-01
1.900580137873126407e+00
2.913193023848668073e+00
2.624850028342156083e+00
3.058152682927937072e+00
1.003713199752677809e+00
2.715230376711081473e+00
1.705434452227922559e+00
2.458117278482342183e+00
4.997935912683466042e-01
1.418442047154733210e+00
1.440555760556058829e+00
1.241280155520789519e+00
2.196534790728225772e+00
9.120846706605485466e-01
3.000530870434776620e+00
9.260167340758688193e-01
2.494787460367049015e+00
2.311817056426758832e+00
6.292654815508740285e-01
1.007529060156348022e+00
2.831452287300609272e-01
1.572827683098690699e+00
2.289475897641090274e+00
2.794680832801449633e+00
2.912316928632373347e+00
2.999689463575165416e+00
2.621158568537286015e+00
1.336889000059412691e+00
2.765017757407132848e+00
2.757197219505859831e+00
1.974019770373902416e+00
1.170587236052024638e+00
2.492147971267149487e+00
2.275899750012102984e+00
2.805792659870068317e-01
5.371499913067733223e-01
1.603006416409666901e+00
2.196536462644546273e+00
1.309475450270414898e+00
1.929069548305164528e-01
2.136918274388032390e+00
2.299899383267082431e+00
2.734973146030402980e+00
2.469905343747671456e+00
3.532413386953808243e-01
2.872285223801112064e+00
4.390102231058560789e-01
5.241658044446065867e-01
1.641524518672514421e-01
4.156321796903227894e-01
2.238408421243650581e-01
7.685562667660905678e-01
2.144456228158282407e+00
3.032409875283058609e-01
6.521861357710533047e-02
2.626841769081266431e+00
2.399844225553769750e+00
2.957918835340026531e-01
2.536264258125676019e+00
2.278698885060408408e+00
2.739694296987341460e+00
2.785343165467499826e+00
2.797576753483027812e+00
2.387125898477223451e+00
1.529971536110945163e+00
2.131673800741055835e+00
6.300110714807438672e-01
3.294877656012080158e-01
1.438519820333572508e+00
2.438913088809538721e+00
1.001828453884140213e+00
2.813707499946165758e+00
2.568015436185424161e+00
2.502969778281559421e+00
4.477781056463420173e-01
2.717320183698228586e+00
1.644785650949065259e+00
7.669582198806463857e-01
2.682670823455135967e+00
4.089367469035373182e-01
2.622945732633971794e+00
2.680761192935564807e+00
7.315611165765839585e-01
7.492515637742490631e-01
1.242549711060418449e+00
1.125599419774572230e+00
2.412288668698407079e+00
6.130349833804729087e-01
2.066611336506917418e+00
2.993740080256952485e-01
4.646165209229624060e-01
3.002073917266042447e+00
2.810932449324990756e+00
2.351171951311502806e+00
2.461858867773988879e-01
5.263786389718131398e-01
1.065129311178143467e+00
8.142612027331581903e-02
1.064185470839736247e+00
5.563243439340066487e-01
3.060782760296742455e-01
2.281020466427151838e+00
1.186267875371154468e-01
2.850035878561867797e+00
2.670670289384976748e+00
1.565297816995721236e+00
2.898526087318183286e+00
2.465797387812868724e+00
2.189414885575760028e+00
4.315494874978534900e-01
2.436160297885246351e+00
1.304723740313127545e+00
2.517185110231288991e+00
8.966685103292814096e-01
3.201206703513269081e-01
1.985226865141405117e+00
2.274814253913207129e-01
1.350707901017247803e+00
2.787420366409436578e+00
2.611700098047449625e+00
2.522496623273483785e+00
2.172947015879994392e+00
2.264959481973356503e+00
2.483393735069349406e-01
6.464763860502595882e-01
1.379468004114279500e+00
3.029758626778054076e-01
2.010587153750348577e+00
1.239546676078183252e+00
8.358741221801117005e-01
4.939928223480274938e-02
2.597131165536848307e+00
2.536677747856208587e+00
2.194936260361499247e+00
4.661124639246452261e-01
1.086847585154885776e+00
1.516602579135325923e+00
3.168704863031892027e-01
1.109766495052040725e+00
2.612784812773692789e+00
2.686555225748358033e+00
3.243914578765762502e-01
2.131054335546454848e+00
2.112343300102671240e+00
8.497955538868291470e-01
2.283499562378572989e+00
2.519180009376600804e+00
5.350927538491558888e-01
2.680934492768868527e+00
3.038142465467745357e+00
2.511968635420124052e+00
2.659191420064806799e+00
5.597157228485462044e-01
2.534245281089478219e+00
2.951005383338269450e+00
2.626394845479238516e+00
8.545700729339206214e-01
4.314898902774954581e-01
2.228578705607095145e+00
1.084243541115578746e-01
4.315189646079782837e-01
5.230820880730562283e-01
2.882361113405304653e+00
2.740116635815319501e+00
9.077664715785024319e-01
6.576768944452725529e-01
2.495420491216796322e+00
4.971694441991926228e-01
2.793069136240362127e+00
3.307787026900931293e-01
2.947936017594269265e-01
9.727266903412491450e-01
2.602856720968388604e+00
3.126122793829330115e-01
1.937157920656781274e-01
2.159855942991302236e+00
2.349519196682505959e-02
2.816479150522992914e+00
2.556686482864802379e+00
1.263392936483392903e+00
1.173028551703813260e+00
6.195782209053536382e-01
3.023519097333620564e+00
2.481707410356020382e+00
2.697430059714982065e+00
7.190443580902027287e-01
3.058137454165125391e+00
6.549037858973176807e-01
1.809054910931596316e+00
1.814438622203433382e-01
8.525776136032525709e-02
2.641920835601378581e+00
4.591690565270175051e-01
3.135450647237715827e-01
6.449191971909015164e-01
1.656347081267208976e+00
2.608126634745032479e+00
3.324689030887586494e-01
2.871381826829096706e+00
3.618783794827017397e-01
6.375503842644870967e-02
9.472232711685310003e-01
2.271195542754910424e+00
2.481212428269218950e+00
2.845496020091940359e+00
1.964230014028346127e-01
2.927087786444289019e+00
2.242397911429840018e+00
6.640369183686949395e-01
2.959421149801172213e+00
2.117914261823945488e-01
2.623640453353547120e+00
6.130611564245840306e-01
1.589983575109725322e+00
2.819591417879462103e+00
1.181994493378698996e+00
2.118504280886895907e-01
1.277699983497926628e-01
2.606289691748153170e-01
3.066647319451218046e+00
3.021591088858606167e+00
2.854158347877476132e+00
3.821844004372967896e-01
2.501805475712976623e+00
3.750993080838737059e-01
2.922569666046804571e+00
6.528711284232909806e-01
2.583816661563422823e+00
1.967787400020148292e+00
2.439831200187009497e+00
2.506426736655932519e+00
2.377104907585850579e+00
6.285256624451093233e-01
4.875275663082572764e-01
2.668821703152383762e+00
2.171357955699680653e-01
2.644822665721922483e+00
3.435037394648388087e-01
6.569691252306113505e-01
2.870096977549552730e-01
2.646579239412287787e+00
2.562005285042419089e+00
1.369554630085888236e-01
2.606522326095709108e+00
2.586073275727559739e+00
3.062155238272282531e+00
2.693244874695093660e+00
2.536989660073169617e+00
8.493067029868149875e-01
2.743317189939844081e+00
2.240173892085484120e+00
2.664541351448067807e+00
5.841831481900272571e-01
9.026004477574272045e-01
4.363375270383617055e-01
3.119677275890521684e-01
1.187732813027490453e+00
2.856403165236459873e+00
3.483818323113674342e-01
6.292458505488509601e-01
2.304889162197077734e+00
2.745713882538389772e+00
8.857508094891749506e-01
2.338962329604989066e+00
2.394545921356544760e+00
1.865951388147824908e+00
2.712745389264018314e+00
2.673712787720978312e+00
2.367175164421532418e+00
9.772900631205672095e-01
2.792858147418914250e+00
2.601043789667071948e+00
2.464619876219297012e+00
2.534759809820612997e+00
1.984637594522509652e+00
9.955242852683080512e-01
2.692226003687510971e+00
9.678479131893580334e-01
7.005147299100479286e-01
2.611278108826553535e+00
1.799742969377244206e+00
2.429610282885360739e+00
1.442011636084318538e-01
2.788231903410586465e+00
5.630289310427647465e-01
5.004486389616137343e-01
7.361471276346005510e-01
2.596636254156947099e-01
5.880343849575202508e-01
6.522631960322444744e-01
2.611580391445011973e+00
5.149260355112420529e-01
9.931808773779333688e-01
9.176159333639596349e-01
2.382266155278205400e+00
2.895496837650840760e+00
2.578636736349900982e+00
2.906287141549324105e+00
3.337107579326502038e-01
5.686512233889728929e-01
5.314196387888713707e-02
8.396316111944650551e-01
1.052773625542300362e+00
2.725837150581684298e+00
2.547524561874123794e+00
2.453989736240181629e-01
6.910035321914460571e-01
3.357252442930800940e-01
2.777775292111730021e+00
2.244961921305752117e+00
3.227202390522035946e-01
4.453384212261877750e-01
2.344423490198304538e+00
3.391058294285127506e-01
2.481892946590125604e+00
2.566029340926601510e+00
2.542602714278296983e+00
2.434443535281765048e+00
6.223691897938987694e-01
6.051700605156056234e-01
9.529246851177576305e-01
2.045328334378468060e+00
2.113983933250815461e+00
2.842682956594439148e+00
2.468426908363201999e+00
8.643020460957402396e-01
2.345719724943498452e+00
2.601523445775865362e+00
3.908853685001191236e-01
2.855423302196867130e+00
9.871961798831131452e-01
2.900592265092203803e+00
2.630429753947318261e+00
5.015384178496897771e-01
2.962129945193005653e+00
2.580764379142232556e+00
5.207474506944717030e-01
5.561939214259187247e-01
1.067409835154984110e+00
3.017376708086338954e-01
2.860855307592064189e+00
2.750469408679776073e+00
6.278007547528768884e-01
2.980198082157389017e+00
7.431828712792658553e-01
2.839110601593882510e+00
1.227561676444882899e+00
2.774010480609812035e+00
2.097523952632542876e+00
1.876599447125113951e+00
1.562535421942930769e-01
2.828766719273771990e+00
2.980973203416432682e+00
2.602617173220548086e+00
2.663420190602146409e+00
1.876573904619134314e+00
2.678994922858371819e+00
2.240313801039481412e+00
5.123964905498509803e-02
5.125629563027601643e-01
4.012139777955329167e-01
2.008287025644369006e+00
3.252038074228694731e-01
5.487412040399568536e-01
5.589409709604244991e-01
2.768212676293584917e-01
6.426364457702138377e-01
2.864593533949732151e+00
2.865615053784825061e+00
1.756362901657561260e+00
2.443288008361372832e+00
3.546401838717572752e-01
6.444274990085677723e-01
1.401185844082624810e+00
7.780295796934277863e-01
7.041557041981223453e-01
4.060707196208420133e-01
2.588774228121098808e+00
3.065794990315660051e+00
3.990154468697307832e-01
8.235607899128386533e-01
2.372860603191033757e+00
1.948770235246447990e+00
2.863098220383618830e+00
2.658746964951788083e-01
4.568322814103765173e-01
1.242458086954337126e+00
2.612502818808256411e+00
2.784387451100560629e+00
2.842989016317783779e+00
6.119383881138421577e-01
3.951207665051726936e-01
2.472851635120739022e+00
4.625750119427503027e-01
2.006622645314073417e+00
1.867488989501542296e+00
1.973731700118137145e+00
8.495265485600510535e-01
8.140429862061357991e-01
4.767985373321244058e-01
3.846966421899606497e-02
2.490929957648642112e+00
2.588245444690776775e+00
4.707190906665407182e-01
2.611838837866594876e+00
6.704834417208084263e-01
2.314961172204863082e+00
2.068573217467592762e-01
2.575541792209016467e+00
2.129356201793166203e+00
2.232529349875616020e+00
3.021075129495100153e+00
2.311603378228080929e-01
6.867240848037349243e-01
9.138182257681596310e-01
1.974784758807395679e+00
2.541190756425669495e+00
2.780185458237411478e+00
4.086518986085854732e-01
2.859329095200657367e+00
9.729137205257090137e-01
9.872795160538998527e-01
3.094387432180143005e+00
2.330357850210469817e+00
1.055026338754815107e+00
8.539153881022643056e-01
2.543074257754988743e+00
1.035038275788914275e+00
2.236493029055506288e+00
3.620211674353253639e-01
2.746722699265350953e-01
1.997027793443924892e+00
2.431474347105551548e+00
2.231519575076564621e+00
7.843399097641107209e-01
2.688411422875062406e+00
1.738542592357786853e+00
2.498375747210939135e+00
1.518629453106160598e+00
1.360224957898168663e+00
1.256895163446716701e+00
2.208207000472222070e+00
7.063810091652833467e-01
1.895220329230068890e+00
2.816819612552969421e+00
2.309124198463708755e+00
1.046132167171723415e+00
2.191939937227907809e+00
2.714491278097116655e+00
2.791821304034728612e+00
2.331644793891792133e+00
2.924920550432478783e-01
8.580786959801629532e-01
2.149478915792919054e+00
7.426789502586825797e-01
2.196753691720332302e+00
2.003167082823195944e-01
1.885016486088389565e+00
7.812736490604802464e-01
6.325907943440487458e-01
2.577963969804867306e-01
2.592895060902146387e+00
7.843362431722626926e-01
9.353687823275788071e-01
1.279469987965365929e+00
2.709231362693188760e+00
2.223189895990574705e+00
3.012353556911537833e+00
2.459290696068288096e+00
2.681997339680125325e+00
5.812719205585619164e-01
1.674305292667638556e-01
4.175033459239250733e-01
1.065224003859607915e+00
6.376236929240807205e-01
3.772497042107662568e-01
2.693670383231322241e+00
2.620259447159294375e+00
2.273822533185334116e+00
2.888490981032767024e+00
5.190244543532421817e-01
1.329478048124808076e+00
1.001008235339417407e+00
1.551149249218194637e+00
6.092336074900653875e-01
2.764485977348208667e+00
1.267905713986802851e+00
2.386698556148012518e+00
2.936341981020099023e+00
1.928321577420875288e+00
6.486771052909956481e-01
2.070360365150461401e+00
5.202601601311958035e-01
9.015911078602674156e-01
8.569734154026796835e-01
3.541417656767954503e-01
9.534284731369564447e-01
2.303430233898423385e+00
2.568259845052473622e+00
2.221732245143259288e+00
2.406284755944851472e+00
2.156140283826891935e+00
5.642394743435575899e-01
5.771079744887835927e-01
2.388349703949000702e+00
2.291594149851663431e+00
6.107105970410433571e-01
2.447672032878336346e+00
2.813854723928729040e+00
7.531394741607549959e-01
2.124616125074922035e+00
6.442435709758477236e-01
1.093015250661218740e+00
2.715837218712860768e+00
7.355967249665195107e-01
6.305328171698073580e-01
2.820240646482417568e-01
2.485631366410496756e+00
7.395203323750122459e-01
1.058524157987615899e+00
8.062832610842838310e-01
2.854115048581786773e+00
2.778141614159361339e+00
2.202830309494829386e+00
2.663898261083608610e+00
9.359274773293595473e-01
4.274708522157162349e-01
4.091037142071429211e-01
2.972193154627054135e-01
5.381240590026544757e-01
2.566131341380562425e+00
1.856165718720933278e+00
2.651424952327636753e+00
2.574445458881791993e+00
1.896821984047537546e+00
2.964510361291420981e+00
2.525209025727466194e+00
3.032900184357719020e+00
2.098996498249851239e+00
2.499451752201302113e-01
9.534657447802687980e-01
1.775347277730911777e-01
3.839530631213315948e-01
3.009820484273305063e-01
2.884366159259379003e+00
8.943951481264376113e-01
8.496858000855186388e-01
1.187665982684165789e+00
2.320385444124955399e+00
7.406899431607973927e-01
2.855069769056373996e+00
5.392459093371748668e-01
2.627415345897289534e+00
2.659183451198058545e+00
2.483247762467454933e+00
1.007668017299275132e+00
4.623116886288641814e-01
7.465708472249205085e-01
1.237392545064871507e+00
3.872321306649721406e-01
1.147541846222071671e+00
2.869672967274508046e+00
1.215156900348705937e+00
9.249951137508868326e-01
6.726249212875993200e-01
8.076763676860125862e-01
2.246009763422605054e+00
1.976788983958942758e+00
6.509164216752831855e-01
1.234785895391006250e+00
1.975119028014755251e+00
1.871472284088095295e+00
2.557483666853639370e-01
9.508095768876415610e-01
7.253288406303666225e-01
1.563537945396557882e+00
2.597691554426122984e+00
1.669203669171575033e+00
2.408813258411811820e+00
2.734700981490866489e+00
9.313482157775684334e-01
5.783775803290613915e-01
5.434229229770108915e-01
2.974157329635928715e+00
6.561319576662593134e-01
2.259897758796840961e+00
1.380665391736120684e+00
7.128881600273012653e-01
3.210184308900905226e-01
2.707964571411134447e+00
2.176690080578260300e+00
1.982578267251328352e+00
2.613348206503922189e+00
1.578534644287025168e-01
9.507746142875568296e-01
2.148405312117998012e+00
2.503833974222906544e+00
4.071527082063745584e-01
1.165900020618429567e+00
2.446174054072570048e+00
2.067956237579132939e+00
2.421580163271907171e+00
1.620477977901563893e+00
1.409536392372326308e+00
2.942918873657355494e+00
9.648899875858656383e-01
1.575482250577437959e+00
2.004130279453102847e+00
3.802259834289550278e-01
7.453793056464057543e-01
2.498794525158502200e+00
2.394767752654300974e+00
2.719764049410372753e+00
1.295321356578179151e+00
8.590192268434821976e-01
8.339946831027406082e-01
1.452990385209792512e+00
7.245496241136063498e-01
1.933315383188909609e+00
4.288830949985381058e-01
1.918711977302554494e+00
2.138639949780874794e+00
2.639505219261364832e+00
9.228345680627212388e-01
1.934316594095809139e+00
6.369260750773496627e-01
9.680225320142311629e-01
7.314143741196621473e-01
1.217125218017239385e+00
2.417233096615507559e+00
3.030035026050758251e+00
5.141068142078689673e-01
2.707400344690349403e+00
2.286774203440840925e+00
5.954221117552934706e-01
2.543078400089285651e+00
2.868591262707540057e+00
1.663196367543718024e+00
7.542915536623897577e-01
8.586977926124191862e-01
1.177138362025001106e+00
2.241175878172258162e+00
2.319642194106732003e+00
1.972713862734430501e+00
2.728323383071732167e+00
2.480807022948383178e+00
4.257341863052385156e-01
2.623899813808974191e+00
2.566402788858066497e+00
2.615970841303961514e+00
1.258190893235621166e+00
2.991827599351205791e+00
1.161398179406123443e+00
2.584531340649157460e+00
1.216968546433581100e+00
2.368801058183935826e+00
2.502129613374492578e+00
1.664460307293248675e+00
4.794383154512644740e-01
1.616180301469359426e+00
1.000747602080143128e+00
1.724823088790041092e+00
2.439252624473505549e+00
3.643750616165012945e-01
2.363825480997305384e+00
7.479643479951405549e-01
2.180116428250500338e+00
2.451603938768686319e+00
7.461845039086997255e-01
2.323433253334291848e+00
2.544718640686428390e+00
2.414061457899395080e+00
8.348419108564639757e-01
8.430418911740851229e-01
1.159429121935088292e+00
7.834635348467445803e-01
1.568277094484773260e+00
2.715521762935933392e+00
1.084088791087009396e+00
1.908205544819458754e-01
2.949655943939180958e+00
2.239730576501110182e+00
2.327392369685772788e+00
1.893015890871694307e+00
3.781304340560681099e-01
2.997575268916868207e+00
3.026634124218353872e+00
2.321425553633576389e+00
7.519464262079971206e-01
1.651567666039857940e+00
5.459092534616307724e-01
2.734928958601826832e+00
2.947368894688412677e+00
2.399497498124942396e+00
1.248955456537488296e+00
3.395540628406248929e-01
1.538107361498661119e+00
2.151025757241197045e+00
1.641524383523276454e+00
1.026632776141293002e+00
1.706287013310247458e+00
8.258701738721084817e-01
1.839732449385603097e+00
2.689574525035346220e+00
2.437162621882723812e+00
3.024427961225665040e+00
7.898068980945587292e-01
2.587153459502304909e+00
2.526280022057665331e+00
1.889299435721901288e+00
2.475537626776239009e+00
6.965272593678867308e-01
6.739287090210995812e-01
2.789858966447088751e+00
1.622594561380490630e+00
5.522667780818333316e-01
1.673526408955809286e+00
1.984067416402081507e+00
1.527176758280813118e+00
1.937707882744714061e+00
2.926311984595635796e+00
4.856292287467908753e-01
