redshift
5.169366167246631782e-01
6.730463552248518999e-01
5.325576680819619213e-01
1.223715601356167637e+00
8.074108563735387101e-01
6.900677832588862914e-01
5.725916311942131909e-01
4.350990904666578452e-01
4.182748493398731338e-01
3.157834180366109189e-01
5.114802993213644067e-01
5.233570798200499752e-01
4.948916337572388802e-01
4.260770215039093589e-01
6.461168391288011348e-01
5.305824696346094216e-01
3.918863957466054981e-01
1.060337167584974205e+00
4.434613159044936692e-01
8.866556878428079047e-01
7.141111266660707946e-01
6.192556432196266725e-01
1.228721967625461930e+00
1.071148727705933279e+00
5.452104548431810915e-01
1.511854074447087859e+00
1.231413580206920155e+00
1.036497875623961784e+00
6.871156927246924173e-01
5.739952335681725026e-01
5.563528221033217092e-01
6.019587608564567205e-01
4.147063945383043237e-01
7.361089218412261159e-01
6.989398349390911758e-01
6.123531021441152022e-01
4.492451820457207812e-01
1.157673348917053868e+00
5.078159826679409239e-01
6.242769921975275249e-01
8.312089372387938546e-01
4.241157144535597778e-01
7.347799738940403724e-01
1.018604290818571734e+00
9.155969895258648794e-01
4.878296320875203929e-01
1.259885622142337791e+00
7.093809764723635336e-01
1.391293897216798747e+00
5.047224727702294134e-01
5.918099314043636650e-01
4.825041939549047365e-01
5.307490867827875380e-01
4.886683133812273483e-01
1.172053700031279178e+00
5.170773353004814998e-01
8.382709491678136393e-01
4.391048817177821695e-01
7.242220312586807873e-01
4.686142442110387552e-01
5.842493740586930384e-01
8.313977398806735586e-01
8.794147575060543565e-01
1.316644335956367096e+00
7.097449061458328545e-01
7.362422956674430363e-01
1.179385994888113576e+00
5.391663540712157143e-01
1.163149300837269307e+00
8.418942764684266278e-01
5.692844459411878777e-01
1.759003274032318487e+00
7.702082755766753719e-01
5.917129289446453333e-01
2.194716216249551710e+00
3.679588518429543487e-01
6.206708275599732705e-01
7.820718081982697134e-01
6.199235787221767380e-01
6.395758061635902214e-01
4.318587702720201871e-01
6.333768150466074776e-01
5.529850928244741670e-01
5.081231178221227163e-01
1.050802313439112012e+00
6.584811975490770797e-01
6.633337682197393281e-01
4.673465011505223421e-01
4.365785395827720405e-01
7.491932731112405097e-01
5.435672732028561382e-01
7.528161990860361419e-01
6.113660072695233927e-01
8.513900372692116969e-01
6.879442786669873744e-01
6.433348175081867737e-01
5.672463377628246262e-01
7.611813598885008858e-01
1.181328872832784427e+00
3.361739188157785718e-01
6.358489906131036262e-01
7.402526040698675924e-01
6.702435741090096988e-01
6.327270938377371756e-01
1.127263303600413158e+00
6.865947450249739736e-01
1.152189810037233864e+00
7.472253378510284039e-01
5.095923693713723113e-01
3.486482479625608311e-01
5.324089684907228337e-01
1.391065218144971194e+00
5.584403239452703227e-01
1.027766749879940988e+00
1.443891164869640864e+00
7.861227675398679837e-01
4.343334120899797757e-01
4.160268782716734504e-01
5.048060868710877447e-01
6.279822403033479272e-01
7.338627239261032997e-01
7.799835998039773566e-01
8.351389750299572645e-01
6.570701357771865370e-01
5.627791499973145983e-01
4.696933770883041648e-01
6.556061692903930593e-01
6.086857905907159250e-01
6.790772827397233424e-01
5.463872174432677919e-01
5.025126862318551879e-01
7.625902878918858763e-01
6.565138220023755133e-01
5.103105287339806395e-01
1.468509890069128687e+00
1.060610635017618320e+00
8.162485610702774341e-01
3.506822618150169379e-01
4.410253937967965054e-01
3.517697484380557515e-01
5.066325265255355870e-01
1.731656727626672110e+00
5.186788141503740901e-01
6.690650509929487733e-01
7.824239747985971549e-01
4.711797795049351145e-01
1.260386787091326788e+00
6.115594260588517184e-01
5.031243478483695686e-01
4.268436900317318927e-01
1.001927257758297607e+00
3.236637357679189031e-01
6.234195826118936745e-01
8.163655889958266743e-01
5.029195715692033053e-01
9.876475127902123452e-01
6.720626693238583860e-01
6.044576633623531814e-01
8.998778147577169984e-01
5.491377897919449413e-01
9.047141047166976646e-01
6.212116107218437211e-01
1.154193356479716437e+00
3.270965299147385319e-01
9.852182650663202645e-01
1.264527862878757070e+00
9.154226777523062353e-01
7.378078430156383982e-01
5.896825972313258779e-01
4.784628588408267325e-01
3.695037892723290196e-01
6.941101347842439928e-01
1.607733549001057138e+00
7.833138520309794739e-01
6.558275708131049431e-01
5.933537329496194612e-01
3.893254617962473851e-01
6.515326925373332578e-01
8.081238754196020668e-01
5.012443004361514243e-01
7.147722310296553694e-01
5.142187989763725708e-01
3.970719536536488348e-01
4.790081616264217912e-01
1.167461465405492449e+00
5.955744426184301776e-01
7.342380389124575357e-01
1.030308779746955894e+00
1.186667540238319329e+00
6.583714985078623627e-01
5.248462913213786107e-01
5.914179768480258836e-01
8.152621001749025265e-01
3.884516930889827524e-01
2.849237954630860492e-01
3.358967094394494923e-01
1.203060314337767611e+00
9.413409289451841744e-01
1.224632823375236157e+00
6.843200813356496992e-01
7.950382445264267961e-01
6.735505633500002975e-01
8.670421410488244884e-01
4.534030445192601677e-01
7.476254040261473000e-01
8.979295996700950022e-01
1.196228557432722495e+00
5.266879219097616582e-01
6.097501057449408179e-01
6.251335640740438571e-01
5.693737248446102406e-01
5.913008319648168643e-01
3.959242376090627014e-01
6.127515737523778760e-01
6.819297572634808180e-01
1.123086744437594042e+00
1.067014937789127371e+00
6.123127720922776351e-01
1.235961601177260283e+00
8.088810931512080415e-01
8.706971152668329106e-01
5.110585023112553804e-01
5.487817155822642956e-01
4.126173077498253017e-01
9.128133565562953633e-01
4.186434916734042000e-01
9.331046634201264345e-01
6.111305494556392715e-01
7.960411977179732146e-01
8.351278269769448759e-01
6.205359866235474753e-01
4.742916513298308656e-01
1.385266922654059263e+00
6.610879002849869845e-01
8.316582472811101523e-01
4.418261912012330650e-01
4.426504798804578589e-01
9.535728663548568296e-01
7.322608170486751833e-01
9.644703147830003820e-01
5.863831339733239778e-01
5.355608393035240500e-01
8.316380154507941880e-01
8.482800524340490256e-01
6.025137492639203174e-01
4.335197622752001156e-01
7.210811050370556918e-01
7.497498232786334871e-01
5.828770726255321222e-01
2.032263555365956709e+00
3.711423164693246624e-01
5.917449645568737537e-01
6.598999867663249974e-01
4.573881814458137240e-01
5.452854541569259750e-01
8.512650453001674444e-01
3.532846656664785923e-01
6.037203576156996432e-01
5.067330148934203748e-01
5.391169864128503297e-01
7.921764098026322642e-01
5.479633557939456168e-01
5.116942391957962633e-01
4.568195782916220082e-01
7.381217205136229031e-01
4.002932152573034363e-01
4.676697784155179338e-01
1.163324965496132402e+00
6.771411861919311992e-01
7.992215142725045407e-01
6.202291328578518614e-01
5.022634050170987630e-01
7.982881040806536488e-01
5.189268829867497157e-01
4.908031445052359887e-01
5.487599446090399846e-01
6.334341212981285940e-01
4.270438209887473247e-01
6.136159903751629008e-01
1.095923704299326173e+00
3.614283053914364441e-01
4.555203813032692173e-01
5.991049536389132513e-01
4.566075098057805759e-01
8.748235177138139473e-01
7.182071395961713289e-01
3.685067571064172265e-01
4.661224598998806035e-01
5.527345197983419833e-01
5.911142898463290773e-01
4.852238734348823801e-01
6.802938747032288846e-01
1.104320912892446716e+00
4.302862818730069372e-01
4.523123786009449754e-01
6.153591726794289674e-01
6.562390249748504267e-01
4.765057192860047697e-01
4.760197270689461302e-01
7.213506869125129173e-01
6.379799266899850441e-01
6.776108630120278864e-01
4.718494766241034810e-01
5.124909719572162681e-01
5.921992278052982117e-01
5.063351315943318554e-01
5.014043093136226759e-01
4.518666502846976907e-01
6.521528923237619457e-01
6.238790590357174981e-01
4.476873975844414266e-01
4.268298935478571088e-01
7.694796219145207949e-01
4.841380004853204078e-01
5.235735378904178283e-01
7.378956894884943774e-01
7.496596006790248179e-01
4.206260225810264375e-01
6.648386338911904669e-01
5.789660743650359986e-01
5.621999817433499524e-01
6.852954683542390457e-01
4.957775697712372143e-01
1.107185813899087101e+00
7.585760615053924738e-01
7.485381688826967528e-01
5.299723011388803862e-01
4.203943205086576596e-01
9.359438159271432633e-01
4.533849521680898831e-01
4.126068239070880828e-01
6.109601327995358711e-01
4.290960417915798963e-01
6.423364623570849696e-01
6.153080286193480797e-01
3.846566299093786001e-01
4.376699171896715201e-01
4.734510650826938005e-01
7.157173745889684469e-01
4.635964806260293170e-01
3.770547402395738601e-01
1.220620770852216097e+00
5.104853832403107861e-01
8.463289537863449841e-01
1.194824494614331378e+00
4.847900023618352816e-01
6.355494831095517272e-01
6.288644344207978687e-01
1.115003127707147268e+00
4.823665977955795547e-01
6.908977702336323024e-01
8.020928520067028833e-01
4.066733193164045468e-01
5.508044719313722748e-01
7.066284763812269443e-01
5.288328018766544902e-01
5.681965715565828745e-01
7.036817951647047487e-01
5.647419522932956015e-01
5.540055409245870921e-01
5.781651547786971213e-01
5.963701547344163467e-01
7.058902651977947418e-01
5.474918739942929991e-01
1.117604244301063199e+00
3.726201489323452409e-01
6.412980008772678486e-01
7.077161864343888276e-01
8.539069337212719102e-01
5.371422222028384708e-01
1.158059473139879225e+00
6.294219276994448276e-01
9.249230346871514241e-01
7.293846133897007311e-01
4.451820432884748824e-01
3.338233872994561535e-01
5.365501231105286317e-01
5.105211513102345666e-01
3.911487886800250058e-01
7.990134133073212297e-01
5.841056589582391823e-01
8.273598563387434268e-01
4.408516784739932026e-01
4.961851209507340266e-01
1.035184206017992770e+00
5.633282177459000284e-01
5.828069354582788852e-01
7.661951142007744631e-01
4.879053421056614437e-01
3.649693521658081141e-01
7.728922677315573919e-01
6.219615920882155535e-01
4.846903470556651050e-01
4.896439683869033832e-01
4.451982016900354333e-01
8.248920173490081886e-01
9.030449278798096113e-01
5.980685463409037839e-01
1.761553288797589545e+00
6.507580058894703035e-01
6.860573805982572715e-01
7.954589615377027911e-01
1.471274143720445071e+00
9.803792820920526063e-01
5.826557577311385350e-01
6.676936309629056820e-01
7.354756928696744023e-01
7.516809733795092319e-01
1.121286433609111066e+00
4.037182209021954460e-01
4.090034585489936703e-01
5.157821780985325510e-01
5.220258685305315671e-01
2.739554990318764371e-01
5.645423222003930208e-01
8.210388277690457981e-01
4.716634108072309539e-01
6.295394875803560497e-01
6.219150958808933316e-01
6.166802411274530105e-01
6.927270259969461330e-01
7.705159778742873833e-01
8.451182567211075192e-01
6.566537978309816559e-01
4.672173967072918987e-01
8.377984836775898003e-01
6.165574414966461525e-01
3.447798481367810863e-01
6.389433613557693459e-01
8.563239275598488742e-01
5.873181490363323931e-01
9.331077854799595395e-01
9.663428863192161655e-01
4.925840234544949237e-01
6.209928156593803594e-01
9.981345884077307273e-01
1.029625382826651281e+00
6.002949348877866242e-01
3.337280666412602015e-01
7.464042051628750896e-01
6.420674272637101332e-01
3.639000862038940243e-01
4.075041565105932961e-01
5.841716609941249860e-01
4.362242841636381208e-01
6.049461889062195397e-01
5.832909728294402019e-01
7.151593640953679554e-01
9.952764248396896996e-01
4.808973397701926666e-01
5.224401806629408451e-01
6.228107280813024449e-01
8.032204405000309411e-01
5.595947547347606132e-01
7.577865605049710629e-01
4.032813591853621205e-01
5.523229989996996103e-01
6.955217142870514513e-01
8.191121827930205601e-01
6.638956784539143952e-01
6.117518052723239785e-01
3.982382677020876449e-01
9.372294174188223748e-01
6.665536733895134347e-01
8.414100298802861255e-01
5.425442417787116334e-01
5.227813761306007168e-01
4.711570667341324903e-01
6.919424003869055761e-01
5.460041363333473230e-01
5.561167669373519029e-01
5.318188936444765424e-01
1.258711842682210147e+00
6.013236944651307869e-01
6.604211774695472048e-01
7.406916358067308082e-01
6.984664253737650208e-01
6.864434541443278359e-01
5.574140755608375519e-01
4.519595228369941986e-01
5.218087005386465860e-01
8.249700333402982810e-01
1.207725093859352006e+00
5.671156591007012748e-01
1.381463943020077689e+00
5.932929969190036124e-01
6.308817727317569402e-01
5.202404600093154530e-01
5.423896873982922973e-01
4.019214205615941893e-01
6.016041615767305784e-01
1.069051344974054629e+00
5.863400245477703443e-01
4.768533133199314711e-01
7.654292520228022090e-01
5.293011566279736124e-01
6.870880602206894672e-01
6.338127603214435135e-01
6.031548600123424198e-01
7.336545779829922731e-01
7.147154364458614406e-01
6.485123566349147994e-01
1.203309574969688711e+00
6.894510126074879786e-01
5.539338140156829793e-01
4.945691938855467096e-01
8.528311182376869803e-01
6.456524539907821936e-01
7.157428371993338478e-01
6.778244976958514023e-01
4.562184894233585197e-01
4.521959853151614750e-01
3.833624406254614869e-01
5.708694329379665477e-01
6.317947505072751824e-01
6.245772442546930758e-01
7.182067753762291229e-01
8.375346600636818239e-01
5.690714683395715623e-01
5.058303142347372328e-01
5.311337215341738194e-01
5.655630669538692645e-01
4.082609761959839489e-01
5.012729877429625835e-01
6.152007662078898820e-01
6.396708226741619763e-01
4.611139302673837870e-01
3.233650329914699029e-01
5.190675024039524965e-01
6.269694157312070137e-01
6.081594537596425321e-01
5.072783533501135089e-01
7.579785532859570907e-01
2.813862179940054831e-01
4.208627906834346288e-01
3.348504647264496370e-01
6.438469145932150806e-01
6.731259217155508567e-01
6.338579930295346054e-01
4.117169848153204859e-01
4.127776219041324191e-01
4.848839775377975503e-01
4.411408287754186031e-01
4.406601257914521952e-01
6.887098799344706368e-01
6.422076233031183135e-01
3.959930994586122188e-01
3.799574675227483378e-01
9.502028070267951598e-01
5.184461679733158856e-01
4.355526573485293262e-01
9.484368130366978011e-01
5.470437420222109548e-01
8.358635615623100090e-01
8.120549472802542912e-01
7.168238689147991005e-01
4.219618179601034580e-01
6.133012590782499496e-01
6.290987518665517308e-01
5.863490862993475661e-01
5.671818456636464889e-01
6.349584491415630749e-01
5.951634487039310084e-01
4.872205637373795972e-01
5.210687186274889360e-01
7.313367924017030175e-01
9.761776366282138850e-01
8.163556157448197403e-01
8.432034613818353286e-01
4.654496442944686674e-01
4.410503572171148856e-01
4.648143038378378389e-01
7.691679336718640903e-01
1.374864797262531635e+00
6.192637088031902604e-01
7.487841340891434605e-01
5.172408423121143128e-01
4.795408732961265463e-01
7.457055358421948998e-01
5.336261979359488983e-01
4.299499302062483874e-01
5.983770077251426844e-01
8.243688373262201274e-01
7.421208765620053160e-01
7.679733314811530986e-01
5.965704621036496125e-01
6.687479554584089270e-01
5.828537387129036906e-01
5.497645192648730195e-01
6.320116595561596773e-01
6.201996797524190752e-01
5.720874631383272568e-01
5.258859864545153417e-01
5.173386192384865634e-01
4.204339383394398166e-01
9.121351633759301469e-01
4.963408294474241922e-01
3.986937994467927848e-01
5.571391890400607672e-01
7.217118815545283672e-01
5.728579954977152111e-01
5.360785620782552163e-01
5.687496461352810062e-01
7.325373134725347013e-01
5.941988608808250749e-01
4.859829746751826995e-01
5.146553998712298794e-01
5.942705002615565890e-01
5.328531669645594215e-01
3.787580067384473392e-01
7.114596999274840350e-01
5.816014726063285512e-01
3.956103802010235704e-01
3.884785217656316902e-01
3.420246664646729995e-01
1.011250865994965498e+00
1.323459492762360634e+00
6.108009277977624052e-01
7.884131200841109077e-01
7.077687304367757948e-01
6.486561694580624815e-01
7.825241393478281626e-01
1.020419043161070682e+00
6.592328950208962146e-01
9.613549840335124941e-01
4.163921267377631574e-01
5.524029355047667122e-01
9.045955802987274419e-01
1.011017096687858441e+00
5.334494152335059747e-01
6.504192132084873901e-01
6.689642751523311448e-01
3.571518200541680677e-01
5.567001738692057833e-01
5.064097828392162270e-01
8.837020595432490966e-01
7.808567832531362329e-01
7.589784362640422666e-01
5.113401864583666523e-01
4.419601258526329457e-01
8.532167195361703982e-01
5.513818359284515802e-01
5.377550682280036742e-01
6.776750017447932262e-01
3.313647207702612452e-01
4.595172476940118655e-01
5.053192080834563171e-01
6.147152417906553978e-01
4.912287955297834352e-01
9.863112148356677489e-01
4.683465483174784061e-01
4.982157610444523654e-01
6.304935105579803079e-01
6.554220103068227887e-01
4.711009531990422161e-01
5.838772908095321013e-01
5.851763434612010650e-01
4.488197109450197120e-01
4.792325840289169969e-01
4.702124322922067723e-01
3.956472736583529493e-01
4.848368674083040064e-01
4.422888110642106407e-01
6.483774694112373060e-01
4.341473440478390566e-01
7.620013263831765249e-01
7.055409987279055439e-01
7.191033622957323512e-01
5.939426307583051123e-01
6.473052000406990247e-01
6.758291221674616045e-01
3.719107892872958177e-01
4.357620066296510331e-01
6.241630485350714297e-01
6.949559363914673549e-01
7.769148575396170875e-01
7.287884675828014691e-01
8.370462900800208494e-01
3.486842307316608824e-01
1.164652624745784237e+00
1.369105351691134009e+00
6.107886683515685311e-01
6.567222304707148739e-01
6.138330560349559706e-01
6.654699516279183324e-01
4.907253363175414496e-01
4.391867455258933739e-01
5.758030801169445878e-01
7.999261940681481331e-01
7.374088541783838657e-01
6.891553215225542095e-01
6.273068695801565786e-01
3.490330949392764226e-01
8.289320494344409873e-01
7.669033222958159257e-01
7.376825231612509359e-01
5.243528488736056703e-01
6.999292253159925536e-01
7.478252626219613619e-01
5.649620431096852302e-01
5.254816174323597711e-01
5.010331363997037046e-01
5.517193728628435601e-01
6.874760058200377610e-01
5.192652326409802344e-01
5.358848386277123010e-01
6.330811981929823640e-01
5.836616464766573031e-01
5.960324274398022260e-01
4.805067718548395317e-01
5.565155350973303161e-01
7.683403520536709053e-01
7.988497307007508264e-01
3.147717561245217954e-01
4.847487107165808218e-01
3.619204091823603475e-01
5.114579307512918671e-01
7.021712292290912538e-01
5.670444469735221871e-01
6.147887298434850933e-01
3.593098167134092247e-01
1.157743211856385512e+00
1.221250692775104785e+00
7.600694145902807675e-01
5.846615572155198226e-01
5.867137405570446163e-01
4.714198867497542134e-01
5.806434444021824071e-01
6.932753540936699155e-01
5.280003787655702663e-01
5.379899411038151502e-01
7.682378086468274470e-01
8.732751773443624410e-01
6.144055024513240815e-01
6.559245208226255341e-01
5.530355538775708624e-01
5.110193799428974781e-01
7.241900837205463848e-01
5.083863223597131498e-01
7.470339568467102564e-01
5.936498323098554630e-01
7.994483512315985196e-01
6.062056457009776800e-01
8.017966353362216969e-01
6.124624898130925921e-01
6.003777303378891039e-01
7.410666525536694360e-01
7.004786394468364152e-01
6.420170857042930557e-01
5.226866828831679967e-01
4.755019922119030351e-01
6.643634617295206546e-01
7.098081810479234255e-01
4.966493003531763928e-01
9.912235511691940282e-01
6.835759245100999637e-01
5.757477420064004425e-01
9.263293503997381828e-01
5.802183336448113460e-01
6.277155783759355012e-01
5.893540628051083807e-01
7.775614721573351762e-01
7.485490088179961310e-01
7.549192915593915254e-01
5.125511406221336941e-01
5.037062707459452060e-01
5.628984071423984714e-01
3.728359748669599072e-01
5.950624347449831042e-01
4.487205073887904350e-01
4.158404430578692690e-01
5.993060677622915611e-01
7.803680542925416352e-01
1.087044553219541410e+00
9.456790736008954257e-01
5.606379697083102576e-01
3.281098003211756486e-01
3.459926043703079879e-01
5.979233211350221122e-01
3.331844639348716108e-01
3.283352344996269268e-01
4.195469564477113944e-01
6.117434433337902711e-01
5.200130134363107892e-01
6.098505835552396892e-01
4.847921245798980094e-01
8.704810384844007265e-01
6.791806410078032874e-01
6.716138728958758186e-01
4.546171216891367606e-01
5.948629707129481359e-01
2.843938259495257248e-01
4.446848238748781212e-01
1.172494169529029184e+00
6.031107938965746262e-01
4.977773977842155917e-01
5.780865099176309974e-01
6.102033083876196029e-01
3.813947987311478438e-01
9.741531382974460973e-01
7.940676450279748888e-01
7.262542428454857868e-01
7.557644702174415308e-01
6.719389639205591847e-01
5.403316957165509304e-01
4.814091121466515522e-01
6.063608909201523289e-01
5.945448947241549487e-01
4.202633447718568394e-01
4.669710303083561276e-01
6.981206802206405548e-01
4.299683201323584725e-01
4.442197072151354287e-01
4.470725640251738131e-01
7.429887643877243208e-01
3.573071312745405570e-01
5.951444156511869199e-01
7.047568165701131315e-01
3.840332027128042225e-01
5.249637869393828371e-01
6.281509159785741980e-01
7.054304210116977281e-01
6.394866166564884269e-01
1.011350581711434105e+00
6.212376449687990743e-01
7.854117713773780540e-01
5.951009850600585960e-01
2.853437535373329892e-01
7.493711939124109156e-01
6.534918872993280559e-01
7.399750051505628035e-01
6.849802026301585745e-01
6.375302338284165593e-01
6.615816880438892822e-01
6.571864856813759426e-01
8.277119607436111970e-01
5.855978694161061426e-01
5.546696738306340357e-01
5.242433108233295336e-01
3.885489124639631142e-01
5.219272435700094137e-01
6.160467271404086453e-01
7.074304414066590052e-01
5.911564483402871328e-01
6.203564726061807644e-01
7.157771334159577226e-01
1.922240528259589742e-01
6.573240305426517605e-01
6.765169032011234540e-01
7.069699849072165199e-01
3.699559527909030421e-01
6.719965486574035474e-01
6.254403148080908137e-01
5.709934742804807506e-01
8.803662630853003046e-01
6.839331012556703060e-01
6.726804528905215852e-01
7.640830025550470195e-01
7.019799666445689645e-01
3.863666617519855295e-01
5.912778645989902326e-01
5.777418542251409050e-01
4.236906333099174082e-01
9.109833038828190066e-01
1.031218293988769963e+00
7.912912491927410752e-01
9.984254258668795456e-01
6.302774953988690143e-01
5.152076296185769122e-01
3.960305002116348283e-01
7.982247110541882407e-01
9.050996941521283201e-01
4.910199976847399728e-01
5.912809440324823251e-01
4.336017651652133154e-01
6.120178353659827541e-01
7.340982786567954443e-01
4.054415671244984698e-01
7.637891488684535046e-01
7.325249746096391679e-01
5.960804834545395670e-01
4.545908325077515078e-01
7.529356416321585366e-01
5.277917037848951498e-01
4.821726318246572496e-01
4.778244980758533655e-01
5.954447531925898263e-01
5.295897154198306866e-01
6.901289907706520399e-01
6.516479135963657576e-01
6.314137670406622105e-01
6.593517167372566767e-01
5.775723438958024758e-01
4.282327750409111178e-01
7.147462397692186942e-01
4.443223047786576396e-01
6.837685720384428789e-01
6.926514988881832258e-01
8.726701938197573005e-01
4.618642321329239908e-01
5.911480120398627802e-01
4.621047678050576035e-01
6.267072245171798617e-01
7.603122074283897858e-01
6.024317098891001088e-01
4.807773833617984272e-01
6.003129984770518845e-01
5.125645721622040796e-01
6.622222862574108637e-01
3.318267241691486569e-01
5.741573910964659078e-01
5.300033162391660779e-01
7.879124546133638995e-01
6.813726272933257055e-01
5.312566538151417550e-01
5.489240966349798745e-01
6.318196602885479685e-01
1.638929540036013099e+00
6.655415975814387153e-01
5.240533399868979592e-01
1.091898324770442796e+00
6.742800618241713284e-01
6.121971631142183456e-01
6.643064981646044087e-01
8.164602474661041276e-01
7.108180614048588142e-01
6.330584911838568196e-01
4.421699196305630686e-01
5.751404493398455386e-01
4.488322230585399253e-01
6.191797669585026309e-01
9.196707369952210609e-01
5.063599865646313258e-01
5.199424419761522476e-01
5.343434779955795744e-01
7.041472016367247289e-01
5.347226343208882904e-01
7.922443196873423243e-01
3.795846482725450111e-01
5.529619428371127521e-01
6.817871712356216030e-01
5.654663885076853802e-01
5.681051091641714512e-01
5.475893364393572549e-01
7.197058814960507478e-01
6.364681176644205740e-01
7.494330464512911627e-01
8.305170067925885524e-01
4.739945254102031491e-01
7.985346800114336840e-01
8.010452582658494913e-01
4.472618295730785842e-01
8.757662238869292626e-01
5.955211126568070723e-01
6.490740210321668258e-01
5.866506778892094376e-01
4.337908933767084529e-01
8.173705990888681105e-01
7.116028159679099740e-01
5.989851334409590500e-01
6.663076503600429135e-01
4.151365219026862952e-01
7.683926049213359866e-01
6.362350813054560295e-01
7.425309663794842363e-01
6.289640205996873679e-01
6.053136607458436957e-01
6.132551670466912519e-01
6.690404697829706038e-01
6.040363798134866791e-01
5.190465217916240270e-01
7.259470926068323227e-01
9.507881226257559604e-01
3.499063069238249613e-01
6.109050453431250638e-01
3.631393252739687494e-01
4.632050019141062958e-01
5.474576729393521024e-01
5.819149454926207943e-01
6.451006600301609772e-01
7.520663208894337037e-01
3.860501990307065312e-01
5.219462913034995655e-01
4.975081417247455562e-01
4.945026199656044619e-01
3.131825497050414464e-01
5.468297329976599119e-01
8.027620963597491555e-01
1.015058301892624026e+00
6.528388953664329142e-01
7.198922588850734661e-01
4.455655389096561669e-01
3.981767562922257642e-01
4.397964330786570675e-01
8.133853451011190394e-01
7.136560626650534367e-01
4.636811168237329750e-01
9.115262389464321435e-01
8.156450898563389895e-01
5.420026003134189585e-01
6.889683353810079902e-01
3.786964889885439112e-01
5.161525201608535562e-01
6.382041593187370854e-01
7.359875459547887688e-01
4.447981778870026548e-01
4.418697273081740873e-01
5.029774376416182857e-01
8.327359214517783270e-01
7.727978394867618395e-01
4.254194674384799701e-01
6.890967433476373749e-01
5.536324620049949408e-01
5.035433400576122542e-01
6.905676544351406765e-01
8.068775263154517319e-01
5.473174034640106989e-01
5.721984909093884575e-01
3.466807452446296622e-01
5.519091958607756920e-01
5.378599798692939027e-01
4.046538487474166668e-01
5.902290071646516534e-01
8.531679722405450805e-01
7.632650495481301256e-01
7.588515343159092374e-01
3.687346392156778396e-01
8.012737646470629027e-01
6.637254649425607944e-01
6.649008669498617241e-01
7.072416610389299363e-01
5.583918030104811914e-01
6.423163375326725877e-01
5.286344117251949859e-01
6.707776431571537135e-01
5.921761859590072286e-01
7.355193412943179521e-01
5.336172148796729520e-01
6.832871915059545165e-01
6.355895494602188389e-01
2.454196741506781132e-01
2.890196117036669676e-01
1.105822617734413260e+00
6.706959661646990645e-01
6.380455893824928948e-01
5.682819748636325219e-01
4.618459789627974987e-01
7.401954112525374052e-01
5.374758760911760858e-01
5.885309371284104252e-01
7.245108710892024240e-01
7.922531556424293742e-01
3.846792932893532968e-01
3.977102916385339415e-01
6.865748892179082130e-01
6.725944403252162029e-01
9.461856028297803700e-01
7.470619286853303898e-01
8.592548829788193565e-01
5.054410069505770320e-01
4.442677161010012976e-01
5.300911300751648403e-01
6.156646939683959596e-01
7.269522581288935248e-01
5.932716176561843024e-01
8.185491218180189765e-01
5.093224487677375789e-01
7.815994179090188787e-01
6.557165080776999888e-01
8.926466235460902565e-01
4.827385674893034939e-01
8.559442071292143739e-01
5.600778341209434741e-01
6.270981824348261791e-01
9.110074493938780105e-01
5.003681099138990174e-01
3.677163234752104937e-01
7.281634871333289016e-01
6.748999965686889313e-01
4.829396027748425468e-01
7.828836770489849828e-01
4.531344056354667527e-01
5.448370999276420656e-01
6.419757199766124023e-01
6.707153445705172912e-01
5.830667427659934621e-01
6.191185888180384955e-01
6.331876504598314970e-01
4.882610452918315080e-01
7.350290118740594458e-01
3.904923314763867337e-01
5.429729009186834432e-01
4.572314461329169410e-01
3.830213536981980083e-01
7.083933269483494444e-01
8.614915174491634131e-01
5.444531158506256130e-01
6.329246047848559042e-01
6.856032920064402125e-01
6.403824167772638187e-01
7.186092472844000101e-01
9.203273716774744706e-01
5.278938177787678709e-01
4.013206569565039294e-01
5.175094598410993063e-01
8.257340401401608299e-01
6.032082889115885083e-01
4.537907989507491968e-01
5.125869028745858591e-01
7.474228341793622832e-01
6.842080964854089231e-01
8.406125432921673912e-01
5.585699233894427795e-01
5.313773489517865656e-01
5.372499024424395309e-01
5.596746736055736582e-01
8.402714506193551536e-01
8.496524660044185717e-01
7.319221671940129292e-01
6.481298898840461842e-01
5.315243804269100814e-01
2.565813523422035280e-01
3.895854934786255885e-01
6.047800089392121325e-01
3.771791657877776593e-01
1.032566226242809915e+00
4.569981153722223466e-01
8.930618188067843688e-01
3.798695112014232045e-01
3.642238226044332006e-01
4.083616978789526564e-01
5.716085648724423818e-01
8.403996214152709143e-01
8.324999606948233488e-01
3.531902438665389110e-01
6.716462924950801217e-01
7.288315672347358554e-01
5.769099855805487342e-01
6.847676797479474997e-01
8.575131059330211025e-01
4.885797916901157834e-01
6.807912286909679755e-01
8.547847810850851547e-01
5.969077914064262469e-01
7.571296633906012818e-01
7.932501456925089567e-01
6.439166117735672934e-01
6.063035592376527783e-01
7.152890030083067785e-01
8.795911380877210473e-01
6.717167962742034426e-01
6.991529199578141451e-01
5.201701234096584026e-01
4.130544516770336960e-01
7.472073943281860586e-01
7.693649696026261253e-01
8.956196558710907141e-01
5.776103313457248145e-01
4.611028069862635470e-01
1.030652157448956663e+00
7.642231751428166797e-01
6.250524736073496124e-01
6.136253078581067610e-01
7.556637652708453334e-01
6.506603335969326496e-01
5.781383777913167155e-01
6.586285751631216767e-01
8.350991813802730590e-01
9.521379742896590725e-01
8.031605401317221116e-01
5.516547240979612354e-01
4.966978899084716348e-01
5.780145712139840297e-01
4.054273136400399213e-01
8.091890430013281010e-01
6.508807982786496416e-01
1.230679384154923950e+00
7.862296780041316824e-01
5.700617657809043948e-01
3.980399892028222975e-01
6.015588532862753413e-01
7.916970931766631470e-01
4.887080200456400680e-01
6.267990841484899489e-01
7.136817531571343354e-01
7.443541712460378657e-01
5.418261557016903485e-01
5.988011265039604458e-01
6.163047191233425037e-01
4.068945198741700797e-01
6.203514152117756142e-01
6.955967900008280802e-01
4.731930158951858090e-01
5.725647704514489345e-01
6.401000237659898451e-01
5.572874652767126902e-01
6.651137375206161995e-01
6.017174098756941092e-01
7.323562021147148604e-01
6.017484954440002198e-01
7.796672419860695147e-01
4.334711920177968802e-01
6.273002997204302211e-01
4.010634760627865281e-01
4.581765496995954812e-01
5.885388509524518419e-01
4.572461414463736551e-01
4.956469735045191394e-01
7.506918008480234494e-01
6.144269494140511823e-01
5.703806274094365136e-01
1.064551581071187636e+00
4.324974209686753834e-01
5.137791977966787993e-01
6.700780284897995820e-01
5.043383978302278248e-01
5.289786414156775196e-01
6.073801679549157839e-01
5.889829553289648301e-01
6.359588049659493647e-01
9.450121894094275499e-01
7.095762455588807693e-01
5.477913267916921791e-01
6.981853091125684863e-01
7.229688815096729781e-01
5.232472009138253721e-01
5.031400333875724051e-01
8.376290312879159927e-01
5.632055433958176316e-01
6.452533640838882256e-01
6.706538372538890513e-01
6.061462347812642815e-01
6.928589345947534506e-01
6.366186012066550326e-01
3.463222672975226901e-01
5.022592583991020154e-01
5.619621977531900070e-01
3.857247785033872112e-01
4.621646919525057573e-01
4.118928632580287075e-01
6.836188043356107302e-01
5.246020411254206373e-01
7.507296963206971929e-01
8.665144375005338073e-01
3.640530479956546328e-01
4.016393764054330129e-01
6.407006993912524040e-01
4.678033262514522672e-01
7.881219384577592413e-01
6.155675537867509872e-01
6.182239010607495366e-01
7.270783918699662562e-01
4.596711114105517804e-01
6.005236160274028956e-01
7.315494827617282647e-01
6.583698593932670873e-01
6.458070459716285239e-01
3.690998574856788061e-01
5.417166135894548873e-01
6.868482649694032105e-01
5.074905072249318305e-01
6.873262315984910442e-01
5.828710925922879760e-01
5.247824141172707790e-01
4.896396587382104149e-01
4.734584915914721859e-01
6.095597459800574658e-01
9.716933037704741372e-01
9.994558773425455955e-01
4.979568930659463710e-01
5.400558477296427684e-01
5.455461801105079278e-01
8.450716944473077863e-01
4.606346466034627607e-01
5.767661069052708589e-01
6.677759138924049820e-01
4.240107935297839359e-01
5.027110555243589074e-01
8.282825445023216382e-01
6.299040165340187292e-01
5.280806392872401389e-01
4.280190490567495898e-01
3.681508799001780297e-01
3.639925074306951114e-01
5.498462409746616153e-01
6.437120148943954456e-01
3.660688798172256897e-01
4.875151233606568879e-01
6.769594123405686670e-01
5.355554540195014424e-01
7.654643616221895597e-01
5.802257411608620075e-01
3.627614469433901312e-01
2.263897923038519777e-01
6.254212490741720698e-01
4.832754267184026231e-01
6.370470781047673503e-01
9.555599993246669532e-01
5.490636420696904940e-01
6.125012574626794715e-01
6.253290017016300828e-01
8.052523707313948842e-01
6.027233575502184415e-01
6.713721969261950973e-01
4.312222860829857951e-01
6.721317249877746258e-01
4.950012707785390043e-01
3.522413749957280515e-01
4.491770105340795460e-01
4.577212096245459882e-01
6.798108118936185829e-01
6.381468797910592183e-01
5.481784500803378313e-01
1.014876693522185569e+00
4.983622667343313717e-01
5.997231370057843902e-01
9.855230676563917491e-01
9.526326825243652818e-01
6.472213098918008223e-01
9.548248496345789205e-01
5.094651453634011506e-01
4.117624201935000117e-01
5.668649372590202073e-01
6.349277428915142130e-01
5.077767630847160873e-01
9.084596949463614735e-01
8.324035430053358109e-01
8.329694098290399973e-01
5.355779880476020383e-01
4.066164690097897605e-01
4.413087039685086310e-01
5.921436064062630678e-01
5.720766058709070290e-01
7.951853807123988593e-01
7.249437092327117860e-01
4.846145334467377719e-01
6.416283587552910062e-01
7.968933089218476207e-01
5.897138292270711624e-01
6.034879932795267354e-01
7.106980669312000787e-01
8.013078883123700979e-01
6.512396719491096997e-01
5.679988281211633128e-01
8.325749105112344450e-01
5.392081910952929436e-01
4.001446721977632293e-01
7.529201460131200729e-01
4.120845517357302756e-01
3.626702729369409850e-01
8.129643989240250557e-01
5.610946004067680626e-01
8.629225285202646312e-01
3.556342983976996663e-01
6.768789538165057573e-01
3.869999139481026251e-01
4.628390070539463719e-01
7.250433837504318690e-01
8.812244127543628069e-01
7.100356391726926342e-01
8.174864281586063930e-01
8.590782048672640503e-01
6.922419759632156833e-01
8.493571631933404253e-01
4.597141270810806146e-01
5.995976435862480081e-01
5.733994465042959732e-01
5.531281768624330963e-01
1.192056639550976405e+00
4.011771274954022415e-01
4.707311364579691015e-01
6.366820745379726532e-01
4.946208724690434044e-01
4.471337549071712214e-01
1.038124070827546319e+00
6.943014820827632105e-01
6.722670387865247177e-01
5.558501127208143044e-01
4.412617338602365380e-01
6.939100757754618209e-01
5.999614032210303094e-01
5.727769025343966147e-01
4.690589330316732308e-01
4.234057564084454106e-01
4.114477804640360725e-01
7.059028826058829642e-01
7.860176113606975878e-01
1.125885716912526258e+00
5.958005887544235435e-01
9.495735564410932028e-01
8.555446132944937165e-01
7.191421271092830469e-01
2.778500958898798556e-01
5.858011825696992636e-01
8.456100125073329199e-01
6.862146056664919502e-01
7.231376307253541968e-01
5.077494897501708682e-01
5.652497703992133138e-01
3.115237499053186143e-01
5.238840053554773002e-01
7.368105278876690978e-01
7.378949534337388982e-01
6.110622144045146920e-01
5.636655204922065288e-01
7.602247903945513752e-01
4.182184565896368555e-01
6.043807919248094240e-01
8.926813549882876009e-01
8.480713442368940091e-01
8.314937991519185667e-01
5.807192613418906690e-01
6.772387985556961310e-01
7.752997274200342792e-01
5.767229580167051450e-01
5.183797537507972564e-01
4.559839517645737361e-01
6.398719845904357051e-01
4.769089580341616674e-01
6.260301866205493226e-01
6.355498868950274494e-01
5.711749018397003219e-01
5.027681282195778367e-01
5.632045718750902097e-01
7.295842704403401324e-01
7.092349323702801245e-01
6.641273383667178898e-01
4.272451933769639276e-01
7.217767321617761800e-01
6.831306289217446981e-01
6.221660312608473520e-01
4.849733689748639276e-01
6.201873397907864405e-01
6.345996018751801637e-01
6.934456313398035254e-01
8.141554585009733724e-01
5.833593846376422531e-01
5.406846682735279019e-01
7.438546752578339971e-01
5.097095634395159003e-01
4.512612251497676308e-01
7.702077661812576359e-01
6.697021366916754426e-01
4.600668476213609082e-01
6.199509585205836837e-01
4.507034347234594174e-01
3.197183471447130887e-01
5.624300985466668124e-01
5.740262829737995398e-01
7.125209857026395532e-01
4.263908767079656048e-01
5.462383262968930620e-01
4.957854518563598045e-01
6.523176900363062414e-01
6.482485229324833620e-01
6.717087615155941105e-01
7.390634857532023538e-01
8.238949762665798149e-01
3.038096960720991779e-01
8.406600236010818294e-01
5.677280481971664905e-01
5.939058815544339121e-01
3.860585471464982321e-01
6.836571742092747428e-01
6.522679561998736553e-01
5.176845706154086235e-01
4.400333268555538524e-01
5.609450427615315649e-01
6.340548538017339864e-01
8.862613449338733185e-01
7.407524947132594351e-01
5.990742557097537002e-01
6.553979725390433053e-01
5.300315677628320010e-01
8.516311983332767177e-01
7.264066503091183291e-01
7.315639430139904142e-01
5.388954687350465678e-01
5.010062348019496126e-01
5.611331370637538951e-01
6.435121447613012524e-01
4.677118269094995284e-01
4.202548916018690184e-01
7.853072634236167859e-01
5.210805502267109590e-01
8.061999255725056379e-01
5.549656639140786440e-01
7.110234150910270667e-01
5.904823764383655416e-01
4.971923393575197192e-01
5.607730190180133523e-01
6.060214073550518332e-01
6.106496888026483605e-01
8.928441589586206817e-01
6.691968366184600780e-01
5.020524576137829209e-01
7.323289965699931736e-01
4.311594703772744785e-01
4.496286904152909103e-01
9.181620010688392730e-01
6.241716910371296612e-01
4.699780259639819158e-01
3.913616734410658715e-01
4.085376031055988344e-01
1.102375612299564489e+00
8.174700371202618943e-01
4.604924878856086479e-01
4.809255342474565986e-01
4.501619108900619115e-01
5.067842899455959893e-01
8.388462629529085390e-01
6.945528175680872884e-01
8.111637241882219129e-01
7.541381035540458688e-01
8.713184928356567660e-01
4.602396240052541998e-01
9.169709352250067225e-01
5.627778588871498178e-01
8.075648882098934722e-01
6.382038243500455232e-01
4.094613909373768790e-01
5.115473083058288406e-01
6.177852421785320347e-01
3.302956641044131891e-01
3.656185787928594166e-01
8.550410581823647549e-01
8.156923990343468711e-01
3.897134533643289989e-01
3.883559374904498318e-01
6.083189886849327266e-01
8.750781067956555637e-01
5.104270709617424462e-01
5.149210130968411292e-01
4.480277242597076048e-01
4.409418473668517691e-01
6.211981554112164794e-01
7.372692833534467693e-01
7.183879259494823089e-01
4.461702455107048881e-01
7.592123523722966727e-01
8.979749941295367410e-01
8.150919023366242078e-01
6.382719803078744647e-01
4.752234010534739372e-01
7.861985918275669061e-01
3.973479349105835667e-01
8.539888979293536186e-01
4.916809853765618521e-01
5.328864190213552510e-01
2.905827988247606242e-01
3.162476535693286017e-01
6.423683108754894011e-01
4.972334984192846030e-01
6.022709719667624917e-01
1.020120731960804994e+00
7.213842269308232691e-01
6.159634312935180489e-01
5.639736249398245027e-01
5.362935538985736938e-01
5.685246824656839948e-01
8.990723818123104172e-01
5.256714082274394073e-01
9.799670344211017792e-01
1.275016338751637113e+00
4.353403724099214611e-01
5.752271002809622447e-01
7.686015847958402869e-01
7.922593671316467967e-01
5.716983123084774521e-01
5.439881952212681782e-01
8.865727167375045958e-01
7.306953417221688785e-01
4.121404933249774860e-01
6.702754137759412423e-01
3.525219670251686921e-01
5.348643699907212889e-01
1.027681975297624284e+00
4.124504225466396612e-01
5.050843628744409175e-01
7.176779654903231442e-01
4.518118611111114347e-01
7.519361560043567039e-01
7.058042663598712574e-01
7.282724003100109478e-01
4.953214226886363258e-01
6.458363056230153054e-01
6.048596146063507373e-01
1.000254910709285960e+00
7.982504498444980001e-01
5.795426443817608408e-01
3.288846527976865830e-01
7.211557963606157751e-01
7.380124355981053652e-01
6.001878920928149785e-01
4.660606878012476528e-01
6.763182173128081676e-01
6.360820147975673189e-01
6.095164975866966817e-01
7.684728684603410187e-01
6.876682741339887883e-01
4.416578381932655950e-01
4.361545752830499056e-01
3.577391319547071347e-01
4.308201397966885393e-01
8.950530495227694283e-01
3.935918480474996373e-01
5.537001737125550882e-01
5.487677140744612325e-01
8.701733370967575931e-01
8.098911631230406583e-01
4.111216902255656613e-01
7.205033922033892146e-01
3.427606517186956858e-01
5.710232286767462639e-01
7.192087768847529317e-01
4.998929043761688451e-01
6.551128240921627599e-01
5.605107748972546489e-01
6.224373524323545404e-01
4.664669428950816155e-01
7.216558570921366433e-01
4.959085436823253978e-01
7.576429066759737818e-01
4.563493295700527530e-01
7.603453023110763320e-01
6.755040014203396170e-01
5.264272446545750217e-01
8.757721654491888996e-01
1.026554864981340520e+00
9.142261775307644056e-01
7.980673202829442481e-01
5.552878659003250839e-01
4.992306171886002342e-01
1.110675755950931487e+00
6.417347501087682371e-01
3.656355070288368481e-01
4.069940858399910266e-01
6.706523762654845733e-01
5.578596854640083258e-01
6.611104507864039581e-01
4.035541723698611305e-01
5.099269827789617571e-01
6.071988478313101734e-01
5.819872927412886865e-01
6.858455963460736715e-01
7.134427871340229821e-01
3.332308100488495795e-01
7.863389649208228915e-01
8.086623642624739539e-01
8.788356830647251483e-01
6.518111936433411691e-01
3.939016456711426084e-01
2.848391815656002857e-01
6.725535188542300924e-01
4.413173315109760186e-01
3.133924761689678706e-01
7.729850061923076998e-01
7.688347367557016865e-01
5.645089909082119384e-01
4.139781239102977572e-01
6.900024900607295564e-01
4.762515026400716001e-01
8.246967342818465330e-01
6.589060996744232623e-01
5.941260136528688784e-01
8.485395213396469405e-01
4.140446412596008874e-01
7.613434847029458830e-01
5.631711382034418900e-01
7.176975823977578273e-01
6.291548262121523516e-01
8.502440708269154435e-01
8.278242270860950436e-01
4.082845385066759536e-01
5.953441628635248728e-01
5.554232098808798979e-01
6.845413964297616394e-01
9.028596957648493682e-01
1.091564883936850139e+00
4.964948567787869083e-01
7.815331961497626878e-01
7.949937918649601087e-01
7.125759848611209479e-01
3.958946125258652748e-01
8.173902090739783022e-01
7.667871819387078736e-01
4.491051039756780439e-01
7.274605855502996876e-01
4.500790875125155188e-01
7.200927289869875070e-01
7.151979943688830943e-01
5.999144988666972322e-01
5.482438642710429910e-01
6.703094278227188507e-01
7.527111015052116993e-01
4.752816041743209152e-01
6.546258954117539774e-01
4.514948263439662046e-01
8.968217022633848678e-01
5.870627881281413885e-01
6.187286325595263703e-01
6.874316052235444063e-01
6.067961140048871993e-01
9.678274073439260272e-01
3.944222893416176046e-01
4.947905252219871874e-01
7.332504537580408766e-01
5.591198256855736126e-01
5.061858604419264829e-01
7.120061445684953139e-01
3.487967069293860800e-01
7.548617740732995740e-01
4.595435117222682608e-01
7.117517785617996084e-01
5.745062213990564937e-01
8.043175735424934469e-01
5.599678063797485228e-01
4.884784138333261305e-01
4.937964987946207307e-01
9.159675611147349850e-01
9.442897310549557277e-01
7.839397876427525169e-01
8.804345264351667311e-01
4.944710877112415970e-01
4.435774397262389201e-01
8.159445671284482060e-01
4.348252737924363509e-01
9.081739746217394327e-01
3.086982749102045176e-01
5.068223255573091057e-01
5.575361866933619126e-01
3.813136417794693034e-01
5.137592599620819378e-01
6.525179322104455171e-01
4.713180413226674692e-01
7.257702194850618183e-01
3.277728695663651437e-01
5.056456116396654821e-01
2.081821125212438006e-01
6.382175696040788271e-01
5.259847380277979934e-01
8.312905336535187928e-01
6.747639506925423580e-01
7.782542243562136086e-01
6.667693829752771029e-01
7.850053507544213494e-01
6.860027616421275898e-01
3.790063967854256921e-01
8.037399014079020798e-01
6.112622201380806253e-01
3.772160869614256673e-01
3.728455128137750374e-01
5.680734415625106060e-01
8.178491010908309766e-01
6.083937718727727706e-01
5.894313335999679104e-01
4.182142063953050437e-01
7.360118203507617363e-01
7.406479643935086621e-01
5.871929888634052075e-01
6.955750923592156632e-01
8.524327509618035981e-01
6.833979544210465606e-01
5.047121416057107623e-01
5.814906833552410115e-01
5.991523629013176810e-01
7.301157305167274014e-01
5.466483069020173780e-01
6.613123583837980934e-01
6.355648797836819242e-01
3.451125039329597244e-01
3.986655959142949568e-01
4.898583759586960240e-01
9.684643762701871106e-01
4.616663924465337354e-01
3.868050467100782042e-01
2.462332695106197455e-01
9.082666273307595795e-01
4.198542668384818710e-01
8.754712495044947307e-01
6.062881702237770121e-01
7.617180064151612973e-01
5.100927627205954495e-01
5.120654346424823311e-01
7.602186824431608203e-01
6.586923536570492566e-01
6.374459896656839986e-01
7.142871329279565362e-01
5.925808049195944172e-01
4.912486402582865175e-01
7.520974631852063164e-01
5.564420792909059443e-01
6.587737460094560404e-01
4.472953459002422250e-01
5.287909722474231078e-01
7.898608728808108603e-01
7.467397955789301101e-01
5.832652070198630634e-01
5.051252107219049714e-01
9.748478777239595328e-01
3.437329741869459276e-01
5.211423197474825963e-01
3.551883429759626343e-01
6.593828773151927392e-01
8.176008106530561204e-01
7.555294701594227336e-01
6.619858715763851098e-01
5.777109138641652875e-01
7.559406613510094575e-01
6.118023550532069033e-01
6.833018324421946676e-01
7.214033121189705744e-01
7.332074575487622647e-01
5.581122486661289628e-01
7.086300633959838891e-01
2.579061283053940001e-01
3.642574784153173595e-01
1.063644963039303226e+00
2.917723661669002766e-01
6.977540496728141806e-01
8.276850541477973611e-01
3.320483978922845747e-01
5.568588936629222941e-01
7.864059541268385578e-01
5.955823723242792411e-01
5.502670951698485080e-01
5.749689672373823335e-01
6.265953265617694168e-01
4.739765385547913268e-01
6.507601264105115080e-01
6.596560073786963407e-01
7.407822273866568885e-01
7.183824689086547588e-01
7.415699066326347788e-01
6.725517977181336704e-01
4.733706276716458383e-01
3.600895914474067094e-01
4.491684002994356661e-01
6.797679646944732035e-01
5.263030769281128451e-01
7.125461245416183642e-01
5.856032671152180402e-01
4.432157218380755603e-01
4.513088347855558902e-01
3.591497308643426534e-01
6.091963497892780577e-01
5.104590693320920636e-01
7.053993507507475558e-01
6.555639189952526813e-01
4.786877304211812900e-01
4.339140198696626594e-01
7.030484084437914616e-01
7.284330973980375212e-01
7.794420263423098572e-01
5.065821100091775220e-01
6.991060285604728808e-01
5.148339928959900780e-01
8.487106467817222555e-01
7.114412785846779830e-01
6.354873647303422857e-01
7.602630695395726779e-01
9.505705769134488170e-01
6.233758784243530471e-01
7.850292991685868804e-01
6.275166431315163384e-01
5.427425123902225312e-01
6.143664639670345373e-01
4.734606889694320531e-01
7.546665435867454530e-01
4.996838818702837859e-01
5.305673065136117250e-01
5.395689855700376292e-01
4.371237727630277736e-01
5.810276726582297435e-01
6.776962249102769231e-01
4.848522924339523921e-01
4.128267095434697276e-01
7.497884227632105603e-01
9.173769354027080380e-01
5.317183721494026516e-01
4.655243565498988212e-01
4.241422163251122868e-01
5.535937048595498400e-01
4.199087592649867751e-01
7.409330898481105709e-01
3.440939216168681924e-01
5.880339071829226993e-01
6.812185137827847514e-01
7.139661357930743302e-01
5.824129101237086603e-01
4.907020842450492970e-01
5.076610477676387623e-01
6.258287038480403464e-01
6.494521226015097515e-01
3.375947706680036964e-01
8.075809284795258947e-01
6.702226639363462191e-01
6.603910295740536007e-01
5.728877509915040189e-01
8.040285967727993643e-01
1.186038681653220683e+00
8.875022958925642413e-01
5.471328597007063532e-01
6.192603949303302491e-01
7.847036211169690079e-01
6.289060457592016151e-01
7.800488469875564990e-01
5.012234454797448446e-01
4.995761075109243499e-01
6.183532470383884538e-01
4.218396278852186154e-01
6.273027819713955511e-01
4.749821309538855840e-01
3.948924617547200366e-01
6.787676955314316807e-01
6.838023417240594037e-01
6.063480212218367305e-01
3.571116136337602609e-01
6.850622828952197541e-01
5.110547150326156807e-01
6.173561756837581127e-01
7.769992672536546463e-01
5.527874483581979304e-01
3.766379907460478682e-01
5.818983567339132135e-01
6.837248878874726543e-01
4.574934894850318234e-01
4.590595446723375606e-01
8.299690431089502551e-01
5.469870953467127483e-01
4.775250215937272280e-01
4.896670847406395799e-01
3.642561093272860817e-01
7.194292066585638024e-01
4.036286711472664712e-01
3.391473395664660329e-01
5.002438335594227015e-01
3.799321176891653495e-01
8.999581242072028919e-01
8.550562888820961716e-01
7.478004005538542165e-01
9.042762894265007345e-01
6.969780841329297205e-01
6.162470189303113077e-01
6.220256330244804399e-01
4.369884916764904537e-01
4.983716675533421125e-01
5.756997874865606990e-01
4.821751938281917393e-01
5.875299062989592924e-01
6.269579006569564461e-01
8.112732821403277894e-01
6.919505039007485259e-01
4.324530020730313340e-01
6.294449633465332150e-01
3.843666658389691126e-01
4.217723036534080094e-01
4.309211897548665959e-01
4.128971448696204805e-01
6.122548528758128272e-01
7.497058935800285928e-01
6.338153046168306659e-01
6.547463017373044147e-01
6.486300309555811383e-01
5.685931620683364329e-01
6.293007803157548707e-01
7.950422911290558892e-01
5.511111889952372556e-01
4.489807899876794295e-01
7.328040927533933102e-01
4.837284673733632800e-01
8.797104330563541019e-01
5.435318532657221757e-01
6.417223808173332378e-01
6.530601599828174120e-01
4.410757365756874382e-01
6.121826647764463392e-01
6.848867301302269395e-01
3.843639701504372175e-01
5.026857649284106611e-01
4.992107663503501103e-01
6.203753508969425123e-01
4.102644407697227380e-01
5.932884371250169986e-01
6.669539726832475202e-01
5.993357550328031191e-01
6.345277055773800301e-01
6.981108108965748960e-01
7.183908142132303665e-01
6.709762790155160417e-01
7.386503429689965650e-01
5.742324282169112282e-01
7.933412349029356214e-01
6.342444046563204818e-01
6.568069269728742388e-01
4.576495369303755778e-01
3.962271130192117075e-01
3.896570227557863975e-01
6.809145816247924587e-01
4.035214484352566688e-01
6.393358708514265132e-01
4.079712798690906528e-01
2.823982003475639102e-01
4.063671370199768429e-01
8.080574968501555988e-01
3.284921090890917106e-01
4.526411722277622340e-01
6.074055733991760020e-01
6.862262279080214578e-01
7.012804918761708084e-01
6.923769978720498708e-01
7.645177990193545714e-01
4.183877193588774746e-01
6.665208116330936239e-01
7.796873914271260642e-01
8.978706970781386021e-01
6.824638599876046152e-01
6.268340084067971496e-01
4.990692421290274794e-01
5.088597550727118612e-01
6.713619998629786201e-01
6.873232309072793145e-01
4.504035100228472310e-01
3.138431519829400496e-01
7.453028969825712391e-01
3.409401038778518966e-01
7.364683348469277524e-01
7.123365484966530659e-01
5.572878133188555738e-01
5.757252092553145628e-01
8.168791787583857822e-01
5.053337601986248595e-01
5.158375029534184586e-01
7.515770368392850065e-01
5.872252939387936355e-01
1.205985888871853762e+00
5.957989072104441508e-01
5.126912092410820243e-01
3.981825617977300391e-01
3.316613740819764344e-01
4.494039695339901996e-01
8.435372578651866293e-01
8.388422940804033390e-01
6.746472954294373547e-01
5.680519283141671760e-01
7.088650180778349741e-01
7.835653992959507042e-01
4.311152357012230096e-01
6.419038418870253171e-01
7.074420679795390132e-01
3.433215375497036259e-01
6.590341663343843859e-01
5.805411579690403778e-01
4.913335657277197455e-01
5.593875711289526542e-01
7.289766650462863318e-01
7.170298696862118515e-01
9.146287593664004234e-01
5.148305998765829727e-01
6.170231260632017545e-01
2.734032290817884903e-01
6.312056840273817526e-01
5.080953916975934348e-01
6.059136273484571067e-01
6.160267358550325367e-01
7.304903130073716611e-01
4.665751790988171832e-01
6.390688369628936272e-01
6.590364028701288790e-01
4.645571972276921202e-01
8.112497393025228654e-01
6.275634997137611304e-01
5.027034999934639758e-01
7.447224081069804269e-01
5.911020006580862685e-01
7.169260419894832870e-01
4.041519069894624616e-01
5.755423080497671373e-01
4.091330862188018447e-01
6.755150154227744785e-01
6.330271371904335753e-01
2.869954443004285594e-01
7.144615421755952100e-01
7.074811375028051685e-01
5.915527568193190699e-01
6.594697176345841738e-01
3.542880188417545928e-01
4.619740393430087910e-01
7.617744898748985971e-01
8.240400947803869780e-01
7.903395576100399333e-01
4.594318109409645801e-01
3.269441549235380662e-01
9.089983082052307539e-01
8.545038082813417590e-01
5.393737469710597754e-01
4.792641668837334112e-01
7.621404550883298379e-01
6.405575866735517820e-01
6.610748567880662119e-01
6.017664513264320281e-01
5.805841189710024830e-01
4.173305484666878784e-01
5.571072696493818421e-01
8.355240084192352423e-01
7.286539051517659793e-01
5.846199822347937225e-01
5.310527065598101837e-01
4.147253482205138231e-01
4.838140848510752434e-01
5.942205426225389830e-01
5.024495832189777023e-01
5.402040795032114762e-01
6.289644913216900779e-01
7.966420894192155489e-01
9.486207137241623455e-01
4.274908748203565256e-01
8.353558083226095832e-01
6.715195817220711572e-01
6.891156140517016304e-01
6.043464453664363356e-01
6.442814239390747266e-01
3.769103579142839000e-01
5.772975214220481543e-01
6.185767593569290179e-01
7.202133381763570208e-01
6.421910096346066243e-01
6.489506733289841511e-01
7.726416252894769965e-01
6.807756492590856245e-01
6.090189633639537803e-01
6.112722412150268791e-01
9.865456315310657809e-01
6.577131230683145313e-01
2.268111727240131603e-01
6.166024476068936444e-01
3.755874966827886796e-01
2.984198271768281896e-01
4.731898071135371420e-01
4.924542524800906151e-01
4.273470737987893342e-01
4.869026892100770110e-01
6.693297823117082546e-01
7.652232535741014807e-01
4.794922953554343614e-01
4.579879113441491234e-01
4.613151352926349036e-01
4.399730629075815358e-01
7.803334303111217896e-01
8.650800036853707464e-01
4.559494802031706651e-01
7.742788336388629622e-01
3.881612385205271964e-01
4.601096790975020556e-01
3.570510008915097067e-01
7.110227281870219462e-01
6.097330397976726823e-01
6.367655929780471347e-01
7.277740058187929240e-01
5.857808297654111263e-01
1.324406529768446195e+00
7.708437389308127052e-01
5.164950431748983606e-01
8.453224511335762914e-01
6.450803817270800433e-01
7.079839808331804818e-01
6.198438418073248801e-01
6.356472968588159356e-01
1.008350910934995515e+00
6.740196099158680676e-01
4.304051108231278233e-01
6.293969133247326875e-01
6.578628578104083191e-01
5.104771038506662473e-01
5.616006934909808512e-01
6.814821474021599546e-01
6.839531664679632250e-01
5.561484802019172058e-01
5.972157605345278508e-01
7.298092818615742328e-01
3.655062281814149272e-01
5.621548019844643251e-01
8.661917435795771780e-01
7.302476268223938582e-01
9.562158932842230730e-01
5.035899894591028270e-01
7.948540317017623869e-01
4.044391072318055391e-01
4.254845810277954610e-01
9.372867912427667036e-01
3.730266775103255328e-01
5.193615946259011462e-01
9.517543007080021544e-01
6.732999079878717597e-01
4.300691263202868764e-01
3.654400449095638881e-01
2.939595172925649202e-01
9.241613540581123942e-01
5.722229931745698162e-01
6.379684790104129810e-01
3.975421053850428654e-01
5.673155903441158276e-01
5.393153299287680724e-01
4.625790331056595095e-01
5.878942892881633409e-01
6.595872323791661662e-01
3.235759573068118788e-01
8.676141161238021260e-01
5.251442537655238718e-01
8.332702399742633048e-01
7.849778818749576503e-01
3.552686176535456153e-01
4.097629491350258113e-01
6.421863336174180592e-01
6.810440772625488970e-01
9.318026789933898657e-01
5.925244231788059368e-01
8.043459279457557676e-01
6.157641425324368312e-01
6.361633507512560737e-01
6.584427993756405417e-01
4.476910098556254325e-01
5.332359429419774033e-01
5.040301631205079680e-01
8.222064161893509748e-01
7.255059085030628463e-01
5.796662638908086640e-01
7.141052154435914012e-01
5.305674897710910276e-01
3.961496323318636770e-01
3.357046137684135956e-01
8.340173020968790762e-01
7.903337626843388586e-01
3.892687423351045561e-01
4.582326036573274863e-01
3.028410725770024903e-01
6.513339695442478261e-01
7.316495583030503402e-01
6.878629807956456732e-01
6.663664007113362375e-01
5.517131078361255936e-01
4.690388435635384212e-01
8.134696784752664112e-01
7.289833223074594359e-01
6.160928598056241157e-01
6.564665509672249488e-01
6.227857943074711633e-01
6.429706224342641718e-01
5.290938729508233296e-01
6.310164920562895130e-01
3.849949852301871589e-01
4.711898752372432608e-01
8.430059090493861040e-01
7.539311472119636370e-01
5.697750459511827792e-01
4.218215483279073030e-01
9.249138139479405885e-01
4.755674124269593239e-01
5.747510624891334352e-01
4.835816447181930378e-01
6.424201612687825413e-01
4.659806115412215566e-01
6.550024311892937989e-01
7.345462369513710010e-01
6.622935830691457637e-01
6.202747865307702835e-01
3.648120779003339309e-01
8.383119369895217776e-01
6.893981626863615597e-01
4.110912205156319610e-01
8.023047836591699067e-01
6.432857629055566129e-01
1.076889816200051975e+00
4.501705717852028110e-01
8.818930254594999907e-01
4.573899705410976457e-01
8.607148963361840321e-01
8.433823766366302932e-01
6.924487153155909347e-01
6.163939275799005246e-01
6.271132333698062888e-01
5.518193508791857660e-01
4.584913731765781764e-01
4.269003838526181926e-01
4.265617608003239858e-01
5.179739176170089499e-01
5.406835037375364861e-01
1.356049294459620969e+00
7.849628780535582440e-01
9.067136058685714151e-01
4.701628681139092825e-01
4.383770643157085534e-01
6.773102406080925286e-01
1.131964565519419041e+00
7.015193198409777064e-01
5.772853690149111205e-01
7.370404437550492904e-01
4.972536529284646289e-01
5.377458365878937663e-01
5.885931564783681846e-01
8.218151514809053371e-01
4.048082200223657168e-01
6.259126397102791062e-01
7.293173474221038566e-01
7.173721139408761882e-01
4.617506993301455087e-01
4.027702891528063822e-01
6.920959672328611534e-01
2.943430853127151914e-01
5.409055415068024786e-01
5.104379402239649366e-01
5.402205157429404991e-01
6.282412061318646268e-01
5.326077992124194083e-01
7.159871383570608483e-01
7.488639362615894246e-01
7.058489596418214829e-01
5.641097197819131548e-01
6.891449110403129463e-01
3.176817710629449842e-01
7.285674851810378660e-01
5.575393979858126459e-01
6.094540266355017444e-01
5.467917281106804417e-01
9.099906010286828995e-01
6.292182666110547329e-01
7.297311864103315227e-01
8.883422392249267219e-01
6.302447603398660947e-01
6.645518546262647597e-01
9.177941424779810786e-01
6.494323386286339206e-01
4.527917497196582985e-01
6.683270866523637332e-01
6.527715307936109435e-01
7.210268776177634065e-01
6.419250973344258204e-01
6.449757023945977830e-01
4.435878787498470643e-01
5.644589104553793257e-01
7.586306692574650290e-01
4.784569310900939620e-01
9.185633683441775110e-01
6.918647158726467516e-01
7.448427047332731865e-01
4.317210807652496762e-01
6.476910273160610965e-01
3.688896227013504503e-01
5.674207395097708995e-01
7.068554015548421665e-01
4.745588986699601497e-01
4.905942840178743602e-01
6.128449483229194694e-01
5.715552630396555367e-01
4.212796924660413000e-01
8.761706192017584272e-01
7.402292620255053190e-01
5.688478430538851383e-01
6.481324180067659091e-01
5.080064802920465361e-01
6.751818749493375682e-01
7.551993333950186571e-01
6.433321907583553489e-01
6.936435034081982476e-01
3.699254633436472872e-01
6.025783236712756175e-01
2.686053970283419634e-01
5.582094169818061502e-01
7.521563919978803137e-01
4.793327291373685739e-01
6.295884397385247411e-01
2.565499192007114071e-01
4.926332093077330221e-01
7.701304056588532676e-01
6.859824510745813342e-01
4.784301939557354388e-01
7.093714334648671960e-01
7.105888493227330294e-01
7.238717974515352926e-01
8.213778183377525854e-01
8.435218219356445113e-01
5.913188891588537777e-01
7.150398229677720208e-01
5.542200753546490111e-01
7.109213739541434540e-01
7.399115256396215923e-01
8.157580222540026238e-01
3.839985940396739017e-01
5.050739074169681153e-01
7.233043768621900682e-01
8.482946717791013391e-01
7.973602218021974553e-01
3.638662990279028508e-01
4.944592453754838579e-01
4.283343411043064042e-01
8.705642906779997858e-01
6.836896783510594267e-01
5.724944159971966373e-01
8.340392207449356388e-01
5.219380233946849801e-01
6.709404978473924031e-01
5.552835475253301567e-01
7.044525950962592376e-01
3.220252822539170223e-01
5.180646095721507249e-01
3.866331071231972061e-01
4.473737454608016084e-01
9.096222062886853976e-01
4.562014536255808994e-01
7.101795834513782157e-01
7.061354626637228460e-01
5.456059146166946094e-01
4.867481081320524927e-01
8.415189917206409298e-01
4.538996918808696490e-01
6.913604599513082372e-01
5.582264802244738533e-01
6.211622644064253018e-01
4.821603975874538817e-01
8.723731908115653910e-01
5.121127536471021813e-01
7.609464442327789069e-01
1.103664724091566018e+00
7.434562079201106899e-01
8.784436466723866133e-01
9.266997041543244551e-01
4.835346875611157280e-01
5.611533071989809329e-01
4.296016635916281579e-01
5.588463741839082566e-01
6.130909409355972395e-01
5.475976964429727367e-01
6.268376233829049404e-01
3.209753316781182031e-01
6.750837172323189694e-01
4.940403966379055545e-01
8.601351129399640305e-01
8.098113030780422772e-01
6.676615303471062912e-01
6.306085358844777389e-01
6.811188131688357128e-01
6.458959772863038795e-01
7.730514127631099575e-01
1.018949686332077276e+00
7.591836553716748703e-01
7.253704543877226296e-01
6.298295090743467606e-01
5.358202740393029906e-01
5.010231289625991513e-01
5.449658958767766848e-01
8.304169785205260945e-01
6.152794583995113697e-01
6.096435768526161647e-01
4.182297444703712008e-01
6.530518874324865441e-01
6.151878750217735226e-01
6.490278981299911765e-01
8.255996053851004657e-01
6.951470614497186062e-01
6.561464928057331170e-01
6.931924620676955806e-01
7.491255826764274817e-01
8.059149749122801465e-01
8.902721299836021673e-01
6.831789353385653296e-01
5.438505035897464035e-01
4.645621741189849274e-01
1.058666603479075263e+00
3.541134556848565262e-01
4.495629302261118232e-01
6.987498821845526953e-01
2.102283556972135148e-01
7.746380224901142642e-01
8.316479349724125170e-01
7.340326482342985903e-01
6.090750475064732328e-01
5.656732107447540736e-01
5.710934823157060025e-01
8.316829366289835157e-01
4.559251447280758263e-01
3.643977321381255963e-01
9.610357557657877026e-01
5.437634131087023537e-01
5.997881055970457620e-01
5.804168241591142197e-01
7.133161240047916074e-01
5.150671343353072640e-01
4.897066976183911957e-01
6.130542683872750587e-01
6.005617005582118972e-01
8.092468671580759221e-01
3.555406902254379942e-01
3.371561744094691560e-01
4.507725064460689213e-01
5.966282886378807548e-01
4.290400204005511697e-01
6.779803344810296784e-01
7.128137227112139040e-01
5.322161556106429492e-01
7.616091094648916870e-01
6.532035211471529657e-01
6.323584534720370076e-01
4.310177319571519283e-01
5.579402986127013353e-01
7.626748029936171180e-01
8.092070522906792407e-01
7.920515512773447231e-01
5.480909140785773515e-01
4.507202762420712827e-01
4.320518774302775644e-01
4.197557930819577621e-01
8.454295163102618638e-01
6.005601227934758146e-01
8.260514048179201652e-01
8.543190269760954081e-01
5.522898804470239842e-01
3.724742578353776312e-01
7.498347396507293317e-01
5.379596574758134242e-01
3.500211640162639304e-01
8.204227668696388864e-01
5.746556561653913819e-01
6.282213204478360735e-01
7.864650002254887085e-01
1.058030045395199847e+00
7.166775184601351656e-01
5.362454976032162701e-01
4.887305895965466940e-01
4.805948831334803661e-01
5.270978807615904760e-01
5.676806028302100460e-01
4.054620814474811930e-01
7.235442257205788597e-01
5.493424072359334165e-01
7.049073391906174324e-01
7.448107489804087766e-01
8.038813452662664227e-01
7.694871131945266729e-01
2.530128708352446520e-01
3.329722371018670746e-01
7.058470429824527104e-01
5.460386429139370001e-01
5.201036420205986666e-01
6.082286890170574001e-01
6.425200055409400202e-01
3.495333766622297222e-01
5.532251740871471091e-01
2.650389575365972306e-01
7.519928641979560791e-01
7.783498941318741648e-01
6.291645387571691561e-01
1.200362277394541044e+00
6.437823499713268838e-01
4.473334783405986670e-01
5.449840693451983853e-01
9.435506566016336194e-01
5.150135214414017781e-01
5.697952733346903775e-01
3.860848343535887572e-01
5.731231602831290406e-01
8.235620400107410699e-01
7.417335805544431615e-01
8.937711047251780672e-01
7.154544324972922364e-01
6.086359854553975435e-01
6.157242115244753178e-01
4.238016052862472183e-01
7.927356670282007522e-01
3.931116449829223924e-01
7.242510441691036860e-01
5.093533653044759468e-01
7.913769677468753816e-01
3.466158619731564139e-01
8.537084544162605315e-01
7.165339752637274184e-01
7.824031379820406418e-01
7.298854272698860335e-01
2.794135175908595836e-01
6.119592843870546028e-01
7.995657821452363256e-01
4.161212975280845772e-01
7.278574715725173450e-01
1.681462018880131581e-01
5.060345295878349026e-01
5.696812045358312648e-01
4.477226135537542007e-01
6.554101620183236943e-01
2.257788983614575085e-01
6.505681150909427002e-01
6.381505871434026700e-01
6.129861030973723368e-01
4.002943111860322034e-01
4.430483154237611076e-01
7.706121447140520386e-01
6.647375790634965087e-01
5.489517201879599018e-01
7.408162696191101793e-01
5.812376207795167948e-01
3.460074985354878452e-01
6.826388326047475585e-01
6.563013411511090522e-01
4.950371195773561883e-01
6.584692998385345275e-01
5.281236432327277575e-01
9.460794661856480881e-01
6.288819953977109467e-01
4.500883226199591802e-01
7.955948852624861178e-01
5.494526590729895688e-01
6.608624714922061161e-01
5.338628920771960606e-01
6.708754495962674369e-01
5.583391828279682390e-01
4.617884895271327506e-01
3.793037573725761558e-01
5.327053574077510456e-01
6.018506279618844879e-01
6.269088137333646005e-01
3.840273728853315083e-01
3.683338141650596143e-01
6.110041149800674587e-01
8.632268686024945348e-01
6.643678530234502499e-01
3.661912474355326630e-01
5.309052272665528704e-01
6.928165747206840308e-01
5.850145916322270212e-01
3.276166291653463403e-01
4.512593408509805171e-01
4.091324670582168754e-01
5.156027939259927306e-01
5.348665626853096322e-01
2.286035089560513600e-01
6.569005529125429010e-01
4.294986093636609104e-01
2.659292752089810197e-01
7.079156597123374972e-01
8.180362448882481097e-01
8.102097438338962121e-01
6.654663001534052436e-01
6.025928390617757424e-01
6.176393643388116139e-01
2.943035732883264033e-01
7.952444976858401571e-01
8.164186623679903221e-01
6.767264576988745173e-01
3.008953627220026239e-01
5.099269542347112383e-01
4.713177463738487116e-01
7.129065663383353790e-01
4.699201318215358025e-01
5.345772001961436315e-01
1.988874490190000621e+00
6.283910861982756613e-01
6.273678741488564192e-01
6.561162910804982928e-01
3.708684440084736300e-01
8.289573589349437110e-01
7.393927659526292606e-01
6.583888025369697417e-01
8.348321872766725216e-01
5.662030227786762904e-01
4.795243193061893838e-01
6.345573838325804239e-01
4.360959070193934362e-01
6.368526498759832233e-01
3.521093890850865438e-01
9.050103130441659038e-01
6.096129010488450239e-01
1.906501608649357804e+00
5.138385026509947329e-01
4.982062408703081813e-01
4.496304140553983308e-01
2.215606746555399409e-01
7.409119475835072022e-01
8.160497922947919092e-01
5.325977882599451929e-01
7.358753541448315172e-01
3.809514105444009591e-01
6.801076074610030719e-01
5.699794701829359322e-01
2.981425224327262091e-01
6.620417052482422404e-01
4.440783224716599586e-01
5.023142727970717480e-01
5.464211614652201288e-01
5.027599196620048394e-01
6.075911899904682389e-01
5.195225390940484411e-01
7.390116709161869135e-01
4.791288315904862483e-01
5.867045942124046176e-01
8.039216830953427317e-01
7.665897724428042403e-01
4.897386581961041818e-01
5.209136229273658714e-01
1.845963509101614441e+00
7.475174360484099223e-01
3.302677380801072315e-01
6.819494837838776524e-01
6.713497450628405083e-01
4.956273475874359291e-01
6.166261704430140433e-01
6.231914107391569591e-01
1.162426736565031593e+00
6.087528274688948082e-01
6.259668127895319234e-01
6.508817707686479492e-01
4.851326724372674315e-01
4.352558264078905115e-01
7.086169107573832004e-01
3.348016018369694424e-01
5.007277892748694947e-01
9.284816990072138898e-01
7.837453394038994547e-01
6.823779818088206994e-01
2.281438563262380426e-01
5.828006205485066760e-01
4.552250181224964942e-01
4.609261042802211272e-01
3.949700376715896688e-01
1.204324858060469960e+00
4.050173011113176735e-01
4.676475137706269103e-01
5.056984269975198787e-01
3.410779392287517364e-01
4.632331528845259894e-01
2.831439156407040136e-01
1.215451549475877469e-01
5.907627011076901358e-01
5.481886959990088792e-01
6.257982412797323812e-01
4.079997387044076995e-01
5.281176140664497476e-01
6.915883878732357326e-01
3.675158942979285803e-01
1.958073247745676926e-01
8.209424466214186866e-01
4.947957803825835943e-01
5.079528325563760216e-01
5.131946233342138397e-01
4.452578052652660934e-01
4.478960637830641800e-01
5.817974199831442705e-01
8.258240060066365240e-01
5.351273549143352737e-01
3.095999890271357580e-01
1.177442430926234795e+00
5.609585567900552405e-01
7.375086500090760611e-01
5.811820098312967531e-01
2.136082925269078281e+00
7.948000013401135266e-01
1.537585863054359958e+00
2.307990852742740628e+00
1.221005914447481633e+00
9.051608203537266917e-01
1.104322567993727633e+00
1.414488673929910290e+00
1.132947380613338551e+00
9.976018327698243926e-01
9.336885091211177823e-01
1.299734282720658607e+00
1.530087899852450972e+00
8.833299899061506366e-01
1.055139499559074823e+00
1.878552196128980611e+00
1.274967868256173364e+00
1.248943720509198219e+00
1.128745641721272008e+00
1.584384957986818332e+00
2.176458820942818839e+00
8.881484127833187969e-01
1.318227196039935656e+00
1.455170745214692474e+00
2.284324396550831082e+00
8.787508049914751762e-01
5.295287565116474360e-01
1.040477903677319071e+00
1.555230391702242976e+00
1.101736680880395225e+00
1.007122774210476246e+00
1.402177127223185771e+00
1.253425953144413851e+00
1.333754639895560423e+00
1.538202432984194568e+00
8.948585777110381612e-01
1.294997993453959939e+00
1.516685474846082737e+00
1.768534834289613000e+00
1.378611519016626374e+00
1.533379013027236670e+00
8.749311458743340708e-01
1.179205807795880689e+00
1.370587415654411778e+00
7.571425863179446214e-01
1.009948350670518913e+00
1.432023436315269516e+00
8.552953095057587163e-01
1.139276801630227265e+00
1.363455405926669695e+00
7.068331992904514083e-01
1.117293481821373780e+00
9.577644811604202335e-01
1.269041261986961988e+00
1.074665151701538868e+00
1.093799754237834598e+00
1.311285132146235100e+00
1.032410193935850540e+00
1.400660604231004358e+00
1.204180249913719303e+00
1.128756336841903130e+00
1.547129114598907895e+00
1.404808565089663341e+00
1.492867584293492866e+00
7.388597429093644031e-01
1.009051567216046497e+00
1.007894554893576267e+00
1.528322426924823008e+00
1.388024843416800103e+00
1.540267063066533604e+00
1.351043858459080260e+00
1.336418070217418430e+00
1.276232616226386396e+00
1.003155075544928110e+00
9.489577593416332890e-01
1.233309507075884381e+00
1.289783712197901222e+00
9.054685930321263454e-01
1.446318637418021025e+00
9.749808631777233670e-01
1.703671126991457729e+00
1.861456675090758184e+00
8.682068526959129118e-01
7.890457356806787059e-01
1.221106305158517591e+00
9.899020194913483728e-01
1.294022834774221975e+00
1.297834484072860617e+00
2.165562915416390677e+00
7.756678524718716439e-01
5.914916400246517103e-01
1.286170140440644261e+00
9.184166998776117641e-01
1.210482681494101431e+00
1.825224068401174682e+00
1.296964644161918923e+00
9.974718425848164705e-01
1.042374262328521484e+00
1.137592457874604834e+00
1.093783991420140600e+00
4.387206663929882344e-01
9.699710854480476652e-01
6.531419655983575767e-01
1.410052994528829151e+00
1.224050677534125997e+00
1.318152531696179075e+00
1.452957884520070131e+00
8.533752896451980430e-01
1.778098732534366899e+00
1.117471186371092218e+00
1.132161402821134866e+00
1.113918789051870695e+00
1.766165790798382096e+00
1.701230643265386089e+00
1.244349844945566996e+00
9.233887467444130692e-01
1.633644316115642647e+00
1.579248787424492706e+00
9.713218687822333663e-01
8.119539521835075213e-01
1.055698831299932250e+00
9.646095779173756712e-01
1.164797176325957473e+00
1.252339454377876748e+00
9.627443088750040623e-01
1.556852869892580538e+00
9.977856680416121726e-01
8.803193045927879545e-01
1.636718753018268968e+00
5.748849467951617775e-01
1.179661988826722352e+00
8.118090723402892062e-01
1.219259020879839950e+00
1.241631326500975296e+00
1.008460597252951896e+00
8.834550789197812559e-01
9.414845004757905755e-01
1.196172384284408086e+00
1.017476282960239953e+00
7.977246533080075697e-01
1.040377631928989022e+00
9.525956779843455235e-01
1.062548557424736861e+00
1.054255058867716865e+00
1.552246103651178988e+00
8.480599715022300034e-01
1.191309344764706291e+00
1.142478495632905933e+00
1.011173119437082324e+00
1.021482720522824739e+00
6.534712715720343290e-01
1.885555213122589668e+00
8.685756391298213863e-01
1.062386419114726532e+00
1.572930897084988455e+00
2.110854313225731360e+00
1.352498090524474783e+00
5.738487444670193893e-01
1.607488092585506179e+00
1.230974198105095452e+00
7.425771579626734287e-01
1.256411004215082450e+00
8.046848179279469937e-01
1.303885329017202999e+00
9.775267165783029233e-01
1.160724717701030695e+00
1.442515920880906410e+00
1.407222180243045129e+00
1.072473449032587123e+00
1.188392431297367269e+00
1.305946227918610258e+00
2.256268297130768818e+00
1.043746251330697428e+00
7.738356781071140666e-01
1.317747721377288350e+00
9.992408328695290276e-01
1.278628071818777023e+00
1.174923766992732377e+00
7.999020383742131424e-01
8.504686405805401694e-01
8.985451099149891485e-01
1.014153194242540579e+00
2.352434763171119325e+00
1.189548989858207895e+00
8.960924790658950645e-01
8.915595558363210715e-01
9.865531119943831140e-01
1.403332273611178849e+00
2.004245363765443599e+00
8.893403441015402811e-01
1.533926749371694154e+00
6.616658199759445358e-01
1.023031629732137127e+00
8.368631245148949738e-01
4.370965750005830763e-01
4.269525984409170416e-01
7.299258498534860751e-01
1.186445058221513360e+00
1.086315977606732597e+00
9.286241850261011122e-01
1.125191028450353459e+00
1.203522836277298502e+00
1.224705907786494352e+00
9.014253597479761071e-01
1.909138440363853606e+00
7.602378330727773692e-01
6.942508800209430397e-01
1.203933608361064556e+00
1.389842583627607375e+00
5.452883229931334563e-01
1.106683647308779328e+00
7.617829189172223847e-01
1.335373883253744509e+00
1.357681394066819092e+00
1.167231564983908454e+00
1.341024451142946106e+00
1.049528522333126102e+00
9.586512958523408789e-01
1.262507234310085602e+00
1.043643196404704598e+00
1.395063686320139995e+00
8.113214512882649387e-01
1.384766279463042205e+00
1.158038545394526553e+00
8.597187491226663258e-01
1.080548387242853403e+00
1.213326733613879327e+00
1.037041474985759493e+00
1.068783215785644058e+00
1.196342613115534137e+00
5.950627268813245552e-01
8.415416632594161506e-01
8.986029735893846793e-01
1.156381643322935915e+00
1.066829434177867908e+00
1.490236676818393002e+00
9.950061522163811123e-01
1.186208701062811954e+00
1.103412720429837401e+00
1.013753688864539537e+00
9.864640388317863495e-01
1.049273743938498260e+00
6.362953469016673358e-01
7.617861466090478650e-01
1.266928080834061721e+00
7.524527132816001274e-01
1.135381084949745434e+00
9.646393155212206194e-01
1.292032191526454543e+00
1.423504161043030125e+00
1.255038305876964522e+00
1.170527794518781306e+00
1.099187948017813277e+00
1.279237336497188293e+00
1.012739128697129676e+00
9.212360458742571145e-01
1.062324203123873545e+00
1.325089974882644794e+00
9.536762308229509433e-01
1.205506189324694555e+00
1.169419119693244413e+00
1.866490362386141300e+00
1.017806513646729805e+00
7.918394733216023162e-01
6.658176188672242368e-01
8.475213021476714070e-01
9.011978335261527917e-01
9.020189988656293067e-01
7.977414605553947435e-01
1.013566067038112140e+00
7.715859549919954485e-01
3.766199378230698502e-01
8.811308731557198071e-01
8.916110249914680486e-01
1.118158274720931322e+00
9.048259892540326810e-01
8.870963130683032771e-01
1.356412784572486263e+00
7.523863699899044910e-01
7.680310354018285990e-01
9.890755246580783533e-01
1.215223345901846663e+00
1.077583391572532578e+00
8.544754885758422125e-01
1.037095101905906258e+00
1.195347275721515334e+00
7.935209416466298959e-01
7.918877747652660615e-01
9.592233208410252399e-01
1.042089131132236668e+00
1.265593081810700848e+00
1.196350978250214192e+00
9.724491419186840346e-01
1.177704328975745618e+00
7.051364990506823194e-01
9.671947880941530462e-01
1.143844320578215168e+00
1.428308621169742221e+00
8.915176894836441823e-01
6.772530009300453679e-01
1.083094954944697985e+00
7.772950344133549017e-01
1.309193203743558520e+00
9.595713827395414564e-01
1.158128401152360265e+00
5.323970210218604837e-01
6.763295368609926195e-01
8.533042015581833173e-01
1.262186751351160874e+00
9.595457606187994815e-01
1.272416967809415489e+00
1.043923414306700881e+00
9.228697227349448307e-01
1.080343294731092474e+00
6.608529623429345579e-01
9.535169475236096037e-01
3.410610981458542246e-01
1.100175104805706017e+00
1.200479845548535485e+00
5.147746199763186814e-01
8.872135051579320697e-01
1.042414576990535080e+00
1.252118565288016461e+00
1.703427584803057560e+00
8.763949778694721804e-01
6.472244024522619821e-01
9.716108434058792209e-01
1.023910308920910284e+00
1.082617421519656897e+00
7.842332965326835881e-01
8.734328932932720058e-01
9.047023106259018954e-01
9.869050881946505038e-01
1.273594146875908661e+00
1.019337016270587926e+00
1.898597495576521021e+00
1.941587979714891610e+00
1.491372629532133010e+00
9.057700327821979203e-01
6.409035544927990102e-01
9.987135150810063644e-01
1.023656789724394889e+00
1.093316442998423899e+00
1.042499087873404173e+00
8.110254314610346738e-01
7.623884849290367693e-01
6.598939355939719142e-01
1.034786191752213647e+00
1.138668916379957041e+00
8.028100738535391967e-01
8.303207760696967865e-01
9.540853132126072556e-01
9.588522681551103766e-01
9.330071383750768721e-01
6.992245692891544406e-01
1.073889297865143311e+00
7.857149500823847887e-01
9.050733042098958459e-01
1.090382768237977862e+00
1.486916655573896850e+00
4.487726954827682135e-01
7.486777269647747479e-01
9.535232121933973071e-01
3.750203100647873655e-01
1.051038975090608174e+00
7.104751121429193628e-01
1.242890881497589417e+00
9.048399993120532780e-01
1.075875147572594281e+00
8.285491219767872062e-01
5.830894566893162212e-01
6.833473390698731054e-01
1.395799458912968527e+00
9.763066499310321111e-01
8.737086593324024930e-01
9.777607887094591499e-01
7.202360004181458386e-01
1.014189946085110039e+00
1.039482120638443696e+00
5.482470782212898186e-01
1.148706087026756029e+00
1.215441267409473891e+00
1.015760935499552930e+00
8.273322933946838376e-01
9.557651124299829659e-01
1.110597632008966995e+00
9.723360222009796994e-01
9.141304872898744494e-01
6.543899247782815065e-01
8.780212224979869751e-01
1.291506320737743740e+00
1.375635853808005571e+00
8.381714613896971144e-01
1.443352441126620755e+00
7.411513054313143556e-01
1.097410440616057192e+00
1.431620133421963814e+00
5.958910717215827324e-01
1.518765031281103628e+00
1.092503050273990528e+00
8.153433487498554788e-01
8.057801836414870689e-01
9.968177498280176296e-01
1.023685761251083015e+00
8.671102105405356086e-01
8.527911189822291460e-01
7.094221773221460747e-01
1.158557558819005795e+00
8.285005115755889049e-01
1.235566038649161147e+00
9.201667292984532232e-01
1.746869578763602604e+00
2.121232574376652025e+00
1.310613640317065842e+00
7.595476168173908027e-01
7.474333486824225048e-01
1.015945536788123604e+00
1.147676593899007225e+00
1.006432635543203835e+00
2.046103365895643567e+00
7.742495967018300229e-01
9.415466035370955167e-01
9.574525890654156379e-01
1.482653315452191034e+00
1.232552291324606974e+00
8.595661651365058553e-01
9.639243585149351867e-01
7.523864213235813558e-01
7.795471505289350844e-01
4.181616255383936998e-01
5.564622118007734874e-01
1.100006015437622775e+00
1.035726438887667689e+00
9.614478070938673460e-01
1.035337684784819912e+00
8.275674679435268688e-01
9.733323107623258474e-01
7.569477069446433060e-01
6.715956962684558329e-01
7.900732804470541604e-01
6.589606238020937479e-01
5.377886061308984056e-01
5.094517749787791372e-01
6.879559801340990877e-01
6.680957858084034529e-01
5.231390296768251291e-01
7.783712494235439650e-01
8.568618028098698991e-01
9.201660099006423454e-01
5.512577454298470681e-01
4.750550783179113279e-01
8.960843948472870801e-01
5.194235041815862264e-01
6.343164442447818407e-01
1.641720285762100051e+00
4.655481767882470034e-01
3.701069220948983163e-01
9.994957372504367221e-01
9.998617518040993080e-01
7.733487984039260077e-01
4.730107386563324745e-01
9.813852007641276076e-01
1.053873601894226075e+00
6.712095276198042360e-01
9.226417207410908539e-01
1.103701403223585009e+00
5.379597697826097313e-01
7.381944243739599898e-01
7.764496862510170683e-01
7.935015561264063821e-01
7.330574087889186741e-01
1.600627013057837500e+00
1.361001514236298338e+00
1.555757734486281185e+00
1.408401781717788515e+00
1.041847052772894244e+00
1.207993104651514882e+00
5.011913761498362208e-01
3.016739160746709780e-01
1.091695171782920193e+00
1.153779442845393577e+00
8.165004332542958876e-01
7.803480236478514964e-01
6.000241246393490657e-01
7.056485962850164162e-01
1.758704086418148904e+00
1.439534191027379562e+00
7.867025680488897166e-01
7.095807742305647592e-01
6.870583563697260088e-01
5.158486406498686838e-01
6.919359745613363755e-01
7.436653368118530949e-01
5.242934448502255540e-01
1.034257354893089786e+00
8.463882439865190177e-01
6.059330895664143402e-01
1.659542814020736001e+00
1.501547016272848145e+00
8.957170051183527271e-01
9.703006811467751458e-01
7.723745821709879777e-01
9.523761637355478982e-01
6.149533073136548289e-01
5.026118073750235338e-01
1.281122878670120757e+00
1.205893798959424057e+00
6.895409539570435120e-01
1.516730514544662567e+00
8.563784784419531393e-01
8.831898997769110915e-01
7.034599811952206849e-01
8.431555757749215063e-01
1.732513071010267192e+00
7.474101348527545374e-01
7.775837580865304632e-01
6.036734107281088724e-01
7.626323570588369183e-01
1.439898048613496906e+00
1.160367177741088662e+00
8.955510082316785470e-01
7.836094858874027569e-01
7.421950155860015386e-01
5.736043108647351785e-01
8.333087162659456038e-01
7.465480456429445244e-01
1.162400446453498271e+00
9.894900728777376031e-01
6.053079983184246338e-01
1.263322813166317005e+00
9.291991285383728316e-01
5.774434818558731308e-01
8.035469543229154521e-01
6.200877056333959914e-01
5.807346373564382658e-01
3.774316856653546215e-01
9.823582151191724288e-01
5.803151432039673763e-01
1.409899626299736530e+00
7.005381445620550984e-01
4.283402787868647033e-01
4.902073658978304271e-01
4.883822564031839453e-01
4.659382035301031788e-01
1.146249235423243640e+00
4.469822576208124509e-01
5.108164150080024557e-01
8.119052410080729310e-01
2.881672020373397536e-01
7.023017863964854390e-01
5.587003354981117109e-01
7.122307331964002897e-01
7.384379993844505385e-01
7.794536581203708181e-01
6.710553266993458665e-01
7.520681844124772475e-01
7.444820985620456133e-01
7.946038194361744189e-01
7.904877335582789488e-01
5.401541212113947221e-01
3.687460891048135458e-01
8.263081172210468006e-01
5.049376091741782924e-01
6.205079840221778831e-01
3.658379783191738066e-01
1.670623681090516621e+00
7.730917673731682038e-01
4.622001855524898173e-01
8.531252376386387892e-01
8.538599963925839198e-01
9.560983474109370217e-01
9.538287974566003191e-01
6.808594428703106383e-01
2.427183602654846006e-01
2.577630414682677285e-01
4.257391285893189492e-01
2.416903898494869030e-01
2.864542805852949847e-01
1.635404491293217299e+00
8.563010659277234815e-01
7.290653448561145167e-01
5.014847982176136032e-01
9.866995810107632714e-01
5.564351038550774398e-01
9.042243794840325588e-01
5.547663636728691339e-01
8.319668130045402288e-01
1.518526295703023665e+00
6.620552588489213575e-01
6.682316640930113794e-01
1.118668846718304577e+00
8.917957497888299168e-01
7.954541611398412426e-01
8.789831825543753530e-01
6.805526957158526402e-01
7.205706424704910740e-01
8.050298070995285382e-01
9.802010158054849098e-01
4.303246345986203591e-01
8.293710569588366166e-01
3.973742156375237866e-01
7.765234396715000598e-01
6.434082911625251811e-01
7.592039904603689049e-01
8.813500320010368982e-01
7.633306971581960143e-01
7.165508568436341763e-01
7.821942675659406818e-01
1.403569464865397576e+00
1.073480053753006924e+00
1.430078360092760459e+00
1.661483105679397942e+00
1.161300841408186901e+00
9.566885018397005558e-01
3.052370674294759278e-01
3.573364967953210902e-01
5.769833364710411638e-01
6.289948744198544661e-01
1.362464183693681496e+00
6.046079272517547176e-01
4.210915806745046952e-01
9.131624961815959507e-01
6.815239510816883950e-01
4.414100987579116508e-01
1.260422113291995938e+00
6.921208959525787519e-01
1.135619465851580800e+00
6.656468592872931689e-01
8.358365973287360529e-01
7.436977331723274576e-01
5.298181584495023078e-01
7.580027621018993189e-01
1.016247131641353274e+00
9.128213492256602724e-01
4.277443050033569172e-01
4.015871841820323196e-01
9.440444486515808808e-01
3.899893102977116111e-01
6.671157309821117432e-01
9.821145300207531070e-01
6.809763861576249022e-01
8.838553675495419704e-01
6.419063608532354914e-01
5.264941175203368129e-01
6.274995423204390299e-01
5.368186515373447598e-01
3.114268714689886197e-01
3.486817792587316722e-01
6.319811842393080470e-01
3.959794309493687159e-01
1.233253280791747786e+00
3.765734588607814737e-01
6.544538708510619918e-01
5.006312024309054198e-01
1.246131448263701369e+00
4.878895422717982600e-01
1.137616903661002210e+00
1.525802892870100624e+00
6.770620527409311196e-01
5.837606112665966185e-01
6.003113876885631806e-01
7.152227501580332714e-01
6.501264370452678465e-01
8.919055076827462347e-01
5.379652890740730387e-01
1.200369245587572076e+00
7.346540362904708799e-01
7.940607434017995514e-01
7.682928499971694025e-01
3.248606711381017420e-01
1.698983916341481049e+00
5.432719521607134450e-01
5.774858164504469427e-01
8.143202203062740452e-01
5.297808609678388292e-01
4.560412969235927982e-01
1.034537962126072630e+00
2.158840207010233492e+00
6.844960820510690436e-01
7.573488994365528137e-01
4.824102899708382353e-01
5.875025594488648695e-01
5.863319670888142987e-01
6.215132645195746708e-01
3.832484661541386006e-01
5.526598711537165087e-01
5.209783626680057900e-01
5.831650234798201327e-01
9.154652758605543728e-01
2.857132899967254613e-01
4.943573679799425080e-01
4.759885384359151539e-01
4.182248956079092639e-01
6.026146298010415236e-01
8.123209166628080347e-01
6.514771227056130876e-01
7.433632755882523258e-01
5.349952598083812516e-01
1.299809464123132141e+00
3.482333367790311773e-01
6.682955383730703192e-01
6.149359156623372957e-01
4.026458230120250059e-01
3.997853379290530196e-01
7.548821116109601936e-01
3.634445954686926217e-01
3.695690273953607941e-01
3.497688916463021491e-01
5.322712555300764814e-01
7.406720533397761486e-01
8.235243570945917080e-01
6.684667427806204598e-01
5.830358218959283967e-01
4.310121329363258424e-01
4.763897039388249044e-01
5.921741676102204588e-01
6.268179226820614902e-01
7.185558835612672057e-01
5.480742941451578476e-01
6.254456968809560813e-01
3.540252120477715425e-01
7.025753560757826977e-01
4.432375741474247621e-01
7.584482903104267093e-01
6.677236169396730814e-01
6.711190515557484693e-01
7.035217863478111511e-01
6.328855110855657884e-01
5.466195301512906113e-01
5.905457506948722513e-01
4.979350780377208019e-01
5.521977404576214887e-01
5.676940540122122902e-01
7.456739081837795435e-01
6.084156956462467569e-01
5.466574280609001191e-01
