chirp_mass
2.381133497124744380e+01
3.008034531556431901e+01
3.008034531556431901e+01
6.751402035127706824e+01
4.031195042705528664e+01
3.500165219236086500e+01
5.383151578713788155e+01
3.846167286156507004e+01
4.810743905548649479e+01
2.232019079558596886e+01
2.457498817199617136e+01
2.563000042355987773e+01
2.563000042355987773e+01
2.264446619610867728e+01
2.627620670016924009e+01
2.523765198457356718e+01
2.523765198457356718e+01
4.029583827255113704e+01
2.766543451336348625e+01
3.092677895851298686e+01
3.385884963039394080e+01
3.716673802583105157e+01
7.201652041556724271e+01
5.830555751240496676e+01
3.283452386184886507e+01
5.816607380236565916e+01
5.932546362431725129e+01
4.743528315280543950e+01
3.368535689883967876e+01
2.876824599588612230e+01
2.876824599588612230e+01
3.020782022079970019e+01
2.446929882247544441e+01
2.907587467378487034e+01
2.968379276995696614e+01
4.782845509005097284e+01
4.721802148185071246e+01
4.466119471910137406e+01
3.539434801962762123e+01
2.918471708033196776e+01
5.103909737677337688e+01
5.103909737677337688e+01
3.365640387689596480e+01
6.320811785208699973e+01
6.320811785208699973e+01
4.433477889998464150e+01
4.273856373765208616e+01
2.659318018992659916e+01
6.154899585805596018e+01
2.709393689581131781e+01
3.374981575765447417e+01
4.929731242450964146e+01
4.089116397244668377e+01
3.146387340399330057e+01
6.365562116124328895e+01
2.942456471359909287e+01
2.942456471359909287e+01
2.650470533765939862e+01
2.786998746028780261e+01
3.410553298582442494e+01
3.494228121288834643e+01
3.382537986235868033e+01
3.382537986235868033e+01
5.195052874654921737e+01
2.929638884189927595e+01
2.873939504555682944e+01
4.546721616594809490e+01
2.910848277851308907e+01
4.336560713302995396e+01
3.238615106302996338e+01
2.464276629311617839e+01
4.710294053307745088e+01
3.094180378587917346e+01
2.751885971413716447e+01
7.894176144135026618e+01
2.168099415027143095e+01
2.630175161756450919e+01
4.100992042256275028e+01
2.757826831516112165e+01
2.925960865898478858e+01
2.273969085661887846e+01
3.488639787620376609e+01
3.488639787620376609e+01
3.646798011319616961e+01
5.350712550484364272e+01
2.759853144053137441e+01
2.759853144053137441e+01
2.759853144053137441e+01
3.152365711309299101e+01
3.152365711309299101e+01
3.312939649100071904e+01
3.073322197800760236e+01
2.988530160664732094e+01
5.850557969832721739e+01
3.125052752220522834e+01
3.281576756750517632e+01
4.617006563432840949e+01
3.276820305026520685e+01
3.439744878889855073e+01
2.398361014447618444e+01
2.925935210184209367e+01
2.925935210184209367e+01
2.496017112254707371e+01
2.797977533003938788e+01
4.335762451332696088e+01
3.198120109461708083e+01
5.734762323648180171e+01
3.313719152834308801e+01
2.800243284096198693e+01
2.010356029074730344e+01
2.499888139830439115e+01
7.303304535666285346e+01
2.757726623103686592e+01
2.757726623103686592e+01
6.568299665795176168e+01
3.532623971392664686e+01
2.405149476524618279e+01
2.405149476524618279e+01
2.284230430506988796e+01
2.895567522249638870e+01
3.595765237526154579e+01
3.595765237526154579e+01
3.071002372844597872e+01
3.071002372844597872e+01
3.027715174700272627e+01
3.027715174700272627e+01
3.207073441087747057e+01
3.305228287924585828e+01
3.194383541335383114e+01
2.983660853866025064e+01
3.554752284701863374e+01
3.554752284701863374e+01
3.064600118192926814e+01
3.483401025011832530e+01
6.711179094173778026e+01
5.541303349167399261e+01
5.541303349167399261e+01
2.384528626935646045e+01
2.384528626935646045e+01
2.283983452109871948e+01
2.283983452109871948e+01
1.843696436985005604e+01
2.423643931061228329e+01
3.784222001090435583e+01
3.593800364092201249e+01
2.308813328470506576e+01
4.134250446117675892e+01
3.801437398749183671e+01
3.147005754688205315e+01
2.326007120705347475e+01
3.689263741045377287e+01
2.908069689960903759e+01
2.908069689960903759e+01
3.112710903864120482e+01
2.427284559982464884e+01
3.279056523031869119e+01
3.279056523031869119e+01
2.812665368550769429e+01
2.902573734746128764e+01
2.902573734746128764e+01
3.084503279053759428e+01
3.084503279053759428e+01
6.852239935965329209e+01
3.512655812121012389e+01
4.390672965119584603e+01
6.552160792150806401e+01
5.458872084357140153e+01
2.892018297232494106e+01
2.752454159959028956e+01
2.318848821393888571e+01
2.318848821393888571e+01
3.120546249354892865e+01
5.914209870185612772e+01
3.651914260050388350e+01
2.208182996979727264e+01
2.208182996979727264e+01
2.208182996979727264e+01
4.913959036726125618e+01
4.913959036726125618e+01
2.949535184496760820e+01
2.949535184496760820e+01
2.516944927543465838e+01
2.258556290356318286e+01
3.485554812625932897e+01
1.353909427233476670e+01
2.580295077916409952e+01
2.580295077916409952e+01
4.539530233437321272e+01
6.082152056025299203e+01
2.586438748110988683e+01
3.429262687360562722e+01
3.047626307744256025e+01
3.387965687437193907e+01
2.945039096462873118e+01
1.932513974841321058e+01
2.392283833698051509e+01
4.218476485897254236e+01
4.218476485897254236e+01
6.375276706073069732e+01
2.761033495443785313e+01
2.761033495443785313e+01
2.968553079601667832e+01
3.207481660163717407e+01
2.408336399778804804e+01
3.077817635275059871e+01
5.251527200459071310e+01
4.028097516280071488e+01
2.227933615270289636e+01
2.227933615270289636e+01
2.471519279361188737e+01
2.345551148555315990e+01
2.737595674849700700e+01
2.737595674849700700e+01
2.812480017492632811e+01
5.256316004894634375e+01
3.132691434525575147e+01
4.582856656078083546e+01
4.260143502934283788e+01
5.805655778245976251e+01
3.087210493982617621e+01
4.130479654741905904e+01
2.065493454105327231e+01
2.568996614987340266e+01
3.074131714114438552e+01
4.935427105052135488e+01
3.971752835337329657e+01
6.545957037309322857e+01
4.225196879080992574e+01
3.907976010362441599e+01
3.907976010362441599e+01
2.488410441520535699e+01
2.542493881116698162e+01
6.006348047564821968e+01
2.725565988396971662e+01
2.845268969720043017e+01
2.251816661618791215e+01
4.047364594999893939e+01
6.846971705135703701e+01
2.742096579771859766e+01
3.599258669140950673e+01
3.003675151505223795e+01
5.356571881598257789e+01
3.693999556836399023e+01
3.392864345129464709e+01
2.842974646001987082e+01
3.049865981458101061e+01
3.049865981458101061e+01
3.522608531272202725e+01
2.767630889945114703e+01
6.564103472053930943e+01
2.285164918350829311e+01
3.039457114356512690e+01
3.145976402458146737e+01
2.566254394037602182e+01
2.542209797412510852e+01
3.952263844208901133e+01
2.436852239591463132e+01
2.436852239591463132e+01
2.434192685184864402e+01
2.434192685184864402e+01
2.984291636299930772e+01
2.784492613540380290e+01
2.364106090276904482e+01
2.364106090276904482e+01
4.068004751694108734e+01
2.393198276785332013e+01
2.393198276785332013e+01
5.073220440309464152e+01
2.829534745869927903e+01
2.860306049593586408e+01
2.860306049593586408e+01
3.938678320668348221e+01
4.752611574871038869e+01
2.535621387124841064e+01
2.535621387124841064e+01
2.619756935334721604e+01
2.387875320022067882e+01
2.882623201388631173e+01
2.721004603270427680e+01
4.425534904441615680e+01
2.217121882255656118e+01
2.746982070561625022e+01
2.527628632975407186e+01
2.101974820987203785e+01
4.757678651763184519e+01
3.639923824218605120e+01
2.784363077880582082e+01
2.264212819725723591e+01
2.319765427372542277e+01
2.319765427372542277e+01
3.026167915122144692e+01
2.421271549888101760e+01
3.661175574637725560e+01
2.391143271743363030e+01
2.391143271743363030e+01
3.873777948220454448e+01
2.558840495217581079e+01
2.213547372332388008e+01
2.130754951139660847e+01
2.644336101827639851e+01
2.644336101827639851e+01
2.879087451470855541e+01
2.879087451470855541e+01
3.695024277895945630e+01
2.995767924501241097e+01
2.199838326429370028e+01
2.199838326429370028e+01
2.199838326429370028e+01
2.735552199913981397e+01
2.308965752266034599e+01
2.104316044334614233e+01
2.104316044334614233e+01
2.792975901029723218e+01
2.792975901029723218e+01
2.406364707545920467e+01
2.511804286955024423e+01
2.530613336133756874e+01
2.530613336133756874e+01
2.530613336133756874e+01
2.530613336133756874e+01
2.154908160017091845e+01
2.154908160017091845e+01
2.441213897737706873e+01
3.968242253690313248e+01
2.987908549927440660e+01
2.838486422443800805e+01
2.977951372161392740e+01
3.032971523521451473e+01
3.037055899104817414e+01
2.789612696876884002e+01
2.439201063247562828e+01
2.863149679904684319e+01
2.834340717556723277e+01
2.836670376345057321e+01
2.836670376345057321e+01
2.269071036118840823e+01
2.269071036118840823e+01
2.142838609080787293e+01
2.217276032361942839e+01
2.217276032361942839e+01
2.318090061919235367e+01
6.270773101911678538e+01
2.352030926555964641e+01
3.054998345361680023e+01
3.071881600733861006e+01
4.274691786198112453e+01
2.817827182953343268e+01
2.433640216329688144e+01
3.155885605231230784e+01
2.618131791714675671e+01
2.618131791714675671e+01
2.874289141613232701e+01
2.427858851161768783e+01
2.490654751837436365e+01
2.407521281398305746e+01
2.407521281398305746e+01
2.771545803208490000e+01
2.583315351002745075e+01
3.660491470707236061e+01
2.435193546525455943e+01
2.435193546525455943e+01
2.802719537366387925e+01
2.802719537366387925e+01
2.802719537366387925e+01
4.165902708953193212e+01
1.964798002333478522e+01
2.559133961779562583e+01
3.044917640994349384e+01
3.201354423832015783e+01
2.885737156916058765e+01
3.458159802969632324e+01
3.924190021689109642e+01
6.224114598957818600e+01
3.042704901355156366e+01
2.117588264695575972e+01
2.117588264695575972e+01
2.536596258550903826e+01
2.156910413463992171e+01
2.156910413463992171e+01
2.715872852327488474e+01
3.501358479949616509e+01
2.878142762967332757e+01
2.564739295940528052e+01
2.564739295940528052e+01
3.313047641052941827e+01
2.635172544956254015e+01
3.003540376288357194e+01
4.236300927618424339e+01
2.372599469897472702e+01
2.444397029734428273e+01
2.755443893425087865e+01
2.755443893425087865e+01
2.559513432416292744e+01
2.559513432416292744e+01
2.751014099969090410e+01
2.760175368368119564e+01
3.741616273773536960e+01
2.669343079577117095e+01
4.400590615582049026e+01
3.119882284703134090e+01
2.275926036132372943e+01
3.337253717141295084e+01
4.239042577160569891e+01
2.645467990504395672e+01
2.616486575247542845e+01
2.616486575247542845e+01
3.318558092203252841e+01
6.016127418115275560e+01
4.245034132453882592e+01
2.751053835765121747e+01
2.691100489812743035e+01
2.510471550371382321e+01
2.860971347744088789e+01
2.035602840349450204e+01
2.035602840349450204e+01
2.718271883702892566e+01
2.188273722834858148e+01
2.894655990123212064e+01
3.308186883392787792e+01
2.775966982538140826e+01
2.775966982538140826e+01
3.340822520660415051e+01
4.928153413402475280e+01
2.297458396038201300e+01
3.490189141098274206e+01
2.924987213230732763e+01
2.384452365410590247e+01
2.441045253446408481e+01
5.618028519347065242e+01
3.098748630610264954e+01
2.674844833451555104e+01
3.058940563177248606e+01
3.058940563177248606e+01
2.659902333234271410e+01
2.919450826377699926e+01
4.325336994319513906e+01
5.116143605050697118e+01
2.809234058573625248e+01
2.765945918302982776e+01
2.894168730312295779e+01
2.944101147650037831e+01
1.937988484642204767e+01
1.937988484642204767e+01
2.676760153877404136e+01
2.676760153877404136e+01
3.425245972183912357e+01
3.222783142321657124e+01
2.898671651288204032e+01
3.013980676504979783e+01
2.465899457990163768e+01
2.758808276900707668e+01
2.296036685084049722e+01
3.059473342490424486e+01
3.059473342490424486e+01
2.678077230552731081e+01
2.336390689491660666e+01
2.336390689491660666e+01
3.077269741423088689e+01
3.077269741423088689e+01
2.774188050788599824e+01
3.225730566847254011e+01
2.488884139452796873e+01
3.144778510716129816e+01
2.689420712006428715e+01
3.191019887457080983e+01
2.177311176137167692e+01
2.250558115656268043e+01
2.250558115656268043e+01
2.550443826935509151e+01
2.792351089176456469e+01
2.792351089176456469e+01
2.684836904713161587e+01
4.251741743465893109e+01
3.294273082888436477e+01
2.866217631652024878e+01
4.226903580256089299e+01
2.938691064972358546e+01
2.938691064972358546e+01
2.613324324108199903e+01
2.333472603057679962e+01
2.333472603057679962e+01
3.432127682696208382e+01
3.590923195934263390e+01
2.699772793936802984e+01
4.551135979063680281e+01
2.991459940323660760e+01
2.991459940323660760e+01
2.419169013614424912e+01
2.419169013614424912e+01
2.419169013614424912e+01
2.769285115970971134e+01
2.972696331009207071e+01
2.763168296023985349e+01
2.561395508701292201e+01
3.117331487095876952e+01
3.117331487095876952e+01
2.910096504728715416e+01
2.910096504728715416e+01
2.813007342711373582e+01
2.802404392277936651e+01
3.158164464790860748e+01
2.670582734690764681e+01
2.075391277319244665e+01
2.948157667637444490e+01
2.442077151719177408e+01
2.971298379460943906e+01
2.687975242911794638e+01
2.455243239821935930e+01
3.048512932152921451e+01
2.934702770659171023e+01
3.554182729696052689e+01
2.121899316301117366e+01
2.121899316301117366e+01
2.778571605613337070e+01
2.778571605613337070e+01
2.778571605613337070e+01
2.859629156544630391e+01
2.859629156544630391e+01
2.952066677212238588e+01
2.450149343083411679e+01
2.702581952502079332e+01
3.135869659901048223e+01
2.611616971115448393e+01
2.455765446140454245e+01
2.857910177401392104e+01
3.649922409028965120e+01
2.105338096415889382e+01
2.105338096415889382e+01
2.105338096415889382e+01
2.105338096415889382e+01
3.186740934906507405e+01
2.322362793893064392e+01
2.322362793893064392e+01
2.305750636244048124e+01
2.035697478140152228e+01
2.537556018572329819e+01
2.521458651960796260e+01
2.909120583757838219e+01
2.909120583757838219e+01
2.107050473441528027e+01
2.107050473441528027e+01
3.221076807841679113e+01
3.178732576830852352e+01
3.017988641207815093e+01
2.781221304564520835e+01
2.831400373073512000e+01
2.115747264708133812e+01
2.115747264708133812e+01
2.841190066688222871e+01
1.999276875930166497e+01
1.999276875930166497e+01
3.266605340955907621e+01
2.902553866053451515e+01
2.902553866053451515e+01
2.451573542621684965e+01
3.185613543413104054e+01
2.323290405521148827e+01
2.323290405521148827e+01
2.476532141603600223e+01
2.988660498947698585e+01
2.585475648432060680e+01
2.585475648432060680e+01
2.945352539371687683e+01
2.838700995818083683e+01
2.478124353480172104e+01
2.862574357294354854e+01
3.065362111508798648e+01
2.910304361725535927e+01
3.427586183389309582e+01
2.733419866743497550e+01
2.733419866743497550e+01
2.752622432778014172e+01
3.255494494252383930e+01
3.255494494252383930e+01
3.080813501228012896e+01
2.858961883046650243e+01
2.858961883046650243e+01
2.919042506384741031e+01
2.891284623477168481e+01
2.216162189570323449e+01
2.216162189570323449e+01
2.216162189570323449e+01
3.260593970985637924e+01
3.081118534312101787e+01
3.081118534312101787e+01
2.797840668818785304e+01
3.070295114960681104e+01
4.806676642188504900e+01
2.688613254168248190e+01
3.125243756297952658e+01
2.206672870470559289e+01
2.325630669487644653e+01
2.816114174191990571e+01
2.303029187088047536e+01
2.492914339149170644e+01
2.492914339149170644e+01
2.795960344156959820e+01
3.225099620856103400e+01
2.464276972228329043e+01
2.464276972228329043e+01
2.541823123211868207e+01
2.494477832881447199e+01
2.494477832881447199e+01
2.643093184533313789e+01
3.013781007906947806e+01
3.453253191692742519e+01
2.273806715601982731e+01
2.273806715601982731e+01
3.409794251140648669e+01
3.219488596966623817e+01
3.219488596966623817e+01
2.272366634069998881e+01
2.041552082742141039e+01
2.041552082742141039e+01
2.041552082742141039e+01
4.320871112551353121e+01
3.372176839765234746e+01
2.504234829869388079e+01
3.487027224681099824e+01
3.015388227530946708e+01
3.422912123730832690e+01
3.232030525332162085e+01
2.988095948758162734e+01
2.988095948758162734e+01
2.762608099455427180e+01
2.129118975778037637e+01
2.129118975778037637e+01
3.090411551233912490e+01
5.268941455866904278e+01
2.233276743705443934e+01
2.579752724573261702e+01
2.579752724573261702e+01
2.579752724573261702e+01
2.579752724573261702e+01
2.289059072546483975e+01
3.181839622466242545e+01
3.181839622466242545e+01
2.813634835616981178e+01
2.452531763458383907e+01
3.388662439401342397e+01
3.066481716197494478e+01
2.818621914128782535e+01
2.682831963096612782e+01
2.859125615717719882e+01
2.822946959286382196e+01
1.963818670968311153e+01
2.090617839066145223e+01
2.090617839066145223e+01
2.473751747707587612e+01
4.111903216372306247e+01
2.108486285799500948e+01
2.108486285799500948e+01
2.827148396952525289e+01
2.827148396952525289e+01
3.168953635565950577e+01
3.168953635565950577e+01
3.022909864070618724e+01
2.762428500255665753e+01
2.133595146597821213e+01
1.905950415135244214e+01
1.905950415135244214e+01
3.333045839536644195e+01
2.314173425015634677e+01
2.314173425015634677e+01
2.314173425015634677e+01
3.104915353348152962e+01
2.934170503628643090e+01
2.934170503628643090e+01
2.498140835033586526e+01
2.603029150038175743e+01
2.603029150038175743e+01
2.100681125043627162e+01
3.026034673552357290e+01
2.544444398347954461e+01
3.177337679960850636e+01
3.717279887211391554e+01
3.169753559832672707e+01
3.177795518904715522e+01
2.211121288346430447e+01
4.468797432679392045e+01
4.468797432679392045e+01
2.683475467153758132e+01
2.683475467153758132e+01
2.612562203593618548e+01
2.612562203593618548e+01
2.612562203593618548e+01
2.013603618496974335e+01
2.719394343510305845e+01
2.966371634164556781e+01
2.966371634164556781e+01
3.179914066538268713e+01
2.251486617958498826e+01
1.505884537450127425e+01
3.140314920209923244e+01
3.140314920209923244e+01
3.127705155093146772e+01
2.543221450760367830e+01
2.896717449905360553e+01
2.906973154980711627e+01
4.423575724897207095e+01
1.935200290007350432e+01
2.666151473045157871e+01
2.910508599852669320e+01
2.545845457243195398e+01
2.141426241856052926e+01
2.141426241856052926e+01
2.877781156043671018e+01
2.877781156043671018e+01
2.877781156043671018e+01
2.067780138723716732e+01
2.067780138723716732e+01
3.115886351196343185e+01
3.417561525607539608e+01
2.655026546779470564e+01
2.950758025090757286e+01
2.272225954464876096e+01
2.506586790678542442e+01
2.721779573085650483e+01
2.488483410826236764e+01
2.486287048251985254e+01
3.182267290352460876e+01
3.182267290352460876e+01
2.993605329295506579e+01
3.985258425854181041e+01
2.873163950091619867e+01
2.747411144412636830e+01
2.747411144412636830e+01
2.852660480699966072e+01
3.139792538674176470e+01
3.139792538674176470e+01
3.379315224714641630e+01
3.062852770624898469e+01
3.197942814164391834e+01
2.942642625937055456e+01
3.217560480830859859e+01
2.556234781657945021e+01
2.422113027630835802e+01
2.900147725031345303e+01
2.902850196510876657e+01
3.127801948025460987e+01
2.509336364782880580e+01
2.301603571027704831e+01
2.943073201834451780e+01
2.992699661225792696e+01
2.832494827819262539e+01
2.832494827819262539e+01
2.832494827819262539e+01
2.828265819334551168e+01
3.363782914587836359e+01
2.833720980962403857e+01
2.660071728712817318e+01
2.838827201576118497e+01
2.838827201576118497e+01
2.145995532053350274e+01
4.491452515778467358e+01
3.182266193660271369e+01
3.363639242758439707e+01
3.151243498885226302e+01
2.833143943173327983e+01
2.833143943173327983e+01
2.769894339037332998e+01
3.189737730746462674e+01
3.189737730746462674e+01
2.813033059077328346e+01
2.813033059077328346e+01
2.813033059077328346e+01
2.779004130961300945e+01
2.206849828783063927e+01
2.206849828783063927e+01
3.311115078490172436e+01
2.378965321415314094e+01
2.378965321415314094e+01
3.321081319024944634e+01
3.330224050535872493e+01
3.619304436447305307e+01
3.094396803445022570e+01
2.808869525831246605e+01
2.533805378662060193e+01
2.845507973342875374e+01
2.025733718668028516e+01
2.025733718668028516e+01
2.025733718668028516e+01
2.972338808676559907e+01
2.352932693749083271e+01
3.066865301132796162e+01
3.066865301132796162e+01
2.725855114495200482e+01
2.533313910567423122e+01
2.395741757761816970e+01
2.395741757761816970e+01
2.395741757761816970e+01
2.145781976933836788e+01
2.145781976933836788e+01
4.989642812121951465e+01
2.428810071387196956e+01
2.428810071387196956e+01
3.097830565515159051e+01
2.698120226825296442e+01
2.698120226825296442e+01
3.220906073797679170e+01
3.130753245997285106e+01
3.130753245997285106e+01
3.123694676638554313e+01
2.994738697976948316e+01
2.994738697976948316e+01
3.113768835495683973e+01
3.113768835495683973e+01
2.663487371372028889e+01
2.184385920023742145e+01
2.184385920023742145e+01
3.022962104929228033e+01
2.735084475883011379e+01
3.179537719267121432e+01
2.858222893647598184e+01
2.694505974422380135e+01
2.589949141983139924e+01
2.715528656567544985e+01
3.231807948036190936e+01
2.517017472043044535e+01
2.460555065865371560e+01
2.460555065865371560e+01
2.940360106893100323e+01
3.853066629085647321e+01
3.853066629085647321e+01
3.173849742428498644e+01
2.756799652151084956e+01
2.756799652151084956e+01
1.940568468760720222e+01
2.604291606287457839e+01
3.003191343039960870e+01
3.003191343039960870e+01
3.003191343039960870e+01
2.983060968533103363e+01
2.772782870157047697e+01
2.812816947187785743e+01
2.812816947187785743e+01
2.479779703882404718e+01
2.479779703882404718e+01
2.257393362714684670e+01
2.191142252195603035e+01
2.191142252195603035e+01
2.639416659518452946e+01
2.648753590154750270e+01
2.648753590154750270e+01
2.648753590154750270e+01
2.934289536178919633e+01
2.746261865489777776e+01
2.746261865489777776e+01
3.038892115826437035e+01
2.717708245155349189e+01
2.358832882238934303e+01
2.719507896617648157e+01
2.719507896617648157e+01
2.325406779013728453e+01
3.118256699444257407e+01
3.046393805963246848e+01
3.196092397362768622e+01
3.196092397362768622e+01
3.306625667305757332e+01
3.171048878817510541e+01
2.671626838549004646e+01
2.671626838549004646e+01
3.107224578913548640e+01
3.107224578913548640e+01
2.342282355982906950e+01
2.842319829640812046e+01
3.262460562183390778e+01
3.142177674559296463e+01
2.224493211692905348e+01
2.224493211692905348e+01
3.175256438109720492e+01
3.165144560047721001e+01
2.412957360417244956e+01
3.178366507220702175e+01
2.563157028701357021e+01
2.563157028701357021e+01
2.314852328653955027e+01
2.314852328653955027e+01
2.774043502649688975e+01
3.215345118114016287e+01
2.630106512728216117e+01
2.630106512728216117e+01
3.030566442555168649e+01
2.809033018097900580e+01
2.809033018097900580e+01
2.987009262432200885e+01
3.081291066006557600e+01
2.429161117407914716e+01
2.725128888108926262e+01
3.012321153846591315e+01
3.175208576879366262e+01
3.175208576879366262e+01
3.175208576879366262e+01
2.831501162721983889e+01
2.831501162721983889e+01
2.831501162721983889e+01
2.737290572072920014e+01
2.737290572072920014e+01
3.195737421635885411e+01
2.572885162994233355e+01
2.393701904399121361e+01
3.245847558880340245e+01
2.891050905615727373e+01
2.925848727825718498e+01
2.521277896387967488e+01
2.521277896387967488e+01
2.804149780410425308e+01
2.435390912916248851e+01
2.435390912916248851e+01
2.767294806077905278e+01
2.466061588681792571e+01
2.466061588681792571e+01
3.090167031469549386e+01
3.322594921337697116e+01
3.012771489497328758e+01
2.795826106967412628e+01
2.905718171116764736e+01
3.123807349876517137e+01
2.817321756505216612e+01
2.347555661916712921e+01
3.211873904646688516e+01
3.319996588703828166e+01
2.969530241399658266e+01
2.827857136359526891e+01
2.827857136359526891e+01
2.190933523892139689e+01
2.776843969340865570e+01
3.258741002516386231e+01
2.685280763092029588e+01
2.685280763092029588e+01
2.685280763092029588e+01
2.646165880880869636e+01
2.495228432139997921e+01
2.495228432139997921e+01
2.495228432139997921e+01
2.486174423993381666e+01
3.083933938903864203e+01
3.083933938903864203e+01
2.900887441387001076e+01
2.900887441387001076e+01
3.166474332670316727e+01
3.166474332670316727e+01
3.327636906120075366e+01
2.664730503434478592e+01
2.967991506344184316e+01
2.999178780547507728e+01
3.005372504349585938e+01
2.982773110645320358e+01
3.095552852204651373e+01
3.188630106201228642e+01
3.188630106201228642e+01
3.054556475082704736e+01
3.054556475082704736e+01
2.608088719626042717e+01
3.201326634402003890e+01
2.558735622915407504e+01
2.912566367078953533e+01
3.114526065254027998e+01
2.608486270722591271e+01
2.839782221685852903e+01
2.532233393574671965e+01
2.915675943914772361e+01
3.228430421266713779e+01
2.524600674374783438e+01
3.141017785232001103e+01
2.651587975302482647e+01
2.631172348722042287e+01
2.448069950536758554e+01
2.698190588343335961e+01
2.698190588343335961e+01
2.698190588343335961e+01
3.077178925652659913e+01
3.077178925652659913e+01
2.769737607178576866e+01
2.645723947988947700e+01
3.045267197153731686e+01
2.849593128193586367e+01
2.146750608020581197e+01
3.247149033232755500e+01
3.027454323766530564e+01
2.919744210206247814e+01
2.372083716119479746e+01
2.377423705831464318e+01
2.377423705831464318e+01
2.243351098939523780e+01
2.243351098939523780e+01
2.243351098939523780e+01
2.925650301208538195e+01
2.925650301208538195e+01
3.042602815793533466e+01
3.042602815793533466e+01
2.313745477218048663e+01
2.313745477218048663e+01
2.789539889838223985e+01
2.918589921809395804e+01
2.918589921809395804e+01
2.798431918946433683e+01
3.040961568069799625e+01
2.920903049877453483e+01
2.817402351486373746e+01
2.863028473327296552e+01
3.052352266670405001e+01
3.052352266670405001e+01
3.141700128232490385e+01
3.141700128232490385e+01
2.995413737155797662e+01
2.759628680726756755e+01
2.759628680726756755e+01
2.899956528958548319e+01
2.899956528958548319e+01
3.103504970719562195e+01
2.767916305574972924e+01
2.463753658664291279e+01
2.968520175318798238e+01
3.027003209963487862e+01
2.500346254596970041e+01
2.821435897118028180e+01
2.645338800262408441e+01
2.645338800262408441e+01
2.521985659444574779e+01
2.521985659444574779e+01
2.731034924379024176e+01
2.731034924379024176e+01
2.676175439004205003e+01
2.991287833996010903e+01
2.991287833996010903e+01
2.440429245792704549e+01
2.854836752550785661e+01
2.549956779039968424e+01
2.916503497847845594e+01
2.989965077403833504e+01
2.282036415852646272e+01
2.832166319094229223e+01
3.048951536617655123e+01
2.348026965836712066e+01
3.351659769267725153e+01
2.935081120903158336e+01
2.935081120903158336e+01
2.482291300900901732e+01
3.216759415663570820e+01
1.495057706354771199e+01
1.495057706354771199e+01
3.232586607998145212e+01
2.767577649511466831e+01
2.318010036841391042e+01
2.511939922502671863e+01
2.511939922502671863e+01
3.112001706031153958e+01
3.112001706031153958e+01
2.829418755970649002e+01
2.829418755970649002e+01
2.829418755970649002e+01
3.076898396386505041e+01
3.020315717506627706e+01
3.107927104800950246e+01
3.107927104800950246e+01
2.876407199765372624e+01
3.067644587447346538e+01
3.067644587447346538e+01
2.571166427716762115e+01
2.321760870829108825e+01
2.321760870829108825e+01
2.671171213329555982e+01
3.089154587634976679e+01
3.089154587634976679e+01
2.855275987921996972e+01
3.272882704326078596e+01
3.514186365279010715e+01
3.078447513666768032e+01
3.029942327023104554e+01
3.161119630739400321e+01
3.161119630739400321e+01
2.789750390031710126e+01
2.932711545547207521e+01
2.853400997716731524e+01
3.030394531436122918e+01
2.603054059454424873e+01
2.900954415493241001e+01
2.836529805310623686e+01
3.015329007642630543e+01
3.015329007642630543e+01
2.267296091419576953e+01
2.267296091419576953e+01
2.859569062652983717e+01
2.859569062652983717e+01
2.335919105259775463e+01
2.335919105259775463e+01
2.834823730465850034e+01
3.128732199043444595e+01
2.926072258895278821e+01
2.926072258895278821e+01
2.926072258895278821e+01
2.954465935905996332e+01
1.974255242652136033e+01
3.182704498956209349e+01
3.071196010679296506e+01
3.128848388752616927e+01
3.311486186675788446e+01
2.893731650376053111e+01
2.998752043679706247e+01
2.722020339768279840e+01
2.986640132919348645e+01
3.341079072578764197e+01
2.802266164785977054e+01
2.802266164785977054e+01
3.348014198756148829e+01
2.248378441658338645e+01
2.786643347703133955e+01
2.913683024746940120e+01
3.050345174177497043e+01
3.218186740099156395e+01
3.310205378639945906e+01
2.517480732297992319e+01
2.555316847210571751e+01
2.612694784717828611e+01
2.580212423592611160e+01
3.457950388453926394e+01
3.457950388453926394e+01
2.947957336383090521e+01
2.350780874049200619e+01
1.946943389123668666e+01
1.946943389123668666e+01
2.343445110249500019e+01
2.343445110249500019e+01
2.343445110249500019e+01
2.834068063753569788e+01
2.844592521021782261e+01
2.488913905858538911e+01
2.488913905858538911e+01
2.992041336514693839e+01
3.028950059696185093e+01
3.028950059696185093e+01
3.181857129137967277e+01
2.971169144690656694e+01
2.971169144690656694e+01
2.971169144690656694e+01
3.249976417023083997e+01
3.084348230870985574e+01
3.204872453922416042e+01
2.836108590408311514e+01
2.836108590408311514e+01
2.795577034261346228e+01
2.795577034261346228e+01
2.968593153455740108e+01
2.968593153455740108e+01
2.968593153455740108e+01
2.851037668433376382e+01
2.585847503791723412e+01
2.840003223323210335e+01
2.840003223323210335e+01
3.095902560279678184e+01
2.853591977794775048e+01
2.448954282493404833e+01
2.928990676731388021e+01
3.667579281321159357e+01
3.279322740201065756e+01
2.900412212986151772e+01
2.532337180832898582e+01
2.532337180832898582e+01
3.137616928929162086e+01
2.956679657430260377e+01
2.956679657430260377e+01
2.797629504966424108e+01
2.797629504966424108e+01
3.067912820364194459e+01
2.513160004037286299e+01
2.654235908345190253e+01
3.068417177646117722e+01
2.768433183124264119e+01
3.332092474841283547e+01
3.238685039972656909e+01
2.944706831831120653e+01
3.052407239167992969e+01
2.465056234146339875e+01
2.720911699416431873e+01
2.853933500155417136e+01
3.084308148727367538e+01
2.742317583779860968e+01
2.718508185210562544e+01
2.852501738091403993e+01
3.027144320528485721e+01
3.027144320528485721e+01
2.657029604057676764e+01
2.657029604057676764e+01
2.952322497326684925e+01
2.952322497326684925e+01
2.603274661073357521e+01
2.537451080240312962e+01
2.537451080240312962e+01
2.871493166526796870e+01
2.629943157156757394e+01
2.941828062596480109e+01
3.108496928649518054e+01
2.853819252064862866e+01
2.763168995160531694e+01
2.758466999289073485e+01
3.232199474836501452e+01
2.703176379478674818e+01
2.703176379478674818e+01
2.703176379478674818e+01
2.711435625728178067e+01
2.589584605040105458e+01
2.589584605040105458e+01
2.499195571032359098e+01
2.499195571032359098e+01
2.499195571032359098e+01
2.325084933039497770e+01
2.325084933039497770e+01
3.187463008893703531e+01
2.869067966291214233e+01
2.869067966291214233e+01
3.168577915248416588e+01
2.239811910098616110e+01
3.038342006001152740e+01
3.202198196342662584e+01
2.870807271427088025e+01
2.914066746602623326e+01
2.914066746602623326e+01
2.778810718006702629e+01
2.581460842121692068e+01
2.992506736328704164e+01
2.929205781564775535e+01
2.836346050528369744e+01
2.973604456181784172e+01
2.973604456181784172e+01
2.613451396525352166e+01
2.613451396525352166e+01
2.987091805885164320e+01
2.987091805885164320e+01
2.987091805885164320e+01
2.950554681783232169e+01
2.433650947254876939e+01
3.116630735031468191e+01
2.989691163034243360e+01
2.285538433988012486e+01
2.285538433988012486e+01
3.227304765968255396e+01
2.383243128215481832e+01
2.383243128215481832e+01
2.383243128215481832e+01
3.018214997632194496e+01
3.123898867715216809e+01
2.857323213617592828e+01
2.600701914306338836e+01
2.797724525712551014e+01
3.013095499464174765e+01
2.638824534427699930e+01
2.628534531876932334e+01
2.845338726525502082e+01
3.253731495053221323e+01
2.659992741283760154e+01
3.070150916602389657e+01
3.171128463412559384e+01
2.993071376541603357e+01
2.993071376541603357e+01
2.807401197854790809e+01
2.876032001574461461e+01
3.074183394343036113e+01
2.837432927997503285e+01
2.837432927997503285e+01
2.976377153615820248e+01
2.773704111758783952e+01
2.711506007398820728e+01
2.711506007398820728e+01
3.040390964398013551e+01
3.040390964398013551e+01
3.330923319798016280e+01
3.252210994892364937e+01
3.252210994892364937e+01
2.998642438268051791e+01
2.464878961789707290e+01
2.907013442258980973e+01
3.445946527975549145e+01
2.636186450657280744e+01
2.998592989296748001e+01
3.020097911215228947e+01
3.271579920271572206e+01
2.915056008524922859e+01
3.075854239673269674e+01
3.018565425642904998e+01
3.097573311500016757e+01
3.013828601977995447e+01
3.013828601977995447e+01
3.013828601977995447e+01
3.013828601977995447e+01
2.843014038142205280e+01
2.843014038142205280e+01
2.460564394725016868e+01
3.077141557893900270e+01
2.594755994478439476e+01
2.594755994478439476e+01
2.805619495803571084e+01
3.000248403164773592e+01
3.000248403164773592e+01
2.968099475277473331e+01
2.800394621742185564e+01
3.469063167408076964e+01
2.995943476877308953e+01
2.722849439960795337e+01
3.012924834603160207e+01
2.750538075418825201e+01
2.970730251606460115e+01
2.665303310259511704e+01
2.966658012349279971e+01
2.932044296578673936e+01
2.932044296578673936e+01
2.867943979862668158e+01
2.449442694947900634e+01
2.449442694947900634e+01
2.842429921650444768e+01
2.895114452502700786e+01
3.049711803750068384e+01
2.748964341790564703e+01
3.071050642672881992e+01
2.769385576067221422e+01
2.713446964546618290e+01
3.245308551131390828e+01
2.886230319169156999e+01
2.886230319169156999e+01
2.886230319169156999e+01
2.816719910615891465e+01
2.882620356307948128e+01
2.586618215111551322e+01
2.901762587786972247e+01
2.901762587786972247e+01
3.049770655065529112e+01
2.881718328311220745e+01
2.891412086402024784e+01
2.914203948668058786e+01
2.306252248810768180e+01
2.306252248810768180e+01
2.576956498607234636e+01
2.648067950255909864e+01
2.909124149943986737e+01
2.755481808217390594e+01
2.691219961546450890e+01
2.757644153939180143e+01
3.102213296621332361e+01
3.102213296621332361e+01
2.429053173372000174e+01
2.762032494025467955e+01
2.915375634405612004e+01
2.915375634405612004e+01
2.861654788396471361e+01
2.547279395467516849e+01
2.857787543794528773e+01
2.857787543794528773e+01
2.858877849320259656e+01
2.979873058194638702e+01
3.065569036727669783e+01
3.065569036727669783e+01
2.679765462912423146e+01
2.957874625882710262e+01
3.314183701413136873e+01
2.889606337392016044e+01
3.028299928513562733e+01
2.835737935877064331e+01
2.835737935877064331e+01
3.151061412314496479e+01
2.866912752063267078e+01
2.866912752063267078e+01
2.663957288443854310e+01
2.917171974148108760e+01
3.114060910903056723e+01
2.783494072463913582e+01
2.661858196164252277e+01
2.422004124925312496e+01
3.427047005006230762e+01
3.427047005006230762e+01
2.723651165710844779e+01
2.893082970829552636e+01
2.893082970829552636e+01
2.687621892941077206e+01
2.687621892941077206e+01
3.016929852277300483e+01
3.126238341636889118e+01
3.126238341636889118e+01
3.126238341636889118e+01
3.119441890865004652e+01
2.972977278681489821e+01
2.724804882469416967e+01
2.724804882469416967e+01
2.493186092372004836e+01
2.493186092372004836e+01
2.807815125298787251e+01
2.807815125298787251e+01
3.167638706685172423e+01
3.183926669704969470e+01
3.208693443801774237e+01
3.208693443801774237e+01
3.173034677578661089e+01
2.694379233029160048e+01
2.694379233029160048e+01
3.170178023972506409e+01
3.336061309278120035e+01
2.728373132012685431e+01
2.728373132012685431e+01
3.153748342537706861e+01
3.153748342537706861e+01
2.834422479104192760e+01
2.962069077558467711e+01
2.841301694740480599e+01
2.826143070770243426e+01
3.012453458695692632e+01
2.553226652939137509e+01
2.793472569914796111e+01
2.793472569914796111e+01
3.196523254702371375e+01
3.196523254702371375e+01
3.150916896476096696e+01
2.964477869012474898e+01
2.284120135890800540e+01
3.261383850032103737e+01
2.754880689572639696e+01
3.246915027946763388e+01
2.320655503555692079e+01
2.320655503555692079e+01
3.319458470977993869e+01
2.478288466444030291e+01
2.478288466444030291e+01
2.478288466444030291e+01
2.478288466444030291e+01
2.491468060622084124e+01
2.856822041405164470e+01
2.894618473373997958e+01
2.542041695322808792e+01
2.889889840712862679e+01
2.247131008501295923e+01
3.007592649437754773e+01
3.007592649437754773e+01
2.439601255755500020e+01
3.050776975787868039e+01
2.592536015717448450e+01
3.071608244667365284e+01
2.880080382193656874e+01
3.047883418892211793e+01
3.017564105127420149e+01
3.281334929027921987e+01
3.281334929027921987e+01
2.926540587438426400e+01
2.926540587438426400e+01
2.938788331994764036e+01
2.774449782657872987e+01
3.180362261235174870e+01
2.862071433316817348e+01
2.862071433316817348e+01
3.261622075242148355e+01
3.205829000330704304e+01
3.107340596719058468e+01
2.419100339145736456e+01
2.855982110116675088e+01
2.770624132729041023e+01
2.937996005017405565e+01
3.112672251499694198e+01
3.112672251499694198e+01
3.111231476727604317e+01
3.162498288864303930e+01
3.162498288864303930e+01
3.099752791367436089e+01
2.788680776659235150e+01
2.647380550242276342e+01
2.647380550242276342e+01
2.930964731244118227e+01
2.983590941959013065e+01
2.983590941959013065e+01
2.745181990359776592e+01
2.466624593909909180e+01
2.822018325620899759e+01
2.563528830679186399e+01
3.218269958240707496e+01
2.613992850315954541e+01
2.555527101931520662e+01
2.555527101931520662e+01
2.765526009160160470e+01
2.799179548935271100e+01
2.768566045679633802e+01
2.904200361723896862e+01
2.904200361723896862e+01
3.101921099481364408e+01
2.704683596580740002e+01
3.128834206135776697e+01
2.426158398194374755e+01
2.938433550030876162e+01
2.938433550030876162e+01
2.702869623447766045e+01
2.702869623447766045e+01
2.630547977058618869e+01
2.630547977058618869e+01
3.015726236292841023e+01
2.723480804433356894e+01
3.172987278910678555e+01
3.009845504620805201e+01
2.885468860779762679e+01
3.078296177544928725e+01
3.186129374616406551e+01
2.981357663514911494e+01
2.981357663514911494e+01
2.716458018128400198e+01
2.716458018128400198e+01
2.911944569664296978e+01
2.911944569664296978e+01
2.740966634289675241e+01
2.636965414402407148e+01
2.961324385558691930e+01
2.974371083465403487e+01
2.974371083465403487e+01
2.974371083465403487e+01
2.459473851791872789e+01
2.992429726740417451e+01
3.186048539045356165e+01
3.227081615038228080e+01
2.732018811846940309e+01
2.732018811846940309e+01
2.732018811846940309e+01
2.797173178885013201e+01
2.606797611087157662e+01
2.766914652302238764e+01
2.707092395870896695e+01
2.707092395870896695e+01
2.707092395870896695e+01
2.789598890883766558e+01
2.761691677440839143e+01
2.761691677440839143e+01
3.060853910509348452e+01
3.060853910509348452e+01
2.808039609908112411e+01
3.129441673085733200e+01
3.075902285475827824e+01
2.315629872741940076e+01
3.272620193238645925e+01
2.305917782995247833e+01
2.305917782995247833e+01
2.874158032732394830e+01
2.531631678133629393e+01
3.239541527763760342e+01
3.239541527763760342e+01
2.719247458064227274e+01
2.244919792333722341e+01
2.435729005203279485e+01
3.236734095202804440e+01
2.750422242906029169e+01
3.183241018641225040e+01
2.769589516200851875e+01
2.769589516200851875e+01
2.856504670042837191e+01
2.789694728273478930e+01
3.193375542210927520e+01
3.193375542210927520e+01
2.623823952555882855e+01
2.757606713863710013e+01
2.757606713863710013e+01
2.757606713863710013e+01
2.489435398732430826e+01
2.703984517246832553e+01
2.868265549094401834e+01
2.868265549094401834e+01
3.114417734163193074e+01
3.051743996466659681e+01
2.604551075684882733e+01
2.890223785715443228e+01
3.413910065890462420e+01
2.522308045540228605e+01
2.943838705825920599e+01
3.632148235991702734e+01
2.667859688521628314e+01
3.031869306022976573e+01
2.993755387581894567e+01
2.993755387581894567e+01
2.572731004533172694e+01
2.824782362064014762e+01
2.824782362064014762e+01
2.677722023339198287e+01
3.040751189201944271e+01
2.613359059936477280e+01
2.914287543260562430e+01
2.914287543260562430e+01
2.914287543260562430e+01
2.623263168074771912e+01
2.592221664126908820e+01
2.723908621016163778e+01
2.897315314272721309e+01
2.978869309585087422e+01
2.978869309585087422e+01
3.078228926258336173e+01
2.582138337718812338e+01
2.606979869677303796e+01
2.666485536908096776e+01
3.453154140019186258e+01
3.113240004323203891e+01
2.776273247494686203e+01
2.776273247494686203e+01
2.890867386225375313e+01
2.890867386225375313e+01
2.972428818773308734e+01
2.972428818773308734e+01
2.662550038319226076e+01
2.802546990550498052e+01
2.757637600329385563e+01
2.427487625901081003e+01
2.427487625901081003e+01
2.355432288788373185e+01
2.355432288788373185e+01
2.370821921413614675e+01
2.995813250992856425e+01
2.995813250992856425e+01
2.839853727914999837e+01
2.755047199836488403e+01
2.755047199836488403e+01
3.073877460121326877e+01
3.073877460121326877e+01
2.782082734599577023e+01
2.803389459593822863e+01
2.921205549507268984e+01
2.980300204677864784e+01
2.958261891065408022e+01
2.958261891065408022e+01
2.958261891065408022e+01
2.501367113278297083e+01
2.552405408153025590e+01
2.813665353521296453e+01
2.878442689655040709e+01
2.992972961172901591e+01
2.992972961172901591e+01
2.876187506150836981e+01
2.876187506150836981e+01
2.876187506150836981e+01
2.759680072704444598e+01
3.101394355609416920e+01
3.101394355609416920e+01
2.865012477869567320e+01
2.865012477869567320e+01
2.583609457324652325e+01
3.054178144449994292e+01
3.054178144449994292e+01
3.054178144449994292e+01
2.453415163071884919e+01
2.522771106504152172e+01
2.857307722621571244e+01
2.857307722621571244e+01
2.923507599557086678e+01
2.489638755626998545e+01
3.076240248955566159e+01
3.072784575563488474e+01
3.072784575563488474e+01
3.175598111369709287e+01
2.802525994624438255e+01
2.802525994624438255e+01
3.276997506344678612e+01
3.112191451734802072e+01
3.488934760850509065e+01
2.559253782773344810e+01
2.954930539342339912e+01
2.811820716169614442e+01
2.995744412046294514e+01
2.995744412046294514e+01
2.391147532687564237e+01
3.143438536328888944e+01
3.143438536328888944e+01
2.696210752058231819e+01
3.311503333577476837e+01
3.311503333577476837e+01
3.071506838483051993e+01
2.908531094443717180e+01
3.085633865050419189e+01
2.840103634439973845e+01
3.036407052543296814e+01
2.897001003695922705e+01
2.897001003695922705e+01
2.761941306126600182e+01
3.126301194072323852e+01
2.610188818074732353e+01
2.686376968263449072e+01
3.067287352505034903e+01
3.082534553672032729e+01
3.082534553672032729e+01
2.943880007718296810e+01
2.717443812273067394e+01
2.959082642683952002e+01
3.024751652496103205e+01
3.024751652496103205e+01
3.024751652496103205e+01
2.981187551294383908e+01
2.711453658941145761e+01
2.421993816344286188e+01
2.900831854884483718e+01
2.900831854884483718e+01
2.352211935244863383e+01
2.352211935244863383e+01
2.473270897042961280e+01
3.327438177266844832e+01
2.624836354149406858e+01
2.624836354149406858e+01
2.582620613065869364e+01
2.871242536570523995e+01
3.026217845809182805e+01
2.886970217230938829e+01
3.101672904357520011e+01
3.101672904357520011e+01
3.101672904357520011e+01
2.679587313544289984e+01
2.557356691004710569e+01
2.833870553163880146e+01
2.541837676315582328e+01
3.111508329649740645e+01
3.111508329649740645e+01
3.028971309464888151e+01
3.558460414695844065e+01
2.965813538085241063e+01
2.965813538085241063e+01
2.965813538085241063e+01
2.682820133540113261e+01
2.721051200799560377e+01
2.830780977658714193e+01
2.192657800394948708e+01
3.029064527061704482e+01
2.898961609644496562e+01
3.213118211674539282e+01
3.146768290677007229e+01
3.146768290677007229e+01
2.971238906964573445e+01
3.226045338170403909e+01
3.142320737022317445e+01
3.142320737022317445e+01
2.709968291951500063e+01
2.709968291951500063e+01
3.205181595238244086e+01
3.224039856668292003e+01
3.224039856668292003e+01
2.832726120595669173e+01
2.832726120595669173e+01
2.404769537427342740e+01
3.115494043302417992e+01
2.897749332322565152e+01
3.009133568168119055e+01
2.469820260426377345e+01
3.141417111427075781e+01
3.076861623927350564e+01
2.614463244862055191e+01
2.536472482509237736e+01
3.127676678640121111e+01
3.104983051889593071e+01
3.204097103047367057e+01
2.472809294193142549e+01
2.877359287362761364e+01
3.063659643596550453e+01
2.938711585007433058e+01
2.669061002119660486e+01
2.846710935130848341e+01
2.962072457607066767e+01
3.160266251535922066e+01
2.589236099334596375e+01
2.589236099334596375e+01
2.589236099334596375e+01
3.209852964022880428e+01
2.885565193802868578e+01
3.258420489414028509e+01
2.285581166725792812e+01
2.285581166725792812e+01
3.325576303340701401e+01
3.404692386470856746e+01
2.792753161707392806e+01
2.804369092338088976e+01
2.563744632759080844e+01
2.563744632759080844e+01
2.972453713958178056e+01
2.912376706546322680e+01
2.912376706546322680e+01
2.912376706546322680e+01
2.585594401730233116e+01
3.482154299431466171e+01
3.165946357986272730e+01
3.150133373198597297e+01
3.113558161805609004e+01
3.113558161805609004e+01
2.982453122713550187e+01
2.357919619449851467e+01
2.479711042992582648e+01
3.043184552367480222e+01
3.092804300394003292e+01
3.092804300394003292e+01
2.799169371093973169e+01
3.239613709457574942e+01
2.764689462831165301e+01
2.880610777839887859e+01
2.926562093000060827e+01
3.216788092099015017e+01
2.661561375370998661e+01
2.661561375370998661e+01
2.661561375370998661e+01
2.990201687303604317e+01
3.057409399095368840e+01
2.797232374606121041e+01
2.797232374606121041e+01
3.081580780047095658e+01
3.081580780047095658e+01
2.790397276482921640e+01
2.900601305598688029e+01
3.365892432740213991e+01
2.976979520433162207e+01
3.072582226822428098e+01
3.072582226822428098e+01
2.952999717517077727e+01
3.024990638998255221e+01
2.836001854456188909e+01
3.226606092488363942e+01
3.105679753486019834e+01
2.910262271065952788e+01
2.996969852663848144e+01
3.045541937627274365e+01
3.221426932776923024e+01
3.082997574431859888e+01
2.701505940721466104e+01
3.118745716915376676e+01
3.134322051585596824e+01
2.794383962663663823e+01
3.062165411155844552e+01
2.784232766500121770e+01
2.967052574873268611e+01
2.990339471998498055e+01
3.069806548544348956e+01
3.280007494950412905e+01
2.988015432009420635e+01
3.250055773055714070e+01
3.185110640972088802e+01
2.758302539089320859e+01
2.624729348646953753e+01
2.624729348646953753e+01
2.624729348646953753e+01
2.624729348646953753e+01
2.732168497061481105e+01
2.808154176961828341e+01
2.808154176961828341e+01
3.313721300569030603e+01
2.890404658600956012e+01
2.786454886966168942e+01
2.552406002841599175e+01
3.019174660238609320e+01
2.492640152420202782e+01
2.925159558037365670e+01
3.102453395567896166e+01
2.731530483992566261e+01
3.091830967683448961e+01
2.862363371104688170e+01
2.532774108781248046e+01
2.508844568200365188e+01
2.508844568200365188e+01
3.014237254861922466e+01
2.638404197374352478e+01
2.905846498032590119e+01
2.411968071059281371e+01
2.411968071059281371e+01
2.946601332977440535e+01
2.946601332977440535e+01
2.999195465359017021e+01
2.999195465359017021e+01
2.556531073865425086e+01
2.898897772720323118e+01
3.248402831965260162e+01
2.888397107223694249e+01
2.888397107223694249e+01
2.888397107223694249e+01
3.228335786551633646e+01
2.603141067794162566e+01
2.603141067794162566e+01
3.060103772457280158e+01
2.609313711572850636e+01
2.887101101650305424e+01
2.492266631243660768e+01
2.492266631243660768e+01
3.327854174347015004e+01
3.314979741379372769e+01
3.066382159214528613e+01
3.066382159214528613e+01
2.944018904885657051e+01
2.603720335518398343e+01
2.733299689720453785e+01
2.733299689720453785e+01
3.105511027780677225e+01
3.027113327514402030e+01
3.189722653323299895e+01
3.189722653323299895e+01
2.680488776443034382e+01
2.943683452190637340e+01
2.615406530833855214e+01
2.615406530833855214e+01
2.753469606349440468e+01
2.938557514269480819e+01
2.938557514269480819e+01
3.267285756927718410e+01
3.369398505464386773e+01
3.241035330756141519e+01
2.607009758921164888e+01
2.607009758921164888e+01
2.607009758921164888e+01
2.642428596192732115e+01
2.642428596192732115e+01
2.784014354532433799e+01
2.740881252415652725e+01
2.442789216403689068e+01
3.217692613021797854e+01
3.092587389482563154e+01
2.605670809294756651e+01
2.605670809294756651e+01
2.800580213534514584e+01
2.800580213534514584e+01
2.884959127495589115e+01
2.951113630801836152e+01
2.951113630801836152e+01
2.613629476193731094e+01
2.613629476193731094e+01
3.087264883044525376e+01
2.907105099174823692e+01
2.907105099174823692e+01
2.907105099174823692e+01
2.743094878872965836e+01
3.005018196047948109e+01
2.762327375770731663e+01
2.575545858132614185e+01
2.575545858132614185e+01
2.575545858132614185e+01
2.575545858132614185e+01
3.162098875374143248e+01
2.790374716756890550e+01
2.941340602024816775e+01
2.941340602024816775e+01
2.592616153157226577e+01
2.989380670483919289e+01
2.989380670483919289e+01
2.670969170517098590e+01
2.839317531874959499e+01
2.420312156838442874e+01
2.802859118574960817e+01
2.888003217881957241e+01
3.095265188150252911e+01
2.577653193329412318e+01
2.683866308318274463e+01
2.683866308318274463e+01
2.683866308318274463e+01
3.214417279100403846e+01
3.196801343363376802e+01
2.932391275087110571e+01
3.051331581288884465e+01
2.975813380280956721e+01
2.892222598646669951e+01
2.980233225110053041e+01
3.100674534047340103e+01
2.683805335084214505e+01
2.683805335084214505e+01
2.683805335084214505e+01
2.499210942963276949e+01
2.499210942963276949e+01
2.730193416071704959e+01
2.730193416071704959e+01
3.086418871037797018e+01
3.086418871037797018e+01
2.940440801284768568e+01
2.617126421900480082e+01
2.617126421900480082e+01
2.617126421900480082e+01
2.617126421900480082e+01
2.645582264307724785e+01
2.915807367897068048e+01
2.367709629758620693e+01
2.367709629758620693e+01
2.685925108048716936e+01
2.890598041541200658e+01
2.997330694246092264e+01
3.308780640771943382e+01
2.639223866146280173e+01
2.715355851614899763e+01
3.097178660850198284e+01
3.059881776172135659e+01
2.824373562869175558e+01
2.832129008182644725e+01
2.832129008182644725e+01
2.832129008182644725e+01
2.748035993264469923e+01
2.615572573197955109e+01
2.925624332712960651e+01
2.906094978252272654e+01
2.906094978252272654e+01
2.548048461293397082e+01
2.548048461293397082e+01
3.128808895287249925e+01
3.128808895287249925e+01
2.853684708437814521e+01
2.853684708437814521e+01
2.970711967355808625e+01
2.604330377607272951e+01
2.604330377607272951e+01
2.923648988369676260e+01
2.923648988369676260e+01
2.816602444619533330e+01
3.070578744338748933e+01
3.188822620973420641e+01
2.878671714881972932e+01
3.250021710406853259e+01
2.545434803721896344e+01
3.073162365124519724e+01
2.721378644373054456e+01
2.974166759980028729e+01
3.289390605188147276e+01
2.759618157259728122e+01
2.758785227100478110e+01
2.758785227100478110e+01
3.199399302788771848e+01
3.090101019492694334e+01
2.741268772240324481e+01
3.061742384431936514e+01
3.156942511805896956e+01
2.920402209725617126e+01
2.920402209725617126e+01
2.590157102012307533e+01
2.590157102012307533e+01
2.672500642289008610e+01
2.882597555135104628e+01
2.962532051614360995e+01
2.846943162787648163e+01
3.013341071046119168e+01
3.133364364414836345e+01
3.133364364414836345e+01
2.800920939029427714e+01
2.800920939029427714e+01
2.779788266735800306e+01
2.500645211341247531e+01
2.929602643242246884e+01
3.029406495211562245e+01
2.688808529481955745e+01
2.907265607850822420e+01
2.969728832803943064e+01
3.068864770863319080e+01
3.081534555887636628e+01
2.825734829874042831e+01
3.087615144344729501e+01
3.067665945502282199e+01
3.067665945502282199e+01
2.509997818977042527e+01
2.509997818977042527e+01
2.896534031750896787e+01
2.702092731032129436e+01
2.681174671931287179e+01
2.952991648331968477e+01
2.658069683268950456e+01
2.658069683268950456e+01
2.970781157943913087e+01
2.600638560273388578e+01
2.600638560273388578e+01
3.226802556062271776e+01
3.036716932103418287e+01
3.036716932103418287e+01
3.036716932103418287e+01
3.051591369777753471e+01
3.159328411145914828e+01
3.159328411145914828e+01
2.658782598590488888e+01
2.950003546923144881e+01
2.744151619132241393e+01
2.671532320453514942e+01
2.671532320453514942e+01
2.746161035609630119e+01
2.634522600037022144e+01
2.634522600037022144e+01
2.595966636725827215e+01
2.595966636725827215e+01
2.982893424105544966e+01
2.982893424105544966e+01
2.953010822983520001e+01
2.953010822983520001e+01
2.934358120627450717e+01
2.886089325039143816e+01
2.801560035048048647e+01
2.645031703161683723e+01
2.944526821323886878e+01
2.994979527978428280e+01
3.264949888673267253e+01
3.024660577664679195e+01
3.024660577664679195e+01
3.024660577664679195e+01
2.751670079195505636e+01
2.751670079195505636e+01
2.850926829225148396e+01
2.850926829225148396e+01
2.923529926451516303e+01
3.003866858138826146e+01
2.438723347067021407e+01
2.438723347067021407e+01
2.895385988442804504e+01
2.806423433704594927e+01
2.975673216357720818e+01
3.076945720874494583e+01
2.941252848884455773e+01
2.825424149694012854e+01
2.571820569041695492e+01
3.157729716645572537e+01
2.837729806026192847e+01
2.837729806026192847e+01
2.642770501966267460e+01
2.506840352938274918e+01
2.752326861891357623e+01
2.457625804120813484e+01
3.274241091001585602e+01
2.775082162561276533e+01
2.775082162561276533e+01
2.676332147139057227e+01
2.700510697462167187e+01
2.924112679359904732e+01
2.924112679359904732e+01
2.809488131793710863e+01
2.681231988010434009e+01
2.681231988010434009e+01
2.638244187665604557e+01
2.900901952738736611e+01
2.876833336875780489e+01
2.836879124975727962e+01
2.817800278310808793e+01
3.022576500751940998e+01
3.022576500751940998e+01
2.943961113094533033e+01
2.960314834663913075e+01
2.886915738821816291e+01
2.538103776531026767e+01
2.819054195356005721e+01
2.819054195356005721e+01
2.737342724084426138e+01
2.737342724084426138e+01
2.724040623619820067e+01
2.724040623619820067e+01
2.766496363679291548e+01
2.766496363679291548e+01
2.766496363679291548e+01
2.897967339720544544e+01
2.897967339720544544e+01
2.921502212176124047e+01
3.174013000069378521e+01
2.661158655672218387e+01
2.509919409676580671e+01
2.509919409676580671e+01
2.509919409676580671e+01
3.226855069214327187e+01
3.226855069214327187e+01
2.743389574457075852e+01
3.021930068610303977e+01
2.897861813603454095e+01
2.928997752473824789e+01
2.742273054098918905e+01
2.742273054098918905e+01
2.908495405649852117e+01
2.265492927130684464e+01
2.676989080906565732e+01
2.660975315727478474e+01
2.755450731511788121e+01
3.187694400624732793e+01
2.991456384420234116e+01
2.991456384420234116e+01
3.099429705796094581e+01
3.099429705796094581e+01
3.113191845242319999e+01
2.529854430557379530e+01
2.890971418904528534e+01
2.890971418904528534e+01
2.933347468396784663e+01
2.994476294624788437e+01
2.994476294624788437e+01
2.948609251609952508e+01
3.044723018267420045e+01
2.911928493966405185e+01
2.829043835450588773e+01
2.938069601513917561e+01
2.938069601513917561e+01
2.656702208560425049e+01
2.717135227180023804e+01
3.084397332330286190e+01
2.942292303409719167e+01
2.671451753745833457e+01
2.955703414785468652e+01
2.953227843152633625e+01
3.116264066840151159e+01
2.945903710633020722e+01
2.767683646269414410e+01
3.199250047116692386e+01
2.759886693550844683e+01
2.759886693550844683e+01
3.009018097860166563e+01
3.177172428155911632e+01
3.139593123967051369e+01
2.636271737493957090e+01
2.978437139643856568e+01
2.783848504347388797e+01
2.655809556404530625e+01
3.062412826498110618e+01
2.980644193897484229e+01
2.840438907777187794e+01
3.157515235550740584e+01
3.157515235550740584e+01
2.602374095788175978e+01
2.602374095788175978e+01
2.854244230233235413e+01
2.810802954897523875e+01
2.810802954897523875e+01
2.656742448734788553e+01
2.604035780881852702e+01
2.759390803589669616e+01
3.021366730233634712e+01
2.634698065569378400e+01
2.816622085230978456e+01
2.816622085230978456e+01
2.816622085230978456e+01
3.002776560603303579e+01
3.002776560603303579e+01
2.960375462779080991e+01
2.813056088606084515e+01
2.684353862605273022e+01
2.969539412151834412e+01
2.969539412151834412e+01
2.815919295695223568e+01
2.819854963676681692e+01
2.819854963676681692e+01
2.587400707561974400e+01
3.084071197210665005e+01
2.801157768752196375e+01
2.801157768752196375e+01
2.676946879659959677e+01
3.051589165907815726e+01
2.979615696211584464e+01
3.110044435930782569e+01
2.952190092610128502e+01
2.512066357556272678e+01
2.796467745274428651e+01
2.863465473187868326e+01
2.663178689709009106e+01
2.663178689709009106e+01
2.770284288608880630e+01
2.405608070256526787e+01
2.405608070256526787e+01
2.660204292944859361e+01
2.660204292944859361e+01
2.779483159280771432e+01
2.622402881669098917e+01
2.622402881669098917e+01
2.622402881669098917e+01
2.928506291161023967e+01
2.985963655898749280e+01
2.985963655898749280e+01
2.923197854344291713e+01
2.710015559106910743e+01
2.710015559106910743e+01
2.483293674357769376e+01
2.839356481560709611e+01
2.962266566717906002e+01
2.821417287264682727e+01
2.821417287264682727e+01
3.044340929065524648e+01
3.024165493000959870e+01
2.986748853695003447e+01
2.960128145443689007e+01
2.952802116840670621e+01
2.886231729543954572e+01
2.403252641042293902e+01
2.403252641042293902e+01
2.702294424550598606e+01
2.702294424550598606e+01
2.947901476886776351e+01
2.866775471999049429e+01
2.688620852026824437e+01
2.901721804763738177e+01
2.857621147619444812e+01
2.857621147619444812e+01
2.618681148390743729e+01
2.727219703698250086e+01
2.727219703698250086e+01
3.082552517321154539e+01
2.851968193196727697e+01
3.033455374510386449e+01
3.033455374510386449e+01
2.661662014146706667e+01
3.020148159626847928e+01
2.991766261562639428e+01
3.013673024615937379e+01
3.013673024615937379e+01
2.933560508321137306e+01
2.957904136399037398e+01
2.558720273632664544e+01
2.728717580712688573e+01
2.612320400558012423e+01
2.612320400558012423e+01
2.843266366156996483e+01
2.974411303731621103e+01
3.070105310242955454e+01
3.011813731306989439e+01
2.873618571070789685e+01
2.873618571070789685e+01
2.909898782773520765e+01
2.909898782773520765e+01
2.908028977118160086e+01
2.908028977118160086e+01
2.908028977118160086e+01
2.995605314350780191e+01
2.995605314350780191e+01
2.995605314350780191e+01
3.136385373235596674e+01
3.136385373235596674e+01
2.806886792503692263e+01
2.806886792503692263e+01
2.630153278869651956e+01
3.132436310517843125e+01
2.866977238174659348e+01
2.783170268207606313e+01
2.783170268207606313e+01
2.489573024885352126e+01
3.025529790119075813e+01
2.673760258748688301e+01
2.673760258748688301e+01
2.791049131244512438e+01
2.886564636349002200e+01
2.536758033571228665e+01
2.607127764862334374e+01
2.607127764862334374e+01
2.761498715798377646e+01
2.662941562186896149e+01
3.080928518259322146e+01
2.798358800110136357e+01
2.656793461016179947e+01
2.656793461016179947e+01
3.149042000572917033e+01
2.683801120874195689e+01
2.947111353262448574e+01
2.947111353262448574e+01
3.034813919800076931e+01
2.902882926996935709e+01
2.902882926996935709e+01
2.824220320100631909e+01
2.749940691540891180e+01
3.021687504881246866e+01
3.074610688408376191e+01
3.074610688408376191e+01
3.074610688408376191e+01
2.956601204057942311e+01
2.744092240110459358e+01
2.487333210639470593e+01
2.487333210639470593e+01
3.000447683607665894e+01
2.882483474655180089e+01
2.882483474655180089e+01
2.910801033144709749e+01
2.677180714963008157e+01
2.791475660550162630e+01
2.791475660550162630e+01
2.570864122020893205e+01
2.570864122020893205e+01
2.570864122020893205e+01
2.466559432084578063e+01
2.754816624619018128e+01
2.754816624619018128e+01
2.699139647395675112e+01
2.699139647395675112e+01
2.699139647395675112e+01
2.699139647395675112e+01
2.634808281837167598e+01
3.026750708860439687e+01
2.740847154760616888e+01
3.038959930215252569e+01
2.701405759558927500e+01
2.998378354529681999e+01
2.930386773402166867e+01
2.930386773402166867e+01
2.986384778683819619e+01
2.593262481776914896e+01
3.087266940253464398e+01
3.057389063187639167e+01
2.987576302492242419e+01
2.578214327195409794e+01
2.894288652803454553e+01
2.667830199906290645e+01
3.065759923050264391e+01
2.726633078650556641e+01
2.993393545402915734e+01
2.313281008238265102e+01
2.313281008238265102e+01
2.805027201106888768e+01
3.008298948955567198e+01
3.080434368094371678e+01
2.690345403941046243e+01
2.740614090568794126e+01
3.004900273995251681e+01
2.928987801286262282e+01
2.840098191098544689e+01
3.015443868469107258e+01
2.860987388512528184e+01
2.860987388512528184e+01
2.800792711186591433e+01
3.027206012720588646e+01
2.936388923673559148e+01
2.632981623385616388e+01
2.632981623385616388e+01
2.632981623385616388e+01
2.507296643662908764e+01
2.507296643662908764e+01
2.529986212379544597e+01
2.840682043805024648e+01
2.877164357485104773e+01
2.877164357485104773e+01
3.029944534807316003e+01
3.029944534807316003e+01
2.965375803491219742e+01
2.901025946506552344e+01
2.901005972302339231e+01
2.874024048028237388e+01
3.024165173320568911e+01
3.020783738015692776e+01
2.931506899240660502e+01
2.931506899240660502e+01
2.586361342840714883e+01
2.474033401545305466e+01
2.893058657114794840e+01
2.893058657114794840e+01
2.893058657114794840e+01
2.521858892036016542e+01
2.521858892036016542e+01
2.594887096526475290e+01
2.879754767617528799e+01
2.935226745972876117e+01
2.791775417680915794e+01
2.529320062229128396e+01
2.653804235247904586e+01
2.653804235247904586e+01
2.397764298401480687e+01
2.753448859031655971e+01
2.910459087507336307e+01
2.841999660846240161e+01
2.915298584151872063e+01
2.915298584151872063e+01
2.830047841559813904e+01
2.995311416920078784e+01
2.995311416920078784e+01
2.995311416920078784e+01
2.895361514164948957e+01
2.725244745305007754e+01
2.905949914354629016e+01
2.755010559001728865e+01
2.899129328328282185e+01
2.941655811603248694e+01
2.920051550100773241e+01
2.920051550100773241e+01
2.769312728487125241e+01
2.894865240990512589e+01
2.767244289917038103e+01
2.738923110517612614e+01
2.730688273135248423e+01
2.787718175841304813e+01
2.787718175841304813e+01
2.617759075671839497e+01
2.617759075671839497e+01
2.617759075671839497e+01
2.939951180878956905e+01
2.946952406930791568e+01
2.946952406930791568e+01
2.864405015012689049e+01
2.864405015012689049e+01
2.581387791074803673e+01
2.900676351458549718e+01
2.783014933133622293e+01
2.844461093587113609e+01
2.697079986879746016e+01
2.905732778157778640e+01
2.714728406368467972e+01
2.739706285038527511e+01
2.828890495807572947e+01
2.918893897893104139e+01
2.666086824128815991e+01
2.660402653100132753e+01
2.684968594010497611e+01
2.684968594010497611e+01
3.018815562958489096e+01
2.707245243747859931e+01
2.707245243747859931e+01
2.762534477489283447e+01
2.762534477489283447e+01
2.754679390605198464e+01
2.896308470499056043e+01
2.848189020760913337e+01
2.848189020760913337e+01
2.903715566092862588e+01
2.897888287710599187e+01
2.460092777604632985e+01
2.884068701786572930e+01
2.867386378064726316e+01
2.590683410767686823e+01
2.590683410767686823e+01
2.753472406938064054e+01
2.919589417493795835e+01
2.919589417493795835e+01
2.256413324781955865e+01
2.256413324781955865e+01
2.256413324781955865e+01
2.702636763253542895e+01
2.516459446475418105e+01
2.844386959647330926e+01
2.927397364509137745e+01
2.663152190295824440e+01
2.699892951836005750e+01
2.737700944406011416e+01
2.853644348242448103e+01
2.853644348242448103e+01
2.801974348211436450e+01
2.935557801026630287e+01
2.816475875879449120e+01
2.463745748271325908e+01
3.003585779874200412e+01
2.996643693132389075e+01
2.554127534836372959e+01
2.858968494727866272e+01
2.557573393487603752e+01
2.791757859957987264e+01
2.791757859957987264e+01
2.822649809851903413e+01
2.727005982767644809e+01
2.581362212498487452e+01
2.898582967414035849e+01
2.653984710689239890e+01
2.638687376355241909e+01
2.945447760023617434e+01
2.945447760023617434e+01
2.767554995128324435e+01
2.887226853110403724e+01
2.769270457100800087e+01
2.769270457100800087e+01
2.867860216983365618e+01
2.867860216983365618e+01
2.957313148614044707e+01
2.774799838182389067e+01
2.774799838182389067e+01
2.774799838182389067e+01
2.545024510063385037e+01
2.695356543345490863e+01
2.613363842497117062e+01
2.814126572694519623e+01
2.939226425216484984e+01
2.510649756128864496e+01
2.418406283352554809e+01
2.484011733565706237e+01
2.484011733565706237e+01
2.932082356650471766e+01
2.748574146471822743e+01
2.729692540024508318e+01
2.729692540024508318e+01
2.815617640576020975e+01
2.815617640576020975e+01
2.553289770604416020e+01
2.770497820456007076e+01
2.697352055570676654e+01
2.847543611316424617e+01
2.549728708857868043e+01
2.680397231020041104e+01
2.850311613513623854e+01
2.823826631003454324e+01
2.705561250210800495e+01
2.795141924952385537e+01
2.794157116103272998e+01
2.838756208044982543e+01
2.745218617692345120e+01
2.879562691277384445e+01
2.861448966573478359e+01
2.861448966573478359e+01
2.707681840181428967e+01
2.707681840181428967e+01
2.787645605810239857e+01
2.543137753907380016e+01
2.813612346279198206e+01
2.813612346279198206e+01
2.757325934167908699e+01
2.915696675557112272e+01
2.477713261436329972e+01
2.477713261436329972e+01
2.676300852673619346e+01
2.346327505442913974e+01
2.872591814030683111e+01
2.616582612583712475e+01
2.695200366321224550e+01
2.695200366321224550e+01
2.652229330217260994e+01
2.507914062689402712e+01
2.912289007241844629e+01
2.591675904812707998e+01
2.591675904812707998e+01
2.591675904812707998e+01
2.591675904812707998e+01
2.615256245041507199e+01
2.615256245041507199e+01
2.801649433258215893e+01
2.801649433258215893e+01
2.592936799232614575e+01
2.592936799232614575e+01
2.741560520030436976e+01
2.863900914690888655e+01
2.698489095366154800e+01
2.484825071072215152e+01
2.652193036232192469e+01
2.652193036232192469e+01
2.563874946501431751e+01
2.563874946501431751e+01
2.876601638795952809e+01
2.554965261761152107e+01
2.465556046607492391e+01
2.697997253422152752e+01
2.697997253422152752e+01
2.677416902687111033e+01
2.818849943605512465e+01
2.818849943605512465e+01
2.818849943605512465e+01
2.818849943605512465e+01
2.456703878941731745e+01
2.757600318778039750e+01
2.772720531260832644e+01
2.809521343346672140e+01
2.678856037164534243e+01
2.734262690811009833e+01
2.722843108704014270e+01
2.722843108704014270e+01
2.724723666998312055e+01
2.572597351690346557e+01
2.704644203308762229e+01
2.667315370361797733e+01
2.547973604218220345e+01
2.771898238907217760e+01
2.779233246231573062e+01
2.809988022955841558e+01
2.608966949486466547e+01
2.681145991082567193e+01
2.688849607784032258e+01
2.781925781770094019e+01
2.647544408719665654e+01
2.647544408719665654e+01
2.362380149972743126e+01
2.362380149972743126e+01
2.811826292323462795e+01
2.811826292323462795e+01
2.790692006186522178e+01
2.785274763922380004e+01
2.748186837231219926e+01
2.716837826295581948e+01
2.716837826295581948e+01
2.693854469036729782e+01
2.693854469036729782e+01
2.760493732733534245e+01
2.760493732733534245e+01
2.798804885545036925e+01
2.798804885545036925e+01
2.670231586849911665e+01
2.670231586849911665e+01
2.743310447813564323e+01
2.743310447813564323e+01
2.665494468603082723e+01
7.172723667053583085e+01
2.665736110859158359e+01
2.782233073261719980e+01
2.782233073261719980e+01
2.424523233798537447e+01
2.424523233798537447e+01
2.788280683627952783e+01
2.574591448702380347e+01
2.764352411156693989e+01
2.616094057055803646e+01
2.674414393967548875e+01
2.674414393967548875e+01
2.674414393967548875e+01
2.657983995283062484e+01
2.700515194304498579e+01
2.700515194304498579e+01
2.598129352765244349e+01
8.517335449835249506e+01
2.719455134067369428e+01
2.515031300910851542e+01
2.760522431019171208e+01
2.592719628079069238e+01
2.608849531269369137e+01
2.698566081456896626e+01
2.698566081456896626e+01
2.696794392174825106e+01
2.660137640601288567e+01
2.729969119192503513e+01
2.551245640109092960e+01
2.551245640109092960e+01
2.652256625832932357e+01
2.718757724150953692e+01
2.596784146802222892e+01
2.640054095996753247e+01
2.690461009872407772e+01
2.690461009872407772e+01
2.641020182699358188e+01
2.740345060468610683e+01
2.577191695989792564e+01
2.504550628864392436e+01
2.504550628864392436e+01
2.692735749643647836e+01
2.434256978836276630e+01
2.434256978836276630e+01
6.214331136176271286e+01
2.346209950585611992e+01
2.346209950585611992e+01
2.649154827354179531e+01
2.649154827354179531e+01
2.640683840645948521e+01
2.640683840645948521e+01
2.689767220473943965e+01
2.677469199141951961e+01
2.677469199141951961e+01
2.622807111803500035e+01
2.593996800841305017e+01
2.632693509432095524e+01
2.505159885766301642e+01
2.505159885766301642e+01
2.505159885766301642e+01
2.498088730472110797e+01
2.525333902430199728e+01
2.548016148232970224e+01
2.661642275599573182e+01
2.543654515608366751e+01
2.543654515608366751e+01
2.448234386329276546e+01
2.639856732556224728e+01
1.605692033207080271e+01
1.751339218876265136e+01
2.552096042803711384e+01
2.562618216559868856e+01
2.489579022883495085e+01
2.497521465933272111e+01
2.468383554499506616e+01
2.468358509686907709e+01
2.417674365976764506e+01
2.417674365976764506e+01
2.499832445527727032e+01
2.400738080437404776e+01
2.466648515138320263e+01
2.408882489240112079e+01
2.405557014164556051e+01
2.405557014164556051e+01
2.256009581990182866e+01
2.081494035834626644e+01
2.081494035834626644e+01
1.650059216263384698e+01
2.341204727510716310e+01
1.684552784450253071e+01
1.684552784450253071e+01
1.684552784450253071e+01
2.352073362145242186e+01
2.282243635780604762e+01
2.282243635780604762e+01
7.372955878696278376e+01
1.849710356179318538e+01
1.675584228419485200e+01
1.675584228419485200e+01
8.996900438968974356e+01
6.847475149364213109e+01
5.522360044124229717e+01
7.580609933877660467e+01
5.077957397671427486e+01
5.191760915306791446e+01
5.393913371852912775e+01
9.721734081985728437e+01
5.249164244678466673e+01
6.215059528485689810e+01
5.270638449092810873e+01
5.020804215411583016e+01
5.428184771280832877e+01
3.823982784797169643e+01
5.120620942024217470e+01
5.375100282750875635e+01
5.375100282750875635e+01
4.912127772512073420e+01
5.777720050582618683e+01
5.877746172960689819e+01
7.336964327622879978e+01
5.164859935615660191e+01
5.703720805043590758e+01
4.195276797564911675e+01
4.195276797564911675e+01
4.195276797564911675e+01
3.156934516135783753e+01
5.320740374263385064e+01
5.547468091986781502e+01
5.970249345199229651e+01
5.176131928930486481e+01
5.672339264227903044e+01
6.073978249599377932e+01
5.811069517139313945e+01
5.947476013497060876e+01
5.240527596482584016e+01
6.054130310722886321e+01
5.367606979897475128e+01
5.909943944296172447e+01
5.636867157496224223e+01
5.246273715579977903e+01
5.460447240560549176e+01
4.931748253954585692e+01
5.394268684543532544e+01
6.091091326811341133e+01
6.277312185711395642e+01
6.065622475332935437e+01
4.321997430724408673e+01
5.456774840335427967e+01
5.456774840335427967e+01
5.577237045900537282e+01
6.478448487875715500e+01
7.721726006911295315e+01
5.631142263846572149e+01
5.261484177857104072e+01
5.823858851029168449e+01
5.605617679033183975e+01
5.109911611139749255e+01
5.693428874705831788e+01
5.538322531008448379e+01
5.521502615473907838e+01
5.991886426323761583e+01
5.775658678661238810e+01
5.164160368856009597e+01
4.294458577453529102e+01
6.102508997372677158e+01
5.210389579556889572e+01
6.453676969785637141e+01
5.955087517700664534e+01
5.735828304946972622e+01
6.417207474967879932e+01
5.541953439526785274e+01
5.466495139191385277e+01
5.296479954406347446e+01
4.656235858329637267e+01
5.760557477915521218e+01
5.612169116216625753e+01
4.425378479192340109e+01
2.957545851550819904e+01
6.411185024762816909e+01
6.411185024762816909e+01
5.542099630219528450e+01
6.059581043182880222e+01
4.970308152929992929e+01
5.805266648055942369e+01
5.041339382401740465e+01
5.215286892362816928e+01
5.223967458525254415e+01
8.753286118304040997e+01
4.303104403682286261e+01
5.143641448601106703e+01
5.525980698590353057e+01
5.627091395578878519e+01
5.102037502448625617e+01
5.808226543441135448e+01
5.845588581880573287e+01
4.069526420161029279e+01
5.143590615583942594e+01
5.893360516170785246e+01
6.056079243175582860e+01
3.218489586095057575e+01
5.462750288353810646e+01
3.101296284001312742e+01
6.317605641100572456e+01
4.996509178551880836e+01
5.456507175131808651e+01
5.974545426878882637e+01
4.836746076177836073e+01
6.500751674356379795e+01
6.243634115767224557e+01
5.882932710184528702e+01
5.108677378687508508e+01
6.667185569606161266e+01
6.548205510123545992e+01
5.980439949097416985e+01
5.703816020872052661e+01
5.819631354616930707e+01
4.855994760786829545e+01
5.811760664378778785e+01
5.950985059549076794e+01
5.513804852284434332e+01
5.513804852284434332e+01
6.098866654539815357e+01
5.955361032617430794e+01
5.793535164038885199e+01
6.432444176417205028e+01
5.094091739691668153e+01
5.094091739691668153e+01
6.659446054522959457e+01
6.387063252476628605e+01
5.309940828038859451e+01
4.173753228738902976e+01
5.225410821682269358e+01
5.865056518277268793e+01
5.741298183688744672e+01
4.909290516283296313e+01
4.860659233039998384e+01
4.846409693665638230e+01
4.410097792580032205e+01
5.650270417086590413e+01
4.816039716565894935e+01
6.069962082156567362e+01
5.808478288854438176e+01
6.002865570867838585e+01
6.138567087349204598e+01
4.726448089738899228e+01
5.703917886133135084e+01
5.209086291464203811e+01
5.254578620928501920e+01
6.396601073910888857e+01
3.694327625522688408e+01
5.953425036020636441e+01
5.925680503450401204e+01
5.245129832195368635e+01
6.266063802674617733e+01
6.456329179691608999e+01
5.924440281590196378e+01
4.011845016641304795e+01
5.724439570181997539e+01
6.217276112522714726e+01
3.996976861957876537e+01
5.941371087872863654e+01
6.249590068341881732e+01
5.848836022307040139e+01
5.504878094474329231e+01
5.299402874396375296e+01
5.299402874396375296e+01
6.143098296613460718e+01
5.170586886251257397e+01
5.321671570112331295e+01
5.889365575293160759e+01
6.339059666717369623e+01
5.716592575995617409e+01
4.095690263594399738e+01
4.903957176876834723e+01
5.222615301750968086e+01
5.502153256613169674e+01
5.257955081491444105e+01
3.792946969324330553e+01
3.792946969324330553e+01
4.723793195290067359e+01
5.769170148946949439e+01
6.741643665056430734e+01
5.078710263570764738e+01
4.354965788250080294e+01
4.589400179665836532e+01
4.565807916762017271e+01
5.118025935624287825e+01
5.545975732448209783e+01
4.058701766115819254e+01
6.266125668242247571e+01
3.835415116303554584e+01
4.557716188160524240e+01
6.058444523585689723e+01
2.643203209083064920e+01
2.643203209083064920e+01
4.147957414953849309e+01
5.228515939741441088e+01
5.951677269259177194e+01
6.226210278212393234e+01
5.107197528026225797e+01
6.323349638443796294e+01
4.117940855567088221e+01
5.551776067933440117e+01
6.432545266676595475e+01
4.384295834289093818e+01
4.290680941934128612e+01
5.692279218754785575e+01
5.675303554924091998e+01
5.670261282331097163e+01
5.793539232505521852e+01
3.668024048606401522e+01
4.946118746645797160e+01
5.499132292309408143e+01
4.614834707881040288e+01
5.037172012581483216e+01
4.964811825157772063e+01
4.719558313500649405e+01
4.767664207919918340e+01
4.250895668241799541e+01
5.995469284310915725e+01
3.667890405915535013e+01
6.411824307161316483e+01
4.392404634755390447e+01
4.511551595412699811e+01
4.468908964391266636e+01
5.829243697661782875e+01
5.829243697661782875e+01
5.343567955111360845e+01
5.549452019541769232e+01
3.319447298984840700e+01
3.319447298984840700e+01
5.432657673656860453e+01
5.188929130336070727e+01
5.939079482400097021e+01
4.903678645882364151e+01
4.902647403047497932e+01
4.925296454174626604e+01
5.552565159140660711e+01
5.031461196154474180e+01
4.748523067374232198e+01
5.018888471253912087e+01
4.844123443426604325e+01
3.742480114178085415e+01
5.680578695497757025e+01
4.883541399389441295e+01
3.990618188346311257e+01
4.919491239791242521e+01
3.978466648752063151e+01
5.299343488625621745e+01
5.664690861670602828e+01
3.741918907817225914e+01
5.070309872419124275e+01
5.892708646142424556e+01
4.791168569097609975e+01
4.384824426521733187e+01
4.826937115083116936e+01
4.826937115083116936e+01
3.955430440720103746e+01
4.962271031003207611e+01
4.962271031003207611e+01
6.268802800096655403e+01
6.268802800096655403e+01
4.207879990095495515e+01
4.194045360457138827e+01
4.577390827253423566e+01
3.792195014181121593e+01
3.792195014181121593e+01
4.130728963485417182e+01
4.130728963485417182e+01
3.371388120254349730e+01
3.371388120254349730e+01
4.558564019963424840e+01
4.137260390877532501e+01
5.064717865703420330e+01
5.045861483671210124e+01
5.438078623531124123e+01
5.833324624360829347e+01
5.212551517381725574e+01
4.679985836595348303e+01
4.032663800368897000e+01
4.032663800368897000e+01
4.880237742327536665e+01
4.127354518845727682e+01
4.851936799564554548e+01
4.829994077809459441e+01
4.968753561536457397e+01
5.635747744556081784e+01
5.269261363619918370e+01
5.269261363619918370e+01
5.424087322119414978e+01
5.598017087683462734e+01
4.466155051324710712e+01
5.636204135240357260e+01
3.087109559955245430e+01
5.390988472864069792e+01
4.855551323252847595e+01
4.855551323252847595e+01
4.504053548198382373e+01
4.423413366743961461e+01
5.256100901169496353e+01
3.885202649912846340e+01
5.782195510729313526e+01
4.965058201682184347e+01
5.222902789344536245e+01
5.575326944914855432e+01
5.575326944914855432e+01
5.575326944914855432e+01
6.911131387267207060e+01
4.577600181180869754e+01
6.529954813320155438e+01
6.401686508366728390e+01
5.232104446807707632e+01
5.691037291561357137e+01
3.842944540922699304e+01
5.042000939854068520e+01
3.454305099796032863e+01
5.562217645016956880e+01
5.416376042830054161e+01
2.498920720458761124e+01
4.956403611334155812e+01
4.900579492984886087e+01
7.145107527362948474e+01
7.449540313332138908e+01
4.786579839277390391e+01
4.839205370873652612e+01
5.077919434366872053e+01
4.470584576702772495e+01
4.516796188966184644e+01
4.516796188966184644e+01
4.479296582935612747e+01
4.827415158411149321e+01
4.737705073136959300e+01
5.836888371538647391e+01
5.023357487943323463e+01
9.197007390702221130e+01
9.197007390702221130e+01
5.526416767501336125e+01
4.509631177862552676e+01
4.190918300538240260e+01
4.216282532354480139e+01
4.513265745689007957e+01
4.601512559393776769e+01
5.528015307637974018e+01
4.326640844789454121e+01
5.138997845813763377e+01
3.652581250166220173e+01
4.749690784048467407e+01
5.100538363500150751e+01
4.192813918541248341e+01
3.378853372560492119e+01
4.930345098454611019e+01
4.698405310032187998e+01
3.891249873073615362e+01
3.891249873073615362e+01
5.147046323413511004e+01
3.837334616168015344e+01
3.837334616168015344e+01
4.806788250255924311e+01
5.618132310288756770e+01
3.302586899650093955e+01
3.302586899650093955e+01
2.680716361846164375e+01
2.680716361846164375e+01
4.186789717892035156e+01
3.572401772420028720e+01
5.807242529416231491e+01
5.807242529416231491e+01
3.881908890693120640e+01
5.299363425567525354e+01
4.915677286427377624e+01
4.050547635904089105e+01
4.336489277948042087e+01
4.336489277948042087e+01
4.514342167402270434e+01
4.484733125956690003e+01
3.250879891181446624e+01
4.935544490407880858e+01
4.280344797015832370e+01
3.125529880262156013e+01
5.074916508421991779e+01
6.059325511061679492e+01
4.926087422080607325e+01
4.948645035000367187e+01
4.362940917285507680e+01
5.166633567849893183e+01
4.936760896623802353e+01
5.561487438598797439e+01
4.127796732813585834e+01
4.671329945155650876e+01
6.069568856591682504e+01
4.677129487451289691e+01
4.513137721570098648e+01
4.939898686592971444e+01
4.701030056240344379e+01
5.470006158041244504e+01
4.803337318792785737e+01
2.766265480705745006e+01
5.619423328078913471e+01
5.259569993855047443e+01
4.270406759050486301e+01
3.723553896000336039e+01
4.850901741557180458e+01
4.584433624822164433e+01
4.455263868273188876e+01
4.476314564275960350e+01
4.541659228173392648e+01
5.104363586408599929e+01
4.803491464788606891e+01
5.150243252108299430e+01
6.982055109346947575e+01
7.109770999517068901e+01
6.971165208003077396e+01
5.012124606013643557e+01
4.111355133616905277e+01
3.563209608900238834e+01
4.845790769590438885e+01
4.913122908024070767e+01
5.067544066428872895e+01
7.485957266470558125e+01
3.831807756748503380e+01
3.870208360220088650e+01
4.155880038173935276e+01
5.289780592140353122e+01
5.289780592140353122e+01
5.215340984649696310e+01
4.727639814124974293e+01
3.425251161051235016e+01
2.448068846567160861e+01
2.495742682867556894e+01
2.495742682867556894e+01
4.677161710215657564e+01
6.237487055798793278e+01
4.705483889084885618e+01
6.211115723227437968e+01
5.109625158253543731e+01
3.961855989405240308e+01
4.062513785136025746e+01
2.519407577031205747e+01
4.386484270351333237e+01
4.769084475464935480e+01
2.683279089994432809e+01
2.352162703027035207e+01
4.141854643157495275e+01
4.141854643157495275e+01
2.975901408033660189e+01
2.975901408033660189e+01
4.626708274307721069e+01
5.862301083586526573e+01
3.806109419076039302e+01
4.979915127381207185e+01
3.447958167211523062e+01
3.596682143120592912e+01
3.596682143120592912e+01
7.777343270925284457e+01
3.000500087846396013e+01
2.401301238889703882e+01
6.339005717965304143e+01
5.293523138234552050e+01
4.608196358215808175e+01
2.525504224396511432e+01
5.224708044273545227e+01
4.732587487355394273e+01
2.522333467397976037e+01
4.511808478262071276e+01
4.502544306029022891e+01
2.740208770188521115e+01
4.121588386916556601e+01
3.640834855265984515e+01
4.491689158007800131e+01
3.170384356144402460e+01
9.278111542685289237e+01
4.502141611021093581e+01
7.029828573099570121e+01
6.063027602808303129e+01
4.842760041328991605e+01
5.746627286312528327e+01
2.336116572612385411e+01
2.336116572612385411e+01
4.387299622542732891e+01
6.994440425046730070e+01
3.936021896216527693e+01
3.936021896216527693e+01
3.520157406817398993e+01
3.767701252235934817e+01
5.635056719173234541e+01
8.939749108721956361e+01
7.867479933206273301e+01
3.015929711573256355e+01
2.976508191550000149e+01
3.385543103200217274e+01
3.385543103200217274e+01
4.813926841921759348e+01
3.408655123823646704e+01
4.381044846679920113e+01
5.520666402422204300e+01
4.355584493300845139e+01
9.027536507485004336e+01
7.202110291715945323e+01
4.450901992734515034e+01
6.965224170569251783e+01
3.778096255182469321e+01
3.778096255182469321e+01
2.597512633242964597e+01
2.597512633242964597e+01
8.390925838243852297e+01
4.234129381897634659e+01
3.768245778040423488e+01
6.901494855198026812e+01
4.797805790796614644e+01
4.286747381372818211e+01
4.286747381372818211e+01
4.131211238693299492e+01
3.062992564059792500e+01
4.071912190606383319e+01
3.073052530194140886e+01
3.498537860115920495e+01
3.922905496450592722e+01
6.274210117119173447e+01
6.274210117119173447e+01
3.952817900642022408e+01
3.766995353707557825e+01
3.766995353707557825e+01
4.124234697930349114e+01
4.124234697930349114e+01
3.994519088496601711e+01
7.023819421304217769e+01
4.154092823898672293e+01
2.705827437844963157e+01
5.538534098386415394e+01
4.544341724027552942e+01
3.462967960902027187e+01
3.462967960902027187e+01
3.323337081857643227e+01
3.947309028865136327e+01
3.398282953368717330e+01
4.279482649630049451e+01
3.040583218560905010e+01
5.942863178973447447e+01
3.642331952250617633e+01
2.713179238197086107e+01
2.713179238197086107e+01
2.713179238197086107e+01
2.713179238197086107e+01
5.472211545912863784e+01
3.332657131443420440e+01
3.600290328115227823e+01
3.600290328115227823e+01
2.928296096743256172e+01
3.085231741071494227e+01
2.769311312749454501e+01
2.769311312749454501e+01
5.723381700726444166e+01
3.499769950610576785e+01
2.977391608124423783e+01
3.624683894191488065e+01
3.624683894191488065e+01
2.968201059569479838e+01
2.968201059569479838e+01
3.718909542074371899e+01
2.498441559064303519e+01
7.739525386686182173e+01
2.934995804125193075e+01
3.277295096410605879e+01
1.996821457172686465e+01
5.699835882655862918e+01
4.055909374004672685e+01
3.488248327281701222e+01
4.553464649241242768e+01
4.107305493329257473e+01
4.107305493329257473e+01
4.107305493329257473e+01
4.107305493329257473e+01
2.220852497460266761e+01
2.220852497460266761e+01
2.220852497460266761e+01
2.220852497460266761e+01
2.220852497460266761e+01
7.734398171696770419e+01
4.200828615078884809e+01
3.923437252598191094e+01
3.923437252598191094e+01
4.013985564234400272e+01
4.131788495223049296e+01
7.833541286019745087e+01
4.345992028847545896e+01
4.345992028847545896e+01
7.702578979863085351e+01
4.064909205318375029e+01
6.410297835125822985e+01
7.847670207372109985e+01
7.847670207372109985e+01
3.568876338506582613e+01
2.733458646997217301e+01
4.240787418506256756e+01
4.090970337572063187e+01
4.090970337572063187e+01
3.174489989062987405e+01
4.223530416748722160e+01
2.992239199374675707e+01
2.834697245131187060e+01
3.276225089622651154e+01
3.016018937552876977e+01
4.054303409911392464e+01
5.417985973560792701e+01
2.759627009106530338e+01
3.410727197552651546e+01
3.262399153086442993e+01
7.613288877362080598e+01
7.613288877362080598e+01
7.805926687527244212e+01
6.726836760676276583e+01
6.726836760676276583e+01
5.231570230077169725e+01
2.595579368482707494e+01
2.595579368482707494e+01
2.804283034084683734e+01
4.758871697227419872e+01
4.758871697227419872e+01
2.972400641941701238e+01
2.672318210236181457e+01
6.529022342452728367e+01
3.881984088495137541e+01
3.881984088495137541e+01
4.901228969565980975e+01
3.477286244849926078e+01
4.788785041453056124e+01
4.422549452368890144e+01
3.290349618687985611e+01
5.253295394994882628e+01
2.615349996697203849e+01
4.825063856714845656e+01
5.688579155173005120e+01
4.483917761849545514e+01
2.504325355048964497e+01
2.504325355048964497e+01
3.672369882715584311e+01
2.309397398043648764e+01
4.725627904219314246e+01
4.725627904219314246e+01
3.319639192638326364e+01
3.319639192638326364e+01
5.669115793749241305e+01
2.004487994180870558e+01
2.004487994180870558e+01
2.004487994180870558e+01
1.929441236032293006e+01
1.929441236032293006e+01
2.532337084526546889e+01
2.649598200472415499e+01
4.685503565656739511e+01
3.231861687714470577e+01
3.231861687714470577e+01
2.165031269586307872e+01
5.655085896223911135e+01
2.528926926373499739e+01
7.238967679804349586e+01
9.410399104534599246e+01
3.289049553050944041e+01
3.289049553050944041e+01
2.609670370262151096e+01
4.833845704638979157e+01
3.075612212214214480e+01
3.652640384096234527e+01
2.533877555850115115e+01
4.709757492635046106e+01
5.249423223761653645e+01
3.397865458017073337e+01
5.320229075950885544e+01
2.512433546743112700e+01
9.280829649145671567e+01
4.290168851282317775e+01
2.675482942293545108e+01
6.527330112710539822e+01
2.519358032856336038e+01
4.771687601222201636e+01
3.590800160875491542e+01
7.757513313638898467e+01
3.064519166384890880e+01
4.174712759475971069e+01
2.742738241142128075e+01
2.742738241142128075e+01
2.781715642543533562e+01
2.781715642543533562e+01
2.945399995719217401e+01
5.465786632494539532e+01
5.465786632494539532e+01
4.446364318321796105e+01
3.073759982707893812e+01
2.732150522300128159e+01
2.699755218012572655e+01
2.529393184013027351e+01
2.739873279877088308e+01
3.208734494205328502e+01
3.694748979763265595e+01
2.863976752765374556e+01
2.998651464000882427e+01
3.662743543268871349e+01
6.219396469996239318e+01
2.393145810806076668e+01
3.199274795749180100e+01
2.559405240723087260e+01
5.116886197884112164e+01
2.241541706471004503e+01
4.006253564687015256e+01
2.042916729552563737e+01
2.042916729552563737e+01
2.042916729552563737e+01
3.421359889812026722e+01
3.421359889812026722e+01
6.462734606415520489e+01
5.007848128880066696e+01
5.019633266720857279e+01
2.575265958374119890e+01
2.575265958374119890e+01
3.383524071507199693e+01
5.783550029899788569e+01
2.732830693174676995e+01
2.732830693174676995e+01
2.732830693174676995e+01
2.444079988375506929e+01
3.039175085469340942e+01
2.500930725111614450e+01
4.296209569378386561e+01
3.250192535647661174e+01
3.250192535647661174e+01
4.137688782608591254e+01
3.056554167084501827e+01
4.161208055614492451e+01
2.637905650204560359e+01
3.312069946126418074e+01
3.312069946126418074e+01
3.312069946126418074e+01
5.054886191514860627e+01
2.681456851555809351e+01
2.504476740336295038e+01
