mass_ratio
9.338956954659185516e-01
9.211904060646340930e-01
9.860765690827753005e-01
8.966028473160909673e-01
8.825648245156391125e-01
6.857118482313047103e-01
4.397200208751665951e-01
8.554503621319163864e-01
7.273226308042695099e-01
9.107184248132115245e-01
7.612571575768664056e-01
8.060283618820888174e-01
9.746979547641795305e-01
9.457644787108727691e-01
9.273481458002419409e-01
9.070016139886650786e-01
4.555142122611405275e-01
8.964016168748724089e-01
8.136448764676719181e-01
8.711835470895948896e-01
5.247223687486695098e-01
7.621976484158693443e-01
8.948520657429618330e-01
7.763070473532290849e-01
5.154444689106488786e-01
5.918626963410403841e-01
4.528325832012425889e-01
5.817166880485615810e-01
7.428007141414592063e-01
3.791265367152564791e-01
4.344749117796543048e-01
5.041329142684582987e-01
6.624402317344962876e-01
8.672154073929401186e-01
6.268898847305623967e-01
7.452633914492925449e-01
5.098001796309321598e-01
4.748010137137566589e-01
6.882223037864305670e-01
9.370621980933389050e-01
5.746928411084557542e-01
6.974645070456451101e-01
6.219845425735758271e-01
5.088418209162582917e-01
4.793182375461852995e-01
8.350827066414493460e-01
5.156898554093573006e-01
8.761413928805449336e-01
5.643804189234353785e-01
8.328807318232610557e-01
7.466757162538347758e-01
4.397828846185106166e-01
7.481428435560231183e-01
5.106655514897612269e-01
7.742305770272736032e-01
3.626119190911837875e-01
8.079596184961418404e-01
8.812421714722573629e-01
9.754136341618737660e-01
5.338009657641662464e-01
7.534101130111714451e-01
5.800705829947084835e-01
3.817268002458810150e-01
8.519684835413229296e-01
7.323676010971869044e-01
8.194606568452449391e-01
5.248293732034393644e-01
7.741694874340132593e-01
5.035425760759060232e-01
5.176013829680390366e-01
6.668653009189992042e-01
4.195975762220378602e-01
8.253272021129355318e-01
6.234795795159410181e-01
4.929557081784516903e-01
5.445567881043656966e-01
5.598391985460827724e-01
4.326289562716501003e-01
9.766465149692956649e-01
9.419292836199305574e-01
8.257789633640953975e-01
9.051881131815040504e-01
8.615357679843671512e-01
6.784833396454379439e-01
8.825905147068894285e-01
8.804026068301123997e-01
9.369136349832174471e-01
5.271877507261707452e-01
9.035562907704745017e-01
9.105870916930133285e-01
8.978157702974924881e-01
9.203748507099569487e-01
4.427652333878854263e-01
5.331331401012187055e-01
8.333814313459030343e-01
9.038745424794900618e-01
4.128713169478039902e-01
9.993368634784588478e-01
9.874164035307801957e-01
5.601529284576987067e-01
6.772060651008339205e-01
4.759867448682075231e-01
6.782934122237795904e-01
6.459845253771099305e-01
9.160989667573553596e-01
8.757197040753029738e-01
6.990511353573494180e-01
4.406254321792401618e-01
6.552382293961449555e-01
8.789621961916384008e-01
9.253230999662037659e-01
6.933568138262378167e-01
5.957728186082217325e-01
7.433113739197931835e-01
8.049830193282060398e-01
4.762529045047090848e-01
8.819269729202222630e-01
7.353347235087733802e-01
5.496093053712723941e-01
4.066412556145199697e-01
9.101232720861199832e-01
4.462567700633680579e-01
7.839214199835288222e-01
8.890465971466221529e-01
7.600764211095807354e-01
8.992971446027772098e-01
4.490409083672738944e-01
9.291218836867553010e-01
8.849447738212203873e-01
4.426978957131164072e-01
6.035726180846591182e-01
7.285085352409559345e-01
6.955775642655303015e-01
8.870638346959734966e-01
6.296304935612986320e-01
6.622300332435983039e-01
4.746625802625150103e-01
4.745705382463388244e-01
4.533063556208575817e-01
3.980028144622937414e-01
9.058263485969382245e-01
6.565254110774373375e-01
9.173886734191837311e-01
4.619076961778673662e-01
4.800128810198121543e-01
9.876361950080864149e-01
5.412340386278752247e-01
7.862316728779135122e-01
9.931360282049166432e-01
8.945244028311312157e-01
8.459580898250812497e-01
5.296544286694164771e-01
5.965569618299118027e-01
9.217023458347343157e-01
6.628540253642369873e-01
7.444431128122193098e-01
8.988324283541452298e-01
5.457161068571350082e-01
4.357796642414517030e-01
4.611018538181966275e-01
6.501415632536681199e-01
5.496295576701961672e-01
4.406124430624930310e-01
6.337439370039924524e-01
3.771985822673440958e-01
6.874011704100438935e-01
5.218592774597351491e-01
8.322369245590195419e-01
6.444194628783321832e-01
6.897225884262138118e-01
4.937357444732592970e-01
8.114967228010848688e-01
8.031523154343890303e-01
4.283180685802466803e-01
4.963899485281439428e-01
4.858495915022271738e-01
5.618182969565023166e-01
8.429330689894416473e-01
4.727113342590763545e-01
8.765539301633101799e-01
9.341701403650974900e-01
6.430693065226005256e-01
4.243891438042923236e-01
8.427617770158037924e-01
6.565762865474593646e-01
5.197805340388704787e-01
6.727376650335971098e-01
8.757087117810871124e-01
8.991581144761184863e-01
6.588823629453338659e-01
4.973710074184305441e-01
4.706497436362067632e-01
9.274293035183651668e-01
8.421205822202062485e-01
9.328130282242903526e-01
8.035124406713680667e-01
4.098479461171188887e-01
9.562484340054777654e-01
9.533543626601119758e-01
5.221817665027734812e-01
9.764702195641802307e-01
8.875637776314616589e-01
7.150598709135060904e-01
9.068509307306715783e-01
4.649026006392693589e-01
4.567269432873179991e-01
9.937310386155846498e-01
5.331331072682728989e-01
5.113387904857139565e-01
8.806815853026895846e-01
4.307984873473773013e-01
4.748634649529736018e-01
4.602380029764168712e-01
9.117143497638308114e-01
8.169906282639932682e-01
5.318373458244862739e-01
8.322560716151043980e-01
7.458326183095096429e-01
7.830179141649605823e-01
4.901617230163642924e-01
4.981851576062384934e-01
5.170348110206776093e-01
7.066803868640507691e-01
7.471873702528043504e-01
6.428423246551034920e-01
8.220762104228398481e-01
8.307104135270891865e-01
8.268089840126447987e-01
6.118751681597491832e-01
4.712307221915574829e-01
5.315973945944466594e-01
8.864812700833000214e-01
6.887401163257185210e-01
8.910796425820901590e-01
8.747642942585548420e-01
8.698577689732368556e-01
6.257846515449331237e-01
8.510265504426907102e-01
8.820081859665601653e-01
7.527160557579141154e-01
4.638784514783136359e-01
6.201085403610675506e-01
5.049054001544387438e-01
8.246733947476726501e-01
9.094881323385033411e-01
8.027070982205988248e-01
9.380872384798998320e-01
4.725490554500598184e-01
8.039920669238594941e-01
8.795326043021577389e-01
9.644492893585787652e-01
9.107736004853804745e-01
7.891090816732202473e-01
4.214338938019831504e-01
4.901823663637309703e-01
8.915586955888937792e-01
5.847306129934896068e-01
5.371588815402057460e-01
8.421102567399881833e-01
5.464633352314156589e-01
8.004847277047836274e-01
8.042216772286254756e-01
8.393011169498922897e-01
8.146840109405014685e-01
5.024971543074246982e-01
7.761210941046574607e-01
8.911403343163053492e-01
7.166645477457321833e-01
5.864936057928437085e-01
5.379169782057843241e-01
6.120564902760318171e-01
8.287791501803122296e-01
5.506226927474370259e-01
3.706279786166615797e-01
8.392604018117015841e-01
8.987093722913357396e-01
4.266053126123339756e-01
8.964387400160790387e-01
8.946121448148220967e-01
5.420177045325713650e-01
4.884970238674030685e-01
8.467967770123334681e-01
8.887800458761597744e-01
5.930882506161537782e-01
5.884292469320612229e-01
7.284514962131852789e-01
6.682887377430609677e-01
9.224571818068344475e-01
6.454751109165181022e-01
4.192373579465300537e-01
4.220462300454534410e-01
8.881462674619440278e-01
6.523978351152180943e-01
4.103319671783807188e-01
7.642078553946538566e-01
8.853972245485876025e-01
5.975445115853638134e-01
5.418910320330787567e-01
4.779115869513176351e-01
4.112290137317834438e-01
5.192438229385234472e-01
7.777643752375984487e-01
8.717652336442047734e-01
4.275462891168101409e-01
7.696597844456959381e-01
6.331950100890935129e-01
5.462452678708143994e-01
9.626994951133398537e-01
8.533433218251533781e-01
6.065653779996382777e-01
6.504251234912984403e-01
7.024774817056977927e-01
6.776015634304553004e-01
4.610756989193703359e-01
9.129684467095581235e-01
6.180698180415086229e-01
5.114298335354774405e-01
6.934223294221145695e-01
8.757663464457512426e-01
9.067639984698985245e-01
7.834973974910940386e-01
9.317462569194929767e-01
6.532165223095497408e-01
6.742703725151142358e-01
8.409377198276781762e-01
8.966782740543320918e-01
8.619372123126934904e-01
8.073335364692194593e-01
9.199958335468755299e-01
8.805560325481635031e-01
4.640209958376287358e-01
8.814572518908740939e-01
9.144117827598927661e-01
4.196955140946700968e-01
5.328718910143089849e-01
9.039124218437980529e-01
9.668101851202528518e-01
9.808650233017105480e-01
6.898482287913221267e-01
4.382424738004196407e-01
9.065385936618509666e-01
6.257201210658261958e-01
4.631917003258614884e-01
4.492067759483387435e-01
6.747580019203446300e-01
6.646633336943061909e-01
6.733682271184364687e-01
3.902721620198719710e-01
7.970665176492796045e-01
9.567450195364656240e-01
4.064295747442022710e-01
7.759183107101561561e-01
7.453596240175524024e-01
9.123867917545332995e-01
4.575430637889104091e-01
9.502537422173776838e-01
7.260059649102951207e-01
7.054161155289395690e-01
9.039669235647189716e-01
6.132342127609612392e-01
4.184174210264992033e-01
8.725171465109899938e-01
8.615970611344949681e-01
4.309002883696866903e-01
5.456490163363811874e-01
7.191540752426039962e-01
9.041865197371009577e-01
4.824604717222976125e-01
9.172750908198633590e-01
7.047334152654768369e-01
8.153127976892682316e-01
8.892446241331841694e-01
9.873313121825543215e-01
6.194333921925602171e-01
8.654504570589799384e-01
7.403595079152665015e-01
4.965936421884628582e-01
9.139300206954560357e-01
9.061098156807201320e-01
7.350497193287345299e-01
9.026691085187446006e-01
9.673645454116596154e-01
8.272191369808343797e-01
7.635023027696445919e-01
5.533811705904366773e-01
5.773213924879281311e-01
8.368419519539299634e-01
8.402441232044701724e-01
7.037231061972262225e-01
9.444134801175839700e-01
8.485798961298470777e-01
8.888950204999011007e-01
4.028727474479028570e-01
8.710762580575472924e-01
5.551404437243750989e-01
7.449340382264257876e-01
7.212837295822057682e-01
6.892913368737496604e-01
5.812269854737837083e-01
8.897079313238118736e-01
4.576425524155975366e-01
6.727597059189824868e-01
8.706368043425251058e-01
8.271962074581657998e-01
8.909571500012501977e-01
5.442848024289649311e-01
5.375727185807205322e-01
5.049705010270401084e-01
9.210845179005026084e-01
5.638527072652991246e-01
9.326656047473502742e-01
5.823278674433154389e-01
7.515124435141263826e-01
8.881898467217248516e-01
4.237217200833173214e-01
5.981098629947955159e-01
6.143851143919220048e-01
4.973147200654202127e-01
4.073087880167271524e-01
4.177985908161725992e-01
5.588666587964600252e-01
5.237256696181455951e-01
6.837309852474073857e-01
5.035240259029222232e-01
5.399611422766733559e-01
7.875112270331028341e-01
8.399958520251749050e-01
5.282545454783301730e-01
7.290525396351572596e-01
9.476205943156752465e-01
6.843630814170845733e-01
5.731493757912206055e-01
4.547587324825486665e-01
4.216415243539918811e-01
8.511592974419673885e-01
6.307642560027705292e-01
8.920292763314731088e-01
6.799473026613622739e-01
9.338114316193809605e-01
5.560880469615019361e-01
7.603154552868340854e-01
9.215168919277469950e-01
5.228078775867514016e-01
8.958043861234187277e-01
9.038790995117135241e-01
9.929733405938679924e-01
8.890079974948514874e-01
6.568190155192197288e-01
9.442824353490918421e-01
9.566724531911796614e-01
5.251603646014458837e-01
4.167541913211570415e-01
8.933508224361493832e-01
5.714767368159080485e-01
7.400907508503454801e-01
4.771597412789245207e-01
5.962796814509443433e-01
5.023550337447164615e-01
7.167103501529289433e-01
8.148562392186956549e-01
3.893180749773424432e-01
9.093078825190891168e-01
7.863735517252713469e-01
4.640665439702520989e-01
9.968995637690972744e-01
5.349594827315665713e-01
7.359992209712464817e-01
8.725885815810892066e-01
7.695543245199231164e-01
6.200345056747894601e-01
7.968221047171258897e-01
7.624786825835481174e-01
8.429535786211473924e-01
9.810292317730103795e-01
9.329339530781429746e-01
4.134643186681548621e-01
8.792452702724482538e-01
4.590024542254366180e-01
8.906101603870654193e-01
4.688896015782656468e-01
4.335002513051486317e-01
5.632677599389348533e-01
4.245408876326529080e-01
3.884033872223724426e-01
8.224996247652739401e-01
7.368221359009088367e-01
9.968450417100364058e-01
4.493086418977249030e-01
5.000215105010257233e-01
4.059804223658478595e-01
3.672668379743963540e-01
7.313103636510076555e-01
4.645570520548468751e-01
7.988255240397328372e-01
8.743274067824281515e-01
8.488533715918724631e-01
7.744055612876575845e-01
7.877271726422152565e-01
6.952928622943868042e-01
5.243181435492016984e-01
8.560958096252142546e-01
3.920792281651967470e-01
6.297182238707479396e-01
8.564865271540337277e-01
4.977665017650487189e-01
8.214747448784720518e-01
8.874649696572811663e-01
8.898082511583976784e-01
5.681361269451630225e-01
5.079194342918883498e-01
3.948163766760315330e-01
7.645381254511917080e-01
5.339467589027315775e-01
9.825222234482637873e-01
6.833661670109906217e-01
6.437770946594936206e-01
8.995349643885259816e-01
5.820216698715888759e-01
9.014868113931003846e-01
8.819343041503656666e-01
5.158937509478280781e-01
8.558750023091141745e-01
9.982772404637310082e-01
9.888222122522238866e-01
8.180684283351465913e-01
7.223142701365252716e-01
6.360239334681631052e-01
8.817926484012047483e-01
9.103858487282493472e-01
8.609421286167684428e-01
3.500435078212172368e-01
9.599332116591891007e-01
5.182169023890206283e-01
8.778277518295308779e-01
6.560274355293709281e-01
7.054838407588523985e-01
7.426455424279517770e-01
7.762062647439839091e-01
4.896256707543187314e-01
4.340647715848710009e-01
3.677295814997154078e-01
9.272066552254866201e-01
4.850387496042328217e-01
9.289488560582185306e-01
7.660081596324594955e-01
9.320709629044632294e-01
4.817648725996003245e-01
5.860140241365632274e-01
9.157374625285001901e-01
9.591706508061123015e-01
9.433387020509088616e-01
5.141913864787563959e-01
4.714593126379878485e-01
8.936615649263472960e-01
6.952001477637839155e-01
7.017718528949974388e-01
7.443661642942360768e-01
6.037673456072490952e-01
8.816331818631141237e-01
8.927434472563356982e-01
5.929526997482901240e-01
6.646633336943061909e-01
6.341788397018962575e-01
8.429855140583626394e-01
7.704325644571058396e-01
6.482129505881345510e-01
5.005248376380311282e-01
7.162383068036032308e-01
7.795186796288886555e-01
9.371814848750036342e-01
8.420311874343776593e-01
7.315117931801976559e-01
5.710484987258622747e-01
7.027482419215934639e-01
8.115281082673422297e-01
7.133467890996059158e-01
7.356386551694628073e-01
4.955124231751773523e-01
4.754297402801548333e-01
9.188824827127149986e-01
5.587054878083542730e-01
4.097660296251471879e-01
3.694280703249619990e-01
9.242724854916182231e-01
8.820675091508007881e-01
7.375818834843056448e-01
9.935046417903382610e-01
9.791273385539015495e-01
8.763013188653877572e-01
6.328172761975553451e-01
8.911590603732402194e-01
4.319651912433989382e-01
9.168466715365890529e-01
5.219536451472692740e-01
3.842867601488806351e-01
8.909475603728727044e-01
5.057279710313088428e-01
9.253879613888451594e-01
3.805301096138146710e-01
6.037833099794032155e-01
4.620589082288070193e-01
9.367720794476098733e-01
4.239120306389535520e-01
4.005513397034997647e-01
9.530679352644600977e-01
4.033206714758310607e-01
5.430573205592343911e-01
9.180663852591568475e-01
8.767924223330730849e-01
5.945998281835256360e-01
4.026008222455876862e-01
6.027823744963511921e-01
8.998354062843501033e-01
8.618194750215604216e-01
4.971375073458325633e-01
5.551341314968302187e-01
5.131996352751149182e-01
5.328573674616782219e-01
8.607273648148172640e-01
7.552827933337715738e-01
4.852198437395624508e-01
8.491202915002182827e-01
9.161272166875166212e-01
4.956356666772437913e-01
8.883096564604814338e-01
8.495854655372904185e-01
4.117933563741730807e-01
8.588742825741214615e-01
5.678651915480964485e-01
6.650939449951671634e-01
9.032579904881307131e-01
7.266028756785201104e-01
5.336486755054983266e-01
7.547183235233599907e-01
8.535189488374862465e-01
4.268428620826451581e-01
8.044159878245162876e-01
7.127245518838419835e-01
7.453161180194443070e-01
9.828115772821326424e-01
5.504707280259946156e-01
8.846560727371496347e-01
5.261593517033156253e-01
8.899130100910851437e-01
4.744436051346966887e-01
9.463739207651876706e-01
8.326108237811357116e-01
4.811222880998790030e-01
3.911672210860860921e-01
4.677617833476337417e-01
9.979233198003296668e-01
5.873986089407025046e-01
9.214831950760713486e-01
6.874984036790724451e-01
8.447608399099197918e-01
9.283469549250709107e-01
7.479209078333216576e-01
9.846003329663725046e-01
8.512573752769199142e-01
5.239882032054831162e-01
6.633189719325777167e-01
5.226434639557218098e-01
8.703160178288055215e-01
8.169680190530765884e-01
9.044183576022039039e-01
8.304442313589510682e-01
9.834474301592628365e-01
4.169546953190301775e-01
9.139176484693891656e-01
9.482789856622209079e-01
6.791261393657243017e-01
8.663227115459695149e-01
7.753167471491727580e-01
3.769674752726258626e-01
7.956940615811509687e-01
6.723021150087181708e-01
4.988256645965185032e-01
4.871673733560054620e-01
9.026950746728884534e-01
7.351603792832099860e-01
9.164220130129990816e-01
8.285352542648994900e-01
6.849620630203853144e-01
6.022860574349094831e-01
4.086692897812489456e-01
6.063645068881583500e-01
7.610353157345900454e-01
8.629947469961652962e-01
8.407660532369963802e-01
6.534437843811262692e-01
9.201487696121692927e-01
8.054348745416000099e-01
8.249277438434740040e-01
9.835924257308533702e-01
4.706407274971111665e-01
3.888190256095662156e-01
8.731041470607807664e-01
7.471735799906626951e-01
8.701378080661311687e-01
6.751158769129455006e-01
6.136224711583051494e-01
4.589095129161908093e-01
6.894641445375020439e-01
3.746474610502890101e-01
8.615660160500158149e-01
8.483381529420253031e-01
9.642218898548431394e-01
9.495045689539903799e-01
8.973805331728536006e-01
8.714174420385044639e-01
9.975180376579222408e-01
5.429634361639524842e-01
4.418625393533801016e-01
4.122642632713099387e-01
7.588972414284307355e-01
9.949096121343197208e-01
6.474280256026366809e-01
5.641426978188325281e-01
8.476891259734200545e-01
8.212111585134500569e-01
8.674376761381709100e-01
8.682981423046123304e-01
6.704586898099242909e-01
9.272315445798701150e-01
4.215716910419139984e-01
8.944341842430585388e-01
9.172446822828832502e-01
8.668419535504837681e-01
7.748910109065710872e-01
6.226873210161029126e-01
6.135068554589586665e-01
4.245649322579040930e-01
4.505097882939271825e-01
8.734758411825958024e-01
9.126612022632262233e-01
4.646949294395019137e-01
8.712590835644744569e-01
8.528360002686274921e-01
8.790205134064290604e-01
5.209325409884896230e-01
8.343320157519453772e-01
4.742617309435251949e-01
9.252864118044311637e-01
9.543322414443741186e-01
4.971704011432329651e-01
5.833806518745802139e-01
9.159667945957964408e-01
3.874956884932536649e-01
5.574640927320407835e-01
4.563001419574195805e-01
8.947856745524455091e-01
6.030218559906699305e-01
6.887967152911399493e-01
6.707775371086628358e-01
4.662801305296490062e-01
9.600882479198615815e-01
6.048490777508443994e-01
7.350591551323548689e-01
8.493979141786478504e-01
7.195262689508583609e-01
8.528218868818531195e-01
8.356391837325205518e-01
9.400995630601589603e-01
4.841431358669777696e-01
9.562809937295058127e-01
7.665677782998145950e-01
5.973047021388860900e-01
8.663754900994139474e-01
5.966333436236607168e-01
4.800506901691289352e-01
4.600501759232926147e-01
7.412521628733464985e-01
6.143053158749378628e-01
6.069036627117568861e-01
4.672089434546805586e-01
4.657711668843328434e-01
9.348500835173708667e-01
7.686833370106818109e-01
5.628035371152066979e-01
9.026961967492717065e-01
8.863742280145099350e-01
5.814377791836083942e-01
3.985334889571934269e-01
7.845694547401498298e-01
7.038902326441059953e-01
9.551917355578810609e-01
5.430573205592343911e-01
4.227772878687179325e-01
8.584340065901001626e-01
7.716821716697324085e-01
6.140108470247992445e-01
8.235059221966700704e-01
5.729791970014734837e-01
5.307562375219674333e-01
7.676782091217522197e-01
4.810992636358849550e-01
9.851778194787389475e-01
4.790486429993905393e-01
5.536310834948919846e-01
7.957789837926673160e-01
4.963929113277870120e-01
9.395784008128614806e-01
9.495225497346965193e-01
9.897447700292223427e-01
8.850305940338507593e-01
9.964807326197545612e-01
7.128904027238236463e-01
8.975006764823438843e-01
9.405014511730724891e-01
6.168160436933407542e-01
7.436795210110941357e-01
4.131487374246581856e-01
4.869731351400066188e-01
3.891446805786339946e-01
9.584352713224542075e-01
4.840567173801234024e-01
9.846983075804508490e-01
9.279755446868678259e-01
8.284556392250093104e-01
4.708539300796130700e-01
9.903681503097290229e-01
4.612017467948759664e-01
7.457370666700106066e-01
4.951813372651168721e-01
7.893612724360749011e-01
5.784794340777442700e-01
9.176674763444294669e-01
7.429427644990594937e-01
3.946240075495067723e-01
8.421731013994769866e-01
6.181637195500264692e-01
8.795277622674014806e-01
9.327159078876764431e-01
6.874021092769071473e-01
5.502880926404855044e-01
3.980015710937189755e-01
8.035700060280874801e-01
6.386530885451394690e-01
8.506482139151515520e-01
7.505241854046190708e-01
5.937721611460375915e-01
4.072293919380270411e-01
5.553530968229607456e-01
7.100788701836057148e-01
7.581057851940190551e-01
5.050561589152197106e-01
9.990391578934842975e-01
7.909939621843400381e-01
6.372743760803517565e-01
4.729342277932750971e-01
9.846326442501485143e-01
5.331545129598120880e-01
9.172349797649395065e-01
8.387286319488820308e-01
8.267555350613793319e-01
6.373347689494546220e-01
4.274365220299148893e-01
6.100251911052581022e-01
8.836744699855263452e-01
4.396475350792970471e-01
3.916038853408533305e-01
7.284423495246552527e-01
9.307751293331143483e-01
9.814455666730300676e-01
4.131823475775350807e-01
9.029768700567933903e-01
8.238642567662534111e-01
7.603499534141650029e-01
6.858163732371439503e-01
7.655328411237597441e-01
4.373686347202946356e-01
5.883250932782524423e-01
4.627454040718552153e-01
9.044490915594809444e-01
8.361518269555133775e-01
9.810047608023446664e-01
4.429361548582410602e-01
4.606689138208323597e-01
5.781110620665318445e-01
9.773752404844560093e-01
4.776019522207089474e-01
6.608978451593539027e-01
8.028039258914150267e-01
4.922555661075670996e-01
4.423725066311040011e-01
8.374195037376792605e-01
8.584174012936162113e-01
6.079750349222176053e-01
9.619725072359514018e-01
6.320277298691487911e-01
4.665429375298622561e-01
4.077858842840951237e-01
7.876003612811638410e-01
8.074831071918738834e-01
8.491990388861608841e-01
4.936191740908904557e-01
5.484311383498641224e-01
8.740023545390432913e-01
9.282214379566803286e-01
8.120710707098114378e-01
7.624055353669032531e-01
6.540092009545311891e-01
8.746687468367038143e-01
9.569454397718656358e-01
5.580558489014759704e-01
3.977166303428111838e-01
9.208634364409024053e-01
8.421469126805387617e-01
7.110555874029479417e-01
9.413294379185440652e-01
7.480879715064875368e-01
6.496807745040330540e-01
4.389346765062192568e-01
7.087219534471151938e-01
9.282067249682817156e-01
9.371483181231787807e-01
7.694613458370883619e-01
8.554431457283688811e-01
4.723771905443578389e-01
8.815394041147022186e-01
8.058982722184759862e-01
8.528354028770374073e-01
6.111527846171262990e-01
7.394353727054571168e-01
8.514551567240201679e-01
4.510635863767792353e-01
7.790658029571836396e-01
8.538175249214603468e-01
4.964404710419479394e-01
8.857292975202295526e-01
9.112349807226498566e-01
5.452672403090311759e-01
5.127628269203247102e-01
5.425400367249727518e-01
5.366233539128354435e-01
6.274446375957195565e-01
4.454340582747767785e-01
7.937351622870225665e-01
8.035124406713680667e-01
7.729321347868612913e-01
5.459736722870894843e-01
6.545885798475453710e-01
5.648160517384165358e-01
9.315219449852439881e-01
8.105055556048177401e-01
4.444381820202249478e-01
7.037630865302509919e-01
9.224735034400847189e-01
4.081177703196870454e-01
7.434338184562184759e-01
9.467357184771895140e-01
9.551571764116568719e-01
4.906921919097427254e-01
8.411925779189920460e-01
9.655021189896162426e-01
4.268693277604908576e-01
7.726822929263355011e-01
8.407574667942097069e-01
3.833237318084099510e-01
8.079777495657148867e-01
8.597682577810328297e-01
4.913348237387398787e-01
9.447619682358799897e-01
7.307903127397525900e-01
7.045561475759233305e-01
8.369288424336552845e-01
9.123073691829500786e-01
8.661725381717049199e-01
9.392081433122927425e-01
8.676174618208025713e-01
4.206884591813485064e-01
6.384739604418496750e-01
9.060560450456156545e-01
4.379276953907482728e-01
7.189586735946367213e-01
9.546982659767612178e-01
5.160985553986253693e-01
7.200723871881635763e-01
4.719490475583609790e-01
9.289784424450217015e-01
4.899252970110390959e-01
9.986220428694722040e-01
8.539230956077722423e-01
7.268678138410192835e-01
6.611930750689871683e-01
4.860999249124821064e-01
8.263760390158980673e-01
8.862095358271153689e-01
4.923692975954241935e-01
7.317265666707103433e-01
5.442726093743760485e-01
5.262683855866773230e-01
4.319465715484958612e-01
7.523800231417347995e-01
4.702145968633349993e-01
8.984834707442631574e-01
7.422141498162082573e-01
9.662724137203112518e-01
9.405171408759528395e-01
9.787885251268242381e-01
9.395203245047731855e-01
9.770790332209984275e-01
7.152399261015708332e-01
8.428513107423437623e-01
9.130607469290538125e-01
9.118626951822413895e-01
9.808237877427451457e-01
9.170009900414100024e-01
9.126319418708034314e-01
8.882004858491961974e-01
9.647617153132715950e-01
9.033222354677710175e-01
7.713460094410738987e-01
8.318899830443234888e-01
8.759372064413966097e-01
9.612231838841875931e-01
9.522008058131371522e-01
7.035733424227441635e-01
9.355122020601374100e-01
9.529026690753990003e-01
9.293635882314154051e-01
8.447261994506829463e-01
8.885236456223210011e-01
9.592810812028808032e-01
9.370501725878027655e-01
9.597797894614822356e-01
9.592756977554636189e-01
8.190418728874306886e-01
9.634299131706474117e-01
9.499302662354698334e-01
9.263528790160283632e-01
8.661536695951952414e-01
9.350136094129731790e-01
9.288895423309132537e-01
9.227901712827512037e-01
9.932957912274770207e-01
7.527711528655941509e-01
9.657496990222144140e-01
6.704184748740560362e-01
9.507474055767571874e-01
8.664592774095586369e-01
9.333676054819594059e-01
9.598320949966911986e-01
8.891858356939782437e-01
8.850421946567661458e-01
9.935415594350770485e-01
7.129166947487606265e-01
9.894346727485543447e-01
8.817428397023693298e-01
8.118215418347184409e-01
9.278349983656084543e-01
7.935559360156702047e-01
8.419123758199418273e-01
8.410147754033756584e-01
8.768359969867588477e-01
8.044706318058580941e-01
7.858916925122110264e-01
7.817215698470348917e-01
8.760347951869498218e-01
8.580526098663237011e-01
8.541920128903941478e-01
8.120149860701494360e-01
9.412584588565056087e-01
8.071667718659026880e-01
8.687519162930575911e-01
8.418438177857614502e-01
7.868155483095347069e-01
9.655576462129488169e-01
9.652039287995971550e-01
8.514009515609441969e-01
9.432112880452300230e-01
8.297267683906159874e-01
7.958794666213495628e-01
9.146643547900772386e-01
8.237734237925659064e-01
7.503054067377811220e-01
9.774022188325272031e-01
8.041754708679551555e-01
8.547616916641543883e-01
8.256218339989893629e-01
9.123269470833638151e-01
8.711870079838287539e-01
8.182214219600141281e-01
9.300224581515011968e-01
8.397312226019197912e-01
9.808748680672716436e-01
8.719630066762541487e-01
9.239248360517028358e-01
8.877621177781546136e-01
8.427138961957370000e-01
9.450901200439891792e-01
9.118419520335435680e-01
9.573852070528627856e-01
9.280262414449503838e-01
8.509145460281190010e-01
6.884286624317086378e-01
6.598738761235541928e-01
8.129728076446717244e-01
9.129000982119738206e-01
8.257506887699931353e-01
7.996572969765669558e-01
8.843378829263750518e-01
8.235881583765896075e-01
9.352120968790371691e-01
8.677225563577606327e-01
8.428222920060693957e-01
9.904092541469323718e-01
9.941414313882042109e-01
9.778078008688427802e-01
7.907161192916437598e-01
6.786565232822415750e-01
8.433467998298853630e-01
9.591646261895183656e-01
7.712516212733266929e-01
9.906267696346120477e-01
9.476699013525949900e-01
6.728522044116246326e-01
7.657639110897401791e-01
9.870860943300263646e-01
9.470299491715440388e-01
8.125242340092364568e-01
8.832474840095989599e-01
9.500753014748986036e-01
9.612056449881900555e-01
8.624195199795480216e-01
7.212572728243180631e-01
8.326128401696892833e-01
7.262311462873420886e-01
9.038383520992312459e-01
9.574133329037659568e-01
9.424643806639954047e-01
9.107486277876793990e-01
9.409393970939076146e-01
9.552386173307587658e-01
7.354184253023731133e-01
8.242818857928649878e-01
9.147881814973242154e-01
8.017823149203514577e-01
9.124025208167687584e-01
9.749553815953098113e-01
9.266828122442818394e-01
9.936867116296201896e-01
8.687021251189970261e-01
9.374847933398759992e-01
9.068611529894016199e-01
8.071532343982450453e-01
8.211891086458430467e-01
8.320995422880858028e-01
8.196751178035981411e-01
9.821871701988076353e-01
9.292172420858203497e-01
9.680245380989591641e-01
9.405664463440294165e-01
9.108584317178791689e-01
9.516696983834359580e-01
9.022179179455888098e-01
9.004846216814920146e-01
7.150599599703184595e-01
8.264848338093402358e-01
9.892554464337988129e-01
8.060798833648670225e-01
9.570612816341608209e-01
8.472037137189574185e-01
9.476058490625074437e-01
9.723899913942487538e-01
8.979848234206156965e-01
7.194508292423313911e-01
9.224434913774751665e-01
9.344562418944746263e-01
8.859038603953466318e-01
9.224782813437754081e-01
8.594028283119465872e-01
9.446839439680110306e-01
8.297354800314949985e-01
8.539091711937758511e-01
8.903625718906786890e-01
7.434998034808824041e-01
8.262555617757061377e-01
8.393917072623937603e-01
8.890154678772499430e-01
9.488557657782640264e-01
7.848774781100853470e-01
8.498722679222603382e-01
9.819337027569086107e-01
8.283512975948037482e-01
8.880080168423205578e-01
8.562646938042729472e-01
9.535994024237771649e-01
8.021537003137847455e-01
9.575851010800979779e-01
9.410204836242938020e-01
9.813671352931936376e-01
9.343799884996422112e-01
8.227830555922306388e-01
8.063419679423191599e-01
8.829060314110749319e-01
9.386904864688824235e-01
9.664177408654586188e-01
9.485587671466779724e-01
8.944314697720379126e-01
9.549664411483977933e-01
9.710030300393696079e-01
8.836343903645866860e-01
9.572717553609000340e-01
7.516902530779967506e-01
9.538998076574396467e-01
9.880596127062811762e-01
9.224845255315140546e-01
8.869964476039103873e-01
9.361172114761584506e-01
5.630686708518540806e-01
9.540161643139906111e-01
7.803623784358268978e-01
9.097695242133507776e-01
6.492011554427079556e-01
8.911110653816627369e-01
8.486244147531007975e-01
9.400981131337463603e-01
9.705598729871556252e-01
8.713254022877178206e-01
6.590996052391004945e-01
9.642976674286916072e-01
7.687583706402774109e-01
8.934320876313482929e-01
8.787244543874866975e-01
8.358917206459989258e-01
8.808695946185429726e-01
9.468917114226044207e-01
9.157502987758288082e-01
5.921122322270723215e-01
9.255894618006912378e-01
9.950671092733504031e-01
9.635102092019172115e-01
7.496275885266484584e-01
9.675237834283821892e-01
9.583472169275796260e-01
9.935333875740439691e-01
9.360003996728072373e-01
9.400084320064704402e-01
8.025171930204546555e-01
9.771867691648326026e-01
9.536985632658212531e-01
9.633809808032424149e-01
9.814949390676176444e-01
9.628397322917896517e-01
8.620377344052193580e-01
5.648187245650664323e-01
9.137971275073240029e-01
8.158409507457052845e-01
9.099970667511220190e-01
9.136704967336943817e-01
8.895586488168122363e-01
8.904034453129902049e-01
8.726886011315926339e-01
8.620206850738237891e-01
9.834046977854231653e-01
9.534335544642084104e-01
8.434278297220132448e-01
8.558362398199877985e-01
9.185743624824256326e-01
9.287380287119132438e-01
8.372050903188587023e-01
9.597600827489753961e-01
9.149122111853528194e-01
8.561067958800125943e-01
8.787248924193785671e-01
9.805654598590656246e-01
9.049090698248803966e-01
8.957684826307406034e-01
7.271946976906701332e-01
5.975714787727266497e-01
8.794569783196085622e-01
8.828667418853757276e-01
8.521703932536097703e-01
8.428823335189405963e-01
9.637999228832974108e-01
9.448115413133302276e-01
7.889853818236285399e-01
9.258915439821702176e-01
8.551603711398032548e-01
8.746752772229914319e-01
8.792277188686136169e-01
8.265645024206561553e-01
8.696679800280876504e-01
9.309118570166744489e-01
9.539373246414496466e-01
9.515150788503423662e-01
8.070938696932558054e-01
7.817651986779662332e-01
8.602565628871698955e-01
8.612916799135056367e-01
8.906381477914494527e-01
9.364527681288904448e-01
9.514267847433526271e-01
8.917258929987667004e-01
9.141633768379592295e-01
9.790715059751907701e-01
8.176536498477513515e-01
9.768055680919843775e-01
9.081836267939271679e-01
8.919381396541306017e-01
9.908525826604676068e-01
9.231320476835668254e-01
9.856217258255292046e-01
9.276619781201274062e-01
7.727918583149258058e-01
7.454851616741018372e-01
9.304117175255282035e-01
8.715815341622773493e-01
9.399552703515258179e-01
9.815503235138978155e-01
9.880264722391588483e-01
9.090425794688159478e-01
9.381980040007203980e-01
6.299749149707430940e-01
9.663565705496404146e-01
8.646246869727842732e-01
7.645729347908386542e-01
9.280975036224111685e-01
9.875524302842058066e-01
8.584151472703387409e-01
8.326189428940351522e-01
6.666922017124382593e-01
9.512482895090084156e-01
9.555956906024758446e-01
9.639139760688879566e-01
8.351863442236588941e-01
8.151145282056915242e-01
8.575880319676736363e-01
9.389201238160127527e-01
9.618202669351898493e-01
9.324074239107752460e-01
9.091950278313446487e-01
6.685561026367081716e-01
8.706792369717485380e-01
8.757460495569567849e-01
9.106104245381744233e-01
7.312947350822317505e-01
9.902579877998683999e-01
9.400099670481447678e-01
8.702066282270142228e-01
9.486218971167166281e-01
9.527236590677166106e-01
9.523285660615770087e-01
7.822647898479702100e-01
8.405210352985973410e-01
7.772237700032521568e-01
9.370100389773752259e-01
8.782821026994711566e-01
7.882003481222890073e-01
9.079752595927900183e-01
8.945945550907085098e-01
7.673283251023254037e-01
9.763838988537160146e-01
7.779567788392834915e-01
7.060947777386102908e-01
9.095043023508455615e-01
8.953596636099331318e-01
8.515300154306417735e-01
9.400133327450294063e-01
9.280406779546356288e-01
8.808613827123965567e-01
9.383240812912555517e-01
7.728967467807452696e-01
8.188632884718417548e-01
8.738560529502386043e-01
9.622273457825958332e-01
9.284363403972100137e-01
9.251956187126444409e-01
7.710240534336824103e-01
8.789050461065274211e-01
8.580526098663237011e-01
7.960924351443562363e-01
9.552150461762207723e-01
9.766241457223495681e-01
9.464341530064479535e-01
9.831181264607431469e-01
9.706914652496692053e-01
8.459052281651125993e-01
7.155340902940465764e-01
9.388060211388188359e-01
9.030159905898680339e-01
7.449601119887477862e-01
9.175328482100691962e-01
9.609138239774589474e-01
9.576874860591295668e-01
7.325425752487170206e-01
8.955354791198258946e-01
9.352265454306115666e-01
8.215284546953245393e-01
7.767432855131698455e-01
9.550518944484438499e-01
9.579700783535948228e-01
9.265127836307871512e-01
7.925046356316266527e-01
9.260617104100655750e-01
8.447309993574348974e-01
9.741393330630999658e-01
8.773480015267285381e-01
8.198479391528216143e-01
9.585792740817186131e-01
9.093558128817231800e-01
8.373123907298877233e-01
9.346941327442608305e-01
8.541101855886702454e-01
8.624982599664440253e-01
9.880851865993878214e-01
9.068978142709995804e-01
8.674851965602832227e-01
6.559431910093241891e-01
8.003602464988377463e-01
7.634980088439862200e-01
9.597132080767150075e-01
9.013685219104119462e-01
8.523969758343693526e-01
9.115014366855838102e-01
8.537555217342885916e-01
9.468721672430105984e-01
9.302658737195808047e-01
9.257446378412738097e-01
9.539755070357548439e-01
8.786772118772866458e-01
8.407663583766270543e-01
9.664036872716396109e-01
8.685996496682099055e-01
9.397683014930855450e-01
7.798343818322458487e-01
9.151908803124320091e-01
9.425170103776807640e-01
8.640938568277890530e-01
8.999392125852911928e-01
8.472276343873282878e-01
9.600659820775163666e-01
9.440201265925806107e-01
9.690849566557911965e-01
8.330342577986064034e-01
6.785820412581601291e-01
8.824180196719362268e-01
7.714532141756638151e-01
8.059816082545006033e-01
8.790460489477714967e-01
9.617150453551756017e-01
8.033213111629493586e-01
6.935428063035643520e-01
7.973048711684648238e-01
8.230772492977374011e-01
9.352907469024943632e-01
9.097905030473916188e-01
8.923741784788796760e-01
8.274695513218798260e-01
8.090034455506645017e-01
8.834674702380717060e-01
9.006663138610451202e-01
9.326996978612883682e-01
8.508946120719090844e-01
9.660492490128506082e-01
7.830008238795338471e-01
9.512431309993444328e-01
8.224128060356376002e-01
8.588206927386633494e-01
9.212113990863888269e-01
9.673734551375123836e-01
8.880197967965366423e-01
7.893925293985373237e-01
9.315001786325870503e-01
8.367828537518875454e-01
9.597200057552728314e-01
8.483263545870435296e-01
9.529426763044236415e-01
7.892448629828981987e-01
7.794632208141030194e-01
9.390625001609184119e-01
9.471694195892007562e-01
8.598594712288986086e-01
9.350926315208442086e-01
9.933415805276075705e-01
7.998731034200864398e-01
9.138515388597595601e-01
8.454252044982236702e-01
9.264503161639080497e-01
9.870372341067503719e-01
9.802686875624435636e-01
7.200639668921942071e-01
9.509926456152746344e-01
8.181367386471490866e-01
8.523884978341433882e-01
9.190402397742524210e-01
9.119387616757648196e-01
6.997291059600954100e-01
9.334666686272555802e-01
8.154662201645267450e-01
7.090184046672095564e-01
9.515256656578744421e-01
9.325410394337123599e-01
8.694396296674147262e-01
9.060129044845299795e-01
8.813791153783725463e-01
8.784445648413440333e-01
8.911220741382998023e-01
9.556439235668894305e-01
9.622114345675796265e-01
8.470904645228521934e-01
8.625190733333557569e-01
8.184284923443573279e-01
9.782009413156580457e-01
7.153626434128360634e-01
8.365949813522323142e-01
8.745151223661622453e-01
7.812360908199538212e-01
9.583126022405336064e-01
8.706025911281362051e-01
8.963426073094531432e-01
9.031827558236783515e-01
8.326737477408745480e-01
9.770022166987496481e-01
8.624442693215326194e-01
9.938417115514708300e-01
9.514194679167944368e-01
9.059264958576932480e-01
9.683043939708607661e-01
9.838208720595850165e-01
8.832639843180900563e-01
9.156601097012956325e-01
8.582330784371154930e-01
9.715766133837452356e-01
7.917590853373821513e-01
9.747978894748472456e-01
9.193836816135297907e-01
7.784063941640050333e-01
8.463826883790463995e-01
9.623086874575972338e-01
9.064428482594112380e-01
9.667395365784747785e-01
9.195691928954430328e-01
8.895334151988526505e-01
8.728511235892925102e-01
8.549354445251138301e-01
8.743004831992698955e-01
7.715904868276323159e-01
8.470296960890163485e-01
9.004440552188287539e-01
8.068119403123558131e-01
9.761452298192979660e-01
9.497980591231551806e-01
9.433398196774276379e-01
8.658840312665422312e-01
9.196272932192699479e-01
9.434840134151976088e-01
8.442027700416883107e-01
9.643958943865466038e-01
9.172883316783420060e-01
9.359224973395652292e-01
8.827963227204684848e-01
8.731531195449327987e-01
9.454866177107316139e-01
9.494234493613835646e-01
8.322115805621321805e-01
8.751056099122681564e-01
8.782892745203365603e-01
8.770868368007526117e-01
6.727706405632314368e-01
9.424500271913147653e-01
9.347227460114964082e-01
7.879192907246380662e-01
9.493345960494503633e-01
8.418609034384259004e-01
8.530668003208204953e-01
9.078416218213023470e-01
8.725789222860851346e-01
9.904245098182598017e-01
9.005661277817178512e-01
9.819640414533723494e-01
8.699059018589666570e-01
9.112028932385786151e-01
9.701770631480536311e-01
8.728476480192954856e-01
9.215109385287048038e-01
8.153995045700186406e-01
9.073298501033384422e-01
9.514191237534860290e-01
9.434513506934522065e-01
9.246643273734378443e-01
5.856247095866911057e-01
8.264708739703874318e-01
7.245051253206785669e-01
8.269274848824093027e-01
8.835708181326380473e-01
8.419420831716694087e-01
9.393233771271504162e-01
9.077164255663947579e-01
9.375512885469108326e-01
8.236169508586197452e-01
8.800087375923157929e-01
9.030450129723923691e-01
8.982548733446094058e-01
9.586379822401843720e-01
9.788235517023635701e-01
8.912222091277547387e-01
8.787709521129457579e-01
8.801119328563362654e-01
8.784794930059549589e-01
9.634783838587531735e-01
8.950201066399039451e-01
8.999373545483458914e-01
7.960523635683417476e-01
7.742240388748309332e-01
7.980811571343058297e-01
9.271646243011834043e-01
8.274120128189484946e-01
9.225018917610340319e-01
7.817027823425251043e-01
9.369693067213483717e-01
8.241473563737923280e-01
8.821583360626965575e-01
9.354118592438164237e-01
9.792510802257582414e-01
9.723470855139627611e-01
9.196985418037083582e-01
8.466861984058705604e-01
9.949256782208235617e-01
9.767921947921516246e-01
9.558305279624795814e-01
8.468387376435504432e-01
8.587755174058006036e-01
9.863343916043691983e-01
8.585592783602146172e-01
9.630488662862594085e-01
8.512658722839118175e-01
8.314025417908887938e-01
8.469986502148213470e-01
8.352042851985514993e-01
9.235161834703772277e-01
9.544481617168699694e-01
8.795160305014965152e-01
9.104774755130760067e-01
9.336384376367116156e-01
9.949914578342784477e-01
9.639487776484283454e-01
7.617278461653393951e-01
9.467146685649160398e-01
7.137131679248261973e-01
9.773081098171250147e-01
9.137871479871472191e-01
9.120698931319447533e-01
7.714421644975204551e-01
9.766471144714478081e-01
8.664000627817898259e-01
9.723871248887036023e-01
9.169093326659112364e-01
8.933713444635386081e-01
8.774668769083193709e-01
9.107714568401670263e-01
8.050590989383522578e-01
8.019045243094286013e-01
9.608016669377208441e-01
8.210270269329608128e-01
8.932720024041602702e-01
8.359048071944794600e-01
9.158489783467900214e-01
9.010286633964218472e-01
9.161444044205350190e-01
8.675357077764876967e-01
9.615184298613189684e-01
9.531642246399976148e-01
9.613984018564504241e-01
9.565079766995947530e-01
9.062161216576714029e-01
9.522225748474260065e-01
9.179151437453252349e-01
9.714260980691642455e-01
9.869324668976592330e-01
8.012295488468973437e-01
8.942672332570286153e-01
5.863114057134825030e-01
9.787607081762480510e-01
9.331828284165122334e-01
9.661662720939867555e-01
9.534129433304332490e-01
7.734770025425709017e-01
7.975379384797471882e-01
9.428932079826404244e-01
9.895590207732831711e-01
8.953946755578785499e-01
7.958885506194841586e-01
9.712696311916112490e-01
9.334072251312586221e-01
9.881493946477634127e-01
8.856455970561293300e-01
9.011566559677554045e-01
9.313576128541272148e-01
8.363217877168397374e-01
8.641793514752467154e-01
7.208009123950094299e-01
8.460548088253965204e-01
9.393882733322920231e-01
9.516060102856606084e-01
9.874580899896063801e-01
8.805318406579869528e-01
8.442209951996439976e-01
9.201456328986915567e-01
9.118151733177768392e-01
9.701956296803392332e-01
8.712513556418275407e-01
8.922714414048440457e-01
6.964453917039523656e-01
9.605232598320143644e-01
9.805344560484842154e-01
9.521791914806132517e-01
9.414766182358728086e-01
8.309824891857402474e-01
9.143310308759203808e-01
9.494064753313316007e-01
9.174945382494545942e-01
8.512444677828523432e-01
9.138787390608591465e-01
9.551427922937332227e-01
9.763539888510287534e-01
8.813823361518317023e-01
9.057254818580520173e-01
8.825903455086501204e-01
8.173439473092083407e-01
9.762907677385391780e-01
9.561513328592780026e-01
8.366358081861999807e-01
8.866127155059099207e-01
8.317290190518169535e-01
9.156759408107315590e-01
9.713534153855878372e-01
9.363333703928079510e-01
9.762168834223795555e-01
8.665365691847614071e-01
9.922393800756313942e-01
8.802030993219042143e-01
9.630545757560265985e-01
8.673130611180418503e-01
8.845673686481290154e-01
9.056481253394238484e-01
7.848982227648465537e-01
9.762907677385391780e-01
8.875503750618789489e-01
9.550314931598912205e-01
6.430470032438485584e-01
9.569530091887146206e-01
8.192341532322592323e-01
7.926616097982025488e-01
9.290526814015932500e-01
8.341399324123534020e-01
8.698366464825167954e-01
9.216126532090147538e-01
8.966886323419469562e-01
9.387305074180621878e-01
9.723222865511079727e-01
6.846591103840060644e-01
9.147716468946691659e-01
8.994915395361694488e-01
8.120273441217750188e-01
8.227624195430562892e-01
9.230906836880875543e-01
8.782443495364421482e-01
9.296414649227784377e-01
9.039255645673396344e-01
7.285023829254807515e-01
7.249531760628451504e-01
9.504044824751507470e-01
7.386087311782799647e-01
8.355374117563182379e-01
7.756395764967120021e-01
7.120749573668225807e-01
9.089895446772936483e-01
9.551294217003527542e-01
8.172682402962059278e-01
7.932282010084684698e-01
8.486069450202461395e-01
8.588543143705126282e-01
8.198852418234027217e-01
8.707066795867594022e-01
8.745703392351596994e-01
9.448346918495443836e-01
8.698529328363396873e-01
8.561834824886511708e-01
9.449705760653261954e-01
9.174556137732670091e-01
9.538369988862092086e-01
8.687559948104042196e-01
8.475613128711299016e-01
9.838871707575171932e-01
8.624442478415601521e-01
7.971113152667673729e-01
9.259820415310163755e-01
8.771274136517094311e-01
9.419414795105479632e-01
9.744899452591230249e-01
9.027532168549088354e-01
9.386458919943098111e-01
9.679233366581944109e-01
9.429715686446550338e-01
8.512913649997614352e-01
8.917859605048178429e-01
9.579204289102761782e-01
9.721420278199354170e-01
9.381025376988412212e-01
8.464519859876709074e-01
9.220206028586831470e-01
8.983548993389699477e-01
9.148961791506208252e-01
9.637875164258750127e-01
8.866402738162794117e-01
9.407081521651528000e-01
9.640553165562916194e-01
8.960827795029422393e-01
9.862368326234324245e-01
9.095392075550543520e-01
9.210008237753776195e-01
9.143310308759203808e-01
7.818264548815829773e-01
9.308438738532371914e-01
9.916981236939219624e-01
8.699059018589666570e-01
9.930208938374009975e-01
8.205520354614549428e-01
8.798914081436202128e-01
9.879387246840788395e-01
9.182943868373979468e-01
8.925892015228790166e-01
7.839822366748816496e-01
9.754681688520323579e-01
8.845540812237842054e-01
8.050318380874790236e-01
8.074828201484861578e-01
8.951898134822927622e-01
9.539488223175112136e-01
8.541300381329395286e-01
9.223312116464286170e-01
9.626922377456303970e-01
8.804066164745214529e-01
8.999525595248557552e-01
9.601519076694570165e-01
8.760023426477164810e-01
9.095247366652251531e-01
7.922976369681653530e-01
9.367893851285563622e-01
8.189507359516944307e-01
8.589879948279931510e-01
8.951153044925753699e-01
8.936449781896458333e-01
8.473271946681936173e-01
7.248193788355552503e-01
9.300629529735695566e-01
8.251585119576221317e-01
9.360862386284636294e-01
8.077174645734616076e-01
8.888810342699278166e-01
9.004939668627482963e-01
8.823654382477328362e-01
6.710343624387207218e-01
9.035516390112235952e-01
9.335967926992988497e-01
8.569532229170345738e-01
7.926985862592645926e-01
9.145389124349060372e-01
9.953037926069100427e-01
9.429794939781439567e-01
8.801891502748114826e-01
7.730478357916088505e-01
8.751237172304597856e-01
8.683791669298348559e-01
7.924450180599365012e-01
9.020035468389003830e-01
9.650337006304527954e-01
8.937935543284809548e-01
8.321471678723556531e-01
8.039558715733745586e-01
7.573775940741958035e-01
9.590189957700886447e-01
8.555433740053454139e-01
8.407034639892284611e-01
9.178236949027152036e-01
8.201510747911010535e-01
9.928490373254927892e-01
8.721450438679516637e-01
8.235829072068862056e-01
8.050789971569437542e-01
8.076856844674562552e-01
9.053095718870092234e-01
9.432193167264449896e-01
7.587287165943583656e-01
8.402798393796128140e-01
8.622680452873668910e-01
9.000839372856583864e-01
9.755289535288543812e-01
8.907985561725222379e-01
8.867703376382914948e-01
7.278980847813717459e-01
9.549673745190695451e-01
9.265127836307871512e-01
9.736796820826596477e-01
9.594282128470500437e-01
9.160467387280596396e-01
9.545624863099220203e-01
9.666161037689108282e-01
8.493031495845190237e-01
7.488704305959676955e-01
9.142354264835299560e-01
7.673947057646058889e-01
8.404483579107573377e-01
7.715284469886639629e-01
9.105005775082816166e-01
8.385525979664497642e-01
8.946865330486901691e-01
9.725506273655516454e-01
8.854739682624162000e-01
9.292172420858203497e-01
8.474364580591513540e-01
9.134215008289735538e-01
9.601953953465192093e-01
9.464341530064479535e-01
9.220754718909728309e-01
9.619303604722260204e-01
8.493031495845190237e-01
8.355037676519266876e-01
8.759679797852315541e-01
9.197497334237914046e-01
9.078798889955540519e-01
9.462136570428442139e-01
9.685876868151763741e-01
8.536901891489734329e-01
9.762706604439935765e-01
7.998344887446157125e-01
7.829846526720432021e-01
9.060556821494724078e-01
7.869520344266479617e-01
9.587117642939058104e-01
9.753509425003640265e-01
8.830341755655254365e-01
7.704634174076364639e-01
8.816693866381317690e-01
9.764128291201598087e-01
9.437330934360992352e-01
8.249714537718334517e-01
9.101063035949336077e-01
7.992637879901660636e-01
8.513018023653875499e-01
9.246643273734378443e-01
7.841004922379747333e-01
9.641969051532756074e-01
9.391150422054004299e-01
5.168249485074785099e-01
9.323345310437491928e-01
8.960406268178313649e-01
8.155250369601029226e-01
9.125006607880959963e-01
9.073524528983688553e-01
9.224845255315140546e-01
9.433908128110232161e-01
9.427896675679140470e-01
8.686677505543312083e-01
9.953674342435979705e-01
8.645767628673042271e-01
8.743414862709675273e-01
9.270194249915919560e-01
7.812092613063218449e-01
8.776200518002336137e-01
9.598773666040367747e-01
8.404755895699081991e-01
8.505712842686286024e-01
9.437027611001376215e-01
9.341859535173338003e-01
8.785124346966457498e-01
9.829125634680315748e-01
9.110481329526487482e-01
8.995595315119722102e-01
8.715196614728907276e-01
9.938394823779288512e-01
9.498481547052654017e-01
9.807900894201295738e-01
9.286234047232100330e-01
9.560864152019532547e-01
8.784931095821491009e-01
8.466017771835318007e-01
8.564603790644568226e-01
8.491069506464720140e-01
8.181367386471490866e-01
8.514401134074949251e-01
8.999246005924154135e-01
8.817100317731656478e-01
7.519841982342563291e-01
8.955013687062222116e-01
9.711592489498287462e-01
9.082663131649834076e-01
8.123636163626534179e-01
8.815198686084305679e-01
8.783399465508425763e-01
7.929407254459861498e-01
