iota
3.045906005050094123e-01
5.533963933563617044e-01
2.548652420582326883e-01
2.880376688743908620e-01
7.445671849842924184e-01
6.921105120305170999e-01
4.694755611764893088e-01
3.198846823734221440e-03
8.133942719115262454e-01
2.406242397366133712e-01
4.594723693805243259e-01
5.951713477346928793e-02
3.285146721941303860e-01
2.320435588990421016e-01
4.434645845722215984e-01
3.706721045324825048e-01
1.139964936163815334e-01
4.702579955228670117e-01
2.468405876188493331e-01
6.880562287352219863e-01
3.288962291696950757e-01
6.612328029366840720e-01
6.293608743458645183e-01
7.223359022475715763e-02
5.088709515327863864e-01
3.078410656884110197e-01
2.535727540561378834e-01
3.832579747466084985e-01
3.388219466232115229e-01
5.715285146913011705e-01
4.814838741635423247e-01
2.527869862155937564e-01
3.847366802707403166e-01
5.498523268841968292e-01
2.770232466460197385e-01
4.738347926306457070e-01
4.864368670469960132e-01
2.609899509356178871e-01
5.742988279802240664e-02
1.005062624547951255e+00
1.311553977100544666e-01
8.354575069074992033e-01
3.657913677194852831e-01
4.431024877899242820e-01
1.449771005734018792e-01
6.244542555659722272e-01
2.482465428310990374e-01
7.431345173335127674e-01
6.412988205858948243e-01
7.317243236667251294e-01
7.508002181898630889e-01
8.685401354510610128e-01
3.999434819322784662e-01
5.301371802092195162e-01
1.558049347443793697e-01
5.903943520654463262e-01
9.957219005190220962e-01
8.159442763612729799e-01
9.323646362427119583e-02
4.364051690953048568e-01
1.533326952797199882e-01
1.300590155572937390e-01
6.209517905584973629e-01
6.454733028740169409e-01
7.688940042706564615e-01
5.434011721231577496e-01
3.868195422184511068e-01
9.483001793624837861e-01
2.757204523225411652e-01
5.138127436483819199e-01
5.012634905491225590e-01
1.446664836152738720e-01
9.363432205738535241e-02
6.409227413050277988e-02
1.343842795434507242e-01
3.076707420569733675e-01
2.663941940800956809e-01
1.406861241772593696e-01
6.491776318686484082e-01
4.999609295841996037e-02
5.164799353790908709e-01
5.176158475152657923e-01
4.049142112199879961e-01
4.397432527057912877e-01
7.631684849336781706e-01
1.291825661078024989e+00
8.712616677264269915e-01
2.304367716533436139e-01
8.106399007297930837e-01
1.595233993429723829e-01
8.409429219792436960e-01
7.449659064128161257e-02
3.811950201330012167e-01
1.795884985210171314e-01
7.048489035652319989e-01
9.575256823201024892e-01
3.007452008133390531e-01
2.966977567630478263e-01
5.528040704588776943e-01
5.727893299007483924e-02
7.929734005463019431e-01
2.768006730287444483e-01
5.808461275286260772e-01
1.879053931671869349e-01
8.546155838695677076e-01
9.268860640534781759e-01
4.986294408013366430e-01
3.376196990249283325e-01
1.287038575104698379e-01
1.300462333801072623e-01
4.247631687085491881e-01
8.673793999149992384e-01
5.805867317523920601e-01
7.531630428001027111e-01
2.849637736180713476e-01
2.054796517895398356e-01
9.014791592412342291e-01
5.902140937754819516e-01
3.078303952551773581e-01
4.586793891640810195e-01
3.187305822515557607e-01
1.649970032880395954e-01
4.719799150016695255e-01
4.785960179880154319e-01
4.447717791416606614e-01
2.949717316619736573e-01
3.937590415147781964e-01
8.700595538408061325e-01
6.783424257945900315e-01
3.467053962032677350e-01
3.729294766742400347e-01
3.423681822495666660e-01
2.829502821640922927e-01
8.326323953478345086e-01
4.411619056801361349e-01
3.722218608954123154e-01
7.161308535676716991e-01
3.755251191377608627e-02
5.905097274571016186e-01
5.124557120833177493e-01
7.009097577546664626e-01
2.622508327784372484e-01
3.607402447096195175e-01
2.085220877192915379e-01
4.550452191885567266e-01
8.182827276767620228e-01
1.944643449694769544e-01
8.448124585218501348e-02
7.736543593026959931e-01
6.012774198398626035e-01
3.123880497440015835e-01
3.086742316339319281e-01
3.660963302091340688e-01
9.740884819926608484e-01
5.105633615524888258e-01
3.510026073322915496e-01
9.868370244245792122e-01
1.788933596885546318e-01
3.478395166348900447e-01
4.792957336746406782e-01
5.832822697296147219e-01
3.583239395824828755e-01
6.751459504090369379e-02
1.670389400225986976e-01
3.414855411349513870e-01
2.653213570801636889e-01
3.083617348221840970e-01
4.684846611478836187e-01
1.118953463645339985e+00
6.305348602275900882e-01
1.776363484287979411e-01
3.754096020033360626e-01
1.057033439951101661e+00
3.758907165251691440e-01
5.281262442507596022e-01
2.626956428960512402e-01
2.995356393556050101e-01
5.253473022330743536e-01
4.458203314416309126e-01
8.531502529372457788e-01
1.730903950247940359e-01
3.705788041079910999e-01
2.177513410441416497e-01
2.071680667772840823e-01
2.823102799369321958e-01
3.628707906977441389e-01
6.837010620211767531e-01
4.118764385550061080e-01
4.316777987194725941e-01
1.660034153155775793e-01
1.822519230754287844e-01
8.120047404844606964e-01
1.173476656853202460e+00
4.682166418030420663e-01
5.124518683618485282e-01
2.894053910159704035e-01
5.589617477793223932e-01
6.697575622645627336e-01
7.643503309157468895e-01
3.837903326803170923e-01
4.823401132068669828e-01
3.809449707318353640e-01
3.632259667427069627e-01
1.000826404965805994e+00
9.383198970197337285e-02
3.025017689160784951e-01
9.426315452026629016e-01
4.228490894470363082e-01
4.133477535854362950e-01
8.274349275155686856e-01
1.944551209263260250e-01
6.105926924762584695e-01
7.028372578470389043e-02
1.029756296616078481e+00
9.466748038654573261e-01
4.690477541621503876e-01
7.325358611344899851e-01
1.018844359850834963e-01
4.574870929137777598e-01
2.329781136127139773e-01
5.687248034052976714e-02
4.190480316896539881e-01
9.855883821065846151e-01
7.394272513044239936e-01
3.798310235723762612e-02
4.602944239110349778e-01
1.171617788779889258e-01
5.767051663482577334e-02
2.541357591533275340e-01
1.988340758170225875e-01
4.569339458072735893e-01
6.674520869559751324e-01
7.973896102993992541e-01
1.525123143615008392e-01
7.028101118389704638e-01
1.605418490049541624e-01
2.891102737696364389e-01
3.295347570966373763e-01
4.678510144166287410e-01
3.213677156193625595e-01
2.954986407985492614e-01
9.396077258040617941e-02
2.539348812985341985e-01
1.073349528673579467e+00
9.664170076706845025e-01
8.124248288416722197e-01
2.287724235900790576e-02
3.079561090470576967e-02
1.016742618438422507e+00
3.136544276780643403e-01
3.252660138751619079e-01
8.314779979497404216e-01
8.158106563390669086e-01
5.522799836763128134e-01
2.816294118557868820e-01
9.349792954834871272e-01
5.906381760564888284e-01
3.077510702311905821e-01
7.552363545485746288e-01
1.328786587753135184e-01
3.896541287991447944e-01
7.067856536103321874e-01
3.052764829340643415e-01
9.856985828139151751e-02
2.700161320508533414e-01
6.877400685652809154e-01
6.375339954231982187e-01
4.446291837905380628e-01
5.032036294736024207e-01
4.537338369221151080e-01
6.129843076416920944e-01
7.387264683972676327e-01
3.001668046418500269e-01
3.591890054717095659e-01
4.900542864610079041e-01
9.116412904504612724e-01
3.664119309124226342e-01
8.625922964428656137e-01
1.125350144607627279e+00
2.622638979545809934e-01
4.101953458466378599e-01
5.281756857095344371e-01
6.861380978739366476e-01
2.796585753619198478e-01
4.740018476301874895e-01
4.404846859336744025e-01
2.354851298555045436e-01
8.640164149181002173e-01
2.134748035052702886e-01
1.943565553686190939e-01
5.288474811301808742e-01
5.712265748221171391e-01
1.053940310690275606e-01
8.294121901118755025e-01
5.579415444604094443e-01
3.374740052951684111e-01
7.309575274560171920e-02
2.998206912915455935e-01
2.296633856307476740e-01
6.258856388195337406e-01
1.586165913932970351e-01
3.776246335298062418e-01
3.981896373727712435e-01
3.859198876013844592e-01
5.763946433715499973e-01
7.588936734279201346e-01
6.916503302509112716e-01
5.020850526036851891e-01
6.482130874912110929e-01
2.255038595094667475e-01
3.809833225008945612e-01
1.789848170972982988e-01
2.563433666875956640e-01
3.701355807818050569e-02
1.732499496952581430e-01
4.228114894966981674e-01
2.384137331514087632e-01
7.050428033197415623e-01
4.488345248062545201e-01
8.747064056929066966e-01
3.815684923817429519e-01
5.810695779695380647e-01
1.849073727165173875e-01
2.217485094364656240e-01
9.621707991075945099e-01
7.571446261682156509e-01
5.793619882450007363e-01
2.940325440950547486e-01
9.539567820465272296e-01
8.864697208251356431e-01
4.548154995580505622e-01
5.167483087174317147e-01
9.342134905097481123e-01
4.736905612325963411e-01
3.117415259874075639e-01
6.796552985716962647e-01
8.516690342227793975e-01
5.855079612659046528e-01
3.555681409352385858e-01
1.762713093487295601e-01
3.685074684601608030e-01
5.771759554117450453e-01
4.632430144727672783e-01
8.687897671208816286e-02
2.168591933431933405e-01
6.219526661896379593e-01
1.524391189891146081e-01
4.067583329885586796e-01
8.078634922942812269e-01
6.045925923658297396e-01
6.031105467264210596e-01
8.368890211167410165e-01
5.015454632076480346e-01
8.224422371382213992e-01
2.263876791390937449e-01
9.169156999078792447e-01
1.034483566749261479e-01
1.768767095279354939e-01
4.245210064511509840e-01
2.766754440382723224e-01
4.576254443639037328e-01
2.925751595454428311e-01
8.620970915884549335e-01
2.341439314418896078e-01
3.600880071999304488e-01
5.860103548439516974e-01
3.565130444861540626e-01
2.518204839018765573e-01
5.213151345153632654e-01
2.833006290835680119e-01
6.440751938516834363e-01
7.634009341389040859e-01
2.006386836504591709e-01
1.459197745183668793e-01
7.557615368345929063e-01
3.028894854337493836e-01
4.418700670838009437e-01
1.023176452627310162e+00
1.084940935348943869e+00
1.005893443939021914e+00
9.616291643872492134e-01
7.789730811981797620e-01
8.111055957931927463e-01
5.229965896685498938e-01
2.244106730569334074e-01
1.310748394174635068e-01
5.728674597630514231e-01
6.168521982375193558e-01
1.905137153349627799e-01
4.883915310503326168e-01
8.284474853128762639e-01
8.180247046767121777e-01
2.120669794331714875e-01
1.848265089700650843e-01
5.752835358525933973e-01
9.184765762816693435e-01
1.440413298827728505e-01
7.289592089894794125e-01
3.472457332871595748e-01
1.935801122576761568e-01
3.420552750090647409e-01
3.198494104303479801e-01
7.412890184844105335e-01
1.024582611303462176e+00
5.210298870170858576e-01
2.382199936053002731e-01
4.685203616579662333e-01
2.448232047269051637e-01
6.611071745067375049e-01
5.467177528101708345e-02
7.888112788139690634e-01
2.510604109858980415e-01
5.802107461359976570e-01
4.613421716150084562e-01
2.065425253378329606e-01
2.818352830831516997e-01
2.160609682893469274e-01
1.460687012857427303e-01
2.190916011682605691e-01
4.508727803033977244e-01
3.783697932303315414e-01
2.522937697743878327e-01
2.108806453105449563e-01
5.772826427333693777e-01
2.067267554764690707e-01
3.594812743738868277e-01
9.771055653403516450e-01
2.658729129350688170e-01
3.040643284981063288e-01
1.918795788616937947e-01
2.125184906663672990e-01
2.502875207835602023e-01
6.005960565960910547e-02
4.907720902376748739e-01
3.876038233800361832e-01
2.031572774213682153e-01
2.515406560309345063e-01
9.175398199967333968e-01
4.958166331938458349e-01
4.484586344845369887e-01
2.866405203015514602e-01
6.270843165706333489e-01
1.923303555048060109e-01
8.528505284916406692e-01
6.200432161044336921e-01
9.826958777068034445e-01
6.023752390705258142e-01
3.940617804446084338e-01
3.485247236355032419e-01
9.427061378553293070e-01
4.255552138249349414e-01
5.435943097997146811e-01
5.944321428723660095e-01
4.204918760056224891e-01
1.491579914300099619e-01
4.747850634338195430e-01
1.926923366337174592e-01
4.513918023032429394e-01
8.673034577490881247e-01
4.294067359299721942e-01
3.947882899291798586e-01
2.848275665402832946e-01
5.800875085320242874e-01
6.753848335621478460e-01
6.468389441033767229e-01
2.906662297058212885e-01
2.836829511555772898e-01
1.068831384497093140e+00
2.284453906824765734e-01
9.199224715571925337e-01
8.412418730715420789e-01
1.059441804140972970e-01
7.929634501418687531e-01
3.253053998296566718e-01
7.668185069166211232e-01
3.165391722460006441e-01
4.853012489498755855e-01
3.461995137500159525e-01
3.186822557718925752e-01
4.019404771969128931e-01
1.548463250122036339e-01
1.446311484694659810e-01
5.746475451852983696e-01
6.030656172782741242e-01
3.507320093577852571e-01
1.646246503666691785e-01
3.942888203315466633e-01
8.636040104133448914e-01
4.356187734040870563e-01
3.919586788307618530e-01
4.454799817228478065e-01
1.586278417682562281e-01
2.056901365661574499e-01
1.978104026003423555e-01
6.230803263877302545e-01
6.878254153533467363e-01
5.803513079942911324e-01
5.292547210742561958e-01
1.459739102523082144e-01
4.907003802582933227e-01
4.069672946215530107e-01
5.104425046503019425e-01
8.736601360569570263e-01
6.370422618761946154e-01
1.360052528797768556e-01
9.446994591257902307e-01
5.282021808816965702e-01
2.430645223817223533e-01
3.927770796235399708e-01
3.330296078663697590e-01
4.653687088216743595e-01
6.702848721382018704e-01
7.372339006317707444e-01
8.333963770238101976e-01
2.452275603146142346e-01
8.686305082063499050e-01
3.706508857009214730e-01
2.396534847290222314e-01
6.072825297849455684e-01
4.179958475019832642e-01
3.582215842352549640e-01
2.592929042373420812e-01
7.909235066223886390e-01
7.658424068472674540e-01
7.688691381083091470e-01
4.642899901806722407e-01
5.012185021654594896e-01
5.021291769925652071e-01
8.673201332777240591e-01
3.050413769668967046e-01
6.058478884738225378e-01
1.633173715511337387e-01
2.847308093153575470e-01
4.404264474677523911e-01
5.335538326512033747e-01
5.281801072811399544e-01
1.515598074434456044e-01
7.974754790367966084e-01
3.686482828715757498e-01
2.257277072682101760e-01
5.508175741582023166e-01
5.892936532727113264e-01
1.930687648813991242e-01
7.067989224733488562e-01
7.623270919821403258e-01
8.194316879680685339e-01
2.320254379413430601e-01
5.483741453036174995e-01
1.227464161419728805e+00
1.036242347068541791e+00
3.040916419909460711e-01
1.063202482892641326e-01
4.933926687959588331e-01
1.180335960792343819e+00
9.251153918808348031e-01
2.638572191738920436e-01
3.293981256314070238e-01
2.135672908490006128e-01
6.734553443852635546e-01
7.039000853188271956e-01
3.311158930960194646e-01
6.219526661896379593e-01
2.086826749589197061e-01
1.052772568412656956e-01
5.567087333929257031e-01
2.142320237694732288e-01
1.022914078714592390e-01
1.618927832187641858e-01
6.943774657534481642e-01
7.190915846450541826e-01
9.618269408387604136e-01
3.580696779209323055e-01
1.278942437051484304e-01
2.010845189800233301e-01
5.105120027056229137e-01
3.396851861395651095e-01
5.003367876504519751e-01
5.280848456271586278e-01
1.607613287141180514e-01
5.572108009977170262e-01
2.037716348055764182e-01
5.238396167590564367e-01
5.202589862257962494e-01
8.309922641436536805e-01
2.808659691231020772e-01
3.754901719182476838e-01
7.055611292218457731e-01
9.708830843319471438e-01
7.140507992137270499e-01
3.043988861459099304e-01
1.098862422227071090e+00
1.748838219534873673e-01
5.368216395048110989e-01
1.083807485361865941e-01
7.289559516488613999e-01
6.389349560841242615e-02
4.305147776693947215e-01
5.416023090770478721e-01
1.928012028616047646e-01
5.673112727347662254e-01
5.239291515053653425e-01
3.246328630554131123e-01
2.187040001963036773e-01
3.935983045207307462e-01
6.269752525264413734e-01
2.755228069505117339e-01
1.911878631170844667e-01
7.358440354856723431e-01
7.430952390662608487e-01
4.042008276286478963e-01
5.938309737080668116e-01
2.603526956934036907e-01
1.026370547113431009e-01
8.380995193093900841e-01
4.433441282558559654e-02
2.955769437912745823e-01
3.692979236815674970e-01
3.579888303361223323e-01
8.747044373139111206e-01
7.331986087043090849e-01
5.215770557899985782e-01
6.377735635687971083e-01
6.593178722255353952e-01
6.099636578979302781e-01
7.403385227769190280e-01
8.846328141695946057e-01
1.695478574871877031e-01
4.645222057959048634e-01
4.902112380730096475e-01
5.077158253543669897e-01
7.386795795636002214e-03
6.190429932690154624e-01
2.731967475826260761e-01
6.215394309614704627e-01
8.433186888900369160e-01
1.355550499223361072e-01
4.019590029442552392e-01
3.687558795978549964e-01
5.175617133793366520e-01
8.120499658706300528e-01
2.148704809734161558e-01
4.923728041123563437e-01
3.551118158206708064e-01
6.281739151234925211e-01
3.942076780677598036e-01
9.165480599736854916e-01
6.720307713375575087e-01
4.887682601047768083e-01
3.912511105276006984e-01
5.588895290845684594e-01
9.102706393050592482e-01
9.765191753986546264e-02
5.757556317355015940e-01
3.992522259762425474e-01
1.130843826820970843e+00
1.147622650299801039e+00
6.114416112995995078e-01
4.897574344770943000e-01
5.559778995000703716e-01
4.419736538543679871e-01
6.433708585854512607e-02
5.674707827351621603e-01
9.091010850372825969e-01
1.127025993512390745e+00
5.396146905971490604e-01
7.020428691959639256e-01
6.090473863165185575e-01
4.258740507540934583e-01
8.768751983969367281e-01
4.796262539064875541e-01
2.061433494735192828e-01
7.927876650921277246e-01
7.840382662228136956e-01
8.874101105874868667e-01
8.949403698976284849e-01
1.130324862814626879e-01
2.916450029801572197e-01
2.662708452191193675e-01
2.099393459303702525e-01
1.042986014069000378e+00
9.034552882704984800e-01
6.944790711595053567e-01
1.998893848583129795e-01
3.133401674782146373e-01
3.699732626814414282e-02
9.553669811987756111e-01
8.643544658546971071e-01
4.013517125573120015e-01
9.734664036930840147e-01
5.418225426842008252e-01
3.658822712188689041e-01
7.776549094348338409e-01
8.351010531158994388e-01
4.694034902379392582e-01
5.341245475544031951e-01
2.870711086278926460e-01
5.566971105657197993e-01
6.327657567515438952e-01
5.110670284363475480e-01
4.808669647299538275e-01
1.100976233334710619e-01
2.665966240881866289e-01
9.763314386937728406e-02
4.618357285822509706e-01
9.674581805600863671e-01
7.022863573724577035e-01
8.709010612317742428e-01
1.641207565414926906e-01
4.632652767159027296e-01
4.939572423197572393e-01
4.199797689874893991e-01
5.092070799694123906e-01
3.013550226928205511e-01
1.119112528209460083e-01
3.540183213012590979e-01
5.530110610842431385e-01
1.035391939593524269e+00
5.169225086043826023e-01
9.695126612751368000e-01
8.362988210415105428e-01
1.079456094694597024e+00
8.671104492208918657e-01
2.234051084079664573e-01
9.208584186405922578e-01
6.681690789784389128e-01
1.147357894821187108e+00
9.435265055079199437e-01
9.813846301444366649e-01
6.485924000446384730e-01
3.925443992236518076e-01
1.712618628512684038e-01
2.016461287152195581e-01
4.451393826841104628e-01
7.459353813237591391e-01
1.151845971517929446e+00
4.128906159433446410e-01
5.813875707792436343e-01
7.795192725349630036e-01
6.721193427732522485e-01
4.293183614886897370e-01
3.051295163030295354e-01
8.265402899219860544e-02
2.043559824499800448e-01
6.395480667418476095e-01
2.809386231873706175e-01
1.724062206674245590e-01
8.268469926719217433e-01
2.940114142929042274e-01
3.021803261494168669e-01
3.460406233736780246e-01
7.601824374393335582e-01
3.881294995828568073e-01
3.997603258515119440e-01
5.985850880685089637e-01
7.867386459349628991e-01
6.711607577657038304e-01
5.759129871127393052e-01
1.077924122700929299e+00
4.356234707664012884e-01
1.616952699895787271e-01
1.213578185737220205e-01
7.363062578924969293e-01
4.016723629213998503e-01
4.461733158430059576e-01
1.190689046320362321e+00
8.315854057627691809e-01
3.717756135700693854e-01
5.207633751979758863e-01
3.267939033444645092e-01
5.746101968291391637e-01
2.257217514507575129e-01
1.753790431904417579e-01
2.772034689487224424e-01
3.050252086956778408e-01
5.977648010465109740e-01
3.820435369939220172e-01
5.541125380284893653e-01
2.264963055334409947e-01
1.391341198396292278e-01
1.272389457617084219e+00
4.168492293751834277e-01
6.208937494831381354e-01
5.566150200903314804e-01
2.112824015180304049e-01
3.805035387072919772e-01
1.042877019459503618e+00
1.911878631170844667e-01
3.977065612619227752e-01
1.171174472318363413e-01
1.834296981533328763e-01
2.408268522974439385e-01
4.703016416058654614e-01
1.584998877737014422e-01
3.017382428838217834e-01
9.614394158854143724e-01
2.837579588922906071e-01
1.782103127723062286e-01
6.864296763306699800e-01
1.570540405476399948e-01
3.305659323890965950e-01
6.386311280232275234e-01
8.539689776893896189e-01
4.662687226441013522e-01
8.599667132162334138e-01
7.229874808129329589e-01
1.035438002358222365e+00
8.899085354100155776e-01
8.395560608764681687e-01
6.827678345146510619e-01
1.108889303027082301e-01
6.696609945805807040e-01
5.677783948848965645e-01
4.820314046169335565e-01
5.224959682967829089e-01
9.293642359390472674e-01
2.527195921177498583e-01
3.818549514469689599e-01
2.828025432535411499e-01
8.570120115188246679e-01
6.542940512946089360e-01
1.297202765491664300e-01
4.718865004939957197e-01
6.493150306666112259e-01
6.505097363773761909e-01
1.793951369046136168e-01
1.152014192688705085e-01
8.081911880314938124e-01
3.798371298287741560e-01
5.428445959872231219e-01
2.798524161314002168e-01
4.303711274945168364e-01
4.395070148080198469e-01
3.671825638301529637e-01
7.926022068613773897e-01
4.970709265232896024e-01
5.247814652922172529e-01
7.356493700702747551e-01
2.013693783868284459e-01
7.379833453200999038e-01
8.821653213341480448e-01
4.249888283464696159e-01
6.993794925751299907e-01
4.233349835008882733e-01
9.049155311883442243e-01
2.331240462544036662e-01
6.892075002779252113e-01
3.819684059380311636e-01
2.760740520976486811e-01
6.578557324861823430e-01
5.719440962310717858e-01
6.424181081663844495e-01
1.006584761875758682e-01
7.374893096422658889e-01
6.001493737206867740e-01
6.649716536139423928e-01
2.606840923896882045e-01
3.487703795793673511e-01
5.673023914650594524e-01
8.189580732281684927e-01
3.386576134093268187e-01
7.410463222531674665e-01
5.547112958492753654e-01
1.081013447504618918e+00
5.262786025636807530e-01
3.905579286203835210e-01
1.079900009066486311e+00
5.611638894745225592e-01
6.022597828520054319e-01
2.289758373928019453e-01
9.008735440025759100e-01
4.849393655346047050e-01
5.797410029155253275e-02
4.344934281720561758e-02
6.443853904319674086e-01
7.777986989064776813e-01
4.917286334225541289e-01
4.092694541155343924e-01
5.401347615801971314e-02
5.053182154118384117e-01
2.785323392950830867e-01
6.992309663222470162e-01
3.882752575331676614e-01
2.118599741627430755e-01
2.397928421707071489e-01
3.867070789181016321e-01
8.126168811605000153e-01
3.484589584808682750e-01
7.165313721002014580e-01
8.064959098963541129e-01
3.394527901850913354e-01
2.652648217540700681e-01
4.914742642749115320e-01
4.820122235570906688e-01
6.501461056191211174e-01
4.168598654598503206e-01
4.648375630122598134e-01
5.247552733889574439e-01
8.037981500074783403e-01
2.367871483672257527e-01
9.172396111978383670e-01
4.461671991027971185e-01
2.348747833930989737e-01
9.981084919199461059e-01
8.751947265786626240e-02
2.844693398839328036e-01
6.601471290091447397e-01
6.181333602660190607e-01
5.449335371058531274e-01
4.939656433991730378e-01
2.802594917742879943e-01
4.348506086379264612e-01
1.515989344873616695e-01
2.170296389177341911e-01
3.813266111790150070e-01
6.888018863289534499e-01
3.560127556888901257e-01
7.079191957492252385e-01
9.130246090031908235e-01
1.923666719139089654e-01
7.274659193695285353e-01
7.187688441066785172e-01
4.210297951772468128e-01
8.508811491664977633e-02
4.523870555755024059e-01
7.019298899595129981e-01
3.482165599231246134e-01
4.148981627672508887e-01
6.513362213817733837e-01
9.396996043637580176e-02
4.711473824279236999e-01
8.603249525545894061e-01
4.886937098921436684e-01
2.407324164159155289e-01
3.013200920625890844e-01
3.133743015855169900e-01
1.672571034943877433e-01
6.255460927713690777e-01
4.440504741746253425e-01
2.894053910159704035e-01
8.140449994119132449e-02
1.718764479521061317e-01
1.270958243929028730e-01
1.238450996981267094e-01
8.150717227639799889e-01
3.406782252066485328e-01
2.920797083944903783e-01
8.097206065540243358e-01
7.855879510617482797e-01
4.247397405549189209e-01
9.616157983568577317e-01
5.456386628739509081e-01
3.712115055968524535e-01
2.468912778151773069e-01
4.456200538945971901e-01
4.961668818480981513e-01
3.051078553287682738e-01
4.465905989460927650e-01
3.282695924940001730e-01
3.958332712628077621e-01
5.417852394879701938e-01
8.591403342755021821e-01
1.296896869887843307e-01
6.096547206337090685e-01
3.944938316838350612e-01
2.693498816235043170e-01
3.039087686048981829e-01
1.258850882435659679e+00
5.099070514453671876e-01
7.135939122187039407e-01
1.381272754078963494e-01
2.571972170692340409e-01
2.418667448879356363e-01
8.427472814264581613e-01
2.781171193529485830e-01
4.329486315109414285e-01
3.236768204548279848e-01
2.693807836980624537e-01
9.885780302271100772e-02
1.011211264218793981e-01
1.794022684219624963e-01
3.936888000930643949e-01
5.407928058308923980e-01
1.557519806999867473e-01
7.427167370338846331e-01
6.141153555645894047e-01
6.777826870167983353e-01
3.848098074496144605e-01
8.601447577294888402e-01
3.733899737571082511e-01
1.352399024004068695e-01
5.889848266171487240e-02
3.173895913637342359e-01
4.482884705471620324e-01
3.021276283741594071e-01
2.480509961514087702e-01
6.073162369014812878e-01
1.959245903354764895e+00
5.880739927582827598e-01
2.620822199522620188e+00
9.534199589941766417e-01
3.207706042954638903e-01
1.394444817479116416e+00
1.007599945644743533e+00
7.545129950522740936e-01
5.732746175212179995e-01
8.401564516948122341e-01
5.668176124467197985e-01
1.109898972936187000e+00
8.391631747175373190e-01
7.377857296647070129e-01
7.048459008799383696e-01
7.859625031327776012e-01
8.488323639329916626e-01
7.451536299575401978e-01
8.300166923086410575e-01
6.862991807416090051e-01
2.179438808943694461e+00
3.414100525023222588e-01
3.627786617258123014e-01
1.158670763831338713e+00
8.569696700489621843e-01
9.205725916427586197e-01
9.963896245665831986e-01
5.996961315876417897e-01
1.043953125115734348e+00
3.547773620898130864e-01
6.468950566108242484e-01
7.526301846016806296e-01
9.906414506389682462e-01
5.168836527565322525e-01
6.024407348456165545e-01
1.207523950287757497e+00
7.822490863962421326e-01
1.033629966034019798e+00
8.942440053751543605e-01
2.390090187584513526e+00
1.030293934705859282e+00
9.035935970779386261e-01
8.033591812381346564e-01
1.146902613863824305e+00
1.248915780448607515e+00
4.699891949662894919e-01
2.015613424683443955e-01
1.060001163183017958e+00
7.068940000803086710e-01
7.162017767212216501e-01
7.081775799424572249e-01
1.089405683014274429e+00
1.024541508065626605e+00
7.134458983114945196e-01
9.210347517629944303e-01
4.609942864678162056e-01
9.183142206305130451e-01
3.917699060159366420e-01
1.235769106942605777e+00
4.673390611851763188e-01
5.547490837119557483e-01
7.933501072278253963e-01
4.170429091990803250e-01
6.659043723342327192e-01
6.858688730189623772e-01
7.841024852484916874e-01
2.467543971987948836e+00
8.475273695492002712e-01
8.827464740330958071e-01
7.487221256394690494e-01
2.849251110164288114e+00
6.606523803836914510e-01
1.220494430883147796e+00
2.830124211938075951e-01
1.072990383869835140e+00
1.954144491340874312e+00
2.488471681796947887e+00
7.564067300860602971e-01
1.027929123431756908e+00
7.201409105602786243e-01
7.184764688870819427e-01
9.538206061831776550e-01
7.527268989255442300e-01
5.767504818268726074e-01
1.147810481108884284e+00
5.470681271105510834e-01
1.000756731815902301e+00
4.660041720461283177e-01
7.052596017538933504e-01
8.799346113534346481e-01
1.278076318515084298e+00
4.384592394209289590e-01
9.736370423588563972e-01
3.647370271006620257e-01
8.111013562293551971e-01
8.671456960927074187e-01
1.074982083281021072e+00
9.059096412625468053e-01
1.588391959647586837e+00
4.687884974587991915e-01
4.417801714078534725e-01
6.576733998073681642e-01
2.409063963568118527e-01
4.790530900704317863e-01
9.050115488861956159e-01
1.110106566255961491e+00
1.636321683797794080e+00
9.883593774088084150e-01
2.179264007495897548e+00
1.318426746712907160e+00
2.720469374703874399e-01
9.570828705516175594e-01
2.402360416807943988e+00
9.474554728790312019e-01
8.279996699137445182e-01
7.895987255820460793e-02
3.610906368858335935e-01
5.562774174216275069e-01
7.037021714966191777e-01
6.080744229175706339e-01
8.597661854352416366e-01
7.367794590561630441e-01
3.040800949635664163e-01
5.701469486237336071e-01
7.501918105233884582e-01
1.140388802423242698e+00
8.161815177813321887e-01
6.033092763647297518e-01
7.332119830769509017e-01
4.732296030125802133e-01
1.104186088382521413e+00
5.818264420228753675e-01
1.468141545375031942e+00
1.005300504070847811e+00
6.983878018974764013e-01
9.863593140840813955e-01
9.572649392667536006e-01
1.388926483949261881e+00
6.302233895806593766e-01
9.874769737712632001e-01
5.549583492149393615e-01
7.303213466437828982e-01
8.294233953110714541e-01
8.039112241504382528e-01
1.014122478700197449e+00
1.212693478437489647e+00
3.674388506650893005e-01
1.155984348989748334e+00
7.045124594243947769e-01
5.138808836374751943e-01
5.023934844822238732e-01
1.046278825643712995e+00
9.685824454748513945e-01
1.369488389731567501e+00
1.508566279779880448e+00
8.047257205972082605e-01
5.750466154390557749e-01
9.676912568352491473e-01
1.083675785880868325e+00
1.112938982996937387e+00
7.124233917327678078e-01
2.698560852434014889e-02
8.721936966653514034e-01
7.802819217933133489e-01
1.360022425532383838e+00
1.086136853443296468e+00
1.017370383997388661e+00
2.326129827073908363e+00
9.549183315964784313e-01
9.429226645321540090e-01
4.352822719286668085e-01
1.185585436911914758e+00
1.044176622625609507e+00
1.238773271675239540e+00
1.151232296571034430e+00
1.093257607057543490e+00
8.403062233647438095e-01
1.025062939175976018e+00
9.186835319990898086e-01
7.139194230160702537e-01
7.235885261879309027e-01
7.449980887435363464e-01
5.730784321359155831e-01
6.288527830821040165e-01
5.365310978411902409e-01
7.866314293871411456e-01
3.943684915800163004e-01
1.101049407129402802e+00
5.335393812152310344e-01
8.179348500533757393e-01
7.310424772439778618e-01
1.188446959349749532e+00
1.078622836633507553e+00
6.828757476902460599e-01
9.518594979187990079e-02
1.058753014404803627e+00
6.981501879026051904e-01
5.731660262663909045e-01
4.860502544703071970e-01
1.222220467114771392e+00
8.886795450298512478e-01
1.427685366099014308e+00
1.005010240946071942e+00
8.766910080201082422e-01
1.187335413816973162e+00
7.495442265337827203e-01
9.741910144665424376e-01
1.171993548550659403e+00
3.525417173005504501e-01
2.396553303825102788e+00
5.389515735439498467e-01
9.632855507841762144e-01
1.264597963623487420e+00
1.501550257073178241e+00
2.194304106224864714e+00
1.317541873316573797e+00
2.196647062254886595e+00
2.183013927809170696e+00
6.548465764371931286e-01
2.993023372872729571e-01
1.027545589647062663e+00
6.466811504780564102e-01
1.027198070203119151e+00
7.176300613072418288e-01
8.536784296592270227e-01
4.330734706284429247e-01
7.644507481882022448e-01
6.749481146240328133e-01
1.484785087318538865e+00
2.407622857159621432e+00
6.910615746365201817e-01
1.011757761199619576e+00
7.975287943962362514e-01
6.289248347646253512e-01
1.057698301222261605e+00
5.709068843255710179e-01
9.587163469519287551e-01
7.584498740848282239e-01
1.306730569390813557e+00
1.137902132523299414e+00
1.051310354842226458e+00
9.000335614610435186e-01
8.615099691696206374e-01
3.909478752041288807e-01
9.892533423019668204e-01
9.082438613796770532e-01
8.041451474105641983e-01
7.000637328807310933e-01
1.215429314366251123e+00
6.753690725596785960e-01
2.610561299701079085e-01
9.606048262650137559e-01
4.518666491925060757e-01
2.605329602775280917e-01
5.451641907173833124e-01
1.131705756901328241e+00
2.959311099830210234e-01
7.463750199504264327e-01
8.383003358994380871e-01
1.212687366100096975e+00
1.141874424896666351e+00
1.217906679314975094e+00
1.324430604291209512e+00
1.058785267243330663e+00
9.567742174344220363e-01
1.049195594565942802e+00
6.360469278498240842e-01
7.248101200796427390e-01
7.485663401034602371e-01
8.417594492903426318e-01
1.387281861767837521e+00
6.763970903838821824e-01
1.096345914828559254e+00
5.722053297221574297e-01
6.012586224611425889e-01
1.181218582694717245e+00
5.132777337453001687e-01
4.639405833917993882e-01
5.349494363782238970e-01
1.144664649595850348e+00
5.996694012742166402e-01
2.305495094741117690e+00
9.030319659997052550e-01
1.082145360936596301e+00
9.595435331319688288e-01
7.762868106653076916e-01
8.317269920648588943e-01
1.420790269661005967e+00
8.489563569490237160e-01
1.001894802077278435e+00
7.287299719822403210e-01
4.701951299743806212e-01
1.088875322783055655e+00
7.061683230433097869e-01
1.186657092167936467e+00
9.429496328971284091e-01
9.937662610385136208e-01
1.303582488236739945e+00
1.091353443384857957e+00
1.026279090331219557e+00
5.092069411312505345e-01
9.588527655344779577e-01
1.118175263649664020e+00
1.228012529226789162e+00
5.871134542673012158e-01
1.183140673260337117e+00
2.707052545571511093e+00
8.644814134813690876e-01
4.747745277270237763e-01
5.216451490312580264e-01
3.298991567638631661e-02
1.242459286062586710e+00
1.704076666013349284e+00
2.249558544276816785e-01
3.518257863387304063e-01
6.223191359055781913e-01
9.247942170197795964e-01
1.001469835835036903e+00
4.973008191373630149e-01
6.910015603530461625e-01
7.912395211718509236e-01
8.828549196715753666e-01
8.376511729562725606e-01
1.247819343478755227e+00
1.025990724851250091e+00
6.072791240869771512e-01
7.496528383461372735e-01
1.190719375864906837e+00
1.061709107282011511e+00
2.537719444789648393e-01
5.913696198533532344e-01
1.247006689150227610e+00
6.359953259354209631e-01
1.064612215327718658e+00
1.226341022891332067e+00
1.009170279757084510e+00
8.320308582324758007e-01
8.635813960587583882e-01
8.633562507758826277e-01
2.849044068686134579e-01
1.096828926171269813e+00
7.530669718972543558e-02
7.781043167978336506e-01
7.629714322501958135e-01
7.364783594231439912e-01
1.351397112866344674e+00
1.193193665698675909e+00
1.138626415367885780e+00
8.309837636853892873e-01
1.105426792044039708e+00
7.570574754327547007e-01
5.595408293684352996e-01
6.710447989200643004e-01
6.951680574993789330e-01
6.728026773893472923e-01
8.221719617416958226e-01
2.588339925423368992e+00
1.068203653978714085e+00
8.887294423860157000e-01
3.639655151123200039e-01
5.972770255030311892e-01
1.374606392697800494e+00
1.079495549060896398e+00
8.167483096831106293e-01
7.124446342389014752e-01
1.798570498270447349e+00
9.868428702953989662e-01
8.254106899449682455e-01
5.933427539013083063e-01
1.593645935926374657e-01
6.355621326477850497e-01
8.534593100523153453e-01
1.179858576610244292e+00
9.087717999268806190e-01
9.797658173974388429e-01
7.116174967385331396e-01
8.396798660634016143e-01
1.199243897561340200e+00
9.130343040668720267e-01
4.587684315414831127e-01
4.427054568345846763e-01
3.861164537422487886e-01
1.633757953717907885e+00
9.698726304527458542e-01
7.392145894784269977e-01
7.416940259325532914e-01
4.314901932270843732e-01
9.822684970523432035e-01
4.591637843705642097e-01
9.180169017373840390e-01
1.117061252690275897e+00
1.093327797089002074e+00
9.349815831173735603e-01
8.887087444318287899e-01
1.047062182484334247e+00
1.220422040557338716e+00
1.618295103170037219e+00
1.068399798896972008e+00
6.334612452516795722e-01
1.088389491989523172e+00
8.375185861934261178e-01
1.101989043102487908e+00
9.043692624387652534e-01
9.463106020863587542e-01
4.658640419231236951e-01
3.636620745840052904e-01
1.055039651929587707e+00
9.114131816960020505e-01
7.371465976252891128e-01
5.212061402768187746e-01
1.374617142068846443e+00
5.708838344321494063e-01
7.035238528791318835e-01
3.122897092531306540e-01
7.187375055096374421e-01
3.653546948083353230e-01
7.982742465314921487e-01
7.676069417171245135e-01
3.173335260346948905e-01
1.032645825711903109e+00
3.889767937959480171e-01
2.681285016705459157e+00
2.269689614758821694e+00
9.927467582037667881e-01
2.002348170446392128e+00
6.172038595452147280e-01
1.027763009665856098e+00
9.840809168103268334e-01
7.623593963291332987e-01
1.167027813483200838e+00
8.799847037339961764e-01
5.084077687405833545e-01
9.362563472831400002e-01
8.233997874640623937e-01
7.474907009172560013e-01
6.635528119422566817e-01
1.033921791553718661e+00
9.397446321016214021e-01
1.126220979132119604e+00
3.020906251220778493e-01
6.938706064938046092e-01
7.055583466555122030e-01
8.099225700458589916e-01
9.362308242009481640e-01
8.136250403475098203e-01
1.172626693450780300e+00
4.179655191079361676e-01
8.565669330953351590e-01
1.073965163976295489e+00
1.535696526624983571e+00
9.524262835122228044e-01
1.113209114089005691e+00
6.818601656881608797e-01
6.510461404802021512e-01
2.972597649124688046e-01
1.234653599407501190e+00
1.103132849621272893e+00
7.989947826856551583e-01
9.857722598216364096e-01
7.344977236641868634e-01
5.297763743378841594e-01
1.021053924780654709e+00
2.281286667356683839e+00
7.659006534952434997e-01
5.937337430499439739e-01
6.945394063801485496e-01
3.388689808590851227e-01
7.005385104853109057e-01
1.192933159888162731e+00
5.791512151078651582e-01
1.134073920656420320e+00
7.595246438173738346e-01
4.821986184840315048e-01
7.864479090784886051e-01
9.211334334119134493e-01
1.146770263398492862e+00
1.224196924152336274e+00
9.494186782498256205e-01
9.968075026006684158e-01
9.957340443385344075e-01
8.129896484986546268e-01
7.816349112937641674e-01
4.686337798797775012e-01
1.124179519638062841e+00
1.091019388129052858e+00
7.413097217893819257e-01
3.485583256762144200e-01
3.245223743685627937e-01
6.806648356751631157e-01
5.174028114693016711e-01
5.405034749645353243e-01
5.628328153250907739e-01
7.561638682957904090e-01
6.924216565331847706e-01
4.185768377036149235e-01
5.092584754074435116e-01
5.316172741671586488e-01
1.247236936676912711e+00
1.013108704646418889e+00
8.155441815382650228e-01
1.039407889202329516e+00
1.236886236502072745e+00
2.743466556902141584e-01
1.486285234458541105e+00
9.092184060814212376e-01
9.628794208471311844e-01
7.049270208802905779e-01
2.924694830647550647e-01
1.248792877309059302e+00
7.632010135337482515e-01
3.304783133574279441e-01
8.910272724576802084e-01
9.902666441974522504e-01
3.524321958156577672e-01
5.167774157403652868e-01
5.008892063253276294e-01
9.000352067076978768e-01
1.105723019008862051e+00
1.066688120427482067e+00
8.379702146589474987e-01
1.292076028497707307e+00
6.847086091826528609e-01
7.952610877709893611e-01
3.906829850729832132e-01
1.146231217515578882e+00
1.387647260619249812e+00
1.066572898085690335e+00
7.932732825510312447e-01
7.386988081692401620e-01
1.184719631342356472e+00
8.812430953305554482e-01
4.468104407320433458e-01
1.125956422526106282e+00
8.651825777830614017e-01
1.011275613160952602e+00
1.260646188101429699e+00
6.722202222817641459e-01
8.873489503960158009e-01
1.094604738280086309e+00
1.063157060368633555e+00
9.229194692703414082e-01
5.229983323759309632e-01
8.575993318242446373e-01
7.821590452964689577e-01
9.454361023940943687e-01
8.410525980503229526e-01
9.662283563830591504e-01
1.236010067004802204e+00
9.275108955244222297e-01
9.807722558949113489e-01
2.271365446221447204e+00
5.074955965232269550e-01
1.047127964390752064e+00
8.154575437661869541e-01
9.219835808336521721e-01
1.241572765677181778e+00
7.684127456770594167e-01
3.843499117255222419e-01
9.453871614518192246e-01
8.681235300282994505e-01
4.847328646907109184e-01
5.599113002201693279e-01
8.194116482234912180e-01
7.412335314332726410e-01
4.042156278395213076e-01
5.021759668233115592e-01
6.715936327107131509e-01
3.053729999214049418e+00
8.456987361835243133e-01
9.507013522413559903e-01
2.485670814771718529e-01
2.390056835465695917e-01
7.683312307608211045e-01
7.698953130043237891e-01
9.953208199999763472e-01
2.938640987561619844e-01
7.298415035234356862e-01
7.816657186289293069e-01
9.380715412821344357e-01
6.822421165772998286e-01
9.107782478757046052e-01
9.301872924849448054e-01
1.038442589817801798e+00
7.633018673874010229e-01
6.589068024228141862e-01
1.024754781607867926e+00
6.467120553448677533e-01
3.154943322527962724e-01
1.967569926948455894e+00
5.872362000827006101e-01
7.086956774716629548e-01
9.684107310194546292e-01
1.017227871894537561e+00
9.129971200873682191e-01
7.895486254007794136e-01
9.813498518516563518e-01
9.940312252403690207e-01
3.436031595237941105e-01
9.986851919469843519e-01
1.123326923089869478e+00
1.143585268493043205e+00
9.093484261240289968e-01
8.617307884348281988e-01
8.197782563380313636e-01
1.312081092276845551e+00
9.704453962036996284e-01
5.210514908695147440e-01
9.115263146935461691e-01
7.859120375467314457e-01
2.110135301504035277e-01
8.912741186635565471e-01
3.934421898323970379e-01
5.401226180624718598e-01
9.184228843391724073e-01
4.214930228705642823e-01
5.346831533832121508e-01
8.450233618329938690e-01
9.525129857495223673e-01
1.286499352416486053e+00
8.560769039295470506e-01
5.859015989430144122e-01
4.492577256029992028e-01
9.181981273110747521e-01
7.320267749756792508e-01
4.513070967981134829e-01
1.110829101569365873e+00
3.685730072353001763e-01
1.087853891841714660e+00
1.315373268893097913e+00
9.430116252105406049e-01
8.540235950066046300e-01
1.350454556202110634e+00
2.780241656245552861e-01
9.072835241756298519e-01
3.211657173886313665e-01
4.402528552884876767e-01
9.584614739710840547e-01
4.900132349159159184e-01
1.068699732938818814e+00
3.122649739183468998e-01
1.169468647145018858e+00
4.228515796377296243e-01
4.572169304184636740e-01
2.023101839005992719e+00
6.364018076527280243e-01
5.335376924844247304e-01
8.477140129691733694e-01
8.860817906425483281e-01
9.892035056767264356e-01
1.001515093866517159e+00
1.361705043342706700e+00
1.149544873990686611e+00
9.585613675652432386e-01
7.315494367542058063e-01
1.310698529928101541e+00
1.128523464689022759e+00
1.049995966705496775e+00
4.170966276944065299e-01
9.306415458642588456e-01
5.967188408377168685e-01
1.083052313816304624e+00
4.617726047612876195e-01
8.093203000126258928e-01
8.616043657466629924e-01
9.789203022882112526e-01
5.868552963918771681e-01
2.927718147261518244e-01
8.044718478946929485e-01
1.047356520157640247e+00
1.151374003155522630e+00
5.630586475283390069e-01
8.895720449135430252e-01
8.645098503877970408e-01
1.091199831469728654e+00
1.252030600878387245e+00
1.026601204983738747e+00
1.616922466366897293e+00
3.148612484221712249e-01
9.567957985175056246e-01
4.354436163786865044e-01
9.628180102798845619e-01
8.879464149643202520e-01
5.796743509675824635e-01
7.918532415314722961e-01
1.044964379168793700e+00
1.342017241709779096e+00
1.300201874346436304e+00
5.832415534866935980e-01
9.172847082297236332e-01
8.773396228186195467e-01
1.125240557443025091e+00
1.079774966753316745e+00
1.098699846610107445e+00
1.007568522172020309e+00
7.023395787487816122e-01
2.127073620642945695e+00
6.252060527098007858e-01
2.712245208575004174e+00
1.147890346355403102e+00
4.458178615321721217e-01
9.962535850435939588e-01
1.194313236099080910e+00
3.025506406668848625e-02
7.961388851317982018e-01
9.187550358725882216e-01
9.519424787793852039e-01
3.287961308173067421e-01
1.088572911573724378e+00
8.042937169235967465e-01
1.166893063779701700e+00
1.149163480946005622e+00
1.105922252604162104e+00
3.128633331550205177e-01
5.765942112526358798e-01
2.855563606878601668e+00
4.745031492199046075e-01
9.000339984860178388e-01
4.484178170674521513e-01
7.147859826388121007e-01
8.636655511014229569e-01
4.695923420909908219e-01
5.809748685289524150e-01
5.364156136734709035e-01
6.381744065968371071e-01
6.123738054339232795e-01
4.734862599462881794e-01
6.128484160892052612e-01
6.413727050979214361e-01
7.052663951500646178e-01
1.075342201975307388e+00
9.060495203505536388e-01
8.068788996627197507e-01
1.270676571177194458e-01
9.330960335060205502e-01
9.445859463549808321e-01
6.823206105211874206e-01
9.279878982118342501e-01
6.873177235807405028e-01
5.168241551201617767e-01
1.499928462436906029e+00
6.323564770811224145e-01
2.426019120854244537e+00
1.087328486225817903e+00
8.814353625595390263e-01
1.118990589639828670e+00
8.525523812121741374e-01
9.517607448789231483e-01
6.267743787654898036e-01
2.715113659545788760e+00
9.657804795265594322e-01
8.302442894001554885e-01
9.200570189073533633e-01
2.301813200898124023e-01
1.102102177040192643e+00
5.940464628987369711e-01
9.558845490409078050e-01
1.024796191865199102e+00
6.096949854130964130e-01
1.017951687981383690e+00
4.114031564599663904e-01
8.528895961757023692e-01
4.654797147657153134e-01
2.356095092224540721e+00
6.033343288114726422e-01
7.639840021798326442e-01
4.406047374233895142e-01
2.604019869564120349e-01
1.345931277222145894e+00
4.507689992951109947e-01
1.182669565790785304e+00
1.325563367652363267e+00
9.881648106545402044e-01
4.918901606301678275e-01
7.369165789368425923e-01
8.128700853925322489e-01
8.215010330627181556e-01
8.744840684480733595e-01
3.032669725987817699e-01
3.884327856443682281e-01
8.608481112106646238e-01
1.012137681107424303e+00
1.142811292154324310e+00
7.227839415461866368e-01
8.586202906674195168e-01
1.287220466212261938e+00
6.767771018962340790e-01
7.394699851128150314e-01
9.474152349924456207e-01
1.078999452767747114e+00
5.476533072064453389e-01
9.487685191226814529e-01
3.376281135850095483e-01
9.703272249000212124e-01
9.675508141286344177e-01
1.123682857711018501e+00
8.490734027467307099e-01
2.189783620186068536e+00
7.758903184492292882e-01
6.716144669828169045e-01
1.074024145258210883e+00
7.747176613443746973e-01
1.306647037010594703e+00
6.703163628114012784e-01
5.757027797922569246e-01
5.226099979878455759e-01
9.721455249117586517e-01
9.554053470112050528e-01
4.358181522839061350e-01
9.067111565173827659e-01
1.987897429444700048e+00
7.807074156690309019e-01
4.543856896012081759e-01
1.031257444596542783e+00
8.133660503646166218e-01
7.705269589553551679e-01
3.094612887017354819e+00
2.780357199642061738e-01
6.500748979921273651e-01
2.781135572775679243e+00
6.928939438248606919e-01
1.097779433758609535e+00
4.822686574078262067e-01
1.047591444086789059e+00
4.488698736853528048e-01
3.804715380429588012e-01
1.000659923612594815e+00
7.070190802321393297e-01
8.188397558153526212e-01
6.896952037524733958e-01
6.799291277305410386e-01
5.926821343197464786e-01
5.526366932743680405e-01
4.088380371309638384e-01
8.224426688721679923e-01
6.703920542987844566e-01
2.310744837245046757e+00
9.036074674020273534e-01
1.283688496671596013e+00
6.205955138283749672e-01
5.176794977876268966e-01
5.879400222768969009e-01
8.266385253898840269e-01
2.859759019421672099e-01
9.826402203758431986e-01
8.363865260007161684e-01
4.820417586858442016e-01
1.291546469196019675e+00
4.282487862736281681e-01
2.482388932201186893e-01
7.851017240738187297e-01
1.089785121633282783e+00
7.221578592946286124e-01
8.054455227595893607e-01
3.538679893317839831e-01
8.156799100573357553e-01
8.054859297770754489e-01
1.076064872921125515e+00
1.382067088691293133e+00
4.130779170256648203e-01
1.274615576070012413e+00
8.692596156683932707e-01
2.828037034594018007e+00
8.759364305417242091e-01
6.596066721496511853e-01
1.110874804132556237e+00
4.407293027753660941e-01
1.142023572219919902e+00
7.247004301414013971e-01
3.509626184692926643e-01
7.202281760267457145e-01
9.913972149225748209e-01
5.228953568547350939e-01
4.770685657523358048e-01
9.041289284984623809e-01
9.867886265688760039e-01
1.373967338290410733e+00
3.948314488223125251e-01
9.397470198239353811e-01
6.508168667645358729e-01
5.311300017116233896e-01
5.864697840741778245e-01
9.528328745830694224e-01
7.103951208349502666e-01
4.908723090290911251e-01
9.925396407668958254e-01
8.053371393646906462e-01
3.292740514235539817e-01
1.266836493613681558e+00
8.935915730780834565e-01
1.871467752268031637e+00
6.547324595097309130e-01
6.823912083020845509e-01
1.132503708026826317e+00
1.255030467547539441e+00
7.329775743337729743e-01
2.009710954971116514e+00
6.013718177538177612e-01
1.090435474477221556e+00
1.488234707429886061e+00
9.199256599770450071e-01
1.555279018718257023e+00
1.103915665409364477e+00
9.517396372912484415e-01
1.029939038106503890e+00
5.664151401734585090e-01
6.462906468048551512e-01
1.012594241553860464e+00
3.264148005753032544e-01
7.373563305354261521e-01
8.813402190707182449e-01
1.124169345583861279e+00
9.896847676945967898e-01
7.584552277724734282e-01
1.045441659478637542e+00
1.191270261688344378e+00
1.469749766812042280e+00
6.735479866232961799e-01
9.962647123064304333e-01
1.064949427727603037e+00
6.190032998864019032e-01
1.081604355018275010e+00
4.695884769228689803e-01
4.107232302652875089e-01
8.455825074105454142e-01
8.257204915321409988e-01
1.305427711456574213e+00
1.113999238398504898e+00
1.176161643246423028e+00
5.054058103264900126e-01
1.050082533692947129e+00
1.106687929795202363e+00
9.047447431104104210e-01
1.126447344004007478e+00
3.313401414772472187e-01
7.426925333578019428e-01
1.839603578640900128e-01
6.940431499382012648e-01
5.512765006884349228e-01
5.996523067534802465e-01
1.192599617683709923e+00
1.230276618601711558e+00
1.117382206980202852e+00
9.918442239391012105e-01
3.578364991282374508e-01
9.861136500064485721e-01
1.236967938923502430e+00
1.092315942931088024e+00
6.779226107747859942e-01
9.369407581750995861e-01
1.732629281255416931e+00
5.625765546225441893e-01
9.925843063353395612e-01
6.561375681558744288e-01
9.738817142138601612e-01
7.392452206292325911e-01
2.643902893828598888e+00
2.755649303497736957e-01
1.195816525049548718e+00
1.206622926775984039e+00
7.240350725901421036e-01
9.500003945657972126e-01
6.301196456556920067e-01
1.149625730885475816e+00
6.744211129167345664e-01
7.880364306552708475e-01
9.815367018836633761e-01
1.125072727379436310e+00
1.177966358718987694e+00
3.455858381563903792e-01
9.099273727578132132e-01
6.585629068962237653e-01
4.800902710629350034e-01
9.830131903271449589e-01
1.189766483020686660e+00
7.895524474662314329e-01
8.463378321080133881e-01
1.238796212779128991e+00
1.081115456116652718e+00
5.007551043757858533e-01
1.346532966617745242e+00
1.128261836474342417e+00
9.490464577041719529e-01
4.983876484105653759e-01
8.075146593456418165e-01
9.921896080209453572e-01
3.965225723929305390e-01
1.471927375773594893e+00
6.468823858934710236e-01
1.180238961233075701e+00
7.328625690092732681e-01
8.853357603594365077e-01
1.056221140913177425e+00
9.365397238503652133e-01
9.173338683806330218e-01
6.493942214751430297e-01
4.820311536337690272e-01
7.385457575812133246e-01
