phi_12
6.216795437422287129e+00
3.753801009857622439e+00
3.645464953227205984e-01
2.122085413063839798e+00
3.451250801018363124e+00
1.817274710301436835e+00
1.507627255800937927e-01
6.028971344446420133e+00
9.961356086049761860e-01
1.456535318481102292e+00
1.179981887832691090e+00
4.330486921037609349e+00
2.092362947476207324e+00
1.894826250459377581e+00
4.770938093245458589e+00
1.900530581775136563e+00
9.312546082782757750e-02
3.492628460016331982e+00
4.185509021674194141e-01
3.887777693873700535e+00
4.051815379688955554e-01
5.560601764806789582e-01
3.212082252584689712e+00
5.868712462912867522e+00
5.973063126061032291e-01
5.286195123222204195e+00
5.203790353571069893e+00
1.038984897771187965e+00
4.567013563841572754e+00
6.976049958661115213e-02
2.533743168831901649e+00
4.106570720537877861e+00
2.526188892200926239e-01
1.278974559765413854e+00
9.304979185853957668e-01
8.143842934908170905e-01
6.862820593572600547e-01
5.507386079138439250e+00
1.106380263125190888e+00
2.436306201368361624e+00
4.462953507880713211e+00
1.319024853397736230e+00
3.738914021483830119e+00
1.400725586578250859e-01
1.873626534801938470e-01
4.795542066361219824e+00
5.282709124232660258e+00
3.369000491416892284e+00
5.463603301413725077e+00
4.960855327655643521e+00
5.074162018714710953e+00
4.455269132549863897e+00
3.969122732146143750e+00
1.958617582990110462e+00
6.090924252204366951e+00
1.446692482268169044e+00
2.402811737113998092e+00
2.706783766718765971e+00
5.717584568664678457e+00
6.063424328958673115e+00
1.409295480279509238e+00
4.998267978970819314e+00
5.268022296755390244e+00
4.757818213853323819e+00
5.551455474583196770e-01
4.580786336611565090e+00
3.866793438386698645e-01
2.750773564864172016e+00
1.411205902478051222e+00
9.109263210357976259e-01
1.115099549618234542e+00
6.243200380217609258e+00
1.341355209637452361e+00
5.160620701614371697e+00
2.164804722617570121e-01
2.063783119284801515e+00
9.595522064835527998e-02
6.041189838945529189e+00
7.720048869494807731e-01
5.127705539430159831e+00
1.603091314503613196e+00
4.135589361003002118e+00
3.171630013327146447e+00
4.042035879767198026e+00
3.062254845925094671e+00
5.781076644472738835e+00
3.129903261665119452e+00
4.828327472044827040e+00
2.675760121272414249e+00
2.105035957856773887e+00
3.767118699403260162e+00
2.293078716315013921e+00
1.123113878951693900e+00
5.215058308710401186e-02
4.277712958658487885e+00
4.930315028696697688e+00
5.686524631499238147e+00
5.154606877204767734e+00
3.813567138715300509e+00
5.979967098632260836e+00
2.711205268326669415e+00
6.186511868428160810e+00
4.829440007716853778e+00
1.557651783573963611e+00
4.949427676207988291e+00
5.207053187783641235e+00
5.664331365167942778e-01
6.119933621318002892e+00
3.290779995378946832e-01
4.765351958668784249e+00
2.542361103260498023e+00
4.679071582252886330e+00
2.770379035394391343e-01
5.999707234943418399e+00
4.833199074663106387e+00
8.089507289878263840e-01
4.453049428836868273e+00
4.398472882224110370e-01
5.837902391206993613e+00
4.632721391114621667e+00
3.989170222016578116e+00
5.718003294596598174e+00
8.244606168204303698e-01
4.223835698159655649e+00
5.216258404840976581e+00
4.911036289879811889e+00
5.858657296390858527e+00
5.404676452236876649e+00
2.696272682074036808e+00
5.574319708219144687e+00
3.983490733551485086e+00
3.556869818091906055e+00
1.478978715264240407e+00
3.037086489372723186e+00
1.424020185931020199e+00
1.130711431182227278e+00
6.223938181505377365e+00
5.905526116481879306e+00
4.940290499628577914e-01
7.627345730998762452e-01
2.780144413569045181e+00
5.318121288262887880e+00
4.557158716147999833e+00
4.240122563557746638e+00
1.541248684791876267e+00
4.443127144810897988e+00
2.899952952124737138e+00
6.033135417402157863e+00
4.713043908285134975e+00
3.616259728195100553e+00
3.934710418667631604e+00
1.266341333567658545e+00
4.153696406804959218e-01
2.183145876607898828e+00
2.310555780848643881e+00
1.683349371045806508e+00
3.489565558006178403e+00
6.131103603170023675e+00
4.444501888430901992e+00
1.963949856359221258e+00
1.460938282256919907e+00
7.115252824030440237e-01
4.225123106297055564e+00
5.527010593023932827e+00
4.319106753948407373e+00
3.965334979517948888e+00
5.612727639259627033e-01
4.644622718555417862e+00
5.267541825486828921e-01
1.208458667390700958e+00
5.759699269632177376e+00
1.112070717049292057e+00
5.096328496483364390e-01
4.309507430260380190e+00
1.089755730519023302e+00
1.044944124105839034e+00
4.401424225019525238e+00
5.662758805688953956e+00
1.183697454523283454e+00
4.540314358235377767e+00
4.665928180187533414e+00
2.278822905632674978e+00
5.425517008064701940e+00
4.214299670791149310e+00
5.802901429066104733e+00
5.717940529062106592e+00
6.200526424878627374e-01
4.603773891542276786e+00
1.213434658792823306e+00
7.116110456168565079e-01
3.726393356321535677e-01
4.583821114051480627e+00
6.519831926783331566e-01
3.645766096948738877e+00
3.664954440883726683e+00
6.928584723826044511e-01
7.828357296799345333e-01
4.194498984432923017e+00
5.739746850486447727e+00
1.315794359181555073e+00
1.963400368647935768e+00
4.315413835663132858e+00
5.605786587149589550e+00
5.189625964820515414e+00
5.859828128539527892e-02
1.504276167175579992e+00
5.274970702183694904e+00
4.563410128057596160e-01
5.450874350417695524e+00
1.935389414403961172e+00
4.477267791599024882e+00
1.051443580264707300e+00
4.360936697169970344e-01
1.009101339644915329e+00
4.871679098297487243e-01
4.634982611785385398e-01
6.210318920195178061e-01
5.088623324336009723e+00
3.104582928367423111e+00
5.745286431324191589e+00
5.760253894051663437e+00
4.760651192845786639e+00
6.883941631713442755e-01
5.731202193624552743e-01
1.734756988129264155e+00
4.983119053739565096e+00
3.955491868167213987e+00
1.147071985207631872e+00
1.928496929106117586e+00
2.072331162272063043e-01
3.006010689444688300e+00
1.060264821889188136e+00
2.483127004894243317e+00
2.325955888433895336e+00
3.959063743702969429e+00
5.796597265148117017e+00
1.496419811428372437e+00
2.769640466693249259e+00
9.229776639255400372e-01
5.490788217574124275e+00
5.376962260095160540e-01
9.176910750016307183e-01
6.095146562261923862e-01
2.465423357408033755e+00
3.077365199557495767e+00
4.825261939160488289e+00
5.950051243644814747e+00
5.097196320964577643e-01
5.203747956310292189e+00
2.846630058470266622e+00
5.115317490111807253e+00
4.305396062624675224e+00
8.742533159103080820e-01
1.012271841250137250e+00
3.583450920632401893e+00
2.061417550117789599e+00
4.553044896983444306e-02
5.841904173326646799e+00
2.560395317441407581e+00
6.140563602639685925e+00
1.136338386141131362e+00
1.519036407943062938e+00
3.637934640673039954e+00
1.153151115222466938e+00
8.496996340275009274e-01
1.992312334972532684e+00
3.300171832566197949e+00
1.077829090417439906e+00
1.954351825886400995e+00
3.684197650361166865e+00
3.975862978835199790e+00
4.909170253381133775e-01
1.965207628488517544e-01
4.699771637473945773e+00
2.600176799927126137e+00
7.394765997234016286e-01
6.006911968327879769e+00
4.741490163126506729e+00
1.211040750957253637e-01
8.196634351136831143e-01
5.135934017876222946e+00
3.947024575211314001e+00
4.427113185982425314e-01
5.264029236573265491e-01
1.154876307266694685e-01
1.150386389899243911e+00
4.031502818713602387e+00
3.647055474460185298e+00
4.001162244705155357e-01
6.121267439206794059e+00
4.556506106686177837e+00
3.900111805042620450e+00
4.675848926538172634e+00
4.754545150962326439e+00
5.497841496631975744e+00
3.640641126458934007e+00
6.056190869420152723e+00
6.271891238776889921e+00
5.344680607229904679e-01
5.671853281137377856e+00
4.354387864292458832e-01
3.161049939708197698e+00
3.432352616142189117e+00
6.238565212946693528e+00
4.305217088178246776e+00
1.082570006882913605e+00
5.145384112730275739e-01
3.012523728494495678e+00
2.986891696096472537e-01
5.611902191344585233e+00
1.439327447041846897e+00
5.120105546731533508e+00
1.635645334710277510e+00
6.050687457993683793e+00
2.375563906597389252e+00
1.186910123842287224e+00
5.067950587919485272e-01
6.259957375450423633e+00
2.061412564577388196e+00
3.361003325617053505e+00
6.132855657297611174e-01
1.625249563543823106e+00
7.775587758612838574e-01
2.965799885755239229e-01
2.370967907825690446e+00
3.395854682018148996e+00
2.615988012638676530e+00
5.046686358702799247e+00
4.173556977131617884e+00
4.502812986641307802e+00
1.114185066666802948e+00
1.414257652165049395e+00
3.983032541055330444e+00
5.281593600355055429e+00
9.844388097919763991e-01
3.376366578462339785e+00
1.042764797678631616e+00
4.346330921032441452e+00
1.186284353371684031e+00
6.071381707307331510e+00
4.465639567040987856e+00
1.168743017942013296e+00
5.560142065264961353e+00
6.133391613951430621e+00
8.448705537344122218e-01
5.967268663632723236e-01
4.822908295781790144e+00
3.065387986523921970e+00
5.920200352539894517e+00
5.298608056182170678e+00
1.259157642883791395e+00
1.970012872553823735e+00
6.132098784673131853e+00
2.059733843299458300e+00
5.805791533852946884e+00
4.171095232388234209e+00
3.287832477431015921e+00
5.474779603996188904e+00
8.002862100022343217e-01
3.204003597916283752e+00
5.087664221768990025e+00
4.015416272914114515e+00
1.650003264211866050e+00
5.986991050570615869e+00
4.451169508033481215e+00
3.258340344616057038e+00
5.194440970891118781e+00
5.028767227352633817e+00
4.799117938856737986e+00
3.622809987076370142e+00
4.730772556156326303e+00
8.947767585999527595e-01
3.807626343045802386e-01
5.516795849901625637e+00
3.797127879365829628e+00
4.883651198808125038e+00
5.194639109564122670e+00
4.431549616498701383e+00
3.005295461846876570e+00
4.959349177627704108e+00
2.335330093483924951e+00
8.501352182080802455e-01
3.552880131088263838e+00
9.160185599959293212e-02
5.242992636962521047e+00
5.434813592479970090e+00
3.842331064925106343e+00
2.631697925842924501e+00
7.974217415589567315e-01
5.942288660619520213e-01
4.653180934971961058e+00
6.804704452549439342e-01
5.604106143814689744e+00
4.282225970410527438e+00
1.699509619370101199e-01
1.093306983029726176e+00
8.577831665793533844e-01
5.856319349657718831e+00
1.398061929681062798e+00
2.717784087320472164e+00
5.717860955869256578e+00
4.981353293166402851e-01
9.946532505968835869e-01
1.511624609872812774e+00
3.821075228585453232e+00
6.000032287230684602e+00
5.781773406216773381e+00
4.981693346631402841e-01
4.944449807499617933e+00
5.203217181000475478e+00
1.759192065238633473e+00
6.077039797783810648e+00
5.874098189593091490e+00
2.579155298087042247e+00
2.854925948309391392e-01
6.255022167001018651e+00
3.600383630306305260e+00
7.053557793519529273e-01
5.821359930577487241e+00
4.228594488745120117e+00
9.857565867933318904e-01
6.181166236995775165e+00
1.172381951594716476e+00
5.233978709896176973e+00
3.541185667921892266e-01
5.215568492722017169e+00
1.559319328879884337e+00
2.507514961216056881e-01
5.068146675932253764e+00
5.095107261782580110e+00
2.630545333136709907e+00
1.369729216898891488e+00
5.234274796140461206e+00
5.455824985851397635e+00
1.095756723538470201e+00
1.105483869410976150e-01
3.813750656863148514e+00
1.931674792875457625e+00
1.882241054853371898e+00
6.140628485888268706e-01
8.848609970850058737e-01
3.491748093842268919e+00
8.377310989413984110e-01
3.485115802566056242e+00
3.988595759370027860e+00
1.966039633821189625e+00
3.863120599391123733e+00
4.962492709364319410e+00
1.046653494574178556e+00
2.772389133921336901e-01
1.815170000002073181e+00
5.199363404149568879e+00
4.041707994689716088e+00
4.343169291888084871e+00
5.338777068240979418e+00
3.642791984471954181e-01
1.805244359305171020e+00
2.137128751361347112e-01
1.164604216490882527e+00
3.788501709167218401e+00
4.790833124517861030e+00
3.733549797941788206e+00
5.360524978048695210e+00
5.095815037390479141e+00
2.809083951832638260e+00
5.028006974848171495e+00
1.057764834224003803e+00
2.258793602551503632e+00
2.584294845479633285e+00
4.008722766013598005e+00
1.098581167897973554e+00
5.279098083310829193e-01
1.732864948246489067e+00
5.523148828473027905e+00
3.722591329329620335e-01
5.451751467687437902e+00
3.763597872555492607e+00
4.910741239823261495e+00
5.936275474341997649e-01
2.260843449723971554e-01
3.067377156663412929e+00
8.410687081300926016e-01
5.849878968522125078e+00
5.817048291789918224e+00
5.901353329642896384e+00
5.424441754700709772e+00
4.622121964259755522e+00
1.219239339204664374e-01
1.091070212113957272e+00
5.767930118911039017e+00
5.236646306302843890e+00
6.034580409933202105e+00
2.436354327858973046e-01
5.495751477832766518e-01
3.477997318375486646e+00
1.076399104384010208e+00
5.739648085513930909e+00
1.719709164762369458e+00
5.714354257719971297e-01
1.392446695116747568e+00
3.521578762527038942e-02
2.765425507410061989e-01
6.053093374424284967e+00
3.385665029092787659e+00
3.071568848750187541e+00
2.298140959028057040e+00
1.623963374736822507e+00
3.177498714852538875e+00
1.642593371850059158e+00
6.147572903865899940e-01
4.942634647642126566e+00
1.289575418929828077e+00
5.672293618900337009e+00
3.294068821588786999e+00
1.012828514391101109e+00
3.640238045264077571e-01
5.496137098602528859e+00
5.163961436852641640e+00
5.011081525489990973e+00
3.760624067543803406e+00
4.685738264882563620e+00
4.974402181096839737e-01
1.305163186882127846e+00
4.966071082482310217e+00
1.502438722943246763e+00
1.697151892895715442e+00
3.018327350058588543e+00
3.407083457457263265e+00
6.395015962903131124e-01
3.519576345217316216e-01
4.474661173857872321e+00
3.352771908063963413e-01
9.597868110739947722e-01
3.690209201289505359e+00
6.474092571575095281e-03
4.783991179914488967e+00
8.817174274942107814e-01
5.812634995783820813e+00
6.601167563017925621e-01
5.766833092474842104e+00
5.723304088843382154e+00
6.204698384656160748e+00
5.820505020876155511e-01
4.442297021833696569e+00
5.275038761455000724e+00
5.892763568481065306e+00
8.690348100611243742e-01
1.036551202585713760e+00
4.806103009307160501e-01
6.195121558336375678e+00
1.693240888926234033e+00
2.721642360351252399e-01
5.832973390943315906e+00
5.609372978159520962e+00
5.855318582871354316e+00
7.285468143632337634e-01
1.543376248552587482e+00
4.287594220234026143e-01
6.134336199078894047e+00
2.913731722364864218e+00
9.246200026912934078e-01
5.967268663632723236e-01
2.088229270017437411e+00
9.370193535080934000e-01
4.302452354492372955e+00
5.821147674069500511e+00
3.338324405592748012e-01
4.402733457210780799e+00
3.391549604368938819e+00
3.717843325806915455e+00
7.155039473550867113e-01
3.648670577839498996e-01
5.271438079407706923e+00
3.245712607270503369e+00
2.351341039100863561e+00
3.913558824797430002e+00
4.947376154539248283e+00
4.846759752649369091e+00
5.543381843851317159e-01
2.063083605998680126e-01
1.110687384874827988e+00
4.159615792086643893e+00
3.898966621226032547e+00
4.161678680407330244e-01
4.052567042051140156e+00
5.905354347082477418e+00
2.535279923244440070e+00
3.823897542370620517e+00
4.082374672793596559e+00
4.088133730290644863e+00
3.898934755790116391e+00
5.658001941046268968e+00
3.078663245403294724e+00
4.627492079839605310e+00
4.517903706116754847e+00
2.069480879536453433e+00
1.569954038182485578e-01
4.322386630025309096e+00
5.420089442247120637e+00
9.336461576354686542e-01
5.834241881802215701e+00
1.841526667661257388e+00
4.775969921475970104e+00
5.884621155990729768e+00
5.490118699798208546e+00
4.741596358073301154e+00
4.417191756523355828e+00
2.341880791465093203e+00
3.233456218512329006e+00
3.493609358585488600e+00
8.002763806385060352e-01
4.990856857844749861e+00
1.207822166977213785e+00
7.587668967824954258e-01
5.275773714274440529e+00
5.830866907473390093e+00
1.070955885427167020e+00
7.775666551545656890e-01
5.799597862105135171e+00
4.482762880440194664e+00
1.163531021070631999e+00
5.425633590180050092e+00
3.395361418669936793e+00
5.132306510441208225e+00
2.552177898173958237e+00
3.355878310693066080e+00
5.613418896292349913e+00
3.893257386899790173e+00
3.055497591872561536e+00
5.628358239807835339e+00
3.142263545149671877e+00
1.298039378049745896e+00
1.649765985603180107e+00
5.005942282825696921e-02
4.748723707012721285e+00
5.539817047470042333e+00
4.509703691380865465e+00
7.634233534356197337e-01
1.264299719315252313e+00
1.306200594047273178e+00
1.798426411393241775e+00
3.720837948729891487e+00
5.953285345466532874e+00
2.714255121970598594e+00
1.031675504478828387e+00
3.979930933550878347e+00
3.545778100266373745e+00
4.222270490188108072e-01
4.238112864699043136e+00
1.066745733508130956e+00
1.301771092854975942e+00
8.700393576494052095e-01
5.787185295130416129e+00
2.623869366743939224e+00
1.801090014988589116e+00
3.503997382230210622e+00
5.702437273874787493e+00
2.166427652448455810e+00
1.186701875625570501e+00
4.321445824836417593e+00
1.135860857966321413e+00
2.117997607366442381e+00
3.807794395235961638e+00
4.606758473979907897e+00
4.448457686430745461e+00
2.342404495199484349e-01
3.357194797741193781e+00
4.508902424315394342e+00
3.428508477111355202e+00
3.535706886363001900e+00
5.514170358805016825e+00
2.536130579408969243e+00
1.316166961840688376e+00
5.110131621830454662e+00
4.283202390632490086e+00
1.803698512148224076e+00
4.223288177867504878e+00
1.666017781844723267e+00
2.575489237269525944e+00
7.624807210826752835e-01
3.873820945639403490e+00
1.766507970220036583e+00
2.010876032926836032e+00
4.221903488390896797e+00
5.459518775738337659e+00
1.741673015179022954e+00
6.357062043392733841e-01
3.983989332191850252e+00
5.043667864033832826e-01
1.905529504494556825e+00
3.756544145602781715e+00
4.910491965974902229e+00
2.448579352287020061e+00
4.513818372590219674e+00
5.688620760809179444e+00
5.282324070753041667e+00
6.164908170643710328e+00
1.390888845224366843e+00
3.698342109904192654e+00
5.300704946629146264e+00
5.546361382766446191e+00
6.848106468946637548e-01
5.400011887349605466e+00
2.668282607026660092e+00
4.837021685703864371e+00
1.223835475523243899e+00
2.625392212662450486e+00
7.948494309513777223e-01
2.359325213299560353e+00
3.488382434181391378e+00
4.334918600438699698e+00
6.102460822566811993e-01
6.004675083063147234e+00
4.714989881345356793e+00
4.794529862773464934e+00
1.705776868156854809e+00
5.136104899683118674e+00
5.644754603487841749e+00
2.752512496852153490e+00
1.380448537816506782e+00
3.210615010960209403e+00
4.456044246035175682e+00
5.901070055495571509e+00
4.948111476273844289e+00
1.073428785242631855e+00
3.301587866381077152e+00
3.276076589850793308e+00
2.009357733764875587e+00
1.354193204740822942e+00
2.079217143421038250e-01
1.022159160498290031e+00
4.901147030397067894e+00
2.964488393292209700e+00
4.127713882800950529e+00
3.202687915063602286e+00
5.271196287278096193e+00
2.637397612555033355e+00
3.923540579807231143e+00
3.293861516209429574e+00
4.764110487915895753e+00
4.376150777850259743e+00
4.801626183281565652e+00
6.158802845564571804e+00
2.583729368704006379e+00
4.112316564305836586e+00
5.630648253486278065e+00
3.537560590204603006e+00
4.877390878862586376e+00
2.200991149814934378e+00
4.257150548202755402e+00
5.519037604312126533e+00
1.491899895996990688e+00
9.320997877836508794e-01
3.947588093306432788e-01
2.442781026450878912e+00
4.364559560094947166e+00
3.421366303609518322e+00
4.632427938484176444e+00
1.054031486292568154e+00
5.873924704071320946e+00
3.808551778353784556e+00
3.914800514662484687e+00
6.155038757827802520e+00
5.097326793333029293e+00
5.885076835402171191e+00
5.686291463419048675e+00
4.510931929646972982e+00
6.105343846981541311e+00
5.650659029666683431e+00
5.863491206471938888e+00
5.347070523007661613e+00
1.932586071279733364e+00
9.108817265979959332e-01
2.265438556516554236e+00
2.205749203954173954e+00
6.018746976420462858e+00
5.551916127840208048e+00
2.265098135678808244e+00
6.265725869039470375e+00
5.206610247667063263e+00
6.168331542763598740e+00
4.691037938716652533e+00
5.494291746370314478e+00
5.539934654632697075e+00
1.166944731099986088e+00
5.597404792554212111e-02
4.417191756523355828e+00
4.445201900913569482e+00
1.345084047339449640e+00
3.721098591631716523e+00
1.255691140394992633e+00
2.318588314446100807e+00
5.913290596410574196e+00
4.669315335843534087e-01
4.062336367417599625e+00
4.968046333329736441e+00
1.055853187388870351e+00
7.883164434665151932e-02
1.277111392925647460e+00
2.522546033021544898e-01
4.037047781113667355e+00
1.278149575652172354e+00
3.747244411439548673e-01
5.459273468377006999e+00
3.799680056226768077e+00
7.138351812814707209e-01
1.664724361138278041e+00
3.537658461108463825e+00
2.398153839611325555e+00
4.886832382288886500e-01
6.453450168057435210e-01
3.410600468904195548e+00
1.640160530893551183e+00
4.212840912924614933e+00
2.353205915320595754e+00
1.935718287420293560e-01
5.104325092902576522e+00
3.688022063328868061e+00
1.657215881418229175e+00
3.268095712229760696e+00
2.706122637745419279e+00
3.412390862422732263e-01
4.641085687964292106e+00
1.805471165341687501e+00
5.616067783587579854e+00
1.094071631037186743e-01
3.238622342750920868e+00
1.270304547081767321e+00
4.368207806084497768e+00
4.755748725760532203e+00
2.296122763748259743e+00
6.203225779401295270e+00
3.832627056979820868e+00
1.719927854342469198e+00
1.372185751413204535e+00
5.608851716388238984e+00
2.001695247999895511e+00
4.655129106930188776e+00
2.829871897732397557e+00
7.967596372468310761e-01
4.839332002966285629e+00
4.914744505874358182e+00
1.101026009641963288e+00
6.219280784822216468e-01
4.923450381420515498e+00
6.131650523159127175e+00
1.265990958152342305e+00
5.215650768322619424e-01
4.299631443272303954e+00
5.164058502708770426e+00
5.193063823528913936e+00
3.674913404782597509e-02
4.921665842545711378e+00
1.782011481475322290e+00
1.057965959567896741e+00
3.551348054662226694e+00
2.555675684822203420e-01
5.737428524246534600e+00
3.770071007102351324e+00
5.936621887227055083e+00
4.175786759151468353e+00
5.735330851019403653e+00
3.977755008442231066e+00
2.489289178783256506e+00
5.263837473986082038e+00
3.489289826528368721e+00
4.053346835524258118e+00
4.352187035815062721e+00
4.869084354370493972e-02
2.308335947526970244e+00
4.218019784371752401e+00
1.028421799725332264e-01
3.235313922551842913e-01
2.421837701807985965e+00
3.442830506320881945e+00
5.212223043774606879e+00
5.738296446342537216e+00
1.291488529055913326e-01
3.626204809498992709e+00
2.530083152040200067e-01
3.770798986391636909e-01
5.256096052709593458e+00
6.226425240241829862e+00
1.556281331351084152e+00
1.237012040358139997e-01
4.717265619934750021e+00
3.886300770487209011e+00
1.321715781375353949e+00
4.900666021427300123e+00
2.374437268718445626e+00
3.121428997105124004e-01
5.698750795523453760e+00
1.614592940166323654e-01
5.992629337477374030e+00
3.000508025726300154e+00
1.913014656056653551e-01
6.228144374253832716e+00
1.249773310047993968e+00
2.306168473073070047e+00
5.440176941340039818e+00
2.460500756520450083e-01
5.347531122224379097e+00
3.352399060990443047e+00
6.307329759532479541e-01
5.290977205154287155e+00
3.072482098612526080e+00
3.079444705824079254e+00
4.185334633485365607e+00
1.156276558659453002e+00
5.665113397267401041e+00
1.039528671427413009e+00
5.344595455938452311e+00
1.984689122693540086e-01
2.910898289010016349e+00
4.253404357746214615e+00
9.756139812363621155e-01
3.732270826068414316e+00
5.757664321760701753e+00
4.509915015534870619e+00
5.954063340421338779e+00
1.676300626227295254e+00
4.821002169911964508e+00
5.296582451121434332e+00
2.749946019131421782e+00
3.369089200777405146e+00
4.633188174036621199e+00
3.570175933905198384e+00
4.150454460572047033e+00
6.062344374108656453e+00
5.195973568554672184e+00
3.983725430663723976e+00
6.195477113438018435e+00
6.088441436998994760e+00
2.542084506233360575e+00
6.231316185486118542e+00
6.208984255831349053e+00
3.967110967907982122e+00
1.160939916583376280e-01
6.928584723826044511e-01
4.721104482327617369e+00
6.537654420388784304e-01
4.851677276959916796e+00
1.119711253514307892e+00
3.377712801645020413e+00
5.692136516197461305e+00
5.125197660871069871e+00
3.380288621196565479e+00
5.527702438854658951e+00
5.314893774947294425e+00
1.522212709541222342e+00
4.813583669053706160e+00
1.678958795825012285e+00
6.086222554176583088e+00
2.965802221586043785e+00
2.947099834946066199e+00
5.417506562777487211e+00
5.419112360224891844e+00
5.729145127700675744e+00
5.744016423461377308e+00
5.988124498742242174e+00
4.991724209729808237e+00
9.654315901147266787e-01
5.538459403937360470e+00
8.264544721208092470e-01
6.074853267609516827e+00
3.868018891680285343e+00
4.551000985545730515e+00
2.475928278361076151e-01
4.121700877994090462e+00
1.447964030040374439e+00
6.208255666237764814e+00
3.761927130910627248e+00
3.093651864108124094e+00
6.229978114523196941e-01
5.900805942770455115e-01
6.620410435968056007e-01
6.103282489751211237e+00
4.033467967557423428e+00
6.003739707190416830e+00
5.140298743607558229e+00
5.652228731987777977e+00
1.323390654713836767e+00
5.598434826997850777e+00
3.469108244372157479e+00
2.860832000057428326e-01
9.456364959260180614e-01
1.696352473917537074e+00
4.491894252301487533e+00
5.275182179495197410e+00
2.581412428399600806e-02
4.560984206067608682e+00
9.739856810136795495e-01
6.212471275663333792e+00
5.492654946519789583e+00
1.530081168508261591e-01
2.089972140000345702e-02
2.281994155291411808e+00
4.344670103007446826e+00
3.734112380483011862e+00
2.341913114746447810e+00
3.968451004543235072e+00
2.247999165951271472e+00
1.851585014127542062e+00
4.105675972857479650e+00
1.846559202485420048e+00
3.258034488945563911e+00
2.876789363471030203e+00
5.575069453454493562e+00
4.460810861813084394e+00
3.579742751300023063e+00
2.498444420915701070e+00
5.970040074539348929e+00
4.372110872826624473e+00
3.146708152482716070e+00
5.016060292733058645e+00
3.012527720690341138e+00
1.964727578008478748e+00
5.084837174595469023e+00
3.400486141548756169e+00
3.430144611705252089e+00
5.368416394456937191e+00
2.649599357656866605e-01
5.733407068485782965e+00
2.513146288672294837e+00
2.636147008648082046e+00
2.196541943333594205e+00
7.291433630237275088e-01
3.106638410691109797e+00
1.875917063125835393e-01
2.262250390297877001e+00
1.257221732263633207e+00
2.463884344202186494e+00
3.384193122193642544e+00
2.841263655073151817e+00
3.741348934175009688e+00
1.591899187038254837e-01
4.408279068440617898e+00
4.630421949565300288e+00
1.204377730672525404e+00
3.227051972848351102e+00
1.387528205747454502e+00
4.050265619968047126e+00
2.158965447933999471e+00
1.979963778937595953e-01
1.596405064539625940e+00
4.409468861287034080e+00
1.461901166976171673e+00
3.534056877691369003e+00
9.179059054920659655e-01
6.165557530853595480e+00
3.242310390210789262e+00
2.187424597517484415e+00
1.992023201306545532e+00
3.798243850051394421e+00
1.544071122349508718e+00
2.986587169844411971e+00
3.874296865273068935e+00
2.745292001898856693e+00
2.014085786162135072e+00
3.011772532206172581e+00
5.684468414872001496e+00
2.748992890440805414e+00
5.210903850877939281e-01
3.618760559888027917e+00
1.969788384644841184e+00
2.480735740674356649e+00
5.664594798329614100e+00
2.788240793070296597e+00
5.110246861953092745e-01
2.906838778907443910e+00
1.919289547042371646e+00
3.149160405601176826e+00
4.826589472360116595e+00
8.570608960977987856e-02
2.441029201710635199e+00
2.811547133319907132e+00
1.609872974758879138e-01
1.386117939436947610e+00
6.012379147765840592e+00
2.575657403544392210e+00
3.439682275088501662e+00
4.234922729465423252e+00
1.840732161458156435e+00
2.762809235313473111e-01
1.210279691990550299e+00
9.109094018606963550e-01
2.160618506932738381e+00
2.087974941147184182e+00
2.799873988379072198e+00
2.112137825400588031e+00
4.689152419567784169e-01
6.507052071846661789e-01
5.695537167276711443e+00
4.009183773298893527e+00
3.001172168506471394e+00
2.408121517805792422e+00
6.262930069883517525e+00
3.219639728983200833e+00
2.847369305515727422e+00
2.368759449374368664e+00
5.379593848518708477e+00
2.218054414533607854e+00
2.291123152614360947e+00
3.159179668778248740e+00
1.150617090365890327e+00
2.983547450757506159e+00
5.715878112178249815e+00
1.371775155378913702e+00
4.118142525205030324e+00
3.269295002798628058e+00
4.727651942849300681e+00
2.926104029054123590e+00
2.885186963649880809e+00
3.355847053246749478e+00
1.998359676689996700e+00
5.955292884250575014e+00
1.153433177613232552e-01
6.152643899073819700e-01
2.157144659892250793e+00
2.907989898616160751e+00
4.574797251476895532e+00
3.952889473854975133e+00
2.402733689184444632e+00
5.960512396788369749e+00
2.821905039257340153e+00
4.085427581129739139e+00
1.030527529138957510e+00
3.632557003157024678e+00
5.513934104839790074e+00
4.007318878501780368e+00
1.874494535076880908e+00
1.338776157074426321e+00
3.690214057558338201e+00
1.793007988434653921e+00
3.494456556557774984e+00
2.569141674765542227e+00
2.275313784648079096e+00
1.871141858418868820e+00
2.878557503919472182e+00
4.806380903812039307e+00
4.377762959509762020e+00
1.894752941354000075e+00
1.769898887668266196e+00
2.346435480307259791e+00
4.753731071285876908e+00
5.141465393124495797e+00
2.583563806873616198e+00
3.669883676140959228e+00
4.100825423371680323e+00
2.271136369609028094e+00
2.291670469771572183e+00
5.193350062598259598e+00
4.502738816836148850e+00
3.142920815204975904e-01
4.048271766547700601e+00
1.052444420938381642e+00
4.692968384277608429e+00
1.777807779674952959e+00
5.123031667217455620e+00
1.453804466720266086e+00
1.161345614570119089e+00
5.762357711576377994e+00
2.438021989997158911e-01
4.091756265222672440e+00
1.033147659682970065e+00
4.301567449008904198e+00
5.478976572108256171e+00
1.364693221784178734e+00
3.355480626255812560e+00
8.798815310248814248e-01
1.979080452625868736e+00
5.666230392896453444e-02
2.956545374019547978e+00
3.841906535104706588e-01
6.226172737694732895e+00
5.457646784369877935e+00
4.602358391469291377e+00
2.762843724280038771e+00
5.486978792130089211e+00
2.960547273706981120e+00
1.320770406731528901e+00
4.211792277340990154e+00
3.118444814640722207e+00
2.444557330443652976e+00
3.281712841928384972e+00
2.091001248235938359e+00
1.827405588194715991e+00
1.713756298824847590e+00
1.693560529459213093e+00
2.380231054619475817e+00
7.331796235462354483e-01
3.756142282248341679e+00
4.378285474325714688e+00
2.855526010937931236e+00
2.428109918163769532e+00
1.162809864817797134e+00
2.177973175671048534e+00
2.124792021864207570e+00
3.309686261818166386e+00
5.381457446772104802e+00
2.174614885831332778e+00
3.620420235327165503e+00
4.433295913974276026e+00
2.695089740800189038e+00
2.028878147198416748e+00
4.452498553482252319e+00
2.742120317326514733e+00
1.408540962708105804e+00
2.427593821253890560e+00
5.570700503776741641e+00
5.548628228668841977e+00
3.571147854225901863e+00
3.557186440119041393e+00
3.257486805533875263e+00
2.079873113261823558e+00
5.574861221232897179e+00
1.856197847153086444e+00
5.448712349948505285e+00
2.829837918604356961e+00
5.322779829998713907e+00
1.676884711996926569e-01
2.057789840587271879e+00
2.299389642475082596e+00
4.874027421797862303e+00
4.230011991311410036e+00
1.808192938311778297e+00
2.984900299900577370e+00
1.137046825620114276e+00
1.254305419749355499e+00
4.949416849726369527e+00
3.763572686859028432e-02
2.557067426130359866e+00
8.092389296389699282e-01
4.612885073711420425e+00
3.367962110197931569e+00
6.967949376007158691e-01
8.753398918863829481e-01
2.137265026500887455e-01
5.926837708091829526e+00
2.289115608242988653e+00
2.259270702119423824e+00
1.427701761919551560e+00
3.261538001548020205e+00
1.411251991570246611e+00
1.202874412660442704e+00
1.985416538356655547e+00
1.721227191061316386e+00
4.279904576090915569e+00
2.426969914960201535e+00
6.041467191966737538e+00
3.225643138234516094e+00
3.232293812747982109e+00
3.731683726532469270e-01
3.161077583087896326e+00
2.611213913250660212e+00
5.717665974205341506e+00
3.755304454320871343e+00
1.148091765459519492e-01
2.760129197691164826e+00
1.016544895998205300e+00
4.508424141094941717e+00
3.564738642705141958e-01
5.311527886615055039e-01
7.073617228628230613e-01
3.166879088629168670e+00
2.346157374721067779e+00
2.699646937098830968e+00
5.874222133825224290e+00
1.454551878119562103e-01
3.056749555417482611e+00
1.558399427724020292e+00
1.606032936335229921e+00
2.425153136786759589e+00
2.571514625151677613e+00
1.486079146926098771e+00
1.251450519297244490e+00
1.128939197621236623e+00
4.840241392051155778e+00
4.388691898326916863e-01
2.329167526567676116e+00
6.047037920191780103e+00
2.380963691727480569e+00
2.563065242635843788e+00
1.465835819068077361e+00
2.059105040740815795e+00
5.171687731086154649e+00
7.409742522405124987e-01
4.428782542458380433e+00
6.134336408924760065e+00
2.431253181025017529e+00
2.515155001570062332e+00
1.958946034860135521e+00
5.113749091452372220e+00
3.923277137420972949e+00
3.789965735936601021e+00
4.031769168896943256e+00
2.421967240389136578e+00
2.052407550186690965e+00
2.516684998068691836e+00
3.910812316118898568e+00
4.908926353268227238e+00
5.520323083552765908e+00
2.219759669192984397e+00
5.066406427239053656e+00
3.686663890641177499e+00
6.018124813863166445e+00
3.919297309144175401e+00
3.350162667705979924e+00
1.756719900810013391e+00
5.516601041452043885e-01
2.546985142418856096e+00
2.124122628148429962e-03
1.818466835442658081e+00
5.015028280820655660e+00
5.496672440903511703e-01
2.256699826491356475e+00
4.246912743488781672e+00
2.439384825771940157e+00
2.313081615742467179e+00
3.007769114494641904e+00
3.571908066631491963e+00
4.799537022745123949e+00
2.773929190638703801e+00
3.152881961934854260e+00
9.933458551664108294e-01
1.778035233064017007e-01
2.834795897774192053e+00
2.750683664568603248e+00
8.626279485047824158e-01
3.849883328703802565e+00
3.091966990415283778e+00
4.666128435008255693e+00
1.943718117608679297e+00
2.264478297817135388e+00
1.344121482714775384e+00
3.873238147026033751e+00
3.925419608023956730e+00
5.887885860800536442e+00
2.015893195177708819e+00
2.233048507835148744e+00
1.892365943498181657e+00
3.707904089077596055e+00
8.572859884618923010e-01
1.289092124385213811e+00
3.711338598557071933e+00
2.291647727064079820e+00
3.137912848627098406e+00
1.094915275475680350e+00
4.476980505208789651e+00
2.410598075454986500e+00
6.256571004360340638e+00
3.661746233698856656e+00
4.620840783369832394e+00
2.189925634248641728e+00
5.388104076154620614e-01
1.599896964321237292e+00
2.689490981761408772e+00
6.166155163254598559e-01
1.594229470307976904e+00
2.289309777284671110e+00
2.603555225139736695e+00
5.204933320857150214e-01
5.405863204785783527e-01
3.944775691508696003e+00
5.718066261836076691e-01
3.074276291766684821e+00
5.531638710772647016e+00
3.381987446634708405e+00
1.442024866249246307e+00
2.530292737736492992e+00
4.318697058403241584e+00
3.011772532206172581e+00
5.246908917677724382e+00
2.643051825288734946e+00
4.407668405281929935e+00
2.300049015237894068e+00
1.970599774515096492e+00
1.823357594545256033e+00
1.802855487077222429e+00
2.088710600390307093e+00
3.441044000774808431e+00
3.375140423124927125e+00
3.882039520246569619e+00
1.066693235285825603e+00
2.567908250549818305e+00
7.306797023298418070e-01
1.671143700674219579e+00
2.694457029178554119e+00
2.489206051640180384e+00
6.724605880775373912e-01
1.714803070237536309e+00
1.629860259838816106e+00
5.701775258805152902e+00
2.501140734825249456e+00
5.580233838148983772e+00
2.403928453960608724e+00
1.463519105072083271e+00
1.211025416480904227e-01
5.166645742083664672e+00
4.515927742262817013e+00
2.046300011184424950e+00
2.894466340516411940e+00
3.979295037549746450e+00
4.342353600018480364e+00
1.907315406116344869e+00
4.041407071963356579e+00
4.405641252516725004e+00
9.728709434679569945e-01
5.233694404105631470e+00
4.349475472861525915e+00
2.458194110797919496e+00
2.704845868676550413e+00
4.787136461819494038e+00
4.033210370523883981e+00
1.015948093912292460e+00
4.174158027186767761e+00
2.078406908201885006e+00
3.233800547661200842e+00
4.939667196418355388e+00
6.156816948963630409e+00
2.154667687385149133e+00
3.244927095077520196e+00
1.897518233134797505e+00
3.508906299094704195e+00
2.004196025903352663e+00
5.173749393147137887e+00
6.707314205380501271e-01
2.150536523865764771e+00
3.556905864852522470e+00
1.110981210966939914e+00
4.334536364451752277e+00
6.172071956573578433e+00
2.171052965421327585e-01
1.928157488140268327e+00
2.372892417736297332e+00
3.653909924557873445e+00
1.446362282838804747e+00
2.408315013394345616e+00
3.143712858698395785e+00
2.038332786338216351e+00
6.101846363096428583e+00
3.206021519073326775e+00
4.033395088310046006e+00
2.824990035018832391e+00
1.135351577853162874e+00
3.206127949447546754e+00
1.463059422895994111e+00
1.082608467696160037e-01
3.159688036412510836e+00
3.516566508348357267e+00
2.507048287458833791e+00
1.637604096078156379e+00
2.459524495704839442e+00
2.779501822156183799e+00
2.338071295527732740e+00
2.539933921047018206e+00
2.007460130190761305e+00
2.556960693062272583e+00
3.252307394186463085e+00
4.758494953175855358e+00
4.488552159717878354e+00
2.277603010143546935e+00
4.090704096101985598e+00
1.716078311636693110e+00
3.119433390074091594e+00
3.632470549217017730e+00
2.029585770323095062e+00
5.176565212308076980e+00
2.827671284952772091e+00
3.630045824750689487e+00
3.405123935716876993e+00
2.833786563156063920e+00
2.991848401962423409e+00
1.627763997741113577e+00
4.266660541841095444e+00
2.852077310853082803e-01
5.130675376696913759e+00
3.253067169173712081e+00
3.752552818921415234e+00
3.801692738861695897e+00
4.401550584990793880e+00
5.031488427670353758e+00
5.127662710729486761e+00
4.358332630804452879e-01
2.721471053916571403e+00
1.947028999390868043e+00
2.037296323904345119e+00
5.922391141458216879e+00
2.661994194383703771e+00
2.235309644118996797e+00
2.970823941728195194e+00
4.361731630321221687e+00
1.963740626053323668e+00
2.470470135809780032e+00
2.475158976455705595e+00
4.833461698262811801e+00
3.326528027682307265e+00
2.082549434840468727e+00
1.910112565468955248e+00
3.672082357337567160e+00
1.771439818484860762e+00
2.690589506069460679e+00
2.432814403876291109e+00
4.697094811809075843e+00
5.095217495766123150e+00
4.809373549522359070e+00
5.463781982055932573e+00
4.374119730310734866e-01
2.684575738248046406e+00
9.755030632691964465e-01
1.470948892135140795e+00
2.349311642786400700e+00
1.754179875370347697e+00
1.710497517556823555e+00
2.141736760041555776e+00
4.439776025981305718e-01
2.657326194617401605e+00
2.078805982292447396e+00
2.592988900574034528e+00
4.818619759012040760e+00
5.086795769569953940e+00
5.070211010817401664e+00
2.358950966474438360e+00
4.993763682518852498e+00
4.931192592868217872e+00
2.856304641544324507e+00
5.747575446515248210e+00
4.544473935241421181e+00
1.347735919382633707e+00
3.011509992255630763e+00
8.917878726889160168e-01
2.924876064756390281e+00
3.198047738376272875e-01
1.349558917202414721e+00
2.487824188220892907e-01
5.249304455344780962e+00
3.699227334953533397e+00
2.905190727700247000e-01
3.967812083441268900e+00
2.469139827915655783e+00
2.502559831108702504e+00
1.413049142666344293e+00
5.459765370768232984e+00
2.086300064005598198e+00
6.141104869074196948e+00
3.684547989195547046e+00
3.508595000939232822e+00
4.039444237919777581e-01
4.270629745445528869e+00
5.333775245967919965e+00
1.715466526812750692e+00
5.126779805160071923e+00
2.442635587117885532e+00
3.259171642363634547e+00
1.628857004223928095e+00
1.007734761940071166e+00
2.712758706739696990e+00
7.891783482263069471e-01
3.916781665885291197e+00
1.444108072113090779e+00
4.842283610578602016e+00
3.028548747408803088e+00
3.124886999725467795e+00
3.140564982936912219e+00
1.100119606990742765e-01
4.383694135634797817e+00
3.703542470975919265e+00
2.314149069782764911e+00
1.932647325104402736e+00
3.380036370170370397e+00
2.186453504814480198e+00
3.707206870927380216e+00
2.118820899553178982e+00
6.234237276687578877e+00
2.870096072522801744e+00
5.026665894489658726e+00
3.762243231328247894e+00
1.729348097275653862e+00
3.982045170555963853e+00
2.241308575356119270e+00
3.258789217653173420e+00
2.308732334484687954e+00
2.287498477673188368e+00
3.284594180158305399e+00
3.634047802838392016e+00
3.724755728519753450e+00
3.522520571109863052e+00
4.362072954463336316e+00
3.150934086213740049e+00
1.975389986323732749e+00
4.004302788325447615e+00
1.862549982459712039e+00
3.615891192542902477e+00
1.350522923371325179e+00
9.388390017743739602e-01
5.540540315095276114e+00
1.410246902113517109e+00
5.922425196940539927e+00
2.769879950364056320e+00
5.302979139923515994e+00
9.997223799754659801e-01
1.614930447562340499e+00
1.442632572614734876e+00
5.624881619857882153e-01
1.236460254195804298e+00
2.319146514839447892e+00
2.346944522216801499e+00
1.508451939588620450e+00
3.701682023253811238e+00
2.871884843291410139e+00
3.292908753549434575e+00
3.443986471962986240e+00
5.562642236273578789e+00
4.924793107727720276e+00
1.456123488837161251e+00
4.083649222628375597e+00
3.057182641478411789e+00
1.587930849945498046e-01
3.695400947559407179e+00
1.503964032989991040e+00
1.982727579774557602e+00
5.325140539067249712e+00
2.144451737098567179e+00
4.023514649136401111e+00
5.736789636095673828e+00
4.067700492418956593e+00
3.560701436689843291e+00
5.077476064351476026e+00
3.429196557199970297e+00
4.054288799695093815e+00
5.792693411993574237e+00
3.056915119079336662e+00
3.870932230997032875e-01
1.619090108753570290e+00
2.668583963299509421e+00
4.276581720739508263e+00
5.735116063370024442e+00
4.990692907223477803e+00
2.384129243302407275e+00
2.213732064931519528e-01
3.193404933694638181e+00
2.236322182844498574e+00
5.903177248961513079e+00
4.311095499951854926e+00
1.265556323343892009e+00
3.649087769473437604e+00
3.014037307440121438e+00
3.201232314271489354e+00
5.322884437049690831e+00
1.488770428548051861e+00
2.206995235251990373e+00
7.404286276092698627e-01
4.671229707027296230e-01
3.906412719474814388e-01
4.603062893527061661e+00
6.261704781044728385e+00
2.565358762561008366e+00
4.725376481884744351e+00
6.262438515915319748e+00
1.172131824101997122e+00
3.289506837061455968e+00
5.661474186072485537e+00
1.678492958753922792e+00
3.559837064800781548e+00
5.350390626671827299e+00
6.016034543361425513e+00
4.461680222083082015e+00
3.925898255313170271e+00
2.735940766922892120e+00
1.558997742377213891e+00
1.657501764563942936e+00
2.442891962647105508e+00
5.913411087402664634e+00
8.360102932778579188e-01
6.215228070087833956e+00
5.454076795239754638e+00
1.357055749577606996e+00
4.667694590335255356e+00
1.924206497822908091e+00
3.538987901278416892e+00
1.849713311061164767e+00
6.279193676473277641e+00
1.748331089793154547e+00
2.802353094562941571e-01
5.760651997760839471e+00
4.978067728269612857e-01
3.358696802642251455e+00
2.014542221369670205e+00
8.333167731359799602e-01
3.746299691253660580e+00
2.241029947909012610e-01
1.539946734393191630e+00
4.491938076366485788e+00
5.427962977862263116e+00
3.013757009088647632e+00
2.848505489537129343e+00
8.437092859998021055e-01
5.588360462334124534e+00
4.746579691275065294e+00
3.059318284522487552e+00
2.792750722720475753e+00
4.324112521293632661e+00
4.322105074695897997e+00
8.935030206397986952e-02
1.812410030626891544e+00
2.864568414304644595e+00
6.232926832953349372e-01
2.137137048491802194e+00
3.569620024123388191e+00
3.556577095703870928e+00
2.328383232840346206e+00
2.946571729029933806e+00
1.899985547044279910e+00
1.614905048089470441e+00
3.509476556859655094e+00
2.727613643267244203e+00
3.486808602453872918e+00
9.772379980038907732e-01
5.490675401607935768e+00
1.559176030255142731e+00
4.920533039248947915e+00
3.461771410557590301e-01
3.973495239226323417e+00
4.515194771454063449e+00
1.815243735660301283e+00
5.310038178214519178e+00
9.249486510070216161e-01
5.815363929445216407e+00
1.780916774680263659e+00
3.104739862549021456e+00
3.348636347018071113e+00
4.516319401060015615e+00
1.432828072339924042e+00
2.956878306055628070e+00
2.387180724861678982e+00
4.108125701139364594e+00
1.569428940929981975e+00
1.861927686791329251e+00
3.461771410557590301e-01
3.487442018990696724e+00
1.538238484840289244e+00
3.996177946284064753e+00
6.113906302662545755e+00
3.074478135783675903e+00
3.809201299277095387e+00
6.273862723407876985e+00
1.879439745944768037e+00
1.225701594858476184e+00
4.129946542374799634e+00
4.522963221209510110e+00
1.435819243232811626e+00
3.745360876446160781e+00
1.457108294259882753e+00
2.110842689371597025e+00
7.719242093700406926e-02
2.465166260636690865e+00
3.514003641337234196e+00
3.303299780066692115e+00
6.154550711124469942e+00
2.213791769944708498e+00
3.799016924756364766e+00
1.651243461332578821e+00
1.558866172525924743e+00
1.389427917815417413e+00
1.327916469332956373e+00
8.564739323652420522e-01
3.894473190610792113e-01
3.518781559264389180e+00
3.822261773602658508e+00
2.223780640928008978e+00
1.547698660057440501e+00
3.846222859983416953e+00
6.662234767848855821e-01
5.745791742712621719e+00
2.657253308476498876e+00
3.103538563967856767e+00
4.859968847892057187e-01
4.292420996193779814e+00
2.428265108809411821e+00
2.329184491651946409e+00
5.865740729581617074e+00
2.272502188219716945e+00
2.182240430336526593e+00
4.717838985821703801e+00
3.575910216560926891e+00
8.146850832940627507e-01
2.057854129401986754e+00
1.905709463108875568e+00
3.050387301465340428e-01
2.771970646901268598e+00
3.581878840236827788e+00
2.761616871312082555e-01
8.263643604366494033e-01
3.241180799580275274e+00
2.323176560259300860e+00
2.151391816352679065e+00
6.732937650965229448e-01
1.757232349962886353e+00
4.067840005182385532e+00
2.105247906096928467e+00
2.876661611511890371e+00
9.790589785293589697e-01
5.425884221336064073e+00
1.918612954141392768e+00
2.369840267118774602e+00
5.861406766250551570e+00
5.681648474054616038e+00
2.870002221763203742e+00
4.745805771968725217e+00
2.584050857314884819e+00
1.460182523274633271e+00
2.462402930469616447e+00
1.936931321417356022e+00
2.328383232840346206e+00
1.241970205355750867e+00
2.293497386445204622e+00
5.988394460256699858e+00
2.118820899553178982e+00
2.435369642508482979e+00
2.972796767091264947e+00
3.750907667740604801e+00
1.013725349983686019e+00
2.548332707506139272e+00
2.057117194557622764e+00
3.007235667796445799e+00
4.267804919873372071e+00
3.439916812014879088e+00
1.991147097808889654e+00
5.126136661585920962e+00
1.789358188640180369e+00
3.640671863164936628e+00
1.210502525823722086e+00
2.438462550727760192e+00
1.118486223992737116e+00
2.763199650399560170e+00
4.213345678543289452e+00
3.717747486822464698e+00
3.075544976948050291e+00
2.289147105194712761e+00
2.821500073977680767e+00
5.742714411209716374e+00
3.511229726940871210e+00
2.145641621525547826e+00
5.931495059878174381e+00
4.369510456630333550e+00
5.604628773381068463e+00
1.244312083455840767e+00
3.047638404197662076e+00
1.725361870206479686e+00
4.102020656580808833e+00
2.525505184951802207e+00
3.699359463289176198e+00
1.107524055546517561e+00
2.434696448231620458e+00
2.576295095134298219e+00
1.415096725307167125e+00
5.099648043130512676e+00
3.690510243400372037e+00
3.355653637142703261e+00
1.127612261679184602e+00
5.578904631891828281e+00
2.791769879018973111e+00
4.359971985863101196e+00
9.035345826987387641e-01
2.432470230408133816e+00
4.415379884947828515e+00
1.132705697343718843e+00
1.712861510572618817e+00
2.653787722434564511e+00
7.714988384902317087e-01
1.990792378752580305e+00
1.673387285920090228e+00
4.132791127944140941e-01
6.180510214778516698e+00
3.807448765360172960e+00
4.213838457080937516e+00
3.981488934111282241e+00
3.786434734292098536e+00
1.608172219658692725e+00
1.633003670075146019e+00
5.996600003260277312e-01
2.775677603780451808e+00
3.850922690716483299e+00
1.404448568918646778e+00
2.760980903160741740e+00
1.834586391403648875e+00
2.653717812402826226e+00
5.154831500004521061e+00
1.580139504080029900e+00
2.654213500740274068e+00
4.293775949391591240e+00
4.677685943780593547e+00
3.168704997860570582e+00
4.686921020275586769e-01
2.501140734825249456e+00
3.349466189947660766e+00
1.923557078733086623e-01
4.327290647427233239e+00
3.353860916602749764e+00
1.559152992013737915e+00
2.169007302193807440e+00
1.789206990006412701e+00
2.864789915580692625e+00
1.641273026971187710e+00
2.139478853976854111e+00
2.550476098667123104e+00
4.952180468386741197e+00
4.366851101338129482e+00
1.382166774161600387e+00
2.332626135087904728e+00
3.959532405169496005e+00
2.291670469771572183e+00
3.396253651166022181e+00
9.536628293787902111e-01
1.304832078800821638e+00
2.300049015237894068e+00
2.707870289951316067e+00
1.378562815986276613e+00
2.169007302193807440e+00
3.257864991884199757e+00
3.659941335050683975e+00
2.966794411193095726e+00
5.151651180525902873e+00
2.591903500834945806e+00
4.104391112993080348e+00
2.984968471321605143e+00
2.598012246973811834e+00
5.064386156601972999e+00
8.828290730331705971e-01
4.316362687787177244e+00
5.552563257364450777e+00
3.282658596212403967e+00
1.828805710003565954e+00
1.266922488325550100e+00
2.954612801864540117e+00
3.980595135003265561e+00
3.173145874878239958e+00
3.937458603822217462e+00
1.944358714259048826e+00
5.956934500524475595e+00
4.490496856897984723e-01
2.590260516930639856e+00
2.308732334484687954e+00
1.745432090321451524e+00
1.311243658831365178e+00
3.863592204815585518e+00
1.850362742295580842e+00
4.197740268862487412e+00
4.430181949408343201e+00
3.732018634221776043e+00
1.434846059606762703e+00
5.188706383514115394e+00
1.408540962708105804e+00
2.500028173400558273e+00
2.937123012857082660e+00
4.140546454571441437e+00
4.506506451358339937e+00
5.575896204859092542e+00
9.788759284280964534e-01
1.476698456796730730e+00
3.544901065193502898e+00
3.978976027851533814e+00
4.783619909774048828e+00
1.687749441652280913e+00
1.500865850071286367e+00
5.571012158092232269e+00
4.095940268474813628e-01
1.873106374653816797e+00
5.304190487411052146e+00
3.728109681376404971e+00
6.188499623857908638e+00
1.543103157194382735e+00
3.878272398426590328e+00
2.632286503489650098e+00
5.298570283776962597e+00
5.461798836770264565e+00
8.394205967938972446e-01
5.286066064456820257e+00
3.200341758554667848e+00
3.229632752248298377e+00
5.710380815306452362e+00
2.721471053916571403e+00
3.461344627915808214e+00
3.056570536770506941e+00
3.893388449123695416e+00
2.394197837724220790e+00
8.819037210271740701e-01
4.508053878188656327e+00
3.552092255602240733e+00
3.857128055215496065e+00
1.956090382640938374e+00
1.830429290101855289e+00
2.763620642604044608e+00
